1
269.8500,84.2130,29.9991,49.1398
268.4156,83.2333,28.4507,51.0552
265.3157,84.2858,27.5306,52.5695
265.9721,85.2254,28.3023,50.9251
263.8845,84.6436,27.6626,50.6749
262.2953,78.2430,27.4173,53.3303
264.7756,75.1163,27.9919,53.1998
263.3754,74.3197,28.1375,53.4017
263.9566,70.9860,27.9343,53.2606
261.7257,72.1814,28.3783,54.0694
262.1950,71.1862,28.6849,54.8235
259.2082,69.4133,29.5838,55.9589
255.2212,70.3248,31.2705,55.7643
253.5921,71.7472,31.3984,57.2705
252.3987,71.9911,30.2494,59.9041
248.6839,70.3172,30.0030,60.1783
245.9282,71.0317,30.0963,60.3428
242.5967,71.3285,29.9140,61.5163
238.0225,72.6351,30.5577,62.1518
237.7228,72.0550,31.0297,62.9675
236.1607,73.7179,31.0039,64.7977
235.5670,75.9876,30.9517,66.9937
236.6768,76.8861,31.3126,68.1854
235.9022,76.9233,32.2866,67.9344
232.2810,74.3888,33.9555,66.5391
232.6271,72.1861,36.2543,65.6736
236.0463,71.4215,36.9096,63.2443
240.6198,73.6605,35.2241,63.9921
241.1146,72.0560,33.9728,66.0940
243.4378,69.0189,32.1498,67.9508
243.7648,66.2396,30.8626,69.5700
241.3670,65.3320,30.7138,69.7648
238.1131,63.4190,31.7726,69.7211
232.0269,62.4982,33.2423,68.1455
227.8855,65.6311,32.6612,68.5862
224.4497,67.3500,32.3198,67.8748
224.3012,67.0452,31.2274,68.7255
220.3299,67.8823,31.6239,69.6487
219.6135,67.0532,32.9350,69.3148
219.1926,68.5003,34.8854,68.6171
221.7423,67.7387,35.9737,66.2176
223.3636,71.5151,35.5125,65.3726
222.1793,75.9797,34.8488,68.1512
222.8864,79.0790,35.0086,70.1817
221.1792,79.6011,35.8308,71.2914
222.2766,80.0948,37.1982,71.5787
224.6573,80.2171,38.7532,71.6716
227.1149,80.9565,38.1370,73.6492
230.6871,84.2124,35.4830,77.2515
234.5290,81.6839,33.5636,78.3304
234.5442,84.4634,34.1663,76.2267
231.1630,83.5005,35.9982,73.8532
229.5267,80.8508,37.8720,73.5186
228.0087,78.2169,39.4047,71.4120
222.7409,81.0500,39.0979,69.4757
218.9001,83.6678,36.8289,71.9121
217.1370,82.6896,34.3011,74.8648
213.5815,82.5407,34.2056,75.2964
211.5379,80.1546,34.6579,74.9105
215.8589,76.3884,36.1067,74.5567
213.7807,70.4076,36.6533,73.8926
214.3832,72.7300,36.0759,73.9615
217.4060,74.0267,34.1453,76.3715
221.2894,72.6801,32.8319,77.4667
221.7455,72.9058,34.0124,77.2232
222.3521,71.4496,36.8542,77.0256
225.0072,73.7117,40.0000,74.7461
223.2968,75.0596,41.3904,72.2976
224.0642,74.2024,40.2540,71.4386
220.7044,81.5836,38.7003,75.0287
248.2708,77.3881,41.4298,74.7880
254.4284,73.7567,39.8623,76.4829
253.3437,73.9508,41.0229,76.9488
258.4168,70.0870,40.5619,78.6635
260.1915,71.9844,39.7485,79.3301
253.9973,74.0626,41.7369,79.6908
242.7826,77.4495,43.0426,81.9656
240.3353,79.2848,43.3527,82.2082
242.9740,77.7543,43.9525,83.0261
246.2083,78.8425,45.0069,82.6178
243.8355,79.7834,43.5773,84.0781
245.8947,80.3496,42.9782,83.0057
243.8416,86.1290,41.3881,85.4575
245.6169,83.3137,40.2559,87.0694
244.9924,86.5784,41.1722,85.3213
243.8666,83.3727,43.4679,84.5686
242.2779,75.9265,43.8847,85.4319
230.7043,72.6057,44.6595,84.4018
229.8487,74.1012,44.4536,83.5185
229.3430,73.0493,44.0165,83.3234
228.4344,72.1701,41.6166,87.1629
228.8512,68.0939,43.7368,86.1631
232.7669,65.5186,45.4908,86.7978
235.1534,68.8024,46.1039,86.5670
235.1253,70.6442,45.4875,87.1950
237.8148,74.9976,43.2427,90.4462
241.4914,77.3545,44.9508,91.9494
237.2955,76.5621,47.8601,90.9603
240.4680,75.3685,49.5303,90.4894
245.1186,75.5140,50.0956,92.6279
248.9665,74.9607,51.4534,93.1155
250.2538,72.1436,48.8194,95.7513
254.6925,70.7473,47.6002,94.9842
255.5638,68.3604,49.8381,90.6275
250.5597,65.3839,51.9487,88.1515
243.1808,64.8555,49.5113,90.5647
231.7108,62.8866,48.8594,91.3334
222.7295,60.5116,49.4961,88.8913
216.2324,64.9615,50.0047,90.1282
210.9123,59.0983,51.9799,87.6526
206.0768,54.5558,55.1538,87.0773
202.8641,56.0164,57.0624,87.6081
200.5447,47.6959,58.3647,89.7940
207.7834,54.0251,56.0844,92.3614
209.5179,53.7386,53.8922,94.7656
218.4450,59.2846,51.3557,96.3551
219.9393,59.0311,51.4198,96.5623
225.0700,61.9104,52.5098,93.3163
227.0415,60.0965,54.0349,89.5018
234.6523,64.3989,53.1355,89.3762
243.2541,64.8850,51.2041,89.1653
251.7492,67.6606,49.4283,90.9445
257.3766,71.3697,49.1654,91.0961
256.9001,73.8744,52.5262,87.2631
258.9049,69.8496,53.1705,85.2013
265.7851,67.2379,52.7329,83.2257
272.7704,70.5340,50.3486,84.6847
281.1386,70.3848,47.0363,86.2078
283.1547,67.7503,46.0585,85.8234
291.2124,70.1938,44.3426,86.6401
294.9852,72.4649,43.6104,85.2072
298.5573,71.3890,43.2225,84.0646
304.3640,74.1226,42.1883,84.1151
307.2157,75.1620,42.3691,82.3840
307.2075,74.0347,42.1250,82.1223
305.6345,72.1021,42.8068,82.1397
302.1693,78.8748,42.5378,81.4171
301.2831,77.9668,42.2858,81.1228
296.2124,76.7969,42.3487,81.4244
293.9116,76.4581,41.2972,82.2645
289.6262,75.5729,39.7818,83.5842
287.7364,74.6651,37.4676,85.3894
286.0530,71.6039,36.4333,83.9484
282.0452,68.1379,36.1685,82.6091
280.2086,65.0425,36.2132,81.0740
275.0157,66.8120,38.0603,78.0342
271.5115,66.3601,38.7283,76.6768
270.5265,68.3070,37.6066,77.5254
273.0011,67.9837,35.9034,80.5646
269.1180,66.5714,36.1466,81.2781
267.4102,65.7926,36.8921,81.7828
270.0645,68.4560,38.7164,78.9373
272.1180,70.0820,39.0081,78.2825
276.5135,68.8765,38.0705,79.9139
279.6670,70.4570,35.7400,82.5042
284.9691,68.0796,34.3721,84.4327
287.3879,63.3881,34.7970,83.5941
282.2885,60.1701,37.0729,81.9374
284.1709,62.4773,40.2736,77.8215
289.3208,71.0299,42.5629,74.0041
289.7607,71.3808,41.4794,75.0448
295.6623,74.4295,37.6561,77.3431
293.8674,68.8025,36.2707,76.3223
291.3599,71.8290,37.9923,74.6497
291.2324,70.9291,40.5471,72.8574
290.6632,70.8974,42.0507,70.9264
293.2974,77.6479,42.8997,70.9600
291.3119,76.6139,40.5456,72.5237
291.6717,76.8407,39.5596,72.3107
284.4157,76.0405,41.3164,68.7939
297.2549,80.9705,47.1528,63.9437
292.4668,77.5456,48.8874,62.6089
291.7424,76.3210,49.3946,62.7931
294.8557,78.5625,49.4968,63.2129
293.8663,77.8515,47.5270,65.1088
289.3802,71.9997,47.6259,65.9186
293.2458,74.7238,49.2838,65.4310
296.0807,72.1908,49.6683,66.1441
297.7770,69.0275,51.5973,64.9339
300.1564,68.2490,52.7686,63.8304
299.4629,68.9739,53.2537,62.8841
295.3575,71.8484,56.6463,59.8697
303.9594,75.1153,54.2635,62.2616
303.1189,70.3353,54.3102,61.7726
315.7287,79.3138,56.0571,59.8147
315.1118,81.2756,57.2218,59.1152
313.0577,82.8058,58.6508,58.1066
306.8274,77.8292,60.0675,58.9580
298.8163,73.3302,60.8287,60.9232
297.0906,69.0692,61.0235,60.7915
298.1934,65.1883,60.2589,61.8788
298.1602,61.7361,61.4740,62.4993
297.1238,55.5555,58.6594,64.4461
294.0072,53.6346,55.8703,67.1702
287.5059,54.3920,57.1659,67.0819
317.9579,60.9445,55.1150,70.7979
313.9431,60.4549,54.8843,71.2412
317.1732,64.2594,55.7622,70.4016
320.0968,68.7952,58.9583,69.2694
328.0880,67.5846,56.4973,71.0265
320.2594,71.7479,57.6279,69.9706
328.5822,74.3066,54.9010,72.1397
329.8660,74.1485,52.5257,72.7339
324.9093,72.5655,53.3408,71.6998
322.1576,71.6062,55.5783,69.5325
313.0388,70.7663,56.0644,69.0928
304.6233,69.8584,57.9078,67.5794
302.3234,73.0394,57.8201,66.7603
286.5015,72.0812,62.3589,62.7481
276.8640,66.7002,63.0420,61.8021
2
0
0
0
0
1
334.7100,99.0139,22.4940,65.7889
337.3589,92.9665,25.8466,64.6327
338.0839,95.3416,28.1412,64.1413
340.7982,96.1520,28.9786,63.5537
343.8045,96.4859,29.1290,63.7062
341.6811,98.3735,29.2483,63.8077
341.5588,99.4583,28.0172,66.1671
346.9416,99.0845,26.0371,67.3776
348.9697,96.1846,27.9474,64.6788
352.0636,95.4391,29.8638,61.8848
351.6672,95.8460,31.1324,61.1467
353.7150,100.8176,31.1721,61.2895
352.9129,101.4856,29.9642,63.0966
351.2114,99.1687,28.1352,64.2794
350.6319,99.3919,27.0834,63.9465
349.2849,99.1790,28.2208,62.1412
345.3822,98.2582,30.8071,60.6297
345.7656,98.5183,31.4591,58.6724
344.5514,96.6450,32.6508,58.1439
344.6535,94.9964,31.5499,61.5810
349.9023,102.0355,28.9914,64.4065
353.0277,101.2491,28.3229,63.5248
353.8279,99.9909,30.5174,60.9058
355.5918,100.9628,32.2986,57.9794
357.7049,101.8010,32.8715,55.9623
358.7074,103.7829,33.1320,56.5732
358.7904,106.5503,32.8656,57.3729
359.1719,106.2668,31.4276,58.1098
365.0261,104.1644,30.6646,57.0607
365.6822,103.2473,31.1937,56.2222
366.2655,103.8555,32.4362,55.2375
366.9881,104.1491,32.8219,55.5519
366.7360,106.4637,31.7638,57.4655
363.5794,106.0165,30.4484,58.8695
363.1681,105.4523,28.7214,59.8925
363.6014,103.5549,28.2581,58.9742
364.4287,100.5818,29.4949,57.5642
365.6049,100.5130,30.9750,55.6312
365.0066,99.8150,31.5128,54.4251
364.9408,100.5764,30.6073,54.4151
361.2967,101.1434,29.7327,55.0864
358.7394,103.1901,28.2040,57.3218
358.7075,100.9278,27.0187,58.5749
358.4212,98.3857,26.9585,57.7612
355.9937,97.7642,28.3853,56.6433
354.5543,96.9639,29.2587,56.5257
351.9722,96.3037,29.2096,56.2636
349.6001,97.5480,27.5441,57.4530
343.0466,96.9713,27.3281,58.8597
343.2370,98.2748,26.1710,61.5835
345.4001,95.7111,27.1730,60.0115
344.7138,95.7358,28.4103,58.4055
344.0824,94.7408,30.0525,56.0650
344.2125,95.3646,32.0841,54.2695
345.3312,97.0460,30.3032,54.8804
345.2379,100.4373,29.7410,55.9409
345.5296,103.2826,28.4932,59.0167
350.8425,103.9363,27.0813,59.7833
352.2987,104.7150,28.7224,58.0351
352.6636,104.0453,31.6926,55.1951
354.7089,103.9665,32.3178,54.3555
357.2308,105.9949,32.2131,54.3590
353.2458,105.9566,32.7575,55.3143
352.7995,108.5090,31.7930,58.5911
352.4852,107.5423,30.9524,59.5393
357.0258,108.7979,30.3393,61.2935
358.8271,105.8700,31.4275,59.5990
357.3625,105.0557,33.5035,58.2985
361.8247,106.2121,34.3010,57.7675
362.5861,108.8940,35.1288,56.7594
362.3022,113.5143,34.1180,57.8153
361.7809,112.2543,33.2254,59.8522
367.9771,110.0303,33.3672,59.8187
372.6773,108.3938,33.9355,59.3606
377.1819,106.3569,36.9251,56.9972
381.5382,106.1704,39.1830,55.0282
