1
129.0192,470.3504,24.4932,62.4259
136.4140,505.5342,26.1541,63.5348
149.1933,554.0871,29.0612,62.3481
155.7041,573.8265,29.3058,62.9962
152.6904,579.9961,30.4808,62.5701
152.8773,582.6630,29.0937,64.3964
153.5116,585.2875,29.3877,64.1530
157.4427,583.7050,31.5309,62.9632
157.5335,583.4214,33.2167,62.4061
158.5997,584.1477,34.4162,62.0437
159.1202,584.6257,34.7648,62.5180
157.5914,584.6119,35.8386,63.0266
161.5026,586.2343,36.8372,62.6873
160.8679,587.0647,37.8847,62.2273
160.4106,587.8950,38.8307,62.0833
159.8961,596.3478,38.8282,62.9182
159.0729,596.1990,38.9472,63.2908
157.8586,598.0752,38.1370,64.0629
156.8363,603.8413,35.3159,65.7698
157.9977,625.3329,33.0625,66.7917
156.0441,632.0793,32.1850,67.2401
163.8057,650.8183,32.0406,69.1346
174.9374,669.2268,33.1849,67.6404
188.8250,696.3750,36.7622,64.0881
210.9474,722.6446,39.2133,62.2586
234.9152,747.3121,43.9019,58.0147
262.7198,773.3284,48.4427,55.2181
304.6462,800.2665,53.0390,52.0401
341.2964,817.9973,59.0486,47.3389
373.6157,823.0809,59.0019,46.7761
388.2128,838.2034,58.6917,48.2569
398.6363,845.0787,55.1577,51.4048
404.5850,849.1672,55.3807,51.1387
408.0687,847.2118,56.8059,50.0571
413.6642,848.4479,59.9906,46.8331
419.9085,850.3291,63.4288,43.6977
441.6020,846.6602,64.5015,42.1159
476.2129,851.7899,66.5002,40.5527
517.1962,847.4728,67.2271,39.0672
552.3719,827.7808,65.6019,40.7397
570.8657,803.2831,60.1351,45.8073
576.5801,788.2198,53.4735,51.1947
579.0554,772.0827,50.0766,53.7160
577.8187,757.5869,46.0176,56.3870
571.3453,744.2322,43.7889,58.6362
564.1116,743.1415,43.1755,59.0258
560.0845,743.9037,41.2460,59.0873
560.3778,744.6564,39.3003,60.6045
559.8934,743.1779,38.1918,60.5679
561.4056,743.6091,38.3584,60.4604
562.9817,742.2825,39.1037,59.5554
562.3242,742.1431,38.8188,59.1740
563.1440,741.0568,37.7804,60.1903
563.1745,744.6210,37.9642,60.0167
567.3071,744.3446,37.6906,59.6964
569.4446,744.4555,37.6036,59.6678
565.3555,739.0467,36.4759,61.2016
563.0598,735.5097,35.2549,61.4004
562.7954,732.1451,35.0707,62.2650
561.3620,731.5579,35.0356,62.6424
562.7094,730.0394,34.8904,62.7895
557.9611,728.5059,34.7634,62.4182
559.0794,724.6738,35.5869,62.3424
558.6997,724.2875,37.1656,61.8521
557.2279,724.8690,39.6357,59.7467
555.7509,722.9008,41.8534,59.0222
554.7083,725.7244,44.2420,56.5535
553.0013,728.7852,45.8158,54.5018
550.9858,729.6193,47.7572,52.9394
551.4285,729.2099,47.8634,52.8638
551.0047,728.3677,47.5332,52.8213
552.1154,727.4447,48.4229,53.6473
552.8759,730.5102,48.4155,53.7936
552.1232,732.3499,47.7878,54.3180
552.2490,732.2043,48.1850,53.5161
546.9565,729.9399,47.6759,53.8721
546.5496,725.1738,45.7210,55.6838
544.5027,720.1396,43.7694,57.6876
538.9802,715.6695,44.2228,58.5206
535.6789,708.7313,44.3496,58.8452
536.3636,696.9995,41.8998,60.3126
535.0550,676.5142,39.5114,61.7314
535.6437,650.3286,39.6491,62.1197
542.2459,634.0471,39.3251,61.9229
550.7908,622.3434,41.9134,59.8064
579.5010,600.5323,45.9021,55.9124
598.6022,581.7021,49.0548,52.6852
609.4272,581.0966,51.4822,50.0909
624.5379,594.7773,55.0342,47.5586
660.4274,620.4323,55.7375,47.1764
696.9044,658.8811,55.6218,47.6684
705.5786,679.5718,54.5419,48.7968
711.4515,687.3020,54.7173,48.9952
714.0029,690.1620,54.2929,49.7701
715.2987,697.3005,49.1108,53.9360
717.8314,700.1290,47.5262,55.6024
717.0727,701.1874,47.6131,56.1300
717.4794,703.0822,46.6316,57.0383
717.2679,706.2024,44.9951,57.6737
715.0518,709.5179,41.5601,60.6571
709.4597,715.3700,38.5532,62.9756
700.4390,730.0129,37.4652,63.5545
687.8018,745.5161,37.5027,64.0236
668.7036,759.6728,39.9510,61.5989
645.1546,780.4061,43.0516,58.9437
631.2861,791.2890,45.6568,56.5784
624.0289,791.7733,48.1850,54.6831
621.3102,790.1743,50.5856,53.3589
613.6288,791.3303,49.7802,53.0884
610.8319,793.9435,49.5746,53.3204
597.1880,805.1617,51.6975,52.3858
582.8838,814.2720,51.5913,52.7967
561.1934,822.4996,55.7149,48.7049
529.4305,833.3032,59.7254,45.0064
503.1139,845.1161,61.0370,43.3419
492.1435,845.7232,59.3445,45.5287
488.9293,854.1690,56.3761,49.0030
482.1419,855.6762,54.2679,51.0782
481.9828,854.5227,53.2975,51.8574
480.1839,852.9639,53.5918,52.1144
477.5114,849.0350,57.3833,49.8597
470.0297,846.9741,61.8733,47.0175
455.7977,846.3260,64.8862,44.2632
435.3166,845.4813,68.3664,41.4367
418.0127,843.8967,69.5564,39.5543
402.4597,836.5280,69.6542,38.4017
379.2337,828.3240,69.7810,39.2556
354.3099,808.4829,66.3573,41.6892
345.8116,788.3125,62.5413,45.6719
337.4554,779.4095,59.7292,48.5599
329.2640,777.3447,61.1641,48.0754
316.4214,778.3004,64.5586,46.4558
306.1704,780.8691,67.1017,43.9133
305.1612,777.3419,66.6349,44.2749
310.7975,766.6349,61.4261,49.0941
316.1877,756.5892,57.7492,53.4150
332.0290,745.9518,52.5395,57.5282
347.3530,732.8377,53.6334,57.0365
377.7542,715.3517,55.5622,55.8819
404.5788,704.1534,57.1930,54.2318
413.3527,701.1782,58.3302,50.7913
427.5513,702.6102,60.8817,47.6960
447.5346,700.6451,62.9570,45.5920
461.9545,698.6573,65.5379,43.7407
466.0179,679.2092,60.2980,48.0417
469.7721,654.7915,54.3635,53.5054
466.5395,618.6827,50.4666,56.5961
458.7179,569.8571,48.9872,59.1233
441.0144,532.3176,51.0303,57.4833
409.3394,486.0666,54.6594,53.6403
363.6886,466.4061,55.2094,53.3476
340.7671,464.5399,58.9417,49.5615
311.6845,462.1978,60.7343,47.3083
298.9258,449.2613,60.2611,48.9047
296.4319,441.8452,57.7157,50.9491
291.2256,421.8867,55.5888,52.1102
277.8507,385.5775,51.1665,56.3408
276.0875,342.5049,51.1181,56.6824
260.9373,290.6266,48.4574,59.7521
245.5988,265.3670,47.9662,58.2616
245.6715,255.6099,46.9023,59.2774
254.2218,251.6851,43.7958,62.6588
268.9988,238.0421,42.9768,63.7091
287.4632,220.8414,45.3942,62.4484
312.0938,207.7268,47.2485,61.2704
321.8432,202.0278,49.4582,59.8312
333.1512,202.3486,50.5187,59.8193
336.1634,198.5475,49.2559,61.5520
330.1980,201.6690,46.6779,64.9637
313.7759,215.7744,44.8180,67.3074
297.5473,229.9448,49.9023,63.0746
274.7014,247.7420,56.4126,57.2790
256.3635,272.9375,61.4517,52.8515
227.1160,296.0693,65.2868,49.6826
199.3460,311.1317,66.4973,47.6651
190.9886,318.5402,67.5002,46.3502
191.6738,319.3754,67.6027,46.3517
196.3111,318.9102,66.4129,47.2616
205.0161,315.9697,62.2570,50.1796
215.0526,317.5842,55.3642,54.8731
225.0320,323.2039,49.6611,58.6832
234.3208,336.5303,44.9945,61.7619
245.4449,357.7685,40.1598,64.7692
253.4663,394.1743,37.5654,67.4791
253.6887,438.5736,34.8017,70.2183
240.7379,475.2902,35.6945,68.4967
221.8901,496.3921,41.4415,62.7618
193.1915,510.8020,46.9897,56.3798
161.2648,509.6393,53.5986,50.9767
139.8194,504.8636,56.1947,47.4388
140.6964,510.9052,60.2705,44.1583
137.1607,513.4067,62.8415,41.7653
137.4407,512.4123,63.5157,40.9040
136.3227,512.2846,64.8239,40.1054
137.3008,511.5237,65.5499,39.8180
136.6840,510.9777,66.2710,39.2196
135.9288,511.7729,67.7913,38.3160
135.1621,514.0829,68.6686,37.2201
134.2987,513.3491,70.0252,36.2901
133.9220,514.8508,71.0105,35.3330
132.7425,515.1074,71.6064,34.6927
131.1519,515.2863,71.9806,34.3595
130.1698,512.3311,71.4436,34.6886
133.2923,511.1958,70.6929,35.5933
133.0181,511.3147,71.5323,35.3010
131.9305,513.0568,71.9052,34.9713
134.8506,514.7812,70.3773,36.6756
129.4953,516.1267,70.7402,37.5669
127.3995,518.0104,71.6320,37.9453
125.5058,519.4994,72.1072,38.0358
124.3662,518.9409,72.9012,38.4658
124.0533,519.2775,73.3746,38.9970
125.3944,519.8360,72.7593,40.2393
129.7999,511.3144,70.6198,42.2930
149.7290,513.0897,62.6530,48.1624
154.0803,512.9705,55.4844,53.2964
156.5670,512.6961,50.5998,56.1263
159.2579,511.4352,45.9980,59.1911
160.6847,509.7329,41.4677,61.3053
161.9570,509.3828,37.2059,63.5852
160.7542,507.7538,34.9465,64.8984
159.6899,507.7049,33.8935,65.1617
160.2591,508.2442,32.7911,65.5282
161.5783,507.9410,31.6104,66.4240
167.1978,510.1558,32.5952,65.4226
170.7945,514.1074,33.6982,64.9828
174.5998,516.9872,35.9244,64.5498
177.0592,515.5941,39.8537,62.5088
180.0238,518.8039,43.2133,60.9283
181.0842,526.6278,41.2733,62.4043
184.6407,539.2549,37.9923,64.1406
190.3128,556.7671,35.7612,65.0552
195.0221,558.5323,35.5788,64.5393
195.8995,560.4670,35.4686,64.4680
193.4875,563.2697,33.3256,64.3873
185.3885,584.4901,31.5324,67.4979
177.4081,612.0425,34.9131,64.9431
170.4910,630.2454,34.3883,66.8793
169.0046,627.6186,33.6590,67.1911
169.4487,628.1736,33.7212,67.1979
170.4490,627.9305,33.3616,66.3797
170.9245,626.1852,33.4978,66.3615
171.2005,626.0558,34.1996,65.2950
162.4396,627.3759,38.4919,60.4755
158.1007,623.7726,43.1343,56.2887
152.6907,626.4324,46.5173,53.5614
153.4188,631.3197,46.8767,53.8384
153.9101,633.5153,46.6507,54.1961
153.6106,638.6289,45.9239,55.2444
154.4032,637.7674,45.3657,56.1318
155.0632,636.5494,44.8835,56.8373
155.9868,636.0755,44.4439,56.9616
157.7228,635.9005,43.3679,57.8802
158.7730,636.1085,42.9126,58.2631
158.3955,636.2984,42.8802,58.2486
158.4328,637.9366,42.6298,58.1381
158.8647,637.0401,42.6144,58.4221
157.3332,636.1427,42.7155,58.3512
158.4716,637.5032,42.5133,58.2082
158.3957,639.9229,42.3345,58.9521
158.8547,640.9423,42.1174,58.6173
159.9542,641.4569,41.8281,58.8867
161.1376,638.9337,40.9496,59.6447
161.0008,633.2106,40.0608,60.5385
169.4763,633.1355,36.6511,63.3494
171.6101,630.4587,36.6387,63.8665
178.6974,629.6699,38.2548,63.0216
185.0069,630.2648,39.1232,63.5654
185.4240,634.2289,42.4199,60.2161
181.5869,636.7904,48.3556,54.4662
180.3086,639.9389,53.8459,49.7045
179.5833,645.9879,58.0730,45.6682
179.0244,647.5289,61.2850,42.6694
177.9777,648.8051,63.4179,40.7838
177.8412,649.3020,64.4188,39.7330
176.9395,649.5979,64.9167,39.3156
196.1389,658.2065,61.6996,42.0164
205.4100,660.2229,60.4567,43.7334
214.2501,665.8132,58.9699,45.6285
220.6419,675.3322,57.0975,47.7849
228.9975,682.4805,58.0866,48.7967
244.8868,702.1559,60.9403,47.2481
288.7619,728.7341,63.9105,45.9183
330.6333,745.7273,63.3471,45.3063
340.0620,753.0741,63.1867,45.6681
348.6921,761.2475,61.7615,47.4141
353.8362,762.4948,61.5964,46.8777
359.6781,766.3276,60.9010,47.6458
369.0499,773.6932,62.2430,46.7013
372.0303,774.6915,63.7121,45.8330
374.6312,774.8206,66.5567,42.5424
373.3182,777.6850,67.8044,39.4337
374.5556,778.8275,68.7186,37.5964
377.2770,760.6486,64.4131,42.7747
383.4045,753.9223,60.6818,47.3545
385.2286,749.5730,56.6940,51.4894
388.0020,747.6401,54.1377,54.9031
389.8303,738.4802,54.0476,54.7159
404.0482,733.4126,55.4610,53.4502
423.6037,724.9765,59.0471,49.8667
437.8899,718.8093,60.4348,48.1930
454.1667,713.8710,65.1030,44.3269
474.8491,717.5363,69.1317,40.4681
521.7361,729.1963,71.6192,38.6749
560.8578,748.2681,69.0430,41.9573
582.8654,778.9542,61.7145,48.7297
589.1238,797.7754,55.4327,53.7431
589.8539,798.6564,49.5049,57.6136
586.9509,804.7737,46.3598,59.5797
568.0992,809.0346,47.9412,58.0187
547.9238,818.1907,53.0682,53.5344
531.2153,825.1909,55.5480,50.7087
516.7313,832.0999,58.0172,49.8538
492.4749,835.6885,60.7863,45.9828
456.2908,833.2917,64.9253,43.4822
412.1937,827.0042,67.8498,42.3898
359.0188,822.8495,69.5407,42.3118
329.7525,816.8475,67.9887,42.0835
310.5723,816.5495,68.5134,41.5866
302.5826,795.1357,64.6719,46.4696
294.7697,766.4285,58.8100,50.7447
286.7596,726.3024,57.9549,51.5742
259.5448,695.4717,56.5036,52.0918
254.4912,690.4400,56.5094,51.3368
