1
285.9680,249.4480,42.6874,44.6182
287.7182,250.3954,42.6187,44.9054
289.6492,251.9495,41.2565,45.2722
289.7803,252.1111,40.4386,45.7538
289.8297,255.2318,39.5101,47.2480
289.9444,254.2574,38.7578,48.5823
290.2742,256.1475,38.3149,49.2573
290.6505,258.4787,38.6913,48.8133
289.1836,260.6891,38.7246,49.1214
286.2224,264.7363,39.3831,49.4714
285.3652,262.8392,38.7314,50.3990
281.1607,262.4885,37.6659,52.3913
282.1442,262.0835,38.7812,48.9158
281.4229,265.6029,40.5133,46.0030
280.1690,266.8355,40.7112,44.7048
280.5247,269.9684,41.0421,43.8887
281.7057,269.5540,40.6193,44.6932
279.6459,269.5932,41.3223,44.4312
280.4952,273.4268,41.7844,44.7537
282.6321,271.8706,41.3060,45.6939
281.6001,269.9743,41.6134,45.3631
281.1786,269.8726,41.5564,45.9280
279.9203,270.3684,41.8674,45.8146
280.8353,268.4138,41.5924,44.4263
277.5207,265.4651,42.4336,43.2116
278.9510,270.1611,42.9214,42.2496
277.4830,273.8728,43.6407,41.6355
277.2723,273.2373,43.7470,41.2774
278.3699,272.1346,44.1993,40.9497
275.7859,271.9221,43.8636,41.1209
277.1604,278.8548,42.8627,41.4925
274.6277,280.0013,43.3118,40.5000
274.6234,278.5070,43.0980,40.4385
276.2096,279.7603,43.4684,39.7877
275.9806,277.0479,42.6000,40.5491
276.8457,280.0758,43.0648,40.5357
277.2095,280.0594,43.1511,40.5202
277.8616,276.9619,42.6266,41.6917
275.8254,276.2611,43.2705,41.0425
276.4233,272.9681,43.0931,41.4680
279.5904,276.6687,42.7521,41.8433
278.2899,273.7692,42.9417,41.8239
277.8918,272.6301,43.3321,42.2827
276.1063,270.7806,43.4139,42.7732
276.5782,271.9122,43.4400,43.1674
273.7257,268.6457,43.6781,43.5512
273.7825,268.6912,43.3489,44.2467
271.9635,268.2448,43.9863,44.2592
271.9457,269.2226,43.7859,45.0359
272.8770,270.4240,43.6415,46.8540
271.9691,267.8698,43.1781,47.5089
271.9437,265.3633,42.1745,46.8345
272.3130,268.3492,42.5509,47.1281
271.0875,270.1430,42.4579,48.0787
271.4052,268.7396,42.8794,48.8342
270.2230,268.2465,43.0334,49.8468
268.1568,268.2948,43.8215,49.2605
266.5625,269.2979,43.9314,49.0768
265.4645,268.9389,43.7373,49.6527
267.0350,267.9297,43.6306,49.2968
264.6953,268.1695,44.1955,48.4139
261.7941,267.9258,43.0493,48.0691
260.0127,270.3534,43.4303,48.1855
261.0173,269.6021,42.7423,49.3498
258.8499,270.8586,42.9366,50.1092
257.7794,271.9857,42.6063,52.1155
256.3602,270.5885,43.2275,52.9604
252.9686,267.9397,43.2369,50.2153
250.4159,269.0915,43.6999,50.0269
248.3186,270.4392,44.0479,50.5115
247.1454,269.9610,44.2422,50.5234
245.1185,269.0347,44.3775,50.7332
245.2692,269.9117,44.1413,51.8324
244.7430,268.6369,44.1843,52.1806
242.7310,266.7915,44.0567,52.9212
242.7964,268.8526,43.8562,52.8523
243.9334,267.5514,43.4493,52.9862
244.9056,268.9466,43.8427,51.0195
249.3210,270.8554,42.8045,50.0147
248.7003,269.9644,43.4479,49.8408
249.6910,269.5800,43.7058,50.2357
250.8442,270.0202,43.1270,50.7894
251.5347,270.7991,42.9406,51.2186
252.7964,272.2610,43.0070,51.6253
252.8121,271.8626,42.8514,52.1704
254.3358,271.9793,42.4486,53.1173
252.5183,271.5415,42.7036,53.5102
251.7531,271.9561,42.6603,54.1493
251.0723,270.5561,43.0373,53.8622
251.2121,270.4283,42.8801,54.2842
249.4384,269.6490,43.2210,54.6046
248.0364,271.4400,43.7233,54.0608
247.9196,269.9073,43.9052,53.3063
247.1857,269.7638,43.5571,53.8037
245.9886,265.3647,42.4554,52.6845
243.8661,267.3406,42.9580,50.7451
242.6970,266.0147,43.1094,50.4628
242.2276,264.0555,42.7934,50.3754
239.3730,268.8771,41.8296,50.4083
240.4576,267.9473,41.9507,49.9877
246.7632,282.6363,43.8526,48.9987
260.3201,296.4362,43.9705,48.6403
266.1252,302.5402,44.1754,47.2363
261.2107,315.2368,47.3307,44.4238
2
0
0
0
0
1
368.8424,320.6793,41.7548,45.9164
372.0825,320.5058,41.6187,45.6412
374.2374,322.8935,41.0973,45.2558
370.1299,319.4742,41.1364,44.7787
367.7699,321.9945,40.8013,44.9155
368.9095,324.3290,40.9546,44.8321
366.1132,326.0163,40.8673,45.2801
362.8092,326.6139,40.9082,45.2587
361.2668,327.5578,41.1591,45.7664
362.5256,327.4825,41.2083,46.8169
360.3192,327.3330,41.2746,46.6009
354.2013,328.9008,41.1395,46.3029
351.3019,329.3202,41.6656,45.5583
347.0345,326.7285,41.5817,44.5693
339.2658,322.8979,41.2675,44.1640
333.9063,319.2714,41.4620,44.2209
336.0508,321.5836,40.6023,44.5887
338.0431,323.7380,40.1896,45.3445
335.9330,321.5173,40.1468,44.8990
332.2240,320.1883,40.5984,44.2994
333.0806,319.7142,40.8787,44.0745
331.4524,321.0372,41.6581,43.7825
332.2840,319.2955,41.9303,43.8033
333.4038,315.6970,41.5265,43.1007
327.4428,312.7741,41.8769,42.1571
323.8582,309.5542,41.4352,42.6110
322.0939,310.6711,40.8351,42.8208
320.5125,316.1238,41.2235,43.1493
313.2303,318.2082,42.7904,43.7040
305.1165,321.2307,42.9392,44.6993
305.5976,321.6354,42.6639,45.2510
307.5916,323.0589,41.9105,44.9643
307.2932,322.9371,41.7952,44.3275
307.8725,320.7937,41.4801,44.3692
310.4813,316.8961,41.0794,44.2282
311.4744,310.6013,40.7260,44.7251
312.7395,308.3331,40.4763,44.8521
312.9708,303.4122,40.3821,44.2392
313.9937,297.2346,40.1323,43.7168
318.6362,296.9209,40.1280,43.2673
318.8474,294.9536,40.2755,42.6675
319.8519,296.0682,40.1947,42.3378
321.6281,297.0643,40.5960,41.8702
321.8403,298.5237,40.1526,40.9537
320.9366,293.9509,39.6960,41.4448
322.9383,289.7111,40.1034,42.1761
323.9556,286.6314,39.3820,42.8574
324.3209,285.1836,38.8610,44.1721
326.0936,281.9442,39.2520,44.1913
324.2672,281.0026,39.1295,44.6455
327.0573,277.1522,39.5541,43.6271
322.1842,276.4725,44.7359,40.0581
325.9603,274.9248,42.0364,41.9646
327.7657,275.6612,39.7494,42.1856
329.1135,275.6366,37.5833,42.6407
329.4741,274.0187,36.7753,42.6868
329.8545,272.6134,38.0421,42.5159
329.9359,269.5570,38.9254,41.8117
332.5544,268.3507,38.0333,42.0579
334.8909,269.4641,37.5938,41.5389
334.9576,271.7063,37.6984,40.0736
336.8660,273.7673,37.8846,38.8737
335.7656,273.9695,38.4168,37.8778
335.5205,273.3060,39.0649,37.3532
336.4018,270.6888,39.8343,36.9146
338.5858,268.3752,37.9708,37.8998
338.7515,268.7299,36.8318,37.9385
338.3180,264.4258,35.0944,38.2717
340.4601,258.5866,35.4048,38.9026
341.0315,254.9769,36.5086,38.5262
340.4970,254.2300,37.3449,38.6006
339.6506,250.6358,38.4351,39.0401
341.5015,247.8198,38.6749,39.9129
343.8622,247.2375,38.9527,40.1956
347.3304,248.2478,39.0891,40.9143
350.6113,247.3029,38.5577,41.8472
353.3957,247.2682,38.7556,41.9035
352.2206,247.6797,41.0643,40.2606
356.5731,247.3557,38.0742,42.1676
357.2441,247.1954,37.1962,42.4037
359.1433,246.9213,36.5352,42.1524
360.9475,246.4684,36.0074,41.4950
360.7581,247.8801,35.6647,41.5675
362.0565,248.5198,34.8625,42.0379
363.3133,247.6114,34.8563,42.3332
364.0942,246.4242,34.9721,42.2501
365.0677,245.5972,34.7928,42.6663
368.4039,245.2199,34.6462,43.4148
369.1279,244.5493,34.3741,44.5734
369.7167,246.2455,34.9598,44.8113
369.7423,244.4690,34.6910,45.9542
369.8345,241.5217,32.3730,48.1900
370.2747,238.3473,32.8314,46.7451
370.6394,239.5481,32.8074,45.9382
371.0951,239.9823,33.2830,44.0120
371.9175,242.9252,32.8473,42.4615
373.4798,246.2201,32.3670,42.1828
372.1363,247.2827,32.4215,41.9504
369.6778,249.0586,33.5631,40.5863
368.2188,253.0138,33.3768,40.8611
369.1822,252.7631,32.2064,41.4009
365.6892,255.7285,32.1164,42.0036
361.8678,256.9668,32.1566,42.1332
361.6751,254.1441,31.6414,42.1955
360.2432,249.3016,31.0070,42.1535
360.0826,246.7368,31.5340,42.4090
358.4155,251.0419,33.4891,39.3665
355.3154,251.7934,34.5320,38.1356
353.7848,252.9033,34.5320,37.4722
349.4579,248.8619,34.1211,38.2563
345.8260,248.0471,35.0566,37.5571
344.7971,248.3253,34.6039,37.9925
343.0310,246.3146,34.3715,39.0962
342.9353,245.5144,33.8578,39.9256
341.8423,246.5245,34.0734,40.1231
340.8344,244.2745,34.1604,40.3033
341.7862,243.9117,34.4048,40.5310
342.3229,241.5036,33.9622,41.1852
342.8630,239.3196,33.7303,40.5738
343.8938,235.9423,32.4542,41.2982
344.5270,236.2681,32.3714,40.8056
345.2209,234.6419,32.5026,40.6071
345.7806,236.7512,33.3834,38.9344
344.0346,237.4192,34.6576,37.3028
345.7508,235.4158,34.1518,37.3017
345.5844,235.7889,34.5269,36.9848
344.2437,236.3331,35.6083,36.0160
343.8132,236.5599,35.7197,36.3080
344.0623,236.0518,35.8522,36.7281
347.1978,232.5694,34.5872,38.7358
348.7166,231.1845,33.4918,39.9199
351.6908,231.2365,33.3889,40.2163
349.7461,228.7669,33.0825,40.4975
349.2286,223.5394,32.6424,40.0783
350.1599,221.1530,32.4605,39.6513
350.7116,220.7679,32.3991,38.7943
350.5660,222.2116,32.5146,38.1291
351.0793,220.0935,31.7810,38.5173
351.2531,221.5128,31.9644,37.8415
349.2039,225.2539,33.9598,35.8534
350.1717,227.4103,36.1092,33.0221
350.8602,227.6308,36.8701,31.6554
355.5570,225.3979,37.6104,31.3465
357.2828,222.5556,36.4077,32.8227
360.0211,222.5900,34.8862,34.9238
359.3730,217.7518,32.0679,38.1301
360.9992,219.9715,33.7340,36.4292
363.6403,221.1647,34.0825,35.5790
363.0981,228.9091,34.1141,34.9181
360.7383,236.9594,34.5302,34.4653
359.8014,237.6312,34.1698,34.2431
356.6404,239.1353,34.0545,34.4943
352.2486,241.0045,33.8354,34.4581
350.5669,237.1352,32.8073,36.2872
351.7047,232.7739,31.6924,38.8192
350.4565,229.8017,31.0225,40.4576
349.7870,229.5204,30.8313,41.4740
352.5586,229.9115,30.2280,42.6644
355.6049,234.0228,29.7048,44.1885
351.9792,231.4563,29.8141,44.7371
354.9628,232.1512,29.5339,45.5965
353.3238,233.1976,29.5881,45.9998
352.1113,238.9275,30.7583,44.3128
356.6118,237.3747,31.2084,44.4661
358.2023,236.5866,31.2044,44.9059
360.0418,233.8236,32.0780,44.9442
363.1739,232.0968,32.7065,45.0235
365.3055,229.5215,32.3357,45.4178
364.9434,233.7317,33.6338,43.9319
367.7281,240.5836,32.8461,44.3305
368.2556,239.1501,33.8415,43.1979
371.7176,242.5162,33.6236,43.2042
380.6463,243.9077,32.0310,44.1192
369.3419,243.7245,35.9469,40.5288
364.4704,242.7824,36.8496,39.9988
364.9619,241.9610,35.7646,41.2121
366.0729,243.1729,37.2578,39.1121
366.4195,244.6414,37.1447,38.7983
367.2751,243.4442,36.8239,38.7889
367.8518,243.3978,35.5915,39.5932
368.6130,243.8566,36.8026,38.1897
374.3639,236.6134,35.5504,40.6251
380.2343,234.2308,35.3339,42.4185
382.0337,234.2553,35.9262,43.3965
384.9731,237.4343,35.1577,45.3715
388.3428,240.4458,34.0459,46.8795
385.1896,234.4040,33.3148,47.3758
384.3014,234.5101,35.1848,44.7418
385.0484,235.1019,34.5779,45.2022
386.7754,236.8521,33.8708,45.5398
388.4481,238.7790,35.1667,43.3182
389.9797,240.8174,37.6793,40.5937
388.1660,240.1160,38.5426,38.7282
389.0267,240.3985,38.6473,37.9572
390.2224,240.2811,37.7994,38.2497
391.1976,241.5456,37.5786,38.8713
389.2023,235.4826,37.9171,39.1553
387.3807,232.9005,36.9140,39.7344
387.3761,230.6093,36.2770,39.6039
386.0063,231.1360,35.2832,40.5103
386.0472,233.3384,35.1799,39.2563
385.4213,237.0985,34.7181,39.0514
384.1060,236.9369,34.3441,38.1556
384.5179,236.2497,33.9245,38.4793
387.6520,235.0045,33.1524,38.8993
386.5864,234.6688,32.9960,38.7888
385.5037,234.7771,32.8524,38.5803
388.4258,235.8766,32.3308,38.3621
388.0365,235.4345,31.8069,38.0684
387.3392,237.0510,32.2594,37.5959
386.9535,235.0152,31.9435,38.4486
388.6254,235.6580,33.5334,37.8201
389.4770,233.1949,33.0285,38.9722
388.3596,237.8165,33.0365,41.7191
387.7819,232.6069,33.0887,40.7566
389.7196,230.8328,33.7195,40.1865
386.5197,230.9933,36.1640,37.3602
375.8704,235.9893,36.4872,36.8667
370.1023,233.1987,35.4776,37.8536
364.9405,234.3203,35.0648,37.7123
363.6472,232.8180,34.0402,37.4444
363.0938,233.9004,34.0015,36.3385
364.1336,238.0578,34.0644,35.6399
360.6414,240.6870,34.9154,33.7927
360.2525,242.7082,35.4311,32.1181
359.4719,244.4011,36.6264,31.1209
359.9283,245.1791,36.7703,30.7508
358.1537,245.8783,36.5215,32.2552
359.8344,239.7400,35.1591,33.6924
359.9968,234.4757,34.3428,34.9131
