1
274.7737,131.6760,90.2155,63.3874
272.6977,135.5412,96.9983,62.1607
271.1020,137.7130,102.6344,62.1042
270.5430,139.3128,107.0114,61.1365
271.4294,140.7425,110.5183,59.7592
273.8444,143.0496,113.0849,59.2814
274.7371,146.4007,114.0088,58.7420
275.7043,147.5203,115.8378,58.6734
277.1001,148.8691,117.0672,58.6106
280.0781,149.7463,116.7927,58.5502
282.0219,151.0695,117.1475,58.8032
283.0446,150.4386,117.9504,59.7248
284.9581,151.9070,117.2971,59.2097
288.2396,153.5952,117.7786,59.2496
293.2207,154.7360,117.1926,58.9054
295.6901,155.2498,117.5320,59.0715
299.1946,156.1651,118.1793,59.3982
303.5855,156.6225,117.8082,60.4559
308.2819,157.7129,117.1003,61.6266
311.9087,155.2063,117.5658,63.2278
316.1284,157.0866,117.0336,65.0477
318.1876,158.9437,117.4722,64.6868
319.3391,156.6268,117.9765,65.2179
320.7477,161.0639,117.8780,64.9251
319.5407,161.3924,116.0717,65.3326
316.1645,162.2606,113.9815,65.2662
301.5148,170.1136,111.6703,66.4478
300.5401,170.6411,109.3344,66.3939
299.5373,172.2825,108.6755,65.0513
301.6096,171.5496,108.2794,64.2743
304.1734,173.3596,107.8317,63.7753
333.0464,157.0821,106.5260,63.8623
346.6187,150.6600,107.2646,63.5118
347.0953,154.5747,107.0048,65.7720
349.3838,156.0840,106.6150,67.2990
349.9760,153.6369,105.4749,67.3625
356.7263,155.3712,103.2491,66.5513
359.4480,154.0202,100.7257,67.0871
361.9003,153.8401,100.0185,67.0794
365.0063,156.7428,98.7791,66.9919
368.5084,158.0399,97.0604,67.7367
365.7105,161.7178,97.6844,67.6608
367.2809,162.1447,96.6179,67.6790
364.5222,160.9601,97.1513,67.9631
364.5534,162.7675,97.5547,68.5073
366.2706,162.4552,98.1084,69.1435
364.8600,165.3580,99.7588,69.2455
365.5112,165.6253,100.1399,69.7462
364.3823,166.2408,101.5246,70.3061
369.6167,166.4818,99.7695,71.7256
370.3227,167.4445,99.6549,71.4772
370.1082,167.3868,100.4000,71.6509
369.6597,169.3016,101.6818,70.8718
370.1660,169.6435,102.0349,70.0174
373.4706,169.3225,100.2808,70.4153
375.4160,168.3599,98.3805,69.7809
377.7674,168.3361,95.4138,69.3060
382.1461,167.2705,90.5537,69.7287
384.6873,166.7805,85.9606,68.5159
384.4177,165.5627,81.6025,67.2027
381.8416,164.8322,79.7006,64.4563
381.4274,164.1176,76.9819,62.4416
379.8161,164.6639,76.1302,59.0717
375.4268,164.1924,76.0886,55.6967
370.5750,163.3861,76.9410,52.4202
365.9881,159.7436,76.5818,50.7456
366.9922,158.9381,74.0839,50.3345
365.9832,153.2518,70.3164,51.9166
362.1942,154.3610,69.0917,50.8400
364.1337,154.0076,66.9917,50.1186
362.9419,153.6430,66.3599,49.1769
359.1651,153.5000,65.1410,48.3877
357.2309,150.3874,62.2562,49.4098
355.2382,150.9038,60.0359,49.8293
351.2169,150.9346,58.2628,50.5238
348.8370,147.1882,56.1031,51.9248
344.8534,145.2385,54.6544,53.7838
342.2891,142.6892,54.3417,55.9808
344.5117,142.9227,53.3891,57.8195
345.6322,137.9880,49.3701,61.6904
347.7190,134.6273,45.5111,65.0409
348.0831,132.0995,42.5550,67.5823
347.0517,130.3863,40.2994,70.2973
344.7690,125.7935,39.3285,71.3412
342.1936,124.3965,38.2942,72.7162
341.0294,126.8398,37.4330,74.8492
340.0253,124.2568,36.8833,76.9901
339.7657,121.5716,36.8985,78.7348
340.6076,117.1337,37.1626,78.2714
342.9637,113.5373,38.3765,74.8531
343.4275,113.3029,38.9847,73.2056
342.8270,113.4097,40.4059,70.4113
339.4928,111.6577,39.5293,70.2577
338.1106,109.5280,37.8943,70.6837
336.4022,108.9432,36.0059,70.5450
336.0035,108.2304,34.9486,68.9086
335.0682,109.0793,34.1953,67.5562
334.0737,112.5459,33.4912,66.3454
334.2058,114.8733,32.7837,65.4674
332.3232,114.0651,32.3903,64.1352
331.9135,118.3737,31.7150,63.0977
332.2869,119.0407,31.4850,61.8169
329.9535,121.8362,31.9926,59.8679
329.2145,122.3008,32.0744,59.1093
329.4561,124.9344,31.5127,59.1439
328.0421,125.6974,30.9413,58.8485
326.4406,124.5635,30.7272,57.9652
326.1922,123.0308,31.9313,55.7712
328.0138,127.3817,32.8992,54.5182
328.1735,126.5559,32.4996,54.8704
329.1537,131.1296,31.3723,55.5952
327.7195,128.5805,31.2256,54.4674
327.3798,128.5666,31.3342,53.4054
326.9066,130.5873,30.8327,52.9028
325.5131,127.5589,30.9849,51.7465
326.6723,127.4830,30.6633,51.1358
323.8244,129.5941,31.4182,49.6377
325.5232,127.4311,31.5452,48.6161
324.3152,127.2787,31.8573,48.2182
323.5012,127.4923,32.2136,48.2241
326.2756,128.1314,31.4735,48.5375
325.3033,130.5785,31.5738,48.6207
323.7415,132.4165,32.1941,48.1864
327.2920,131.7403,31.6772,48.7076
328.6796,133.0777,31.5336,50.1703
329.8025,133.1032,31.7945,51.5249
329.0435,132.6726,33.0470,51.9227
328.4299,133.1580,35.4351,51.0740
326.5171,133.3985,37.7039,50.4478
324.9222,134.8053,40.3014,49.8169
323.5791,135.0549,43.2975,48.5756
321.5098,135.1415,46.5716,46.0859
321.2716,135.5019,49.4895,43.7931
321.3770,136.8296,52.3402,41.6538
319.5687,137.7260,54.9935,39.7031
317.6799,138.8766,57.6701,38.1747
318.4134,137.8534,59.6004,36.3558
320.4655,138.2405,60.3930,35.6360
318.3442,138.0230,61.7899,34.4938
316.5994,137.0996,62.6972,33.7311
313.3189,136.8454,63.9990,32.7264
309.1755,135.4135,65.9983,31.8825
306.5193,134.8211,67.8261,31.4927
305.6582,135.3826,69.0630,31.6044
305.2766,135.2501,68.9254,31.9074
306.0807,135.8117,67.8215,32.5144
307.7087,133.9950,66.3394,32.8014
308.4985,134.4075,65.1682,32.9169
307.8495,135.6030,64.2251,32.7474
308.8949,134.8799,64.0052,32.8489
309.0041,133.7106,63.3980,33.0632
308.4818,134.4922,63.1503,33.4373
309.6605,133.6286,63.0417,33.4708
309.9397,136.1781,62.9969,33.4177
309.6994,136.3366,63.8892,33.9199
308.3966,136.3280,64.9466,34.0177
306.6689,136.7377,66.4301,33.9530
305.1010,138.7105,67.0697,34.5478
304.0534,139.1121,67.2614,35.7650
302.7666,138.4396,67.8424,36.4770
299.5118,136.4308,69.2044,36.3284
296.6311,137.2175,71.0319,36.2583
296.5739,136.5837,72.1738,36.2838
302.7672,138.6074,70.6132,35.9535
309.1423,138.5625,68.1953,35.7472
305.4250,136.6321,70.3969,34.1590
304.4649,135.9365,70.9622,34.1784
303.7549,135.2054,70.8837,34.9834
306.9010,133.8333,69.5931,36.0833
304.5009,134.8201,67.1213,38.4669
319.2740,129.9405,64.4427,40.6901
323.2980,127.6014,63.8393,39.9929
323.7005,125.1515,63.3391,40.7454
357.4202,117.4069,65.9349,40.6998
358.0295,115.5779,68.8292,40.2774
357.7488,114.0978,69.1190,40.3826
354.4854,114.2355,67.3176,40.3935
350.6219,114.6249,67.6335,39.6957
350.1992,116.2296,69.8579,38.8421
358.8489,116.5949,72.9673,36.9140
366.4780,116.0065,74.5682,35.0235
368.5739,115.1791,75.7071,33.3149
366.9870,113.5863,76.5560,31.5979
367.7625,112.4523,76.7866,30.3832
366.9549,111.4729,76.9260,29.6748
368.7254,111.0038,77.2818,28.9121
371.4968,109.1017,78.3515,28.2995
375.5963,106.6549,78.3820,28.0559
377.8466,107.1054,79.1284,27.4600
383.1865,104.5094,77.7939,27.8556
382.8068,101.9674,78.1838,27.9385
384.7399,101.7082,78.4746,27.6745
386.5051,99.4575,78.8332,27.9935
389.8659,99.0926,81.3788,27.0278
388.5584,97.4766,84.6735,27.1905
392.9337,97.5075,86.6657,27.2312
395.9307,95.1256,86.8196,27.9503
400.0574,94.6187,84.9123,28.1888
402.7271,94.8784,82.2670,28.7313
401.6355,94.5918,82.0447,29.3411
400.6406,97.0236,81.8896,30.0101
399.5411,97.9611,81.9377,30.4441
398.6518,96.3116,81.5484,31.5226
395.0105,97.5943,82.6664,32.1890
394.8622,99.3699,83.6923,32.9776
398.8116,99.6172,80.5633,34.5108
396.4098,100.8352,80.7603,35.0761
394.2368,98.5452,81.6294,36.8011
395.5769,101.0173,81.1546,38.3278
396.1664,102.0769,80.7608,37.8460
404.4542,103.4624,77.0830,37.8546
406.5175,104.7042,74.5153,37.7240
408.8497,106.8544,72.7899,37.6499
409.9925,108.4538,72.4506,37.3577
410.8663,108.7672,72.5459,37.5034
412.0712,110.7370,72.5806,37.9794
410.9178,111.5897,74.1564,39.1362
410.2896,114.1911,75.2516,39.7286
412.3346,115.8249,75.6468,40.4130
413.7867,115.8316,75.4360,41.1136
413.5241,117.6281,75.8970,42.3001
415.2523,117.2413,75.7138,43.7167
414.1575,116.1937,76.1354,45.5182
414.0059,117.3918,77.5694,46.7469
415.4131,117.1565,78.8419,47.9011
416.3507,118.5683,79.6086,47.6953
419.7909,120.0579,79.4427,47.5818
423.1387,121.7405,78.6001,47.4886
423.7479,122.5016,79.0840,47.0281
424.1267,121.4846,79.4891,46.8705
425.4641,122.2256,79.6605,47.0101
425.0638,121.3641,79.2630,47.0065
423.3230,119.7882,80.0626,46.5287
422.3715,119.2256,81.1375,46.2513
421.6091,117.5252,81.6425,45.1845
424.3596,116.8524,80.3995,44.5561
426.8528,117.0816,78.7714,43.0963
432.2527,122.5385,74.7821,41.8667
434.6130,126.4921,70.7857,41.6546
432.2585,126.5878,68.3911,41.4625
434.8974,129.9590,65.2058,42.6425
433.0316,131.5931,63.6018,43.0390
435.0222,130.0374,61.8691,44.2558
436.1971,132.9353,60.7525,45.2573
436.3271,131.2356,59.0721,46.8533
437.5441,134.0886,57.0861,48.9875
439.3767,136.7138,54.0730,50.9538
440.5947,136.0445,51.2593,53.1971
437.8651,143.6034,49.3731,53.7540
434.8541,147.7360,48.7281,54.5125
437.1100,147.7944,47.6446,56.2002
440.0320,148.2852,45.4271,58.7839
438.0717,138.5739,42.4503,63.1401
438.2039,136.1989,40.1067,66.8352
437.7510,133.7954,38.5073,69.2359
436.7600,133.9511,36.8547,71.8637
436.5238,133.9186,35.7156,73.2877
436.4203,146.3982,35.7968,73.1472
428.3770,167.4306,39.0737,69.0612
421.7380,178.9295,43.0529,63.1258
415.3899,178.9190,47.4758,56.7824
412.3039,177.3081,51.5215,50.5113
410.0124,176.3842,54.7077,45.5299
408.3192,176.8706,58.2579,42.4281
404.1414,175.4509,60.7270,40.5061
401.4186,175.0771,63.7321,38.8729
398.7266,173.7602,65.7481,37.9408
393.5349,172.5365,68.4907,36.5855
389.7657,171.7721,70.6210,35.6145
386.0994,170.4571,72.3543,34.5663
383.1484,169.1294,73.3965,33.3155
381.1734,168.7003,74.1264,32.1868
377.3021,167.9010,73.3893,31.7481
372.8997,166.4610,70.7602,31.5453
372.4265,165.5228,69.4014,31.1268
370.5182,165.5956,67.7301,30.9556
368.6900,164.6275,67.0483,31.0631
366.2619,164.8466,67.2218,30.7216
364.6728,164.9519,67.5521,30.1104
362.9721,163.7236,67.9507,29.9575
359.7627,163.6718,68.0784,29.6979
355.0518,163.6991,67.8186,29.5077
351.6765,164.1023,67.1580,29.4638
2
0
0
0
0
1
398.5424,184.3012,42.6278,61.9183
398.1742,181.6950,41.5634,66.1285
397.0329,179.2636,39.7989,70.9997
393.5676,180.1124,38.1444,75.7075
388.8236,181.6354,38.0472,77.4047
387.7782,183.9617,39.4815,76.8065
387.2635,185.8450,41.2501,75.3222
387.1400,187.6544,42.3517,74.3964
383.9675,192.8531,42.7080,73.5477
382.2526,196.4866,44.1261,71.6840
379.9545,196.1072,44.8155,70.9315
379.2799,195.4231,45.9544,70.8749
377.4758,197.5421,47.9305,70.4965
371.6535,201.1229,50.5226,68.9627
369.9211,203.2809,52.3049,67.2964
365.8638,199.8283,52.6626,67.0000
366.6718,199.0762,52.5832,67.3230
369.7932,202.8761,52.2257,67.5718
367.7761,210.5170,52.8174,66.3465
363.6316,212.0681,52.1156,67.0483
