1
701.6064,242.7738,35.0782,69.3803
696.9969,242.7745,36.1838,67.7563
693.4765,241.5928,36.7531,66.8841
690.8245,240.3371,37.2128,66.1659
685.0859,239.3507,37.4061,64.9147
684.5444,239.3148,36.8924,64.9865
681.7165,236.2672,36.1921,64.7255
678.7933,235.7304,35.7452,64.2258
676.6042,234.7358,35.4487,63.0983
675.0842,235.8593,35.4155,62.3880
673.6756,237.5030,35.1817,62.1516
671.2993,242.5342,35.3801,61.1972
665.4417,243.2911,36.5446,59.6835
659.5998,243.1947,37.6975,58.3718
654.6911,243.8116,38.4901,57.1380
651.0146,244.2599,38.3492,56.2416
646.3836,245.4143,38.7137,55.4156
641.8400,245.7181,38.9418,54.8081
636.7017,245.7627,38.9208,54.7188
635.1635,246.0197,39.0585,54.2049
630.5569,245.6277,39.4884,53.5250
626.1636,244.2930,39.5115,53.2733
623.5372,245.0674,38.9357,53.1814
620.4470,244.5639,39.3307,52.7421
616.1223,245.4680,39.3034,52.3801
615.5530,246.3192,39.0018,52.1180
610.9354,246.9443,38.2185,52.2990
609.9149,246.0435,37.4172,52.6793
606.2039,245.8153,36.3568,53.1358
604.4797,245.8425,35.5956,53.0814
599.6589,246.2092,35.5094,52.3480
598.4216,244.3810,35.2298,51.8728
593.8774,244.0276,34.7601,51.2141
593.4199,245.8068,34.3274,50.3511
589.7383,245.1460,33.7254,50.3452
588.6790,246.5933,33.2092,50.0855
583.6729,245.2274,32.7816,50.2074
581.3956,244.4245,32.1372,50.5134
579.6970,244.4505,31.6540,50.4614
574.2202,246.8510,31.0458,50.7990
569.9636,246.5377,30.6026,51.4256
565.2598,242.7426,31.0408,50.0465
564.2963,248.4471,30.4315,50.0510
561.0754,244.2603,30.5833,49.6186
555.5604,240.5705,31.5805,48.2195
555.2805,247.7308,30.8907,48.8971
549.6296,244.7933,30.9561,48.5298
545.5656,242.3004,31.6197,47.2952
542.3361,243.2022,31.8955,46.7282
542.4330,247.2028,31.7017,47.3556
541.1661,246.3046,31.7577,46.6741
539.6851,245.4864,32.2608,45.8515
539.0783,248.8687,32.2488,46.4397
538.2280,248.1366,32.7153,45.4356
536.8337,247.8937,33.0506,44.6946
536.1982,247.3580,33.1008,44.5451
535.5196,247.5748,33.2386,44.1116
535.7504,248.5225,32.7769,44.6464
534.4856,248.6275,32.8751,44.4362
534.8249,248.6795,32.1965,45.5465
534.0621,246.6544,32.5024,45.9373
533.7983,242.9104,33.0299,46.0408
532.4189,244.1713,33.3067,46.0011
532.5468,242.8192,33.0511,46.2155
532.0521,241.2199,34.0404,45.6821
531.8231,240.4747,34.4983,45.9202
529.8685,240.1567,35.8812,45.2931
529.3579,239.6675,36.9023,44.9953
528.0626,239.6583,36.9166,45.0138
528.6277,240.5314,37.0750,44.5561
527.9685,240.7497,37.1093,44.1195
528.1301,240.8366,36.7861,43.9458
527.5482,240.5570,36.6797,43.2348
528.3325,241.1886,36.3685,43.2292
528.7314,240.2110,36.8232,42.6797
528.9033,240.3320,36.4795,42.4377
529.0703,240.4108,36.1455,42.2800
532.2402,240.2757,35.9760,42.5502
532.9062,240.4924,35.8795,42.1169
537.5537,238.2283,36.4031,41.7358
537.6649,238.2971,36.1807,41.5981
540.9092,237.4134,35.8128,42.1415
541.4389,238.4873,35.9799,42.4468
545.5698,236.6268,36.3562,42.4658
544.8288,238.0984,36.5978,42.0034
549.0914,238.1324,36.7323,41.9354
552.4641,241.4257,37.4159,41.5397
552.4443,240.9792,37.4555,41.1897
554.5755,240.9689,36.9076,41.2103
557.3505,242.7757,36.2766,41.2860
560.7658,242.3835,36.7708,40.8495
561.5624,240.7557,37.6215,40.4393
564.7333,240.7421,37.4252,40.4664
569.9568,241.3202,38.0160,40.5366
573.5218,241.1889,38.3073,40.7992
575.1982,240.2463,38.6913,41.4389
574.8918,239.4783,39.3040,41.7131
578.3798,238.6349,39.9824,42.1243
579.4687,238.1789,40.3905,43.0361
582.6240,237.0316,40.6480,44.0173
585.0601,237.2773,41.1082,44.8588
585.8342,236.9767,40.9134,45.4599
587.8066,237.3514,41.0478,46.0704
589.2919,237.6721,40.8200,46.8003
590.4022,238.8001,39.9784,47.3025
593.8417,241.7698,39.9657,46.8563
593.6896,240.5791,40.2699,46.5051
595.9101,238.4153,39.9260,46.7358
597.2337,239.3749,40.0061,46.1804
598.0181,239.9542,39.7937,46.3781
598.2297,240.5303,39.3705,46.5820
598.5253,240.3987,38.7793,46.8453
598.1472,238.6047,38.1887,47.7393
595.2318,236.1590,37.2640,48.5775
593.4626,236.1986,36.7556,48.4983
589.2468,236.0514,35.8114,48.7926
583.2424,234.9489,34.5359,49.6692
578.2492,234.0903,33.9569,50.0657
572.4503,233.0798,33.7008,49.4524
566.5558,232.0952,33.7573,48.8145
560.6824,231.9187,33.8497,47.8725
551.0527,231.5998,33.8758,47.2281
544.6733,231.2780,33.9058,46.5989
535.6615,232.3213,34.2355,45.7762
527.9588,230.0825,34.5600,45.2267
517.7888,228.0022,34.8411,44.3726
511.9984,230.9218,35.2151,43.5143
504.9201,231.5212,35.7526,42.3155
495.4820,232.1747,36.2038,41.0084
485.9771,232.4856,35.7679,40.3866
475.9564,234.0983,35.4310,39.5587
465.8954,238.1310,35.4846,38.5764
455.0663,240.3965,34.9877,37.5434
445.9721,243.5991,34.9034,36.8485
432.6494,245.7303,34.4325,35.9756
420.2536,247.7538,33.7233,35.2547
405.9293,247.3240,33.0447,35.0281
393.3470,245.2686,32.4835,34.8514
381.3463,248.1421,32.0997,34.4056
365.3732,246.5610,31.5837,34.4262
351.8072,248.5023,31.6943,33.6614
329.0627,251.0331,31.9025,32.7164
309.3084,251.9006,31.7247,31.9988
283.7798,248.1109,31.6025,31.5502
266.3075,250.5605,30.7440,31.6235
247.0388,251.5829,29.9957,31.5431
229.8658,251.6103,29.4563,31.4882
213.3764,252.3286,29.8079,31.0113
193.9893,254.4388,30.2726,30.6219
175.0666,254.2479,30.7184,30.0447
157.1756,254.1610,30.1389,30.2185
147.0508,255.4353,29.4771,30.5214
135.9353,256.2939,29.0325,30.6939
123.1324,257.9982,28.3047,31.0472
108.9651,259.6854,27.6722,31.4104
94.9458,260.5772,27.8117,31.4869
85.0977,261.4597,27.9067,31.5885
84.6201,261.8721,27.9255,31.7003
83.6771,264.7586,27.9343,31.5584
83.1389,263.4702,28.0744,31.3259
83.2808,265.2527,27.7905,31.5011
83.4928,264.9459,27.3665,32.1147
85.4495,262.9543,27.1971,32.3541
89.3174,264.0630,27.8937,32.0105
93.6883,266.6994,28.5799,31.4518
97.0762,270.1148,29.3651,31.2367
96.2449,273.4078,30.0734,31.3306
98.6384,273.5018,31.0882,31.1425
94.9780,272.9283,31.5488,31.3095
94.3248,271.9483,31.8654,31.2898
95.2515,270.9416,32.0010,31.3141
95.2752,270.2036,31.9536,31.7930
96.8960,273.3442,31.7236,32.5389
99.8106,273.2141,31.9664,32.7992
103.8663,275.6395,32.0144,33.0480
108.4818,274.9831,32.0043,33.3361
115.1581,274.4249,32.0280,33.4237
121.8796,274.2665,31.9837,33.7403
130.9523,270.7172,32.4670,33.5945
141.2659,270.5999,32.6459,33.8292
149.1355,270.0171,32.6088,33.9479
160.6345,269.4316,32.6687,34.0707
170.8840,267.3872,33.1888,33.9557
180.9152,267.2015,33.2166,34.3272
188.1429,266.8093,33.6522,34.0479
198.4445,268.7929,33.3057,34.3453
202.7074,270.2597,33.3027,34.6077
210.3231,269.8596,33.0429,34.3385
218.8732,269.6203,32.9198,33.7561
226.4421,269.8727,32.4820,33.2512
234.3774,270.0387,32.1387,32.9192
240.7706,269.7867,31.6464,32.3986
244.7808,268.5073,31.6946,31.9318
252.4146,265.0121,31.4567,31.9083
256.8241,264.3941,30.6207,32.1464
265.0668,263.4979,29.9495,31.9621
272.6253,263.0011,29.4553,31.9808
284.0105,262.0948,28.9327,31.8589
290.8042,261.8622,28.7443,31.3668
301.2249,262.9368,28.7238,31.1106
308.5193,266.1092,28.2663,31.3603
317.4219,263.8476,28.2962,31.1901
324.9622,263.3947,28.1998,31.1595
332.7601,263.2303,27.5561,31.4882
341.3736,264.1000,27.0567,31.6074
349.0208,262.2722,26.5328,31.5705
357.2719,260.5183,26.4852,31.4217
363.7699,261.3726,26.2446,31.5352
372.5468,263.0824,25.9611,31.7514
380.6979,261.7735,25.9977,31.6461
387.6337,263.8007,25.7263,32.1252
394.2175,264.6636,25.2940,32.2187
398.9109,262.8816,24.9477,32.1664
407.8450,264.3528,25.0323,31.9170
414.0389,262.3104,25.1773,31.5257
423.8879,264.3485,25.0937,31.9073
429.3141,261.6375,24.9940,31.9531
440.9187,260.0967,25.0580,31.4541
449.0399,260.1632,24.8092,31.3211
456.6534,259.8492,24.5839,31.0667
461.7349,260.0767,24.0448,31.4865
467.8459,262.8553,24.0384,31.1646
474.5747,263.3401,23.5937,31.0625
483.7933,263.6798,23.1896,31.2419
486.9542,266.1659,22.8516,31.3987
490.3712,268.9471,22.8311,31.7979
493.3153,270.4028,22.9446,31.4589
493.0660,266.0745,23.4433,30.7200
492.7347,263.1742,24.1058,29.7124
496.0682,257.0921,24.2099,29.1810
495.5866,257.2825,24.3331,28.8000
496.1840,244.5331,24.8104,29.2188
495.1738,241.5748,25.1305,29.1843
494.5701,242.4606,25.4832,29.1223
493.5936,264.7073,24.8578,30.1798
494.3474,266.4616,25.0818,30.1341
496.1494,266.4269,24.9522,30.2034
497.6588,269.0719,25.4039,30.1191
497.3014,270.2081,26.1185,29.5940
497.4069,267.7385,26.7845,29.2714
492.1342,269.9680,26.7393,29.2254
485.5018,266.5960,26.7874,28.9202
470.6414,264.5612,26.6860,28.6043
455.4758,264.1375,26.5468,28.5811
439.2689,262.6404,26.8443,28.1034
425.2198,262.9438,26.3889,28.3617
408.5959,262.4288,26.0156,28.5296
394.9091,263.7437,25.9093,28.4760
381.6178,266.6826,25.9490,28.5920
370.0145,268.3777,25.9717,28.6363
351.3268,269.3188,26.3796,28.4735
340.5086,269.7959,26.4242,28.3831
326.2992,271.0845,26.3649,28.3948
314.4747,272.0536,26.7344,28.1809
305.4323,272.5995,27.5244,27.9538
295.4652,272.7707,28.2380,27.6115
290.9118,272.7327,28.5497,27.6874
286.1949,272.8399,29.1275,27.4731
284.2501,275.8916,29.4522,27.6085
279.6806,275.3177,29.6064,27.8579
278.6208,278.7317,29.0115,28.2685
269.5255,280.9028,29.1614,28.4364
259.9136,283.9828,29.3376,28.6256
253.1369,288.2515,29.1992,29.2161
238.6981,289.2517,29.5590,29.0557
227.1780,294.0672,30.4458,28.6552
217.7823,297.4733,31.5555,28.3574
209.2656,297.9987,31.6118,28.2497
197.3260,297.7397,30.9905,28.7677
186.2165,295.1781,30.6277,29.1863
174.5320,298.0509,30.4496,29.0921
165.7310,296.0126,30.2370,29.4182
158.2941,292.8462,31.0193,29.1750
160.4176,295.3050,31.5115,28.9966
155.9735,292.6734,30.8729,29.4964
160.5326,293.7403,30.3104,30.2146
169.1340,294.0002,29.3111,30.6478
166.3838,291.1017,29.1465,30.7797
170.2515,290.7323,28.9602,30.5750
2
0
0
0
0
1
229.5927,307.2974,34.8141,34.6503
231.6698,306.9050,36.1295,33.2472
233.5483,305.5211,36.7416,32.7379
236.0641,304.6248,37.1787,32.3431
236.5886,302.8949,38.3180,31.4262
238.3186,302.1946,39.2459,30.6328
243.0275,299.0848,39.7135,30.2623
246.6468,298.6829,40.1711,29.9668
252.4796,298.2396,40.6232,29.7516
257.4652,298.2373,40.5965,29.7562
263.1076,299.2836,40.3579,29.8729
270.5800,300.4057,39.7509,29.8346
279.0839,301.3376,39.1390,30.1569
285.7739,301.2713,38.8268,30.2894
291.4508,300.2148,38.3365,30.2296
299.3102,299.1427,37.7082,30.2182
303.8845,298.9533,37.1043,30.5970
308.2426,299.4278,36.9076,30.7129
316.3152,299.7744,36.7189,31.0836
319.4697,297.7348,36.8109,30.8953
328.3299,298.1143,36.1342,31.2015
331.5897,303.2146,35.9726,31.5979
338.1552,299.0880,36.6677,31.3427
348.7277,297.0164,36.9269,31.2051
354.2956,298.9002,36.5112,31.7255
360.2997,297.3839,36.3161,32.6101
365.9998,299.0067,36.8516,32.6198
366.4266,301.1218,37.0915,32.7637
371.0833,303.7014,36.5746,33.1022
371.1291,305.4549,35.3861,33.9829
373.8655,306.6316,35.3750,33.8143
369.2680,306.0086,35.8538,32.8813
370.3242,304.3954,36.9881,31.7788
366.9030,301.7702,38.4197,30.5364
364.1375,300.8050,38.5299,30.2985
369.4030,299.8561,38.8187,30.0323
376.3427,295.6744,39.0060,29.7391
377.2407,305.3813,38.2901,30.8480
380.7475,308.7284,37.7997,31.7644
378.5782,310.0086,37.7604,32.4873
380.1843,313.6049,37.8647,33.0331
2
0
0
0
0
1
395.3713,285.3960,16.1791,19.5603
394.9407,284.2779,15.9160,20.1098
395.7745,284.1622,15.9475,20.3413
396.0003,284.9037,16.0663,20.5696
397.2180,287.3289,16.5102,20.3259
397.9729,292.9635,16.7383,20.0639
398.1214,298.6451,17.0203,19.7011
395.5077,300.1906,17.0466,19.4996
396.2910,300.0298,16.6305,19.8211
397.2392,298.6046,16.4545,19.8041
397.8994,300.0003,16.2749,19.8646
396.2146,302.3338,16.2340,19.7451
2
0
0
0
0
1
355.0381,296.6537,24.1199,20.8036
350.4355,295.5043,24.8414,20.2747
346.2059,295.0748,25.4952,19.7145
342.3571,292.5373,25.3773,19.8159
333.0586,288.2291,25.5051,19.9081
329.6664,287.4156,25.1513,20.1074
322.5721,282.0702,25.1074,20.1238
315.7541,285.0396,24.5189,20.5861
2
0
0
0
0
1
213.8494,299.9275,30.2862,17.6300
206.9458,300.2778,29.1339,18.4254
198.4961,298.7180,28.1724,19.3122
191.2814,300.2643,27.7112,19.9424
185.3096,301.7980,26.9396,20.6148
187.8931,303.4047,26.2560,21.1375
181.3365,302.2491,25.9545,21.2129
169.8787,303.8906,26.6144,20.8974
164.6716,306.4382,26.5725,21.0301
155.4787,305.5169,26.2489,21.3760
156.4559,306.7727,26.5417,21.1114
149.0612,302.4885,26.3465,21.4384
150.0441,303.3996,25.8838,21.8708
149.3400,299.7289,25.7893,21.6984
150.6455,300.0979,25.4196,21.7075
144.5411,299.9751,25.0215,21.9531
148.4591,302.1177,24.5792,22.1042
149.3785,301.3214,24.2101,22.2269
154.5857,303.0057,24.7626,21.7827
152.5528,302.8338,25.1654,21.3939
149.3417,301.6377,24.9940,21.5884
138.3189,306.3255,25.0469,21.7430
137.0743,305.9612,24.5906,22.4715
130.1074,313.0247,23.7054,23.1635
131.1262,307.2353,23.1440,23.6711
132.8806,308.4168,23.3212,23.5197
130.0281,307.5486,23.1251,23.7807
127.7923,305.4442,23.1648,23.5577
132.5407,304.7784,23.2331,23.4178
131.9864,300.5213,23.6071,23.1159
139.6660,299.4687,23.6992,23.0139
143.8781,302.8864,24.1025,22.7990
145.6535,297.0447,23.5059,23.4044
150.8633,299.5123,23.4288,23.6405
144.5671,299.4704,22.6787,24.4655
137.3871,301.7649,22.9352,24.3302
130.1476,309.0528,23.2733,23.8953
