1
213.0776,139.7045,93.8621,52.9740
209.9555,139.8018,97.8384,52.2839
209.8233,140.9548,101.0102,51.9702
206.7078,141.0054,103.2113,51.4003
202.9524,142.6469,105.0888,51.2021
201.3092,143.1113,107.6370,51.0711
198.5340,143.5876,109.2701,51.2984
195.8407,144.0856,110.5773,51.8269
195.0340,143.5202,111.3859,51.7294
193.8849,144.8739,111.9060,52.3530
190.7698,144.8461,112.7573,52.1105
188.3546,145.4795,113.3993,52.2320
186.3638,146.0866,113.7320,51.7706
183.4172,148.9128,114.6902,50.4869
181.9895,148.8803,114.9490,50.1243
182.2635,150.9231,115.1855,49.7816
179.9171,150.6668,115.5984,49.7598
178.9743,151.9686,116.0372,49.5380
178.6172,153.9207,115.9263,49.2927
177.5003,153.2314,115.6161,49.3232
177.2469,159.1782,116.4232,49.3588
175.3918,158.7041,115.9891,48.9329
173.8430,159.9673,115.3840,48.7413
172.1603,160.9591,114.6120,48.6623
171.0002,161.7253,114.3064,48.8839
169.0201,161.2676,114.4249,48.7262
167.8165,161.2531,114.6043,48.7292
165.9887,162.1367,113.8549,49.2226
164.0782,163.1485,113.6846,49.9164
162.2967,162.9268,113.6025,49.8347
158.3284,164.9276,113.0802,49.5949
157.3549,165.6075,112.6372,49.7122
154.7750,165.9121,112.1764,50.0390
153.0986,167.6400,111.2793,50.9102
153.8647,167.3257,109.0653,51.0385
154.2802,168.7208,107.2773,51.4265
154.9654,169.5317,105.6487,51.8607
154.9250,170.4381,104.7595,52.2266
154.7839,168.7153,104.6501,52.0458
155.2652,168.7235,103.8546,52.8626
155.0144,167.0825,103.1365,54.0295
154.4397,164.8686,103.1193,54.2470
155.8171,164.8694,102.3482,54.1673
154.7345,164.0731,101.8444,54.7948
153.3261,164.0683,101.3801,55.3895
152.9542,164.1084,101.2308,56.3242
154.1272,163.8715,100.5973,56.9710
154.5941,164.7581,100.0551,57.8165
154.4943,164.4359,99.4042,58.7029
154.6552,163.9693,99.4166,59.0335
153.0418,163.9887,98.6319,59.1905
152.7888,164.9769,98.2842,60.3391
154.1342,165.3022,97.2902,62.0001
155.4630,165.9273,95.7954,64.9554
157.2620,165.8700,94.3238,67.3851
158.4765,164.1262,92.9819,68.1991
159.4094,165.3947,92.0626,69.6393
160.5517,163.3371,90.9784,69.4929
161.3702,162.2597,90.0189,68.0037
161.9972,162.7531,90.0279,67.2919
161.3757,164.2451,90.1424,67.3673
163.2758,163.4859,90.2303,67.0539
164.3755,163.8844,89.6843,67.0926
163.9465,164.1699,89.9360,66.6507
165.6612,164.3911,88.8139,67.0127
164.3788,164.7227,87.4767,67.4402
165.4066,162.8759,86.2829,66.8906
164.9522,163.0341,85.8312,66.1671
164.1341,162.3046,85.3626,64.9068
163.8523,162.3743,84.9307,65.0165
162.0580,163.4424,85.2203,65.3768
160.9108,161.7743,84.8792,64.8451
159.8546,161.9624,84.0791,64.2198
158.1310,161.9237,84.0040,63.8093
156.7180,162.3364,83.7012,63.3614
157.4409,161.9308,82.4335,63.3867
157.4434,161.7576,81.1361,62.9896
156.1018,161.4482,80.0069,62.7992
154.4473,160.5356,78.6197,62.6531
152.4088,160.3557,77.2474,61.8876
151.6057,160.5678,76.2982,61.1297
151.1650,160.1510,74.9046,60.5303
149.5366,160.6473,73.6125,60.0244
147.3563,161.1891,72.1730,59.5031
146.5157,162.0468,70.9769,58.9435
146.0114,160.6936,69.5586,58.8398
146.5370,161.0153,67.9669,58.7109
146.4263,161.5694,66.8706,58.7138
147.2348,161.7763,65.6825,58.5117
147.9656,161.3567,65.0387,58.0948
148.2677,162.5129,64.4420,57.6173
147.6661,162.4572,63.3402,57.4668
145.9799,161.9470,61.1602,57.6759
146.1658,162.3749,59.1466,57.6372
147.0457,162.1665,57.5889,58.0136
147.7515,161.7010,55.7795,58.0020
148.5681,162.2219,54.0073,58.2367
148.4887,161.9654,52.2538,58.5161
151.2459,161.1514,50.3691,58.7328
152.4317,160.6804,48.4967,59.1609
153.1595,161.2541,47.0877,59.5007
155.8744,161.0882,46.3267,59.7507
158.6843,161.8324,45.6381,59.7702
160.6978,160.8841,44.4000,60.2954
163.3007,160.4056,43.2849,60.9744
165.3876,160.9665,42.2007,61.0961
167.2021,159.9193,41.2873,61.2981
166.7554,160.0027,40.6158,61.8910
166.5324,159.4490,39.3528,63.3943
165.8621,159.6864,37.8505,64.7682
165.7116,158.3312,36.3015,65.8205
164.9755,158.2205,33.9368,67.1279
164.8934,157.9079,31.9748,67.7516
163.5206,157.5226,30.6383,68.0085
164.4491,156.3136,29.8791,68.7006
163.3331,155.5564,29.7458,69.2355
164.4372,155.5081,29.3680,70.3233
163.9074,155.0337,29.2576,70.5872
165.3129,155.0011,28.6512,71.7732
165.4838,154.6249,28.8551,71.7082
167.2820,154.5124,29.1075,71.4060
167.3973,155.6940,30.1091,70.8341
168.9868,157.0208,30.7496,71.4345
168.2261,158.5079,32.0160,71.8925
166.2138,160.2543,32.8967,72.5080
165.2006,158.2444,33.0998,72.2454
164.1107,159.1092,33.2859,72.2904
166.1419,158.3294,32.4159,73.1170
166.3967,159.0219,31.7508,73.9990
168.3307,157.9754,30.5102,74.9910
168.7208,157.8762,29.8076,75.5998
170.1311,156.3241,28.9234,76.6216
171.7234,158.0922,28.5478,76.8162
172.7493,155.1218,28.7149,76.1202
174.2918,156.6648,29.1641,75.7854
173.9273,156.2579,30.0372,75.2219
173.1484,155.2992,31.0979,73.4986
174.2132,154.1782,31.4578,72.5425
175.6107,156.2386,31.9022,71.5066
176.5497,156.7086,32.5727,70.4946
177.8207,156.7502,33.4294,70.5981
179.1833,156.1093,34.4151,70.1446
179.7353,155.8546,36.0590,69.1974
178.7619,157.5724,38.0468,68.3902
180.8625,157.8446,39.9417,66.8359
181.0221,158.7491,41.3843,65.4379
180.4778,160.1058,43.0871,63.7689
180.2353,160.5082,44.4125,62.6397
181.1408,161.2715,45.2503,61.5422
181.1285,161.5458,46.6525,60.1646
179.7031,162.3407,48.1691,58.6706
179.8282,163.4785,49.6343,57.9579
176.6432,164.4461,51.9554,57.5539
175.7004,165.2654,53.9912,56.9477
174.8838,165.9194,55.6869,56.0861
174.6932,166.7823,57.8087,55.2301
172.4457,167.6980,59.7631,54.2442
171.7056,167.3125,62.4707,53.1867
170.7053,168.8888,64.8679,51.9944
169.0426,169.8146,67.0311,50.7754
168.6225,169.1945,68.9479,50.1429
167.9553,170.1419,70.2173,49.5593
168.1641,170.7970,71.9193,49.0897
168.8816,171.0858,73.2735,48.6119
170.0702,171.2695,74.7381,48.1740
171.8296,171.3686,76.4444,47.5494
174.7087,171.0416,76.8946,47.1747
176.3196,170.6172,77.7132,46.6214
177.0809,171.9185,79.0928,45.9576
179.8532,170.8365,80.0877,45.0292
180.5772,174.2330,81.1920,44.5038
181.1191,175.7854,82.3027,43.9502
181.7393,177.6367,83.0288,43.7643
181.3848,179.6312,84.0986,43.8742
181.7990,181.4177,84.6473,43.7844
181.1026,183.0440,85.5990,43.1506
180.9999,184.1427,86.2099,42.8282
181.3272,185.4130,86.7002,42.8078
181.6734,188.7373,86.9989,43.2046
181.0173,188.1987,88.0552,43.2996
181.5144,192.2438,87.4293,44.1069
180.8293,193.3059,88.5210,44.2855
177.5276,194.7082,90.8034,43.8424
176.9443,195.1154,92.1031,43.3359
174.3291,196.4637,93.7781,42.5563
173.7057,197.0702,94.8554,42.4981
173.0270,197.6311,95.9420,42.5856
172.1701,197.4926,96.4222,43.4763
170.7217,197.5880,97.5816,43.4755
173.1316,197.8059,96.7765,44.0992
171.4423,198.9445,96.3529,44.2390
166.8971,200.2469,95.3793,45.4439
164.3356,200.4167,93.0739,45.7894
158.9570,200.1029,89.6076,47.2271
160.8995,199.4021,86.3293,49.1806
165.9317,200.8764,83.0857,52.0693
167.1275,199.9168,81.5655,53.6450
170.0712,199.2911,79.6622,55.4386
166.5397,197.2170,78.2981,56.2384
169.9718,197.1797,76.3930,57.6442
167.8785,195.2040,74.8315,58.9390
169.5638,194.9820,74.1556,58.7030
169.0104,194.7160,72.1937,58.6253
168.8154,195.0977,70.3932,58.6318
169.1420,196.5729,69.6631,59.5237
170.6295,196.1507,68.8452,59.2457
169.8123,196.8980,68.7188,58.1861
172.5306,197.2328,68.0298,56.4531
171.2092,198.3073,68.2405,54.6897
169.5492,199.8699,68.9549,53.2512
169.9652,201.6255,69.1630,52.1110
169.6222,202.7526,69.9611,50.4415
170.1033,203.6883,71.1163,48.9502
169.7619,205.0745,71.6170,48.1110
171.1303,205.9625,72.0473,47.3114
170.2382,205.8367,73.3006,46.4023
171.1098,206.7958,73.6910,46.2940
170.2596,206.4132,74.0250,46.6523
169.9025,206.3503,72.9366,46.7486
169.6055,206.0450,72.4857,46.7140
172.9424,206.2419,74.6034,47.1242
173.9273,205.4339,76.2743,46.8532
173.4983,204.2334,76.1975,47.5981
174.5721,204.9161,76.4515,47.6373
173.6213,205.8520,76.6180,47.9325
175.1873,206.9499,77.3032,47.7805
175.8986,207.2804,76.3619,48.3324
176.4270,208.2499,74.2969,47.9480
176.9269,208.2444,73.1811,47.2114
176.6036,207.6880,72.3741,46.5161
175.6144,207.4243,70.7281,45.9486
175.7047,207.4679,69.5783,44.9242
177.1459,207.0331,67.1373,44.7384
176.8099,207.2452,65.2250,44.7187
176.3790,207.1820,63.7372,45.0569
175.7448,208.0751,62.6457,45.1562
174.0074,207.6712,62.8939,45.1748
175.6001,206.1304,63.1360,45.6084
175.8722,206.6184,63.1109,46.1953
178.7305,204.7231,62.4006,47.0596
176.9433,205.4578,61.9477,48.0640
179.3555,203.5895,60.1859,48.4483
176.3034,203.6529,59.1039,48.9554
176.6588,203.2640,58.7431,49.3625
172.9286,202.9663,59.2134,49.4752
169.4928,204.7379,60.9779,49.6650
167.3637,204.9390,63.6388,49.9873
166.7043,205.4025,66.3508,50.2587
167.9863,204.2848,68.8187,50.5316
168.1242,204.6454,69.5888,51.1376
170.0273,204.3642,70.0371,51.3014
169.4028,206.2402,69.7551,51.0645
169.7935,204.8458,69.5208,50.6505
171.1591,205.4214,69.7454,50.4429
176.0022,204.1288,68.6419,50.2851
185.4923,203.5307,65.5443,51.1948
192.4409,201.9742,62.8593,51.5201
195.0909,201.7213,60.7397,51.6716
195.7784,202.2051,59.6896,51.2449
195.5821,202.0011,59.3295,50.9227
195.1880,203.1135,60.4546,50.1039
195.8692,202.4181,61.5862,49.8985
196.2907,201.0714,62.8232,49.7908
195.9213,200.4492,64.1479,49.8726
195.5200,198.1844,65.6629,49.7903
194.3964,198.9066,67.3381,49.2053
193.6985,197.9593,68.6576,49.1021
191.6783,198.5129,70.6161,49.0612
190.7344,197.0717,73.3099,48.6541
188.2866,197.6395,76.1531,48.7376
187.8045,197.2453,78.5811,48.4860
186.3394,197.9253,81.1353,48.4896
186.4916,196.8834,83.5153,48.3327
185.4016,196.6390,85.8510,48.2338
187.3235,196.4598,86.9772,48.7768
189.1353,196.3784,87.2523,49.5368
191.3911,196.2986,87.0342,48.9035
195.4807,196.4909,85.8898,48.6061
196.6893,196.0092,85.3043,48.3657
196.4911,196.3351,85.3931,48.1440
196.1688,196.6000,86.4361,48.1394
197.3376,195.3273,87.4019,48.5641
195.7933,196.2911,89.4934,48.5965
193.7647,195.7266,91.9911,48.5259
191.7648,196.2197,94.4492,48.0667
192.6152,196.1455,96.2780,48.0505
191.0604,196.7989,98.4168,47.8027
190.8701,195.9647,100.2298,47.8027
190.4032,197.0367,102.2385,47.6990
190.2358,197.8559,103.5437,47.8884
193.7663,196.7239,103.1242,47.7873
196.2068,197.5099,102.5728,48.0096
200.1650,197.1556,101.7077,47.4277
201.5789,199.5233,101.4961,47.0712
204.1027,198.8756,101.8559,46.6578
207.5016,198.2760,101.1857,46.2593
210.1556,197.7735,100.8552,45.7684
212.1165,196.3072,100.6117,45.4801
214.5348,195.3590,100.2594,45.4801
215.9973,196.1862,99.9952,45.7819
219.1535,194.3633,99.0933,45.9008
220.2109,193.6217,98.6814,45.9234
220.2695,193.3559,98.6861,46.2476
222.0665,192.7350,98.4302,46.0384
224.0652,192.0340,98.4763,46.0345
226.7433,191.9669,98.5688,46.0616
227.5340,192.4341,98.4308,46.0391
229.5800,191.8006,98.3274,46.3295
230.8242,192.0928,98.4710,46.1366
233.6205,191.9580,98.2931,45.7411
235.5448,193.4299,98.4324,45.3200
237.7215,193.6413,98.2177,45.1977
240.3577,195.3449,97.3772,44.9378
243.8124,195.1700,96.2684,45.2431
245.8729,195.7699,95.8582,45.7246
246.7231,195.8941,96.4664,46.0664
248.1624,196.1050,97.1996,45.9736
250.1847,196.1501,96.9102,45.9891
253.6137,196.0036,96.4689,45.9375
255.2241,196.6666,96.5679,46.1929
257.1808,197.5829,96.8628,46.3602
260.6743,197.1085,96.4304,46.4274
264.3893,198.5363,96.0396,46.7732
267.1683,199.4693,95.9035,47.3435
270.5637,199.4595,95.5492,47.5435
272.9239,200.5002,95.9737,47.8712
275.6782,201.2251,96.0255,47.8800
277.3428,201.2647,96.4244,48.1577
279.2043,201.0765,96.8124,48.2824
280.3440,201.5968,96.7751,48.2610
281.4769,201.2581,97.3646,48.0136
282.6692,200.6480,97.9273,47.6753
284.8649,200.5939,98.4100,47.3791
285.9240,200.3600,99.3643,47.1487
286.3677,199.1643,100.3540,46.7862
287.7260,196.8309,100.9762,46.3852
289.3149,194.7365,101.3790,46.4581
289.2114,193.0659,102.0864,46.2117
290.3934,191.0504,102.5625,45.7703
293.1791,189.6736,103.3267,45.2645
293.8177,187.8971,103.9535,45.3159
294.4657,186.2233,104.2885,45.3100
297.0591,186.3516,104.0432,44.6667
298.1295,185.3523,104.4210,44.4370
300.2058,184.0041,105.1544,44.2700
301.3538,182.6579,105.6577,44.3002
303.1116,181.6698,105.2270,44.5690
304.2377,180.2802,104.5508,45.0064
306.1610,179.1801,103.6444,45.7062
308.1056,178.6288,102.8520,46.1504
309.9291,179.6159,102.2705,46.5465
311.1901,179.1758,101.9901,46.7595
313.3339,178.4941,101.4553,46.6799
314.9901,178.7106,100.3656,47.4984
316.4075,177.4864,100.1740,47.0485
317.8502,177.3438,99.9022,47.1548
319.4669,176.7608,99.6678,46.7816
320.1088,176.0072,99.9334,46.5992
320.8056,176.2406,100.5751,46.3044
320.6643,175.8975,100.3996,46.1046
321.4825,174.5711,100.4383,46.2391
322.0957,175.2237,100.5183,46.4324
322.7548,175.0335,99.9943,46.7101
324.7493,174.4319,99.3748,46.8785
324.9667,174.7667,99.4360,47.3265
322.4699,174.1736,100.0377,47.3139
320.9468,174.9050,100.4483,46.9092
319.1852,175.2152,101.3424,47.1203
318.5328,174.6048,102.3251,47.5107
317.9194,174.6789,103.4737,47.8139
317.1307,173.8856,104.2337,48.0060
316.1542,174.5724,105.2783,47.9279
317.0785,173.4717,105.9624,47.7360
316.5966,173.2237,107.1321,48.0895
316.5591,173.1926,108.6169,47.6865
317.3228,172.6476,109.1328,47.6015
316.1881,173.8148,110.3807,47.0529
316.1634,173.0886,110.3156,47.0960
316.0592,174.0242,109.3728,46.8513
316.6318,173.6315,107.7436,47.0751
317.3558,172.7438,106.6504,47.2862
318.5918,174.1691,106.2025,47.2573
318.9942,174.0463,106.9683,47.2450
318.7465,174.9644,107.6836,46.9346
319.5089,175.9934,107.6719,47.0780
320.8467,175.7997,106.8853,47.0462
322.3291,178.6538,106.1769,46.7574
324.6921,178.3661,104.9010,47.4111
326.3661,178.6453,104.3879,47.6805
326.7136,179.9178,104.7274,47.3454
326.9521,180.4377,105.2387,47.9067
326.2576,180.3838,106.5744,48.3755
325.4503,181.7962,108.0990,48.3900
325.2546,182.2292,110.3198,48.2925
327.2060,182.8634,110.8631,48.5544
330.4411,183.0673,110.8552,48.8609
331.9596,184.7932,111.0228,49.8469
335.8840,184.1084,110.6494,49.4391
335.5411,186.2360,111.9400,48.7108
340.0160,184.8322,112.3424,49.4545
342.6392,184.0345,112.7096,49.7674
346.3700,185.1411,112.5451,50.8760
350.0420,184.4144,111.9236,51.6726
353.1952,183.8113,111.6258,52.0808
357.3349,181.9207,112.1290,52.5562
361.5790,182.9215,112.7578,52.7749
364.3896,183.1874,113.1689,52.6135
368.0410,183.7020,112.9249,52.5402
370.3875,182.7317,112.4126,53.3547
371.9988,183.1647,112.6528,53.6974
372.4172,183.5099,113.0592,53.1153
375.2002,182.2301,112.4230,53.0145
377.2858,182.8663,111.8362,52.3707
378.1743,181.6113,110.8966,52.2785
379.4807,180.6765,109.7297,52.7652
379.6455,179.5763,108.3866,52.9449
377.3688,178.5905,108.0624,52.8533
379.4240,177.4003,106.8165,53.2578
380.4279,176.2970,104.5571,53.9910
381.8854,174.5556,102.1824,54.1971
383.8282,174.3281,99.1949,54.3940
384.2132,173.6131,96.6708,54.3674
383.2230,173.4593,94.8671,54.4107
381.5715,172.4204,93.7211,54.4138
380.3276,171.8613,92.9116,54.4803
378.6963,171.6674,92.1930,55.1009
377.0744,171.2983,91.4645,55.2149
378.6785,171.3056,90.0427,55.7008
382.0844,169.8746,87.8555,56.1610
386.2994,169.7623,86.5261,56.7847
384.2310,169.1481,86.5441,56.7693
384.8895,169.2223,85.7665,57.3759
386.6647,169.8538,85.1942,58.3979
386.8222,168.5049,83.8389,58.8595
388.4941,168.6276,83.5827,59.1857
391.4484,168.0227,82.7949,59.8139
393.1899,167.1572,82.3611,60.4400
395.4319,166.1640,81.9568,61.1266
399.0916,164.9480,80.1750,61.9741
402.7177,165.6351,78.5450,62.2295
407.0675,165.2883,76.8548,62.9600
409.2765,165.0794,76.2255,63.0889
412.5108,164.4084,75.6388,63.3713
414.9014,164.8419,74.7506,63.7102
415.3809,164.0697,74.5074,63.9993
416.4387,162.2543,74.0066,64.5109
414.9540,162.8315,73.0336,64.4830
415.3618,161.3393,72.3469,64.6663
413.1998,160.6769,71.8602,65.2987
412.4845,161.2314,70.8860,66.1316
412.3133,160.1149,69.4339,66.7090
412.4513,159.2154,67.8765,67.4648
412.5290,159.0132,66.0718,68.4889
413.1516,158.0779,64.1336,69.2827
413.6373,158.5482,61.8488,69.6025
414.5059,157.8717,59.6953,69.5451
414.2605,155.5661,56.1177,70.6319
415.8018,155.4109,53.6853,71.4333
415.4330,154.4478,51.5520,72.0344
415.4422,153.4727,50.3974,72.2549
414.0094,152.1268,48.5659,72.8228
414.3994,152.0021,46.6793,73.1916
413.1059,152.1635,45.3888,73.2165
414.5692,154.6826,44.7812,72.8730
410.7088,155.2328,42.6988,72.7543
408.9008,156.6008,41.0180,72.0970
407.8631,157.2958,39.1433,71.6945
406.2315,156.3781,37.6121,71.1814
405.7632,157.8579,36.3485,70.9026
404.9807,157.2232,34.6131,70.8749
403.4748,156.1261,33.4903,70.7158
402.7172,156.8024,32.4692,70.5776
402.9125,156.7164,32.0269,70.3636
402.1343,157.1846,31.8480,69.8551
401.5779,156.9750,31.4291,69.4765
401.4466,157.4280,31.1183,68.8754
400.6689,157.7084,31.1428,68.4033
400.5546,159.0576,31.4589,67.7111
401.2266,158.9720,31.6702,66.6802
400.0511,158.0859,31.9133,66.0792
400.1160,158.1343,31.8712,65.6138
400.5409,159.5637,32.4655,64.7740
400.2495,159.1476,32.6427,64.4514
400.1932,160.1018,32.8412,64.0635
399.6307,158.6525,33.2063,63.3594
399.4788,161.0235,33.4004,62.6650
400.4246,161.0435,33.1972,62.4084
400.5481,159.8003,32.9667,62.4517
401.3185,161.0661,32.8803,62.1855
402.8839,161.5169,32.3776,62.1073
404.1615,161.3668,31.1238,62.6472
406.0442,161.5487,30.7857,62.3283
406.4856,161.2731,31.1235,61.7094
407.6220,161.6380,31.4996,61.2136
407.7200,162.4638,31.5970,60.8191
407.8659,162.4016,31.4860,60.7259
407.7080,162.5884,31.6082,60.3921
407.8709,162.7733,31.2352,60.7782
406.3777,161.9097,30.8479,61.2275
405.3101,161.6795,30.5486,61.9055
403.7146,160.5724,30.2255,62.1136
405.3803,160.3299,30.0104,62.0336
404.4637,160.2166,29.5604,62.7807
405.5680,160.5602,29.6207,63.1661
406.5087,160.9584,30.0697,63.1174
406.8142,160.0153,30.6916,63.2221
406.7137,159.5865,31.0669,63.3495
407.3864,159.4038,31.4268,63.5225
406.7895,159.1693,31.5402,63.4382
408.3613,159.5852,32.7675,63.0431
408.7607,157.5808,34.0549,62.6934
406.4746,157.1723,34.3730,62.9464
406.2119,156.8239,34.6341,63.1616
406.7445,156.3790,35.3679,63.4472
403.4796,156.4572,35.6298,63.8086
404.7798,156.3584,37.9308,63.1481
403.5107,156.8290,40.6795,62.7540
404.4482,155.9189,43.6021,62.4530
