1
529.8635,73.6991,53.1347,33.6264
525.5146,76.5291,53.6866,33.3970
519.6226,79.9377,54.5741,33.3901
517.4073,79.6304,54.8792,34.0046
511.4079,84.3205,55.7574,34.3550
506.7606,84.2886,56.5978,34.4186
501.6081,84.7303,56.9443,34.9580
496.4742,86.0540,57.1538,35.1844
490.2819,87.5411,57.9879,35.0978
489.1174,88.0004,58.8621,35.6340
484.9071,91.4872,59.8985,36.0445
480.1716,92.9334,61.8734,36.1505
475.6230,94.2711,63.3189,36.5359
469.6809,97.0363,64.2950,37.2386
465.1121,97.1696,63.9244,38.5568
459.6234,99.2535,65.2931,39.1933
453.3718,102.2488,68.0008,39.7331
450.9946,101.5181,69.3912,41.1945
446.9529,102.6909,70.5655,42.3035
442.0167,105.2291,71.6206,44.2810
438.9943,106.7812,74.0403,44.8017
432.4920,111.0391,75.9011,45.5726
431.3271,113.5399,76.3330,46.2649
427.3634,117.0516,78.5119,46.9059
426.2042,117.1995,78.8710,48.5694
423.4067,119.6472,80.4805,49.6523
417.8517,122.0380,81.4160,50.9754
418.0709,123.8712,83.0488,51.4511
417.0521,127.7289,85.0865,52.1494
417.1027,130.6867,87.1308,52.6707
420.8275,132.6821,90.6053,53.0494
419.5588,135.8457,95.3854,53.4509
413.6163,142.2882,97.9884,54.4888
414.8314,140.8880,100.3116,54.9127
415.5797,141.7233,101.2332,55.6603
414.8435,147.9021,102.7055,57.9701
414.5312,148.6569,105.8359,58.9661
413.4085,150.8258,108.0813,59.7662
413.6204,152.8502,110.2733,60.9488
415.6948,157.5503,114.1292,62.2218
415.8586,161.5057,116.5485,62.5519
414.8961,168.2818,118.4737,62.9410
414.8338,170.5270,121.4215,64.0971
420.0303,171.6856,125.4608,64.6663
410.5104,176.1140,129.7226,64.6763
408.6016,178.5991,130.5220,65.7426
409.4419,185.4118,131.8898,67.3592
409.8078,186.1706,134.2544,68.9380
408.2431,186.9693,137.3837,70.4990
405.4385,194.2265,139.7618,72.1400
399.2893,194.9559,142.1773,73.9755
398.2394,199.3140,147.6385,75.3434
394.0378,201.8514,149.1115,77.1987
391.5891,205.8331,150.4904,79.7913
391.7450,209.3404,153.7620,79.9438
388.3487,216.1124,156.9204,80.9365
386.9256,215.3158,159.7665,82.5298
379.1633,220.7338,160.2236,82.9945
379.1740,222.0857,160.2022,84.0723
372.7469,227.6225,161.6567,84.3984
370.0168,226.7910,163.2901,86.0612
367.1205,228.3528,165.2032,86.8171
366.1992,231.9844,167.0460,87.3951
358.2430,235.8303,167.1280,87.6183
356.0928,240.2332,167.4659,86.7377
353.8885,244.3014,167.9220,86.5061
353.4248,250.6171,168.8495,85.7401
349.0762,250.2921,169.6356,86.3900
348.8466,254.6091,170.0949,85.7126
340.8331,257.1878,170.2286,84.5284
338.5203,259.7193,170.8994,83.4203
332.2227,259.9692,171.6587,82.9205
330.3460,262.2008,171.4643,82.4050
326.5291,259.9983,171.2260,82.8742
323.1660,260.2088,170.0712,82.4531
317.8847,260.2668,168.8843,82.3371
314.7999,260.2206,167.2597,82.4295
305.5413,260.4554,166.4020,81.9600
304.3090,258.4955,165.0124,82.0255
301.2263,254.2613,163.5077,82.8236
298.0172,256.2000,162.2720,82.7732
291.0146,256.1648,161.0458,82.8436
286.3136,254.0896,159.0745,83.2028
283.0359,254.1569,158.0932,83.0682
280.3122,254.1091,156.0374,83.1639
277.7585,252.1987,153.6989,83.2617
274.9503,250.4014,151.9348,83.1661
270.5478,250.5402,149.7522,82.8884
267.9325,248.6933,147.7315,82.9566
265.1532,247.0054,146.0964,82.7355
262.0788,247.1613,145.1072,82.4237
256.9758,245.4046,144.6663,82.3881
255.5505,241.8528,143.9750,82.4080
254.4751,238.3378,142.5938,82.3740
251.3216,236.9975,141.8788,81.5438
248.4279,235.4594,140.6938,81.1337
246.9336,234.0710,140.2206,80.4486
243.7818,232.4378,139.6381,80.2720
242.1800,227.6510,139.4102,79.5511
240.5537,227.8227,139.2469,79.2079
240.8426,226.5408,138.6692,78.3640
241.5994,223.8913,137.1556,76.8937
242.9109,222.3927,134.5327,76.5536
244.0287,219.5093,132.2970,75.7349
248.3637,216.5223,130.1184,75.2176
250.7225,215.3077,128.6054,74.4423
253.0102,214.1232,127.1989,73.6421
255.4243,212.8388,125.5055,73.0763
257.9175,210.1168,123.6190,72.3206
260.6700,205.9332,121.1731,71.5104
264.7242,206.3074,119.0828,70.7621
267.2091,202.5132,117.0783,69.4542
270.6537,201.6275,116.0162,68.3121
275.6712,200.9646,114.6164,66.7595
280.6020,200.2582,113.2488,65.3411
282.5546,198.1844,112.1306,63.9146
284.8921,197.2912,110.2020,62.9547
289.9677,196.2254,108.1547,62.3849
290.6368,196.3611,106.8166,62.1135
294.0894,193.8755,105.1852,61.8109
296.2825,194.1038,103.4067,61.3543
302.3891,192.0598,101.4873,60.2953
304.4313,191.3257,99.9299,59.2366
308.9565,189.3076,98.3376,58.3008
312.0118,188.5396,97.1199,57.3903
317.5029,187.7991,95.7899,56.4583
319.3298,186.9939,94.5136,55.6911
322.2871,186.2850,93.2901,54.7632
325.1769,185.5020,92.1339,54.0176
328.1286,184.8820,90.7945,52.9756
328.4769,184.3155,90.0979,51.8642
331.2090,183.6624,89.0642,50.9551
332.0211,184.2004,87.4400,49.8791
334.0121,183.6491,85.6003,48.8396
337.1107,182.8756,83.5977,48.2893
341.1181,182.1060,81.7576,47.7703
341.8961,181.3588,80.2016,47.2424
344.5799,180.5815,78.8143,46.8070
346.3614,180.7748,77.2134,46.4202
349.0906,179.9624,75.6187,46.1134
349.7380,178.9707,74.3238,46.1938
352.2875,178.1025,72.9948,46.0452
353.8011,178.2990,71.8302,45.6521
356.0881,177.6289,70.9333,45.1538
358.3495,178.1585,70.0442,44.0946
357.9355,178.5363,69.0863,43.3390
358.3195,178.1241,68.3185,42.4045
359.9056,177.4645,66.8779,41.9921
361.3809,176.8954,65.6306,41.4271
361.9928,176.3719,64.4068,40.7989
362.6622,175.9117,63.0680,40.0731
363.4445,172.8652,61.5033,39.7094
362.4973,171.4121,60.2286,39.4463
362.3435,168.4771,58.9750,39.0718
362.2080,167.2321,57.7100,38.4896
