1
447.5670,338.8839,39.5544,35.9258
445.5490,339.3065,40.0255,35.0807
444.5585,338.6293,40.8243,34.0709
444.3128,338.9402,41.3157,33.4490
444.1537,339.0802,41.6339,33.1690
444.0545,339.1968,41.8324,32.9357
443.8235,338.5523,42.2944,33.0494
441.8820,338.6071,42.6245,32.9399
441.6840,338.6313,43.0204,32.8915
440.3159,337.4868,43.3712,32.7949
436.6393,336.9497,43.5448,32.6726
437.2913,336.3360,43.4381,32.7027
433.4395,336.3935,43.9652,32.5877
432.3247,333.5484,43.7902,32.2667
432.1065,325.6575,41.8380,32.5226
427.8939,330.1391,40.9134,32.9093
417.1059,334.5638,42.7549,32.1859
404.2617,327.1259,42.5442,32.9348
427.8562,325.0882,42.8046,32.2654
427.1529,328.9017,41.8526,32.8932
421.8239,330.1667,43.1107,32.7132
421.1084,329.5445,44.5418,32.7664
418.3496,328.7375,45.2037,33.1664
418.0085,328.4974,45.8859,33.6467
417.0201,325.6477,46.6139,34.3511
416.7426,324.8316,47.1688,34.7118
418.3657,322.0902,47.7799,35.0517
422.0203,321.4994,48.2741,34.9328
424.9761,320.1615,48.8932,34.9963
424.9298,319.2567,48.9858,35.4893
428.5801,318.4143,49.6416,35.8481
433.1503,317.9945,49.8946,36.6878
435.6135,316.2354,50.4062,37.4868
438.2569,315.1481,50.6412,38.2811
441.0890,313.4939,50.5647,38.7956
441.1277,313.2965,50.4872,39.1903
443.7501,312.5293,50.8803,39.3154
446.3630,312.7734,51.3244,38.8271
446.2799,315.3232,50.0743,37.9763
442.5712,308.0565,50.5750,38.6762
427.6743,292.8620,52.3207,38.2124
429.1781,288.5327,53.5773,38.3427
455.4701,299.7707,51.4836,38.9481
465.4849,302.6837,49.9231,38.8048
464.8670,302.0393,49.7642,38.6989
466.4666,300.4181,49.3458,39.1607
470.9930,295.0216,48.6421,40.2132
470.3398,294.7394,48.5508,40.7775
471.1191,292.4138,48.3974,41.2124
473.6033,287.4292,49.0692,41.3115
473.7361,283.9218,50.2256,41.2161
473.8351,278.8326,51.4660,41.3268
474.6987,275.3150,52.6570,41.0662
474.6225,275.2333,52.8093,41.2297
473.6562,269.9876,53.2640,41.3742
472.6265,264.6641,53.8358,41.6092
467.8251,259.3211,54.4387,41.7954
466.8508,253.9599,54.8751,41.9321
465.8493,249.8202,55.3569,42.6061
465.6639,249.5988,55.7278,43.0488
465.2946,243.8744,54.9141,43.6314
466.2886,239.5021,54.4755,44.6291
466.0779,234.7865,54.8969,44.7078
467.2001,230.5865,54.2189,45.2750
468.3787,225.6337,53.4269,45.7893
468.6992,225.3480,52.7860,46.3606
468.0511,222.6469,54.0822,45.5206
463.0495,221.6061,53.1157,46.0351
460.3914,217.7990,53.7505,45.8470
459.7326,217.0456,53.5009,45.7866
456.1293,213.8426,54.4579,45.9430
455.9446,213.7220,54.8274,46.1842
455.5702,212.5493,53.9870,46.9405
455.5836,210.7068,53.9602,47.4486
456.9553,210.8399,54.4090,47.1823
460.8908,210.7415,54.5322,47.3791
468.8215,210.5508,54.7100,47.7605
469.3297,210.4762,55.3063,47.9098
481.5070,211.1255,55.3179,48.2354
493.3009,212.3456,56.1772,49.0550
507.5653,215.7318,55.8046,50.5638
523.8615,217.6608,55.0294,51.7296
537.7897,223.4228,55.7508,51.9729
538.4367,223.3063,56.1529,52.2060
551.1991,228.3049,56.2205,52.4456
557.8943,233.4230,56.5183,52.4754
564.9016,239.4685,56.2327,52.3975
564.7265,245.4921,56.5829,52.3234
569.3925,251.2767,55.8245,52.7573
569.6155,251.1305,55.3785,53.0497
575.8044,257.7452,54.9527,53.4798
583.2940,264.7238,55.3417,53.1832
593.8960,271.7806,56.3542,52.7412
600.1019,278.4240,55.9671,53.1969
606.1216,284.4938,55.9604,53.0901
606.0927,284.4882,56.0182,53.1013
609.3287,290.7710,56.4194,52.5635
614.3250,294.9596,56.7229,52.7663
619.4081,297.4147,56.9003,53.0280
621.7769,299.1632,57.3554,52.9928
621.9855,300.6196,53.4632,55.2923
623.3950,299.7262,50.6442,57.0792
625.1089,293.4583,50.6078,57.7451
625.8319,300.6977,50.8672,58.6151
632.1212,303.7263,52.0731,56.0041
635.5141,308.6540,53.7959,54.6572
634.8342,311.7010,55.1556,53.6869
634.4364,311.2455,55.9513,52.8840
634.9248,311.2946,56.6883,52.7858
634.6283,312.1084,57.2812,52.8818
633.9733,312.6645,58.5913,51.7698
634.6472,312.9021,58.9805,51.2945
636.3798,313.1910,58.9865,50.7167
636.2990,314.3100,59.1482,50.2051
640.6383,314.1331,59.0728,50.5589
640.5915,314.5530,59.1665,49.7190
640.4520,314.7589,59.4453,49.3073
639.6703,313.4690,59.2980,48.4656
636.5295,312.9539,58.7999,47.8009
636.5912,313.1792,58.6766,47.3502
631.1788,307.7917,57.8301,46.4539
631.7380,309.2635,56.7116,45.1502
629.0777,314.2100,57.2276,44.8663
627.1308,314.3102,57.9118,44.6659
623.0680,313.3727,56.3652,44.9289
624.4128,313.3739,55.2681,44.9264
612.8484,295.6852,56.3363,42.4855
623.2094,302.6166,54.2434,45.6993
620.3542,309.6233,55.2365,44.2657
619.2234,314.6316,55.9335,43.6365
617.3553,314.7232,56.5397,43.4533
617.0839,315.5904,57.0825,43.2903
616.1001,316.4705,57.4731,43.1071
615.9736,316.0185,57.7260,44.0111
615.1172,316.6636,57.8404,44.3193
611.2346,316.3984,57.5792,44.8497
606.4769,316.5089,57.4348,44.6288
607.3893,316.4572,57.2142,44.7322
605.6100,316.4460,57.5679,44.7546
598.9012,316.6264,58.1199,44.3937
593.3308,316.4796,57.9853,44.6873
587.7305,316.3371,57.8913,44.9723
585.1939,316.4601,58.1145,44.7264
584.3828,316.3879,58.1207,44.8707
581.2388,316.4509,57.9343,44.7448
576.4213,316.3652,57.8874,44.9162
573.2609,316.3219,57.7453,45.0027
569.3727,316.2281,57.4468,45.1904
567.7673,315.4307,57.4307,45.1716
567.7642,314.5970,57.4370,45.2262
564.5649,314.6843,57.3800,45.0516
563.8369,314.6118,57.2258,45.1965
563.0713,315.1249,57.1469,44.1703
557.5087,315.5408,57.1263,43.3386
555.9764,315.8038,57.0340,42.8125
555.2766,315.0576,56.8653,42.7365
551.2587,315.3270,57.0780,42.1978
547.1884,314.5393,57.4238,42.2142
542.5310,312.2614,57.3514,43.6410
539.4337,310.8099,57.1990,44.9572
536.4380,308.4218,56.7667,46.5217
536.6895,306.8455,56.2638,48.0498
533.5231,305.6659,56.0307,48.7674
529.5492,304.5703,55.7317,49.3092
526.4534,302.6360,55.3098,49.8710
520.8452,300.6751,54.9351,50.4811
516.1437,298.7304,54.3798,51.0510
516.2333,297.8165,54.2006,51.2188
510.6502,296.1542,53.7469,51.2234
504.9022,292.0257,53.6723,51.2156
498.1797,290.5029,53.9041,50.9579
491.6165,285.5534,53.8208,50.9496
485.2263,281.1475,53.4030,51.5127
484.4900,281.0273,53.2233,51.7530
478.1516,278.5619,52.6752,51.7245
470.9454,273.6100,52.2909,51.7638
464.5512,270.9736,51.9700,52.1205
455.6058,265.8596,51.8294,52.5132
449.2579,261.7171,51.3798,52.5823
449.4417,262.5387,51.0122,52.5763
442.1516,258.5096,50.9110,52.4783
434.0747,255.2121,50.7834,52.5607
425.0996,251.9836,50.8322,52.5081
414.4454,247.1774,50.9849,52.3564
406.0868,246.1755,51.4283,51.1054
405.2679,246.5199,51.4514,50.4166
398.0677,244.5983,51.4139,49.4471
387.0920,244.2902,51.1295,48.4750
380.3219,244.5313,50.5537,47.9929
374.3277,244.7712,50.1278,47.5131
368.4590,244.7260,49.5650,47.6035
362.7130,244.8635,48.8161,47.3285
362.2301,244.9814,48.2678,47.0927
356.4773,245.8379,47.7597,46.8814
350.7007,247.1219,47.3898,47.2941
345.7500,250.6086,46.8536,47.7762
342.4000,253.3860,46.1024,48.1823
342.5970,259.0911,45.7083,48.6498
342.7410,258.8995,45.4205,49.0329
341.3892,264.4402,45.1496,49.8490
341.7252,270.9742,44.4777,50.2412
342.0747,278.2089,43.7787,50.6813
342.0313,285.6667,43.8654,50.6314
342.1938,292.2427,43.5405,50.8640
342.4331,292.0429,43.0618,51.2637
342.7444,298.5008,42.4393,51.7043
343.3355,305.1057,42.7379,51.8213
346.2346,310.2123,42.8893,52.0201
347.4849,316.4182,43.3745,51.5514
350.3770,321.7968,43.5642,51.2487
350.3587,321.9842,43.6009,50.8740
352.3715,327.4833,44.0354,50.2827
357.6087,331.2024,43.9525,50.2670
357.3317,335.1120,44.5066,49.8626
361.3565,335.8811,43.8846,49.8099
361.5831,338.1104,43.4314,49.7756
361.6093,338.1631,43.3791,49.6701
365.1188,338.3010,43.6825,49.3943
365.8945,339.0377,43.5962,49.3860
367.3424,339.1351,43.6275,49.1911
367.4406,339.1678,43.4312,49.1259
368.8080,338.6827,43.6102,48.6391
368.7910,338.0928,43.6442,48.3666
368.7006,338.1230,43.8250,48.3063
369.3800,338.3311,43.9165,47.8901
371.3674,336.1844,44.2781,47.8472
371.0194,335.6584,44.9742,47.4486
371.9105,335.2328,44.6473,46.8446
372.0024,335.4310,44.4635,46.4481
374.3751,332.5980,44.0128,46.3878
376.4005,331.2734,44.2326,46.1899
376.3963,330.6282,44.2411,46.0564
376.2675,328.5683,44.4985,45.9105
375.6210,326.4524,44.3678,45.8711
375.6727,326.5203,44.2644,45.7352
375.6454,323.7786,44.3192,45.5495
375.0927,323.7281,44.0092,45.6506
372.3080,320.9141,43.9311,45.6310
372.3798,318.7416,43.7874,45.7449
369.6265,318.1584,43.6546,45.5013
369.5185,317.5229,43.8706,45.3685
369.7042,316.7672,43.4992,45.4746
366.2783,312.3483,43.3456,45.9059
365.4741,311.7908,43.5486,45.6156
360.5201,309.0967,43.6281,45.3874
357.8520,308.4379,43.3573,45.3034
357.2292,307.7441,43.2068,45.2947
355.9229,307.0937,43.0321,45.2019
350.9115,303.8792,43.3290,44.6839
346.8447,303.9864,43.1467,44.4695
342.8449,300.6020,42.8678,44.3395
342.9173,300.6894,42.7231,44.1648
342.2896,300.6626,42.6102,44.2184
339.9092,300.8418,43.2690,43.8600
339.8397,300.8175,43.4080,43.9085
338.7848,300.7868,42.7677,43.9700
339.1195,301.3300,42.0984,44.2494
337.2706,301.4695,41.7171,43.9704
336.7227,301.5584,41.4635,43.7927
335.6361,301.5913,40.9517,43.7269
335.1587,300.9409,40.5733,43.6943
333.8106,300.9375,40.6158,43.7011
333.2531,301.0268,40.4033,43.5225
330.1856,301.7159,39.9310,43.4659
330.4060,302.3801,39.4901,43.4505
330.5514,302.4666,39.1993,43.2774
330.0027,302.6492,38.9982,42.9123
329.9834,303.3961,39.0369,42.7080
330.0573,304.0829,38.8891,42.6215
328.1627,304.8656,38.8284,42.3393
328.2079,304.9665,38.7380,42.1374
327.6881,305.1026,38.5044,41.8654
327.1987,305.0459,38.2177,41.9786
327.2587,305.1171,38.0977,41.8362
326.6357,305.4893,38.0852,41.0918
326.8635,305.5991,37.6296,40.8723
327.7439,305.6735,37.1049,40.7236
330.3266,304.3778,35.6154,40.8642
329.7437,305.0038,35.5776,40.8160
329.9064,305.6349,35.2520,40.7562
329.8169,305.7190,35.4310,40.5878
329.8021,305.7728,35.4608,40.4802
330.3074,305.2053,35.6453,40.4200
331.5215,305.1985,35.6116,40.4337
332.1689,305.2463,35.5139,40.3380
332.6174,304.7183,35.8108,40.2001
332.6764,304.1158,35.6928,40.2086
333.7616,304.2545,35.9120,39.9312
334.3708,304.3926,35.8875,39.6550
334.4402,303.6736,35.7488,39.9036
333.2080,299.9877,35.8312,40.1299
330.6399,296.4154,36.1844,40.0999
331.3579,296.1396,35.9493,40.6515
332.0389,292.4182,35.7931,40.8600
332.6444,292.4149,35.7886,40.8665
331.4608,288.8990,35.7427,40.6594
328.3757,284.1230,35.9002,40.5909
324.7179,278.8860,35.9917,40.2287
321.8376,274.5126,35.7530,40.5765
317.7643,269.6552,35.4894,40.6798
317.2189,269.6057,35.3814,40.7788
314.0544,264.8583,35.7173,40.6846
309.3025,260.0402,35.6008,40.7005
305.0792,255.9684,35.6409,40.4376
300.9207,251.7150,35.5755,40.5619
298.6053,247.5551,35.4128,40.4932
298.7197,247.5785,35.1841,40.4463
294.8711,244.7245,34.5490,40.2028
290.9081,242.4770,34.2406,39.9923
288.3222,239.6830,33.5717,39.7397
284.5443,236.8151,33.0532,39.7081
280.2852,235.7555,32.4141,39.5379
280.5550,235.3036,31.8744,39.3100
276.2206,232.4698,31.5873,39.3802
271.2715,230.7090,31.4424,39.5540
267.0467,228.4236,30.9621,39.6600
260.5439,226.7782,30.6473,39.6206
255.7563,224.6239,30.2835,39.5119
256.0316,225.2518,29.7328,39.3528
252.5650,225.1006,29.0688,38.5699
248.8084,225.9390,28.0817,39.0182
244.9133,227.9249,27.4465,39.2592
240.8868,229.5086,27.1287,39.2308
238.3167,233.7303,27.0654,39.1129
238.3717,233.7668,26.9554,39.0398
236.8972,237.4520,26.7995,38.9139
236.9792,241.1151,26.6356,38.8008
236.9539,245.3225,26.6861,38.5943
237.0523,251.0165,26.4893,38.4677
239.1000,256.2894,26.4684,38.1077
239.6840,257.4710,26.3133,37.7701
243.1574,264.6788,26.4023,37.4265
243.5197,270.7656,26.6793,37.2701
250.4986,277.7970,26.7720,37.2580
256.0643,285.4677,26.6953,36.9909
261.3196,292.8445,27.1807,36.2325
260.5453,293.1692,27.7333,35.5831
267.0417,300.9164,27.6780,35.0165
271.3747,305.7124,27.8825,34.2950
273.2551,310.4943,28.0333,33.5321
274.8224,314.8575,28.7729,32.5542
276.9066,318.6710,29.4311,31.6845
275.7134,318.5395,29.8930,30.9852
277.9286,319.4204,30.2559,30.1821
273.8634,320.2481,30.7721,29.4784
271.3412,320.5992,31.0726,28.7762
265.4406,318.5782,31.5659,28.1066
259.7778,316.7582,30.6802,27.9893
260.2529,316.7758,29.7301,27.9542
254.1928,315.0426,29.1340,27.7873
248.1492,314.3784,28.6726,27.3230
242.0531,311.5669,28.5201,26.7737
236.2670,311.2349,27.9031,26.5671
229.5623,307.9234,27.5888,26.3282
229.3223,308.0099,27.2196,26.1553
226.0519,305.1124,27.0364,26.0666
218.5223,304.8593,27.0434,25.7367
212.1573,303.3537,27.3066,25.4233
205.1912,301.0913,27.1243,24.9665
196.6161,300.1630,27.0514,24.3628
196.1175,300.8074,27.2391,23.8834
187.4185,300.9048,26.9351,23.6886
182.5407,298.6990,27.1289,23.3192
175.6117,298.2883,26.6968,23.3468
168.6906,296.7816,26.3613,23.2095
161.8960,296.3543,25.9062,23.2839
161.6939,295.5691,25.5359,23.3056
154.7908,294.0575,25.5009,23.2530
148.9918,294.5239,25.5853,23.0877
143.2109,294.2509,25.6533,22.8675
138.9911,294.6904,25.6911,22.7522
139.3268,297.7109,25.7822,22.8115
139.3126,297.6982,25.8107,22.8370
144.9713,301.9987,25.9796,22.6591
155.3365,307.6355,25.9180,22.8683
167.7947,314.4003,25.5748,23.1612
185.1919,320.3470,26.0744,22.7767
202.8788,328.9262,26.0686,23.3022
203.6180,329.0473,26.1447,23.8371
217.4294,336.5371,26.0635,23.8088
228.5449,343.6335,25.8178,23.7494
237.1381,349.4946,25.8005,23.7335
243.4422,354.0916,25.6707,23.8983
246.6173,356.8032,25.5643,23.9385
247.4478,356.7785,25.4623,23.9878
250.9332,359.9142,25.4993,23.9457
254.0092,362.6374,25.5760,23.9493
257.8601,363.4662,25.6724,23.8513
263.7102,366.5252,25.6686,23.9714
269.5313,367.7526,25.7507,23.8615
277.1082,371.1950,25.4388,24.0070
277.5824,371.5159,25.2690,24.1438
289.3717,372.2687,25.0335,24.1945
299.2777,376.3430,24.6019,24.5732
308.3482,378.8897,24.2725,24.9008
319.9972,383.4124,24.2054,25.1477
328.1281,386.3718,24.2644,25.4463
328.0738,385.8882,24.3729,25.6307
336.7262,388.9046,24.3908,25.8971
344.2410,390.7499,24.4063,26.1656
350.4730,393.5409,24.6828,26.1577
355.5344,395.0883,24.9673,26.2651
361.6198,397.7646,24.8978,26.5597
361.5750,397.7133,24.9872,26.6623
368.1333,398.1453,25.6964,26.6117
376.1535,401.0028,26.1303,26.6627
384.6729,402.1931,26.5504,26.7761
394.3155,404.1059,26.5803,27.1496
399.1918,407.4753,27.8272,27.1797
398.6259,407.4457,28.9590,27.2389
406.1412,410.7844,29.8566,27.6407
415.4437,410.9814,30.2631,28.1522
424.9116,413.8270,30.6425,28.8992
432.6448,416.0813,32.0522,29.0784
442.3552,419.1327,33.8044,28.7501
442.5001,419.7497,35.4831,28.5004
452.8402,420.0017,35.9313,29.0026
462.5909,420.7274,35.8313,29.5934
470.0396,422.5898,36.3709,29.9851
477.1283,422.8524,36.8063,30.5037
480.7588,423.8969,38.0160,30.5324
480.2831,423.8750,38.9674,30.5763
479.7256,424.3668,37.8959,31.7789
498.0706,422.1866,37.3800,32.8508
506.5521,421.8880,38.1038,33.4479
523.4261,421.6478,37.0155,33.9285
537.4724,420.8292,35.7301,34.4486
538.4870,420.6624,34.8061,34.7822
550.6068,420.0004,34.6759,35.0104
563.5005,417.7908,34.1290,35.0398
575.3994,417.8186,34.2949,34.9844
588.0423,416.6664,34.1020,35.1068
600.5355,414.8584,34.1826,35.4532
601.0721,414.7236,34.2059,35.7227
609.8016,414.3693,35.4669,35.3301
618.4191,410.9804,37.1853,35.4184
623.1010,411.1077,39.2544,35.1638
626.3848,408.1979,40.8873,35.1260
625.9496,407.6576,41.7577,35.0104
625.6934,406.9876,42.2701,35.1425
624.6011,405.7628,43.2368,35.1566
623.6508,405.1216,43.9047,35.2060
621.8196,400.3724,43.8353,35.9967
620.7368,399.3970,43.4895,36.6919
617.5689,398.6925,43.5173,36.8393
617.5688,398.6462,43.5176,36.9318
614.1102,397.2014,42.8397,37.2898
609.7371,395.2923,42.7580,37.3246
605.6151,394.5318,42.1791,37.5853
601.5374,392.5084,41.5451,37.8652
597.4942,391.8344,40.8800,37.9631
597.6837,391.1479,40.5010,38.0945
593.0054,389.8075,39.9569,38.3002
588.3803,389.3319,39.3485,38.0191
583.7402,388.1989,38.8821,37.8485
579.1021,385.7500,38.4916,37.9129
575.8505,385.0486,37.7755,38.1124
576.0508,385.0253,37.3750,38.1591
572.6881,384.4241,36.9633,38.1720
569.8773,383.9279,36.6689,37.9811
566.4348,383.9434,36.5006,37.9502
563.5305,383.4697,36.4473,37.7252
559.4886,383.4624,36.3548,37.7398
559.5383,383.4817,36.2556,37.7012
556.7246,381.1844,36.0598,37.6372
554.4135,380.6221,36.0399,37.6013
551.3960,380.7118,36.2767,37.4220
548.3004,380.2719,36.6650,37.1413
547.1194,380.3525,36.7024,36.9800
546.4787,380.4609,36.8236,36.7632
544.6357,380.4080,37.0330,36.8690
542.2764,380.0361,37.0963,37.6128
541.2018,379.5249,36.8924,37.4586
539.6522,379.5105,36.4790,37.4876
537.8254,379.6115,36.6382,37.2855
537.1775,379.6463,36.7699,37.2159
535.3563,379.5845,36.9169,37.3395
535.2615,379.4784,37.1067,37.5518
536.3420,379.4864,37.2970,37.5356
537.9406,379.5027,37.6353,37.5031
538.5326,380.5968,37.6345,37.6814
539.1427,381.1160,37.6003,37.8292
540.2754,381.1967,37.7107,37.6677
543.2722,381.3690,37.6525,37.3231
545.0160,381.5236,37.7069,37.0139
548.3530,381.1234,38.0931,36.6377
551.5905,381.2101,38.6791,36.4642
551.4387,381.8147,38.9825,36.4383
555.6537,381.8953,38.8653,36.2771
560.2855,382.0412,39.0672,35.9853
566.0555,382.1780,39.3440,35.7117
570.7562,382.3314,39.3957,35.4050
578.0939,381.9318,40.0284,35.0265
577.9714,382.0758,40.2733,34.7385
584.2953,381.5771,40.6109,34.5555
589.9787,380.6670,41.0717,34.0101
598.5677,379.6622,41.6098,33.6575
606.5558,379.1768,42.2049,33.4447
613.9084,378.6828,42.9610,33.2433
613.7375,378.6865,43.3028,33.2359
621.2944,377.6218,43.8245,32.9599
627.0191,375.9713,44.4369,32.6424
634.1045,375.3726,44.7895,32.6294
638.7421,372.9351,45.2377,32.6427
640.3195,371.1355,45.7502,32.5746
640.7981,371.0664,46.0222,32.7127
644.2732,369.3045,46.4849,32.5301
646.6715,366.1335,46.6461,32.6747
648.9665,365.5977,47.0334,32.5022
651.9692,361.9041,47.2643,32.4056
653.1733,361.1044,47.3545,32.7558
654.3413,360.8938,47.5311,33.1770
656.1959,359.6096,47.6199,33.2134
656.8518,355.0770,47.5760,33.4033
658.1326,354.9924,47.5551,33.5726
657.9336,353.0937,47.9531,33.5514
655.9445,349.8405,48.0959,33.6653
656.0577,350.3985,47.8693,33.8318
652.0943,349.8145,48.1050,33.7180
650.6246,347.3294,48.4772,33.5540
646.4246,345.4784,49.1583,33.3964
642.5212,344.8975,49.2003,33.2641
639.2953,341.0451,49.1892,33.2135
639.4487,341.6046,48.8825,33.3860
634.4240,341.0203,48.6133,33.2649
630.0698,340.3815,48.3355,33.2586
626.8293,336.6552,48.4193,33.0346
622.0699,336.7087,48.9991,32.9276
619.2847,332.9996,49.4336,32.6419
618.5117,333.6992,49.6939,32.5285
615.3220,333.6811,49.6345,32.5648
614.0323,333.1656,49.6388,32.3082
613.4843,330.1022,49.4516,32.0188
612.8142,330.1483,49.5161,31.9266
611.6032,330.1870,49.3881,31.8492
611.5984,329.6116,49.3975,31.7280
610.9580,329.5337,49.4085,31.8838
612.0120,329.5255,49.8459,31.9003
613.3283,329.4138,49.7725,32.1236
615.8051,329.3487,49.9476,32.2539
617.7720,329.3041,49.8748,32.3431
617.9227,329.2586,49.5735,32.4340
619.7289,329.1896,49.8143,32.5721
620.9493,329.2698,49.9539,32.4116
624.7714,328.6206,50.0481,32.4203
625.3275,328.6838,50.2273,32.2939
627.1056,328.1224,50.5465,32.1249
627.0652,328.1148,50.6272,32.1402
627.5748,327.6017,50.9035,31.8711
628.5205,325.8738,51.6018,31.4422
627.8384,325.9019,51.6679,31.3858
627.6655,322.7552,52.0137,31.1887
627.6895,322.1822,51.9658,31.0346
627.0748,321.5597,51.8983,30.9830
626.3977,320.2691,51.9579,30.9746
625.7386,316.4464,51.9804,30.8469
623.9083,316.5073,51.7601,30.7251
