1
333.8952,170.3781,28.7302,37.4729
333.6167,168.2339,28.5573,38.0173
331.6508,166.4731,28.9491,37.8783
328.9219,170.3620,29.3441,38.2959
328.1171,170.6440,30.0666,38.3212
329.4589,163.3951,30.8085,39.5690
329.4273,164.4464,31.0957,41.0019
327.0627,157.1443,31.7011,42.3688
328.0787,161.7189,30.7771,44.4491
329.8212,167.2805,29.9466,45.5721
329.3500,165.8105,29.8283,44.9266
329.5412,165.9298,28.9590,46.1185
321.7199,164.9209,28.9677,46.3695
320.7411,167.5051,28.9312,46.7349
322.6406,167.0979,28.7928,47.5521
327.4067,165.2015,28.3716,50.6135
325.3461,163.3641,29.6293,50.0123
324.8080,166.1670,31.1163,49.5664
323.5349,164.0348,32.2677,48.4680
323.8578,162.7853,32.0255,49.7330
323.4379,160.4167,31.2272,52.0468
323.8087,156.4827,30.5965,54.5796
325.3776,155.4429,30.7145,55.9863
324.8474,156.6261,31.8095,55.6222
324.7123,158.5068,32.3062,55.4834
325.7964,159.9886,33.1229,54.7522
327.2827,155.1839,33.3668,54.7695
324.1377,155.1244,32.8812,55.6579
323.2016,152.4506,33.2170,55.3924
322.0735,154.5307,33.8326,54.8624
323.0556,153.4982,33.7741,55.5922
326.2415,152.3593,36.1090,53.4722
327.4213,150.0768,36.9309,53.2334
325.9483,148.8413,36.5574,54.2203
326.0837,149.7281,36.4113,55.2973
326.2649,151.1332,35.8098,56.7609
326.2600,150.8972,36.1624,55.7882
327.2405,151.1427,36.6322,54.7819
325.8743,152.8737,37.7965,53.5897
327.4075,151.8341,38.1035,53.8344
328.2561,151.1864,37.2431,55.3941
327.8357,149.0065,35.9916,56.9283
326.5262,144.5847,36.8902,55.5305
324.4915,147.1444,37.7816,54.7297
323.8612,148.2988,38.3504,54.5334
324.0719,149.7518,38.3223,54.8234
325.7024,151.0269,37.7516,55.5680
329.0667,148.9219,36.4260,57.5063
329.8556,148.6848,36.7726,57.1738
327.4768,149.1328,35.9850,58.0383
330.7036,148.9764,34.9053,57.8900
331.6966,149.0201,34.1286,58.1263
332.3827,150.9836,33.4516,58.9372
335.4389,151.0494,33.2413,59.5385
333.5245,149.3046,33.9217,58.8481
333.4014,151.1783,35.7036,56.8096
333.0244,151.2814,36.1118,55.3098
333.4808,152.0266,35.7918,54.9108
334.3026,152.1192,36.2831,54.4646
332.3150,150.2160,35.2335,55.3199
330.8705,149.7935,34.6205,54.8488
330.2234,150.2371,34.1487,54.0763
328.5175,151.1953,32.5849,54.8767
327.9213,150.5822,31.7577,56.0403
327.5564,149.1376,31.7020,55.7829
326.6019,148.6172,30.6904,56.8104
325.7104,146.9118,29.8686,58.0576
323.5669,148.8415,29.9140,57.1126
322.5712,148.3800,30.1583,56.8754
321.8816,151.0504,30.9213,55.6707
321.4160,149.7851,32.0152,54.7124
320.6252,149.0986,31.8178,54.7083
321.7558,147.6692,31.2824,55.4706
322.6491,149.1886,30.7050,56.9461
321.0010,150.5839,31.2269,55.8748
319.9005,150.4344,32.0733,55.1417
324.2397,149.5670,31.8363,56.5069
322.3511,150.2337,31.4178,57.1296
322.8601,151.0111,32.4249,55.7597
322.5006,152.6486,33.6219,53.8780
321.9203,152.9977,34.3855,53.1745
320.3035,153.1665,34.7798,52.3541
320.5450,154.3811,33.6627,52.8532
320.6456,150.0972,32.3551,54.1161
321.2401,154.5305,31.3569,54.5192
324.8747,151.1882,31.3103,54.7431
323.3365,153.4153,30.8427,55.6083
323.3073,151.2211,31.2978,55.3828
325.9064,152.1339,31.7520,54.5390
327.8177,153.4972,31.9784,54.0560
327.0851,153.4945,32.5291,53.0187
330.9641,152.7493,32.9852,52.5454
330.6042,152.8471,33.6790,52.3210
332.0373,152.6299,33.3711,53.2134
332.0823,151.1074,33.5078,53.3661
335.4745,151.3559,32.7574,54.9898
335.7797,149.9807,32.2106,56.4584
334.5891,149.2160,32.3490,56.9322
335.1180,147.8190,32.0116,57.2840
337.1468,147.4754,32.3797,56.1493
337.0362,149.6273,32.9326,55.3207
339.2746,150.0188,33.2180,56.0534
339.8220,151.1388,33.2782,56.9353
338.3930,149.5274,33.8272,56.9979
337.8556,147.2210,33.4053,57.7295
339.5821,144.8690,33.0195,58.4186
342.2198,143.2910,32.3736,59.7546
344.9837,147.6646,32.6075,60.0727
345.1631,143.2306,33.1405,59.1109
344.2679,146.4244,31.9373,60.3793
348.4491,147.6227,31.3382,61.2542
351.8957,147.6714,32.4363,61.5349
349.8243,146.0075,33.9237,61.0895
352.7179,147.9172,34.9860,61.1303
353.9941,147.6053,35.4016,60.9530
357.4506,145.1824,34.1285,63.3381
361.9569,149.1305,33.7207,66.4218
362.9635,149.5660,33.8774,67.2318
362.5272,144.9086,34.1315,67.7851
361.4704,144.3204,35.6985,66.2841
360.7433,144.9766,37.4856,64.4113
364.7892,149.3602,38.5873,63.6619
361.5075,149.5172,39.7642,63.8747
359.0074,146.2047,40.8378,63.5427
358.6106,147.6758,41.2749,63.3666
359.7813,143.6422,41.2256,64.3326
361.6602,139.1923,40.9177,64.2209
361.9293,135.7771,39.6245,66.1691
360.4287,140.8841,39.6895,67.4294
361.8265,136.7634,37.9647,69.9927
362.9251,137.9869,37.1871,70.7162
365.2923,134.9692,36.5728,71.2903
367.3931,138.8665,39.1727,69.5371
367.3868,143.9520,39.8994,69.0829
367.9333,148.5908,41.5076,67.5158
370.4496,145.9186,40.7318,69.5709
372.1808,136.5166,38.5846,73.5143
374.4230,140.2060,37.5687,77.6006
374.4323,142.7366,39.6133,76.1194
371.9975,132.9126,43.1687,72.0721
373.3961,138.9991,42.6854,74.6258
373.9225,134.6573,41.7820,75.5754
376.2070,140.2002,43.0613,75.4999
379.3255,143.3162,45.4364,74.1074
383.6352,145.1664,46.1328,75.3499
387.4619,148.8842,46.2636,76.4851
391.2162,151.0890,45.7931,78.6179
394.8744,141.4588,46.1013,80.3629
391.5853,133.8732,49.5303,77.1024
392.2852,135.5412,52.1043,75.0556
394.7917,136.3256,51.3732,76.0333
395.5360,128.3915,49.6618,75.9742
394.6377,119.9065,49.7487,74.0341
379.3817,119.7139,53.3834,69.7353
378.7844,120.2052,55.0010,66.9949
376.5449,120.1770,57.4449,62.9207
373.5175,122.2230,58.2048,60.5946
374.7502,122.6582,57.1840,60.1348
2
0
0
0
0
1
418.0142,163.6209,34.5205,86.7285
418.1700,164.1299,38.6168,81.3403
420.5361,163.6925,42.0604,76.3225
427.4989,170.0798,42.4242,76.8252
432.5892,170.0282,39.6465,80.6608
436.4116,167.6805,38.3649,82.0672
438.9858,165.7792,39.3270,81.6273
445.6439,165.7512,41.1125,79.4714
450.2330,166.9518,41.1455,78.9621
450.5924,166.0532,41.0625,77.5887
454.3497,163.8027,38.2693,78.6764
457.7193,159.2883,38.8996,76.3969
457.5208,158.1658,41.3773,73.8344
457.8676,157.4897,42.3787,72.4995
459.5560,159.1149,41.3038,72.8382
452.7277,160.3413,42.0898,72.2991
457.3102,159.1077,40.5028,72.9335
458.6205,158.1537,39.4708,75.1379
460.6456,156.0706,41.2580,73.1813
460.4352,160.9301,41.4952,72.6458
462.6060,167.0574,40.3376,72.7278
464.4892,160.9686,36.9138,75.4744
464.2667,159.0350,37.9066,73.1962
462.7253,159.4474,39.2059,72.1757
463.6084,159.8158,39.6068,71.4775
462.8980,163.0740,38.5115,72.7019
455.6170,166.8602,37.3487,73.9420
457.5634,167.2867,36.3318,75.2305
456.5305,165.4377,36.2715,75.8311
453.4358,163.7594,38.3189,73.4421
449.4120,164.1297,37.5528,71.4544
447.7780,163.7596,36.0821,72.2044
448.9237,163.7404,34.7327,71.8271
450.4846,161.3105,34.4925,70.4691
448.5016,160.5864,36.3925,68.8987
448.4699,162.1425,35.8049,69.2583
448.8200,160.9010,34.3350,70.7803
454.3616,160.1329,32.9553,73.5251
449.9363,158.7559,33.9413,72.5418
454.2777,162.1076,33.3267,73.3485
451.4638,159.5263,35.8615,70.6131
450.0008,156.8646,35.3733,71.5469
449.0667,158.5818,35.1678,70.5435
447.5994,159.7686,33.7461,71.2140
447.9848,155.5374,34.0880,69.2674
445.5069,154.3615,35.6202,67.8010
443.2490,153.6931,37.7167,65.7042
442.8707,156.7017,36.9870,65.2783
443.1095,158.4717,37.2512,64.4576
442.9278,159.5058,35.2344,66.7319
440.1006,156.2294,35.5144,66.9994
443.5047,151.4417,35.3673,67.2622
445.7744,155.3976,35.7441,66.1854
444.5324,155.0085,35.2093,66.5964
443.0834,151.6704,35.2796,68.1077
436.1468,157.3424,35.8504,70.5752
441.5101,151.9939,35.9942,71.1120
444.1192,148.7413,35.8174,69.9179
444.1073,149.1968,37.5710,67.6730
443.7952,156.6384,38.6036,66.1068
446.1217,155.9261,35.5079,68.6709
447.3198,153.0731,34.6259,69.7008
446.7340,150.2584,35.6449,69.0061
446.6341,147.0062,37.7986,67.1578
449.1068,149.1966,38.5696,66.2458
450.1530,148.9270,38.8447,65.4763
447.7586,150.6648,38.1219,65.6289
449.3055,151.2785,36.2272,67.7947
452.8396,152.8215,36.0720,68.8520
456.7284,147.0131,38.4197,67.6179
459.7714,143.3063,38.3777,67.4646
464.3024,142.8538,38.7748,67.1415
469.6425,143.1132,37.0882,68.5665
476.4148,143.1545,35.3046,72.1618
490.3056,125.4520,35.3135,73.6305
492.2060,120.4485,35.8221,73.3297
496.5087,125.4890,37.5146,70.9582
502.4367,128.8435,38.5601,69.7573
508.9044,131.0931,37.5829,71.5165
515.4494,132.4849,37.4169,74.5294
519.2369,126.3552,36.7783,74.2918
522.0377,124.1465,38.6499,71.3410
527.0817,124.8568,38.5332,70.3953
530.1039,124.6324,36.7955,70.7153
530.9813,123.7511,34.7490,71.2013
532.7617,119.1337,33.1388,72.5313
532.0786,111.0964,32.6209,73.9651
530.5611,105.2210,32.9125,75.0782
529.3789,109.8511,32.5604,75.2697
525.5533,109.6479,33.3387,72.4821
524.2562,120.4685,32.7690,71.0977
522.4269,118.8189,31.1041,72.2918
520.5484,116.3243,30.6227,71.6324
519.5720,119.8890,30.7748,70.1747
517.8591,115.2237,30.5630,72.2264
512.2979,108.6482,31.6666,71.2765
510.9158,119.8014,32.4681,67.8904
510.8278,117.0490,31.5495,67.3473
509.6792,115.0314,32.0376,67.1276
507.8935,112.5735,32.8635,67.3560
504.1117,109.2238,32.8458,65.5506
495.0770,112.7587,33.4395,64.9260
494.3883,109.8267,32.8338,63.7847
494.7717,108.3901,32.1082,62.5464
494.7910,112.0350,31.4494,62.1766
492.7093,109.9793,31.8680,61.4954
489.4171,105.0761,31.9918,60.9970
486.3885,105.9855,32.7613,60.7546
484.4167,104.8312,32.6641,61.0449
483.7924,98.9520,32.3423,60.9793
484.3620,95.6400,33.4312,59.7978
484.2281,92.7042,33.8662,59.5047
483.9676,90.5368,33.8423,59.4535
482.8183,94.4581,34.0640,59.9790
480.6799,96.6998,33.1503,61.5300
481.4944,92.4847,31.7785,62.8595
482.7403,90.2337,31.1521,63.1102
483.7310,90.9725,31.1712,63.7495
483.8522,92.3384,33.5000,61.8678
482.8636,92.2521,35.2466,60.8034
485.8328,88.2661,34.7164,60.7797
486.7697,85.6843,33.3081,62.1951
488.6890,87.3909,31.7620,64.3163
490.4168,87.6021,32.8103,64.2648
491.6211,83.1297,34.4488,63.3507
490.7396,87.0786,36.4117,62.6539
489.4631,87.9066,38.2292,62.1307
487.2704,86.9867,37.4305,63.7493
487.1590,80.0868,35.0095,66.9437
486.9375,84.6308,34.0312,68.5732
486.7656,79.5159,33.1299,69.9994
485.3881,87.4405,35.9220,67.7438
484.6694,89.8385,36.2159,67.9583
482.7922,89.5660,35.2872,68.9476
479.9055,86.3431,35.5158,69.2690
475.5260,82.5188,35.5069,70.7096
473.1637,77.6671,36.0438,71.9277
461.6459,78.7475,37.6083,70.4672
461.1193,85.4318,41.1700,67.1696
461.0363,90.2048,41.2440,65.7643
452.6082,93.1274,40.4129,66.2183
446.0398,94.8537,39.0845,67.5140
447.6569,94.0798,35.6620,70.1019
437.0237,92.4368,36.2137,69.5319
435.6379,91.8771,35.6845,69.8273
434.4568,93.5280,37.5813,67.6669
431.7285,98.6890,38.7877,66.3345
431.5605,99.8893,37.7642,67.2734
432.8152,99.6131,38.2536,67.5112
431.0384,92.9765,40.1424,65.4818
431.6116,92.9599,39.6183,66.8096
422.9294,94.2931,39.9393,67.8447
424.6642,95.6162,40.1240,67.5227
425.3483,97.1390,39.4193,67.4142
425.1193,95.7920,38.4254,66.9355
417.0164,99.4470,40.1393,66.6680
421.5157,98.5370,38.8192,68.3137
423.1533,99.0618,36.4818,69.7128
424.6070,98.4525,35.5506,68.7539
424.3643,100.3726,35.7396,66.7888
424.3232,97.0131,34.9287,66.2428
422.1234,99.1932,34.2471,67.1586
423.2202,94.4328,32.4679,68.7066
422.4441,88.5364,31.2946,70.6097
420.0173,90.1614,30.9435,71.5506
418.5153,92.2275,30.5899,72.4011
415.6418,89.6240,30.7105,72.4112
413.5001,87.1131,30.4907,73.7659
411.5089,85.8045,30.3069,74.6156
410.9297,91.8812,30.9386,73.6819
410.1552,90.8913,31.1182,74.3742
409.2506,90.2357,31.1264,75.1103
407.0922,88.8062,31.5040,75.4909
398.3100,87.8631,33.1072,72.5034
399.2078,86.5998,33.8226,70.9357
391.0569,92.3147,34.1751,68.6968
393.8297,95.7785,32.5998,69.0873
392.8123,94.7680,31.6772,67.9217
388.5527,91.8972,31.8674,67.4014
379.3972,95.5160,31.9897,65.9577
379.0798,98.2284,31.0657,65.8392
376.4802,97.1602,31.0028,65.5606
373.6125,96.9779,31.2874,64.5213
373.2918,98.0616,31.7543,63.0584
373.5430,98.9611,32.1272,61.9259
