1
334.3595,166.5579,28.4296,38.4184
334.4347,166.6924,28.2792,39.1990
333.4070,166.1744,28.2163,40.2351
338.1925,168.1328,27.2357,42.7610
342.7193,178.3555,25.8507,45.3214
331.3525,167.4792,26.3786,44.8684
331.0762,163.0992,26.9310,44.7282
326.8434,162.0740,27.5585,44.5391
326.8519,176.3481,26.4139,47.5607
326.6112,164.5058,25.7423,49.3385
327.5113,182.4677,25.1099,49.6131
330.7897,168.3130,24.3572,52.3844
330.4040,163.8962,23.9403,54.0887
328.0273,162.7698,25.0767,53.9304
328.5246,161.8630,25.3055,55.7439
326.9409,163.8747,24.7119,59.2424
322.7807,152.7327,25.2691,59.5310
322.9841,159.4335,27.4780,57.9004
323.3360,166.4750,28.0973,58.3709
328.2880,165.8144,27.5780,61.0327
328.0536,161.8761,28.0469,62.0574
326.7259,165.5166,27.9153,63.1374
326.3111,159.9299,28.7450,64.4630
326.2239,157.9504,28.9193,65.5407
325.1243,157.1013,29.6592,65.7795
325.2602,159.9008,29.3874,66.0838
325.4077,157.9854,29.0923,65.4881
324.6718,154.2507,30.5641,64.1879
324.4473,156.5685,31.0132,62.4891
325.5365,155.5229,30.2863,63.1290
325.4506,155.1048,30.4581,62.5169
327.7951,157.5590,30.0959,63.3775
327.2435,156.0693,29.7505,64.9084
327.9243,154.3381,29.8535,65.4414
327.8835,152.2688,29.9352,65.1570
329.7001,151.6685,29.2453,64.8860
330.0365,151.4666,28.5726,65.2897
330.7773,151.9326,28.5405,64.3577
329.9685,153.5169,30.1581,62.6246
329.6001,154.8687,30.8949,61.3597
331.0988,154.3440,30.7632,60.9762
330.8174,155.3535,29.9011,63.2321
330.9933,153.9414,29.5492,64.6134
331.0463,151.7020,29.4434,66.1783
331.8718,153.7549,29.2700,66.5060
331.4379,153.3506,28.6583,67.3144
331.1125,152.9883,27.8288,68.0391
331.3198,153.0622,27.4142,67.8913
331.0936,153.8305,27.8665,66.3548
330.7372,153.6344,28.5794,65.2943
333.5958,150.6969,28.6614,63.9204
334.6249,150.8581,28.0344,66.4607
335.4633,149.2293,27.8147,68.2612
336.1981,151.6350,27.8241,69.3663
336.3333,151.7318,27.5538,69.1728
336.3330,151.3995,27.5543,68.3496
336.4793,151.5393,27.2618,68.0702
338.3602,152.2604,26.4329,69.5608
337.1604,148.5590,27.3595,68.1253
334.4642,151.1758,28.3447,67.2989
333.1944,151.9367,29.4096,65.7770
333.1978,150.1633,29.4028,66.3811
332.1211,151.0505,28.5963,67.5667
331.5777,150.6448,28.2000,68.3780
330.0091,151.6005,28.3619,69.4419
328.5307,153.6321,28.3070,69.8963
324.2931,153.0165,27.7136,71.1275
324.2212,148.7724,27.8574,70.5045
324.3736,148.9155,27.5526,70.2183
323.0815,148.5500,28.6342,69.4467
321.6530,150.9281,29.9804,69.2229
320.0323,149.0197,31.6904,66.9139
320.1721,149.6245,31.4109,67.2323
320.6117,154.1791,30.5316,68.8164
321.3698,152.2913,30.5506,69.5216
322.9925,152.6342,30.3968,70.3816
323.2060,152.0440,29.9697,71.5620
323.4409,147.2856,29.4999,71.6886
322.5004,146.8846,29.8225,70.9320
322.1831,146.4393,30.4571,70.2693
320.5031,153.9730,32.2621,69.1966
319.5002,152.0731,34.2679,66.7120
320.2814,151.4149,34.2751,68.0284
321.2990,150.9198,33.8289,69.0185
321.5743,151.1765,33.2783,70.1010
321.4091,153.6471,33.6088,69.9658
321.5269,153.1861,33.3731,69.2820
322.0189,150.5979,32.3890,69.6834
324.2023,149.5284,31.1831,70.2418
325.2340,150.2911,30.6871,70.2839
326.5884,151.5604,31.0968,69.3044
328.0362,150.9808,32.8577,67.3592
328.2205,151.4114,34.0439,66.4981
332.1982,150.1069,33.9013,67.5444
332.9597,151.1940,32.3783,70.0966
334.0767,151.3226,31.7306,71.4255
335.4277,148.1838,30.6227,72.9207
335.2488,148.8768,30.9806,71.5348
335.5449,148.3454,30.3884,71.0150
335.8315,146.0375,29.8150,70.9372
338.8277,145.7707,30.0358,71.4709
339.7868,147.2714,31.2473,71.5992
339.4725,147.9482,31.8760,70.2457
339.0765,147.6626,32.6679,69.2371
339.5995,147.2502,31.6218,71.6407
339.9166,149.2378,30.9877,72.4517
340.7946,149.8320,30.8277,74.4551
341.9329,148.5344,31.7951,73.8063
343.5272,148.0530,31.8660,73.1392
348.0220,147.8156,30.9833,73.6141
349.2216,145.5809,30.1966,74.8581
349.2936,148.6953,31.6693,73.4792
351.8274,153.5586,33.0930,73.4896
352.1643,148.2778,34.0673,72.5148
356.2639,152.1911,32.4719,74.5938
361.1483,151.9418,30.9688,76.7455
362.0352,152.2178,30.8524,77.8511
364.8045,157.0709,31.9993,78.1732
364.4124,146.8793,32.7835,78.1985
364.4618,148.1692,32.6847,77.3295
364.3509,146.0219,32.9066,76.5347
366.3847,154.6027,33.9057,74.5732
366.7566,156.1450,34.8400,73.1666
366.0652,155.0718,36.2226,71.9654
364.3089,153.3933,36.3746,71.9617
364.9871,155.0467,35.0182,73.7036
366.1993,156.1374,34.2787,74.8919
366.3759,158.4111,33.9255,77.1012
369.2230,158.7500,33.3766,76.4235
369.2222,155.8858,33.3782,77.0652
369.4422,155.7110,32.9382,75.7097
373.4734,154.5475,31.5857,76.3593
373.9026,162.3897,34.0534,72.3157
374.1587,167.2165,36.8367,69.2532
372.2146,157.8674,37.4228,68.1383
378.7803,158.7988,35.8041,69.5648
381.5579,165.5683,33.5248,72.4050
382.5331,160.0509,33.2143,73.6008
384.6799,169.8124,33.8760,73.8992
389.6996,161.7150,33.8430,73.4167
387.9599,157.4590,34.0022,73.6281
392.5325,160.8315,33.1870,73.5472
392.1969,163.7596,33.8582,72.6424
394.5256,171.1458,34.1481,72.7122
399.8427,161.2007,35.1004,71.0848
402.4983,167.6032,34.7334,71.4640
401.9313,167.9671,34.2201,70.7360
402.6686,171.5417,32.7455,71.7251
408.1376,172.0101,33.1219,74.0210
410.5801,169.8641,33.2057,75.0004
410.4046,168.9996,33.5566,75.0576
410.6834,172.4671,32.9990,74.8384
411.1329,163.6516,32.1000,74.1437
412.1664,164.8516,33.3130,71.7437
411.5541,168.7395,34.5376,70.4741
407.3842,171.0170,36.3602,67.5483
406.1139,165.5817,35.6651,67.0943
407.9574,165.9115,33.5774,69.6331
408.8450,162.2955,31.8021,72.0639
414.6685,162.7956,31.3878,74.2730
413.4882,162.0282,32.1191,74.1785
412.5330,159.1930,32.3887,73.2854
412.6895,160.9623,32.0756,73.0122
416.5548,162.4541,30.8379,73.2751
421.9565,162.6473,31.2707,72.8887
422.7620,163.9244,32.8742,71.9416
425.7933,164.7519,34.9202,70.2868
436.2872,165.3726,33.5312,72.3118
442.5857,164.5085,32.4044,74.0400
442.8427,164.6200,31.8905,75.4608
448.2720,163.8092,32.6197,77.0824
453.6814,161.6924,33.6431,74.5490
453.8750,161.4496,33.2559,73.3616
455.0511,160.3569,32.5526,72.2488
461.0453,161.1792,31.9080,72.2248
462.0793,157.6418,33.0578,71.2554
461.2705,157.6715,34.6754,69.5810
461.8015,157.9969,35.2322,68.9302
462.4435,157.3277,33.9481,70.2685
463.1896,156.3411,32.4558,72.2417
463.5629,155.8727,31.7093,73.1785
466.9852,159.0087,32.9606,75.0024
468.1812,159.6421,33.9039,75.4034
464.8259,158.3701,33.8543,74.5671
467.3640,157.9234,33.8092,73.7835
467.9358,158.6549,32.6655,73.9854
467.9461,162.5381,34.2927,71.1621
466.3017,167.3836,35.9464,69.6469
465.8163,168.2122,36.9172,67.9896
464.1542,168.3533,35.3398,67.7075
463.4872,167.2301,33.4685,68.3511
461.2513,169.0150,33.2010,71.1004
460.7436,170.5831,34.2166,72.8099
455.4623,165.9277,34.8320,70.5157
454.5889,166.1860,33.3088,69.9991
453.8728,166.9929,31.5388,71.5875
454.1523,165.9430,30.9799,70.5010
453.8961,166.2247,31.4922,68.3702
449.8010,168.9573,33.5000,65.9961
449.8596,169.4092,33.3828,65.0923
450.1604,168.7032,32.7813,64.9738
454.6640,168.8167,31.3663,66.2652
453.2564,167.2414,31.1560,67.9030
455.3985,164.6254,31.4705,70.0691
454.4827,162.2575,33.3022,68.5253
454.2503,160.1629,33.7669,67.9763
454.2089,160.9270,32.2704,68.0276
453.2398,159.8928,31.1001,68.5417
449.9780,159.6246,31.4587,67.5370
447.6618,162.0422,33.0255,65.7676
445.1367,161.7413,33.4729,64.8349
445.4252,159.0501,32.8958,64.1041
446.1752,160.1003,31.3958,65.0191
446.9132,159.7085,29.9198,67.2978
446.4563,154.9285,30.8336,67.8431
446.6222,150.7812,32.0282,66.9793
448.0779,152.4427,32.1862,66.7257
447.9222,152.0894,32.4975,65.8986
447.6830,159.0608,31.4489,67.2265
447.0349,154.0658,31.2170,66.5190
447.9531,155.1659,32.4083,65.8326
447.4773,157.5333,33.3599,65.6716
447.8918,152.1938,34.0693,64.0413
448.5522,153.2003,32.7487,65.0821
450.0475,153.8302,31.2775,65.3418
450.3949,152.6145,30.5826,66.2754
450.7702,153.6699,31.3314,65.6639
451.8770,148.8386,32.1245,64.8029
452.5959,148.4178,32.1913,64.1399
452.7359,147.1305,31.9113,63.7224
452.9469,147.0014,31.4893,63.9806
453.1316,146.2870,31.1199,63.9280
458.0070,143.7134,31.6895,64.6520
462.6266,146.7860,32.9142,64.4862
464.7153,146.8798,33.2774,64.2985
469.8015,145.2092,33.7248,63.0885
475.9815,145.9766,31.9135,64.5676
482.7022,142.8620,30.4520,66.3045
496.4217,145.2004,32.9599,63.1250
501.8453,136.1861,34.0678,61.7266
506.3482,135.0533,34.0186,61.0066
511.3887,134.2532,32.8254,61.1255
517.9485,132.2108,31.4069,63.7476
524.3946,126.4170,30.3284,64.9983
526.8712,126.8694,29.8039,65.5697
531.7803,127.2879,30.3126,64.7327
534.3094,125.9815,31.1428,62.9293
534.0682,126.1874,31.6250,61.0574
535.2581,125.7800,30.6863,61.8723
535.2070,124.1733,30.7886,62.2122
535.1557,127.3388,30.8911,63.0987
534.8771,123.7249,31.4483,63.0352
530.1135,119.4349,30.7065,62.8132
529.7411,119.5659,30.0005,62.5511
525.9459,120.0988,28.9821,62.9203
526.3240,120.5865,28.2259,64.7897
525.2651,119.8968,27.4712,66.1689
523.1486,119.9903,27.3757,65.9819
518.6844,118.2539,27.6735,65.1395
514.6107,116.6078,28.6632,62.7056
515.6733,119.1431,29.3655,61.8761
513.6332,120.1785,29.2041,62.6329
511.9385,121.0865,29.7492,62.2391
510.9018,119.0862,30.3967,61.9622
509.3788,119.9880,30.5766,61.5916
504.0518,115.6910,29.7845,63.0317
500.1746,114.3965,28.9106,64.1827
500.6036,112.2114,28.0526,65.6738
500.2324,110.7020,27.3490,65.8007
497.2735,105.7248,27.5255,64.2723
491.8114,104.0134,28.5349,63.4462
490.9475,104.3419,28.8405,62.7890
490.6380,103.4010,28.0416,64.6708
490.0114,98.4462,27.8634,64.5616
489.9352,96.6546,28.0159,63.8652
487.5831,96.3163,28.4627,63.1226
486.6704,93.5354,28.8719,63.0196
486.0669,93.0526,28.6570,63.9850
486.3451,93.4555,28.1006,66.0436
485.7280,93.4359,27.8824,67.5350
485.6286,90.4486,28.0813,67.6303
487.6471,90.4004,28.4685,66.2518
487.2732,90.5660,29.2165,64.4590
487.8168,88.0379,29.5780,63.7198
490.2407,88.9129,29.0636,66.3031
490.7260,90.7468,29.5661,65.5812
491.2795,87.8496,29.9303,65.4904
493.2958,88.6381,30.3266,65.3898
493.7085,84.2197,30.9832,65.3354
492.3863,83.1948,32.1351,64.4001
493.1144,84.1196,32.1778,64.0496
491.1310,83.3645,31.6611,65.5597
488.3825,81.7925,31.1277,67.1961
488.5417,83.1955,30.8093,67.4344
488.5612,84.0516,30.7703,67.2422
489.3635,85.9400,32.1988,66.4985
487.5060,87.9946,32.8526,65.4507
484.3928,87.9327,32.9724,65.5745
480.8211,87.1115,32.4631,65.6864
476.1530,87.3899,32.6592,65.1295
471.6128,86.4385,32.6278,65.5137
467.5721,81.6756,33.0909,65.8974
461.6656,82.9336,34.1425,64.9186
466.3290,88.5033,34.0622,64.5668
460.6762,90.3325,33.0917,67.0464
454.9937,89.2729,32.0235,69.1658
449.2357,91.3914,31.0079,71.1945
442.5866,92.6044,31.6814,70.3466
441.4116,93.1271,32.4537,69.3012
440.1752,93.9400,33.3507,69.2514
438.3913,93.1068,33.7366,69.3270
434.1327,95.6123,34.2604,67.5133
432.9135,96.6733,35.1176,65.3912
431.8426,96.8924,35.6948,63.3884
431.2341,97.2610,35.3667,62.6512
431.4801,95.8480,34.8747,62.4199
430.3204,96.3371,34.1606,62.9586
429.9632,96.9385,33.3625,63.2682
429.7095,99.4040,32.3663,64.3510
429.5468,99.2179,31.1896,66.2253
429.1640,96.5878,30.4461,66.9583
428.6973,96.2762,29.8727,67.5814
428.6403,96.4183,29.9868,67.2972
429.3613,99.0702,30.0485,66.5042
424.9593,95.6591,29.8933,64.3673
425.3188,92.4956,29.1743,63.3975
424.8940,92.0765,28.5914,62.8029
423.5098,92.2858,28.5320,62.3843
422.4326,95.1985,29.2796,60.7792
419.6460,96.1350,29.2673,60.3026
415.7158,94.2049,28.7924,61.3843
413.8204,92.2941,28.3929,62.4125
414.0630,91.1896,27.9078,63.2167
412.9126,89.9361,28.8007,61.5003
411.9626,90.2840,29.3023,60.8043
411.6143,89.6504,29.9987,59.2772
407.3160,88.9114,30.2741,57.9815
403.5372,89.8740,29.5960,57.4289
401.6620,90.4750,29.2878,56.2269
399.2898,92.0539,28.7127,55.7288
397.7796,92.5358,27.7952,56.0777
396.6958,93.8858,27.3589,55.9817
393.1778,94.4368,26.6372,56.1725
386.0052,94.3788,25.5842,56.2886
381.0984,94.7270,25.2660,55.5922
378.1226,94.2233,24.9639,55.3488
377.1196,94.7405,24.4859,55.5563
376.6906,94.0902,24.1075,55.6204
376.2193,94.0488,23.8192,55.7031
