1
186.0773,219.5695,42.1569,97.8750
184.5875,219.2930,42.9754,98.4281
183.2171,218.8840,43.5325,99.2460
179.4247,220.0866,44.5016,96.8409
177.7532,222.1848,45.6572,94.8320
174.0836,224.9323,46.4614,93.6935
174.3975,225.7045,45.8337,94.3247
173.0155,232.6119,46.4237,95.7275
172.9961,235.0726,46.4625,97.4201
171.4198,234.6487,47.3851,98.2679
169.1537,236.7574,49.6589,98.5675
169.5394,237.0353,51.1897,98.0117
171.4404,235.2298,52.0288,99.3021
170.5958,234.9432,53.7179,99.8753
175.7155,227.5315,53.0438,102.7421
213.0334,213.0644,53.4872,100.1914
208.9866,214.5021,54.4048,97.3162
198.7244,209.7204,56.0068,95.0531
195.4630,214.1898,55.4527,97.9090
195.9481,214.0813,56.8745,98.1260
197.8469,215.2315,57.9154,100.6640
198.4959,213.3190,59.0918,104.4891
199.4361,218.3960,59.7626,107.0908
205.6290,226.5513,60.3820,106.3865
208.9631,231.9949,58.9162,108.5051
213.2838,230.3221,58.0974,109.2433
216.6866,233.7425,59.1047,107.6113
222.8398,232.1039,59.7859,105.6933
224.9133,231.6935,60.8003,103.9333
230.3730,230.6490,60.1687,103.4505
234.9226,230.0815,58.7316,104.5854
241.4243,231.3343,58.4603,104.6262
244.4163,232.3014,57.5613,105.2346
247.4970,233.9575,56.4720,104.4585
251.5858,233.5771,55.8125,102.7131
258.9647,234.0813,55.8687,101.7047
259.7035,235.9713,56.8462,100.3799
262.3427,239.7102,58.9244,97.8064
267.8607,241.4352,60.1340,96.8057
269.0699,242.2144,60.1701,95.2472
270.5428,243.7169,62.0882,92.2421
272.1363,244.5614,61.3199,90.5532
274.8215,244.8641,58.3302,89.9477
278.0644,242.0815,54.1660,90.8694
278.2805,237.4950,51.4683,90.9798
279.5381,239.5187,48.9530,91.3756
280.4204,239.2418,47.1883,91.9293
279.8915,236.9113,46.0839,92.2656
279.9899,236.3494,45.8872,91.2413
278.7298,232.4276,46.2775,90.5659
277.5153,231.5628,46.5800,90.1688
276.4061,231.4814,46.6723,90.3317
276.3789,231.4406,46.7268,90.4133
275.1784,232.1478,46.9955,91.1309
273.9013,234.1100,47.4024,91.5012
269.5065,237.2334,47.5531,91.7335
267.7198,240.2259,48.9608,92.2457
266.0283,243.4940,50.1464,92.3018
263.4481,241.7853,53.0883,91.2820
260.6074,244.9742,56.5162,89.4114
254.0198,247.6480,58.2741,88.6306
253.9086,255.4277,60.7977,86.8778
247.7328,254.4226,61.5667,86.5713
244.2481,255.0561,61.5624,85.3043
237.6526,255.1759,60.9215,85.0648
232.4606,254.2127,59.8500,84.7001
231.2680,254.4175,57.6993,84.2904
224.9763,255.3689,56.9252,82.3877
224.6633,256.1892,55.3666,80.7470
217.8091,257.4879,54.1356,80.2838
210.8175,255.6340,53.3711,79.7780
202.9305,251.1777,52.4531,80.3447
189.7893,246.2165,53.7786,79.8684
181.7082,245.0088,53.1839,80.1891
177.2484,249.2043,51.6556,84.3355
173.9924,249.0755,49.6634,88.8452
167.7338,246.8916,47.0654,93.2132
169.4092,248.5435,45.8936,94.2674
166.7462,241.8185,46.8712,94.6725
159.5900,251.5120,50.1986,90.6647
149.8739,236.5463,49.8729,92.0570
145.0249,236.9897,50.7298,93.3804
137.4051,231.7917,52.5026,94.7986
132.0950,227.0556,51.6444,97.3838
130.2254,225.1400,50.7454,98.8958
123.7087,222.9769,49.8236,98.5703
122.2839,225.9726,48.0629,99.4945
119.7009,226.5578,46.3644,100.6123
116.8596,226.4413,47.4972,100.8453
114.7828,228.4585,47.0547,101.4069
114.9183,227.0953,46.7839,101.8348
113.8618,236.0988,48.8969,99.9276
111.2568,234.3860,49.4889,101.0442
110.3648,243.4731,53.6083,96.8834
101.9289,213.5670,51.7176,98.0625
101.5139,211.9154,50.2174,99.0354
100.6639,214.1303,49.5984,99.2431
100.8750,213.0642,49.1763,101.3754
101.6234,215.9120,50.0144,102.6848
105.4674,215.3685,51.8012,103.7717
108.7317,212.1695,50.1036,105.3386
108.9758,208.5124,49.6155,105.4260
110.3069,203.5226,49.3551,105.7987
111.9644,202.1964,48.4427,106.0484
112.2182,199.1303,47.9350,105.0099
113.5614,197.1105,47.6150,104.3169
115.6475,197.3841,48.1439,103.7698
120.7895,197.9075,47.2676,105.0748
126.6041,197.7414,47.4159,105.4071
132.8163,198.6600,46.8062,105.9328
134.7347,196.0307,45.3293,106.4716
141.0827,196.8074,44.3412,107.2597
141.7796,191.9838,45.2829,107.5652
142.7736,187.9593,45.6515,108.5446
144.9413,184.0487,46.0705,109.2339
149.8854,184.8198,45.7608,107.6919
152.5228,185.6556,45.2198,106.0201
156.1973,184.8525,44.8703,105.2932
160.0444,184.9171,44.1253,105.1641
165.5422,186.0046,44.6364,105.2904
169.3050,187.0337,46.3599,105.5445
176.6658,186.9446,45.7164,105.7226
176.4283,184.8464,46.1914,105.2439
178.6964,179.1188,46.3333,105.0038
182.2754,177.7385,46.1895,105.4265
184.3282,176.0658,46.7671,104.0885
186.3911,175.6575,47.3063,102.5726
188.5317,176.3396,47.6647,101.2085
191.0645,176.9683,47.2115,99.9512
193.6794,177.3403,46.5417,99.2070
201.0663,177.9506,45.3129,100.2440
200.7849,175.5706,43.6246,100.5020
201.2884,171.0066,42.6176,100.7296
204.7849,171.2669,42.2563,102.4195
206.3521,170.7589,43.5791,103.4356
205.8871,169.7298,44.5091,103.2271
205.4635,168.0695,45.3562,101.9872
205.8472,167.8901,46.8661,100.0690
206.7367,168.3831,47.3627,99.0829
207.9017,168.5997,47.3027,98.6499
209.1220,169.4657,47.1246,99.1803
212.6074,170.3064,46.9558,99.7663
214.1366,169.0203,46.1702,100.0656
215.7907,168.7581,45.1254,100.5900
217.4337,164.2556,44.0923,100.5840
220.1484,162.7650,43.1318,101.3306
221.6781,162.9145,42.3009,101.0315
222.8968,163.3573,42.0728,100.1460
224.2892,163.5027,41.4805,99.8552
225.7643,164.3021,40.7081,100.4342
228.2527,163.0814,40.0760,100.7032
230.2502,163.6730,40.4110,101.6848
230.3470,167.3356,42.4024,100.9150
231.4765,167.9210,44.5623,99.7442
232.5353,166.5679,46.9059,97.9892
235.4579,166.3225,50.0453,96.2339
235.0798,166.9986,53.0762,94.8817
236.3682,166.1693,55.1125,94.2336
236.6866,167.3783,56.8076,94.1473
238.8986,167.8474,59.4604,93.2091
239.1739,169.4569,61.2993,92.3796
241.0224,167.7798,60.0101,93.3261
242.9578,167.4301,56.1392,94.0255
246.4276,163.8611,51.5456,96.4715
252.2288,162.7658,46.8552,98.6622
257.3294,159.7646,43.4190,100.1546
259.3651,159.5780,41.5640,100.5277
263.4489,158.9993,39.9633,99.4963
264.6848,161.0043,39.6371,97.6319
266.9431,161.7931,39.3464,96.0542
270.8369,158.9618,39.8988,95.4618
271.5047,160.7608,40.6495,96.0363
271.7104,162.1977,42.3460,95.2705
271.5774,160.8277,44.7387,93.7570
271.2758,161.2555,47.4885,92.9013
270.0097,158.2352,50.0207,92.3967
269.9352,157.3651,52.3876,91.9190
268.8877,158.0087,54.4827,90.6319
268.7414,158.3068,54.7752,90.0357
268.6648,159.4787,54.9283,89.9553
269.3550,157.9088,53.5480,90.8303
270.3524,155.6320,51.5533,93.1292
272.6839,155.7500,49.1450,95.1480
274.0477,152.5972,46.4174,96.9672
275.2398,151.6262,44.0331,98.9090
276.3215,149.8583,41.8698,100.2358
277.1832,149.7984,40.1464,100.3554
277.5986,150.1850,39.3156,99.5824
277.6195,151.6793,39.2739,98.7289
276.8181,153.5374,38.7543,97.1351
275.9489,156.6280,38.4028,95.1339
274.8080,163.1180,38.6295,92.4287
274.8391,163.7518,38.5674,91.1611
276.7318,164.8733,38.7830,90.9187
276.4518,164.9962,39.3432,90.6728
275.7003,165.2450,40.8461,90.1753
274.0005,165.3643,42.2194,89.9366
273.7430,167.8866,42.7342,91.0330
273.2550,167.5405,41.6382,91.7251
275.3263,165.9042,39.5586,92.9351
277.1542,165.5694,37.9466,93.6045
277.5970,165.3348,37.0610,94.0737
278.6039,164.5239,37.0627,95.6956
278.0835,167.0354,38.1037,96.7898
277.5247,164.5991,39.2212,97.5155
276.7578,166.9756,40.7549,96.9703
276.8744,168.5632,42.6451,95.9182
276.2458,169.2151,43.9023,94.6145
276.0510,170.0844,44.2919,95.0204
276.0471,168.7657,44.2997,95.5005
275.9432,169.6092,44.5074,95.9778
275.7054,172.1835,44.9832,95.1790
275.8180,172.0629,44.7579,95.4204
275.9110,171.8838,44.5719,95.7785
273.5922,171.1104,42.6901,97.3254
274.2303,170.6740,41.4137,98.1981
274.6374,170.0058,40.5996,99.5346
273.0760,173.6288,39.4074,100.9184
273.6696,172.2627,38.2203,103.6507
273.9415,172.0095,37.6764,104.1572
274.0500,173.6941,37.4594,105.1307
273.8217,170.7677,37.9161,104.4393
273.2332,170.2346,39.0930,103.3257
271.5894,171.7018,40.1955,102.5764
269.2751,172.7280,40.4360,102.7180
268.0432,172.5717,40.6995,103.0307
267.1958,170.9256,40.1846,104.1134
266.4228,172.5810,39.5148,105.2344
265.8206,173.1309,38.4990,106.3547
264.1112,170.1337,37.4825,107.9135
262.3118,168.6062,36.6382,108.7471
258.1131,168.2508,36.1637,109.4579
256.9217,168.2486,36.3269,109.4622
254.7257,169.1960,36.2739,109.7899
252.5200,169.7012,36.2330,111.0058
250.4876,172.7985,35.8124,111.5393
248.3544,175.8480,35.5935,112.1681
247.2724,178.2406,35.5101,111.8779
243.8383,178.8756,35.6528,110.6078
243.4435,180.1892,36.4425,110.2070
241.0078,183.4976,36.8433,110.2959
239.6610,183.8751,37.2931,109.5409
233.6858,183.2281,38.0371,108.5937
232.7877,190.6069,39.8334,107.2839
228.2655,190.3861,42.1125,105.4703
225.9983,190.4604,44.3769,105.3218
219.7347,188.8901,45.3636,106.1543
218.3082,187.1799,45.8789,107.2371
216.9654,186.7757,46.2022,108.0456
214.2301,185.2755,46.9133,108.6661
213.5611,186.0016,48.2513,109.6152
211.0675,186.4180,48.3611,111.2211
209.2750,185.5439,49.4821,112.9693
208.2077,186.7157,51.6167,113.1348
207.2814,189.3616,53.4693,112.9406
205.1136,191.6395,55.2264,113.5417
203.0377,193.0854,56.7606,113.2678
201.1627,194.7305,57.8702,112.6180
196.8603,195.2403,58.5249,111.5983
193.0578,195.1029,55.5445,111.8731
192.9870,196.5520,53.0873,111.5739
191.4857,196.1302,50.9862,109.8656
190.6611,195.5342,50.1450,108.5672
187.2727,194.5354,49.5518,108.1082
186.1966,193.2227,49.2642,108.2939
185.1956,191.7078,48.8289,108.8864
184.2630,188.8379,48.2559,109.7497
184.6198,186.8977,47.5423,111.1894
184.8305,185.2281,47.1210,112.0797
185.0390,184.7096,46.7038,113.1166
185.1044,184.1142,46.5731,114.3075
185.1499,185.0569,46.4822,114.8988
185.1242,185.3077,46.5335,114.3972
185.0876,188.9850,46.6068,114.4746
184.8704,190.0318,47.0411,114.8610
184.4539,190.9175,47.8740,115.5826
182.9962,189.1876,48.2711,116.5242
181.3271,190.5705,49.0704,116.2972
180.7835,189.6822,50.1577,115.5241
180.1521,189.6682,51.4205,112.9940
178.9348,191.5632,53.8550,109.2042
177.4644,193.9694,56.7959,104.3916
177.2582,190.8395,57.2082,103.1198
175.4677,196.0347,58.2905,100.2260
175.5743,200.5098,58.0772,98.6990
178.8120,198.8189,56.4979,99.6325
180.0360,196.6376,54.0500,101.5599
181.3935,194.9587,51.3349,102.4959
183.7934,189.9508,48.9241,105.3453
184.7160,190.0389,47.0789,107.5576
185.4433,191.4222,45.6243,109.5673
186.0094,188.9388,44.4921,112.1426
185.1393,188.8371,43.8237,114.7545
184.1175,186.8803,43.4333,116.2342
183.9472,188.7892,43.7739,117.3129
182.5615,193.5592,44.0755,117.6522
181.0244,196.0372,44.6695,117.6564
178.2238,198.0061,45.2890,118.7003
176.6402,200.5624,45.9392,118.6217
174.9522,204.5008,46.7876,118.3275
173.3966,200.8459,47.3604,118.0218
169.1829,207.2465,48.1549,117.9421
167.4063,212.6266,49.1507,117.4113
158.6274,210.8248,51.3042,115.8801
155.2699,210.3674,52.8528,116.7951
149.4737,210.3554,53.9502,116.8189
149.7751,209.1246,53.3474,119.2806
147.5339,209.7470,52.4928,120.7043
147.0177,208.9828,50.8511,122.2327
143.8862,206.5551,49.1126,124.4211
143.3222,205.6282,47.5730,126.2749
141.0371,202.8149,46.8097,126.5679
139.7472,204.0703,46.7324,126.7142
137.0353,203.9818,46.8405,126.8913
135.4263,205.3690,47.3962,126.7793
132.3233,204.4424,48.2605,125.9616
130.1320,208.9862,49.9687,124.8977
126.5965,209.2296,51.6600,124.4110
124.6910,209.4957,52.7580,123.8789
123.1456,209.3931,53.1240,124.0840
121.7119,210.7211,53.2574,124.1622
121.3737,210.9369,53.9338,123.7306
119.7849,212.4706,54.3680,123.4066
119.6853,212.5406,54.5671,123.2666
119.6663,211.3703,54.6051,122.8593
119.4319,212.5782,55.0738,123.1860
119.5561,212.2296,54.8254,123.8834
119.8349,210.2761,54.2680,125.0290
120.1579,209.8627,53.6218,125.8559
120.5323,211.1370,52.8730,126.0757
120.8251,210.9568,52.2875,126.4361
121.2443,210.9323,51.4490,126.4851
121.5560,212.2960,50.8258,126.4970
124.6224,212.3420,50.1493,126.4049
124.6422,212.5657,50.1097,125.9574
126.0617,212.6528,49.9784,125.7834
127.5436,214.0097,49.7173,125.7723
128.8720,214.4823,49.7585,124.8271
130.3683,214.9242,49.4509,123.9432
132.0251,214.9339,48.8042,123.9239
133.6292,214.9440,48.2511,123.9036
133.9319,214.9424,47.6456,123.9070
135.3656,216.2008,47.4122,124.0241
135.4727,216.3397,47.1981,123.7463
136.9141,216.4036,46.9389,123.6184
136.9735,216.4949,46.8202,123.4360
137.1099,216.6281,46.5473,123.1696
137.3651,216.8302,46.0371,122.7654
137.6443,216.9603,45.4785,122.5052
137.8201,217.1397,45.1270,122.1463
139.1912,218.5226,44.9482,121.9440
139.1993,217.1306,44.9320,122.1706
138.9560,217.1827,45.4186,122.0665
136.5447,214.5293,45.1060,122.2382
136.6670,217.2220,44.8615,121.9815
136.7443,215.9561,44.7069,121.9569
135.4340,216.0630,44.7744,121.7431
134.2791,216.1712,44.5329,121.5267
134.3810,222.3640,44.3291,121.8605
133.4549,218.2828,43.6362,122.3880
133.7376,214.4011,43.0708,122.5315
133.7682,218.1659,43.0096,122.5972
133.9009,216.4010,42.7441,123.5954
133.8988,218.6125,42.7483,124.2543
133.7316,213.4379,43.0828,124.4018
133.7244,215.8075,43.0972,124.7800
133.6551,214.9034,43.2359,124.0238
133.9553,218.5972,42.6353,124.3042
135.4614,217.4800,42.1723,123.9896
135.4085,212.7167,42.2782,123.3715
136.7992,216.6899,42.0260,123.0129
138.0179,218.3143,42.1082,122.2838
138.0522,213.1901,42.0395,122.4894
139.3315,215.6494,41.9934,122.5956
139.4374,209.0396,41.7815,123.2500
140.8744,226.0980,41.4260,121.8737
142.3992,221.0405,40.8689,122.0190
142.4759,212.4282,40.7155,121.8536
143.8069,215.0176,40.5328,121.6330
143.7635,218.9319,40.6195,121.2224
145.0610,225.9017,40.4929,122.0933
145.0704,223.4164,40.4740,122.1069
144.8695,221.1071,40.8759,121.7687
146.0758,228.0993,40.9441,122.6696
145.9104,225.5336,41.2750,122.8111
145.6963,230.1005,41.7032,123.6894
145.3634,230.4102,42.3690,123.0699
145.4090,229.0472,42.2776,123.2694
145.4689,227.9108,42.1578,123.0142
145.5063,232.9895,42.0832,122.9449
145.6921,232.0430,41.7116,124.8379
146.8707,230.5999,41.8942,125.1842
146.8639,225.7243,41.9078,124.7431
146.5525,227.3870,42.5306,123.9597
146.1553,228.0972,43.3250,122.5392
145.5113,231.7944,44.6130,122.7543
143.9354,229.3024,45.2018,125.1754
143.4513,227.8697,46.1701,125.4327
142.9973,221.4528,47.0782,125.1197
142.6007,221.9232,47.8714,124.1789
142.1174,221.2005,48.8379,122.9823
143.0076,222.9506,49.6996,122.1243
142.7946,222.3499,50.1256,120.6806
142.6296,224.0436,50.4557,119.9250
142.6033,224.0620,50.5082,119.8881
143.8710,224.1622,50.6001,119.6878
143.8001,224.1137,50.7419,119.7848
144.8683,224.5245,51.2352,118.9633
145.9043,226.1548,51.7900,118.3294
145.5421,227.6730,52.5144,117.9202
144.9181,228.1491,53.7623,116.9680
144.9469,226.7419,53.7048,117.1401
146.7734,227.5965,52.6954,118.0748
147.8064,228.2340,53.2691,116.7998
147.7104,228.8960,53.4609,115.4756
147.7349,230.4228,53.4120,115.0374
149.0458,230.7441,53.3983,114.3948
150.3561,230.8920,53.3760,114.0989
152.0183,230.8753,52.6453,114.1324
153.8209,229.2929,51.6215,114.7158
154.4032,229.0222,50.4569,115.2570
154.9556,228.8190,49.3521,115.6636
155.5942,228.4898,48.0750,116.3219
156.1739,226.8357,46.9155,117.0975
158.1030,225.2261,45.5804,117.7936
159.8363,226.1773,44.6229,118.4005
159.8650,230.1892,44.5656,117.8789
160.9535,228.1982,44.8807,116.8765
162.3619,225.6755,44.5475,116.9548
163.8600,227.9778,44.0299,117.3076
165.0280,224.7899,44.1682,116.2601
166.2644,225.5724,44.1573,114.6952
170.5915,224.4574,42.8206,114.4861
171.8651,225.0395,42.6855,113.3219
175.9132,222.6211,41.7684,113.3725
177.3546,224.1923,41.2630,112.6074
180.0079,224.4312,40.6704,112.1297
181.3975,223.1986,40.2308,112.2552
185.1169,225.1612,39.7924,110.6634
186.2866,223.8639,39.7557,108.6526
190.0448,223.0201,39.0592,108.0669
190.1427,223.2446,38.8634,107.6179
192.6920,223.1347,38.2497,107.8376
193.8202,224.7034,38.2275,106.9346
194.8348,223.5075,38.4195,107.1053
195.8546,224.1780,38.6069,107.9913
195.8740,220.1262,38.5681,109.3658
200.8261,217.5069,37.7119,112.3423
202.1785,217.8727,37.2958,113.8996
204.7527,218.4339,36.7542,115.0806
207.2233,213.2888,36.4333,116.1301
208.0600,227.2557,37.0791,118.3455
210.1380,216.2148,37.6480,119.1647
213.2285,214.9722,38.6209,119.2654
213.6557,221.4993,40.1706,118.2308
218.1530,223.5799,40.8464,116.4872
218.6710,226.0087,42.2154,114.0346
223.5634,228.5504,44.4044,111.3461
226.0832,229.8467,46.5511,108.7534
230.2985,231.0536,50.1015,106.3398
234.7160,231.9844,53.3842,104.4780
239.6242,231.6459,55.8339,102.7018
241.9687,232.9822,56.0834,102.4984
248.8695,234.5254,57.1045,101.8825
252.1419,237.8917,57.9961,100.1074
255.7812,240.1177,60.5880,98.1231
265.2287,229.0622,59.0660,100.3793
267.0637,241.4734,57.8858,100.4547
272.9467,240.8042,56.0035,101.7933
282.2638,225.1599,54.5802,103.5776
291.8683,205.3900,52.5953,106.2082
300.6802,218.1125,49.7613,107.8776
307.3129,219.5981,48.6957,107.3463
315.9081,221.2350,48.4004,106.4862
319.0203,223.2712,46.9678,107.2056
325.7563,222.3183,45.4014,106.7301
333.0977,224.1172,44.7981,105.4790
369.9677,203.6206,45.2290,104.7511
374.4975,201.4089,45.4291,106.8597
369.6689,191.5749,48.0393,103.0380
368.5840,196.2364,50.2090,100.7333
369.6325,214.4332,50.4556,101.8359
375.3137,214.8850,50.9128,103.2963
379.5318,218.6280,52.0496,102.9899
369.5839,207.7888,52.6781,102.9928
368.4528,209.4269,52.5210,104.5552
365.8575,210.5902,52.8327,104.6680
364.2953,212.9086,53.5105,104.9242
360.9991,214.5089,55.1790,104.1855
2
0
0
0
0
1
410.3702,212.2952,41.5347,109.0085
405.7335,214.5937,46.1871,106.7219
400.4860,214.1519,49.6010,105.2451
395.7449,210.8506,51.8867,104.6512
393.8118,209.4847,53.3230,104.9533
387.6773,207.5555,53.2961,106.3524
386.5219,204.4579,53.1278,107.5893
383.2231,199.8364,52.2423,109.3492
380.0629,193.7658,51.0485,111.4715
374.4013,192.0091,49.7979,112.4701
373.1339,193.2937,49.8253,112.4082
367.1442,193.2883,49.2704,112.4191
365.6806,192.1059,49.7003,112.2866
360.6627,192.6231,49.7244,111.2522
359.4919,191.3949,49.5777,111.2201
357.3799,191.6976,48.8311,110.6148
355.1728,191.5724,48.3186,110.8652
353.6905,190.7285,48.8252,110.0949
352.2845,191.4957,49.1815,108.5607
350.6248,190.0266,50.0610,106.6195
348.9680,188.8239,50.9479,104.1711
348.4756,185.9278,51.9327,102.7434
346.9403,185.0799,52.6003,102.0364
345.5341,184.3044,53.0089,101.1835
344.6223,183.5764,52.4341,100.2410
342.8380,181.7752,51.2532,99.0942
342.4157,181.8474,49.7603,98.9498
341.6995,179.8386,48.8833,98.3481
342.0566,180.6605,48.1689,98.9899
340.9601,180.3429,48.0794,99.6252
340.9067,180.3274,48.1860,99.6562
340.9121,180.8147,48.1754,98.6815
341.2156,182.2316,47.5683,98.1259
340.4884,182.5233,46.7631,97.5426
341.0241,182.7746,45.6917,97.0399
340.0504,183.2318,45.4281,96.1257
339.7552,183.6983,46.0184,95.1926
338.8449,184.0648,45.6492,94.4596
338.0294,185.7202,45.1074,93.3215
337.5103,187.0507,43.9990,92.8072
337.1085,186.0915,42.6828,92.6057
337.7479,186.9182,41.4039,93.0463
337.1054,184.5145,40.6110,93.6978
335.1109,191.4960,40.4532,92.1750
335.1112,190.5740,40.4527,89.9220
335.1472,190.2295,40.3807,88.5951
334.3458,195.0835,39.9881,88.8639
333.5496,193.3754,39.5883,90.2876
333.6807,194.4153,39.3261,92.2196
333.6769,191.4615,39.3337,94.0687
332.6863,190.8110,39.2586,95.3698
330.6909,191.9070,39.1022,95.2514
329.4573,192.1378,39.5005,94.7898
326.9445,195.0544,40.3869,93.0955
323.3553,196.1222,41.3832,90.9600
322.1696,199.0839,41.7075,89.1311
317.8653,199.8853,42.2106,87.5284
317.6729,198.4453,42.5955,86.3847
316.7826,196.8665,42.3743,85.5389
317.1182,195.6287,41.7032,86.0291
316.1152,189.7734,41.7282,87.8347
316.0158,188.0508,41.9270,89.2719
312.1444,186.0265,41.5409,91.2884
312.1219,186.3685,41.5859,92.6593
311.9659,186.2985,41.8980,94.8746
310.6437,188.4973,42.4291,96.8166
308.9303,193.2490,43.7053,98.0661
306.2112,193.3963,44.7612,99.9627
304.2882,195.4434,46.3699,100.3431
301.0813,194.2837,48.2416,100.3915
299.0149,193.1933,50.0700,100.2680
294.7122,194.0069,51.6726,100.9751
292.7685,195.0810,53.1877,101.1992
290.6707,195.3090,54.9816,100.7431
287.5804,194.1388,56.3105,100.6578
285.9466,192.3719,57.1311,101.7446
284.7122,191.5152,57.1227,103.4578
284.3696,189.8306,57.8078,104.3247
283.1345,188.2086,57.7512,105.0418
283.2564,186.4798,57.5073,105.9631
283.4672,186.0506,57.0858,106.8213
283.5188,185.7083,56.9827,107.5060
283.6006,185.5237,56.8189,107.8752
283.6206,185.8565,56.7791,107.2096
284.5039,186.1439,57.5642,106.6348
285.4041,186.5784,58.3207,105.7657
284.5246,188.5390,60.0796,104.4015
283.2237,189.6363,62.6813,102.2069
282.0776,187.7830,64.9735,100.7576
280.4336,188.8192,68.2616,98.6852
279.8505,187.4370,69.4277,98.8315
277.9054,186.2606,70.6784,98.5446
277.4236,183.3018,71.6418,99.1503
276.7456,182.3842,70.3171,100.9856
278.6879,180.4143,69.1192,102.2385
278.9521,178.1834,65.9050,104.0144
280.7649,174.9503,62.2794,105.1627
280.9487,172.9840,59.2967,106.4800
281.0365,172.3159,56.5368,107.8162
281.7699,170.9668,55.0701,107.9578
282.3490,171.2450,53.9120,107.4016
282.8700,172.6297,52.8699,107.1373
284.5582,174.3058,51.9769,106.2683
285.0787,174.5587,50.9358,105.7627
289.2513,173.3832,49.8796,105.6840
290.9817,173.0606,48.8288,106.3293
293.7726,169.2175,48.0491,106.8120
296.6153,167.6687,47.1527,107.5153
298.1655,167.7348,46.4412,107.3829
303.3979,168.3187,45.4742,106.2152
303.3736,168.5256,45.5228,105.8013
306.8607,168.8981,45.5546,105.0563
309.2297,169.1302,45.4667,104.5922
311.5700,170.4508,45.4197,104.2678
314.7094,171.0893,46.0749,102.9908
315.4841,171.1905,46.8297,102.7885
316.4881,170.1570,47.1364,102.5408
319.6757,171.6568,47.7103,101.8575
319.2597,168.2351,48.5423,101.7515
320.8120,169.4731,47.7673,101.6049
321.1802,169.0428,47.0307,102.4655
322.0340,168.6107,47.6367,101.0162
326.9577,166.4166,47.0010,100.7985
327.4078,165.3697,46.1009,100.6037
325.8520,162.1126,49.2124,98.0376
323.6350,158.7296,51.3597,97.9432
324.3231,157.1693,49.9835,101.0638
325.4402,150.4343,47.7493,105.1559
326.5955,146.0290,45.4387,109.2362
327.3665,138.7057,43.8967,111.9655
327.6611,134.0200,43.3074,111.7557
326.6305,136.5044,42.9870,109.1686
325.9602,135.1124,41.9887,109.6138
325.0493,135.7102,41.4832,110.7455
324.3153,136.3564,40.6168,111.7876
324.4038,139.9822,40.4397,111.5373
324.4959,143.3076,40.2556,111.8671
324.6715,148.2372,39.9043,111.3213
324.5836,152.3051,40.0801,110.1280
323.4658,153.6175,40.0156,109.8035
322.9739,155.7625,40.9992,107.8079
321.2538,153.0033,42.1560,106.4756
320.7918,156.4240,43.0799,104.2046
320.4838,158.1662,43.6959,102.9892
320.1928,159.8258,44.2778,101.9323
321.1385,161.3046,44.6438,101.2319
321.6993,161.9540,45.7758,99.9331
323.5591,164.3913,46.5655,99.5680
322.7668,163.8778,48.1500,98.3316
321.9563,165.5053,49.7711,97.3495
322.1325,166.7554,51.7052,97.1355
316.4381,167.8810,53.8280,97.2008
316.9648,172.6774,52.7745,99.3768
316.0083,180.1445,54.6875,96.2818
320.7849,183.7870,52.1988,98.4161
323.1417,184.9459,49.8289,100.7858
324.0076,184.0984,48.0972,102.4809
325.9483,188.8878,46.5480,102.2312
327.1451,190.8688,46.4560,100.5708
325.1451,193.5352,48.1802,97.5139
323.8874,187.4133,48.4345,96.1900
323.8911,192.4411,48.4270,95.1195
321.3949,188.4729,51.1890,91.9036
322.4920,192.8111,53.4557,89.9188
328.9277,197.5819,56.2610,87.0957
329.1967,214.4927,57.9676,84.6971
330.0887,220.7906,58.4205,85.5220
330.7634,214.6201,59.3278,86.5795
333.5089,220.9346,56.1244,89.9644
334.5613,225.3841,54.0195,92.4910
334.6348,222.9045,53.8725,95.1630
334.3396,221.0108,54.4630,96.6260
333.9722,220.8277,55.1979,96.9921
333.7861,220.8252,55.5700,96.9971
333.8712,221.8109,55.3997,97.4062
334.4231,222.6806,54.2960,98.0502
334.9649,223.3674,53.2124,99.0511
336.0003,222.7021,51.1416,100.3815
336.9528,222.2378,49.2366,101.3102
337.8056,221.6865,47.5310,102.4128
338.5905,220.0787,45.9612,103.3069
339.6771,220.3698,43.7881,102.7248
339.9061,220.9515,43.3300,101.5613
340.2631,219.5054,42.6160,102.2182
340.2230,217.1563,42.6963,102.4524
340.8086,219.6855,43.7619,101.8678
340.6315,215.8722,44.1161,102.7525
340.9188,218.4790,45.8078,102.0716
341.6418,218.7496,46.6481,101.5305
342.3444,219.0063,47.5360,101.0170
342.0084,215.3709,48.2081,101.3842
341.9663,215.3916,48.2923,101.3428
342.4929,215.3078,47.2391,101.5104
343.2870,215.1372,45.6507,101.8516
344.0511,213.2570,44.1226,101.0514
343.4319,212.5203,43.1192,100.2830
343.3790,213.9653,43.2251,99.6058
342.4875,214.6504,42.8029,98.2357
341.4218,216.5971,42.7565,96.5201
341.1329,217.2663,43.3343,95.1816
339.7770,217.5407,43.9033,94.6329
339.1245,220.0925,45.2085,93.8188
337.5542,224.6331,46.1932,93.3604
337.0988,221.3675,47.1041,91.2273
336.4577,228.1872,48.3863,88.3407
336.1071,227.6864,49.0876,87.2123
335.6107,226.8530,50.0802,86.7537
335.2434,228.0155,50.8149,86.5641
334.2156,222.2721,50.7254,87.3255
333.0505,221.1734,50.9008,87.3681
333.4342,219.8201,50.1335,87.9162
332.9931,217.5833,48.8620,88.0827
332.1582,220.9772,48.3975,87.6981
331.3295,218.8518,47.9342,87.7074
331.4826,218.5614,47.6279,88.2881
331.7780,219.0202,47.0372,87.3706
333.6100,221.4647,45.4657,86.6669
334.8006,220.6544,45.1399,86.2321
335.1144,221.6918,44.5123,86.2008
335.5313,221.0551,43.6785,87.4742
336.0480,215.2036,42.6452,88.9951
333.5150,214.9975,41.5889,89.4074
333.0825,212.5787,40.4258,90.1884
328.2686,211.4529,39.9574,90.4208
327.6182,209.7809,41.2582,89.7360
321.4279,211.6934,43.5023,87.9382
318.8745,218.1413,46.5690,85.2430
313.1751,216.5593,49.7545,84.3005
306.9659,216.6357,53.7989,82.0543
