1
713.3511,230.4561,22.6432,23.3636
715.2765,230.6939,23.1394,22.8880
715.8293,230.5061,23.4835,22.5388
716.7404,231.0635,23.8353,22.1486
717.3912,230.8209,23.9820,21.9099
717.9804,230.9646,24.2486,21.6225
718.6666,231.0033,24.3203,21.5451
720.4268,231.0265,24.4097,21.4986
720.7614,231.0775,24.4631,21.3966
721.4534,231.1141,24.5228,21.3235
721.8018,231.1580,24.5474,21.2356
721.4155,231.1810,24.5996,21.1896
721.8206,230.8117,24.5100,21.2076
721.4577,230.8414,24.5162,21.1482
721.4702,230.5068,24.4911,21.0988
721.0776,230.5508,24.5591,21.0109
720.7258,230.5700,24.5455,20.9724
719.6724,230.2483,24.5036,20.8995
719.0137,229.8769,24.3921,20.9279
718.5812,229.9686,24.5438,20.7444
717.4495,230.0356,24.6695,20.6104
715.2609,230.1158,24.7726,20.4502
714.4807,230.1892,24.9103,20.3032
712.3425,230.2151,24.9200,20.2515
711.2617,230.2399,24.9505,20.2018
709.4724,230.2574,24.9787,20.1668
707.3171,230.6586,25.0295,20.0744
706.2784,230.5979,24.9794,20.1959
702.8112,230.1597,24.8095,20.3618
700.9921,230.2061,24.8952,20.2690
698.8681,230.2067,24.8813,20.2678
695.2812,230.2205,24.9543,20.2401
692.0580,230.2259,25.0038,20.2295
687.1266,230.5659,24.9079,20.2607
683.6173,230.1597,24.8228,20.3627
680.6970,230.6126,24.9777,20.1676
674.9654,230.3521,25.0819,19.9788
670.3525,230.0642,25.0975,19.8460
664.7274,230.3867,25.0426,19.9077
659.6088,229.8230,24.6790,20.3284
656.6549,227.7298,24.9232,20.2670
653.2191,219.1235,24.6878,20.4226
643.0861,227.5578,24.3751,20.5844
634.7158,229.9811,24.8457,19.9822
634.8558,216.2568,24.5656,20.6443
628.5406,228.6983,25.1040,19.9452
636.8918,228.5135,24.6917,20.3149
644.1356,228.4000,24.3628,20.5418
653.7095,228.3539,24.2910,20.6340
660.2295,228.2295,23.9751,20.8829
665.4476,228.7051,24.1290,20.6377
673.9591,229.0222,24.0129,20.7079
680.1165,230.6661,23.6625,20.9390
687.7861,230.7036,23.7683,20.8641
692.3359,231.8206,23.8014,20.7376
696.9107,233.2277,23.7645,20.7272
702.4493,233.3392,23.8914,20.5043
707.3311,234.4491,23.9087,20.3805
712.4415,235.3015,24.1415,20.0694
715.2856,236.6626,24.0173,20.1293
719.4540,236.3223,24.0152,20.1153
723.6653,238.0460,23.9239,20.1394
726.1265,237.6652,23.8544,20.2076
728.4838,239.1861,23.9930,19.9391
730.6109,238.8056,23.8854,20.0089
732.3282,239.1917,23.9037,19.9272
733.6599,239.2494,23.9984,19.8118
735.3619,239.2796,24.0400,19.7515
735.7194,239.3002,24.0140,19.7103
736.7310,239.3410,24.0539,19.6287
736.7287,239.0275,24.0586,19.5687
736.0208,239.0517,24.1021,19.5203
736.0201,238.7496,24.1035,19.4385
734.9196,238.8380,24.2504,19.2616
734.1979,238.8822,24.3255,19.1732
732.4795,238.9080,24.3433,19.1217
730.1534,238.8739,24.2126,19.1898
729.4736,238.9125,24.2077,19.1127
726.0699,238.9599,24.2045,19.0179
724.4243,238.9249,24.0986,19.0878
721.3868,238.5692,24.0631,19.1203
718.7352,238.5318,23.9348,19.1950
715.0541,238.8508,24.5152,18.5571
710.3651,238.7995,24.4197,18.6596
707.6209,238.8114,24.4928,18.6358
702.5777,238.7567,24.4149,18.7452
698.1692,238.7383,24.4150,18.7821
694.1591,239.0156,24.2895,18.9063
687.1193,239.2784,24.1115,19.0597
682.4445,238.8744,23.9593,19.1889
674.9989,238.7891,23.9244,19.3595
669.5948,240.1351,23.8415,19.3904
662.4992,239.9058,23.7546,19.1690
653.2776,239.6044,23.9728,19.0969
648.0991,235.2120,24.1724,19.0783
643.8887,239.4560,24.4338,18.7496
650.9139,239.9739,24.6336,18.3922
657.1998,239.4557,24.2260,18.7528
667.0920,239.7377,24.0299,18.8642
672.6940,239.5715,23.6143,19.1967
681.5613,239.4886,23.3853,19.3626
686.9968,240.1624,23.2734,19.3598
692.4334,241.8303,23.1311,19.3775
699.4116,241.5374,23.2188,19.2945
704.1123,242.5555,23.1805,19.2646
709.4961,242.8755,23.0964,19.2924
714.0563,243.0027,23.3122,19.0379
717.0383,243.3633,23.3429,18.9828
722.0192,244.4021,23.3660,18.9022
725.2732,244.4631,23.5051,18.7802
729.8920,244.8687,23.5757,18.6338
732.1855,245.6159,23.6337,18.4666
734.1489,245.9970,23.6774,18.3662
738.4364,245.9838,23.6926,18.3926
739.7344,245.9838,23.7424,18.3925
742.4403,246.2662,23.6282,18.4901
743.0909,246.6208,23.6510,18.4428
745.0017,247.0125,23.7992,18.3210
745.7077,246.9799,23.7111,18.3863
745.6676,247.0490,23.7913,18.2480
746.0371,247.0149,23.7129,18.3162
746.0346,247.3582,23.7178,18.2902
745.3066,247.7454,23.8536,18.1759
743.0336,248.3888,23.7769,18.2099
741.9775,248.4516,23.9099,18.0843
739.6301,248.4815,23.9865,18.0244
737.3482,248.4515,23.9308,18.0844
734.7498,248.1003,23.8473,18.1267
732.1805,247.4209,23.7101,18.1667
728.5063,247.1582,23.8201,18.0341
724.1284,246.6813,24.0279,17.6727
720.6115,245.9898,23.8590,17.7461
716.4752,245.5786,23.6371,17.9151
711.3098,244.9250,23.5229,17.9168
706.8112,244.5428,23.4046,18.0301
698.9467,243.9135,23.5062,17.9863
694.0781,243.5586,23.4639,18.0442
689.1403,242.9175,23.5553,18.0218
681.2207,242.6759,23.7150,17.8518
674.8159,242.5359,24.1182,17.4788
666.5867,240.1451,24.2521,17.6895
658.9172,242.5695,24.4462,17.4500
652.2737,242.0104,24.5837,17.2532
642.0897,241.7544,24.6060,17.1090
646.2305,241.6157,24.8298,16.7319
655.8607,240.4945,24.4600,17.0202
663.5529,240.3195,24.0395,17.3703
669.6868,240.4093,23.4719,17.8407
679.8076,241.6701,23.3517,17.9153
686.0903,241.5484,23.1071,18.1588
693.2214,242.5389,23.1161,18.1238
698.4943,242.7921,22.9424,18.2657
706.0487,244.6424,22.7352,18.4525
711.2501,244.6256,22.6964,18.4860
714.7925,246.2944,22.7361,18.3870
721.1949,247.9543,23.5122,17.6540
725.7300,247.9763,23.4949,17.6100
730.6383,248.9303,23.3633,17.6390
734.1772,249.2620,23.3709,17.6197
737.4414,249.2010,23.2819,17.7416
741.3116,249.5469,23.2762,17.6944
744.2358,250.1996,23.2211,17.6764
747.8123,250.1510,23.1366,17.7736
749.7390,250.4591,23.1404,17.8004
750.3719,251.1163,23.1612,17.7727
752.9782,251.4320,23.0945,17.7845
753.6564,251.7264,23.0230,17.8380
753.9491,252.4381,23.0796,17.6991
753.9845,252.4281,23.0089,17.7191
753.6766,252.7365,22.9846,17.7423
752.0851,253.0444,22.9674,17.7666
751.7565,253.3644,22.9845,17.7666
748.5616,253.0626,22.9699,17.7299
746.2953,253.0797,23.0252,17.6956
744.6746,253.1036,23.0672,17.6478
740.1099,253.1829,23.2399,17.4893
738.2115,252.8274,23.1978,17.5604
734.4052,252.1673,23.1266,17.6001
731.0680,252.4110,23.4022,17.1126
726.6938,251.4027,23.2451,17.2210
722.2170,250.8730,23.3019,17.0094
717.4026,251.0124,23.4373,16.7306
710.5441,249.7128,23.2865,16.8083
705.8724,249.3362,23.1897,16.9321
701.4435,249.0041,23.2286,16.9664
693.8558,248.3253,23.2583,17.0618
689.4218,247.7212,23.2632,17.0040
681.4655,247.8196,23.3704,16.8072
674.6766,245.0667,23.7056,16.6374
667.6376,245.7733,23.8603,16.4900
657.7750,245.1977,23.9691,16.3757
651.1805,244.7598,23.8749,16.6190
656.1310,245.0349,24.1361,16.0688
661.0762,242.6431,23.6951,16.4427
667.4692,243.8461,23.4992,16.5546
674.4792,243.4190,23.3037,16.7805
679.6008,245.2488,23.1271,16.8958
686.5377,245.5005,23.0775,17.0207
691.0121,245.4149,22.9438,17.1920
694.9091,245.6140,22.7151,17.4242
699.6581,247.1414,22.6781,17.5231
703.1614,247.4158,22.6213,17.6062
708.3179,249.2229,22.4246,17.7857
710.4622,249.2949,22.5612,17.6416
712.4431,249.5576,23.0231,17.1161
716.2535,249.5138,22.9669,17.2038
717.7966,249.8808,23.0356,17.1007
720.0132,249.8502,23.0148,17.1620
721.9015,249.8312,23.0244,17.1999
723.3838,250.5247,23.2188,17.0766
724.8359,250.6378,23.4781,16.8504
724.7269,250.4225,23.6962,16.6480
725.2975,250.0877,23.8207,16.6846
725.7781,250.1741,24.1305,16.5119
725.5215,250.3320,24.6436,16.1962
725.6481,250.1518,25.0301,15.9168
722.6241,250.1091,25.9514,15.3614
723.2546,251.6840,26.6261,14.7925
721.8826,251.3281,27.4335,14.2131
720.2787,251.4868,28.0510,13.8957
718.5515,251.8919,28.2499,13.7367
716.3220,251.5704,28.1503,13.7284
714.8903,251.5014,27.7654,13.8663
713.1635,250.4093,27.3403,14.1114
712.2132,250.4968,27.3077,13.9363
709.3030,250.2289,27.3598,13.8313
706.5704,249.7482,27.7060,13.5128
703.6553,249.8281,27.7815,13.3531
701.1346,248.2699,27.7208,13.2806
698.4515,248.7555,28.0024,12.9452
688.7905,248.6293,28.3087,12.5637
687.3836,247.5365,28.5961,12.2229
683.4509,246.6783,28.2747,12.6798
677.9103,247.0781,28.5921,12.5133
678.2996,248.0614,29.0834,12.4512
674.8456,245.3762,28.3011,13.3357
670.2006,245.0204,28.5609,13.4023
664.1104,244.8962,28.3919,13.6507
660.5751,244.8407,28.2923,13.7617
652.6155,244.1852,28.5560,13.7680
644.9074,244.1447,29.5343,13.1928
647.5114,235.8515,28.9494,13.9284
635.3167,232.2308,28.7413,14.5217
636.2746,232.9738,28.1695,15.0518
638.3609,230.5340,27.3607,15.8949
637.7706,229.4549,26.5157,16.7027
633.6464,229.2458,25.9736,17.1208
637.9465,225.0000,25.4741,17.5118
640.2322,221.4084,24.9469,17.9547
661.1774,238.7801,25.4786,17.5529
662.3275,238.7860,25.2027,17.5411
662.7906,239.4594,25.6174,16.8647
664.8329,240.4653,26.1909,16.1839
667.2829,240.9951,26.5922,15.7870
669.2904,241.7437,26.5488,15.6137
671.3292,241.8087,26.4216,15.4837
671.6547,241.8714,26.4246,15.3583
674.7903,241.8466,26.0234,15.4077
675.2080,242.9331,25.8350,15.1760
677.3026,243.2514,25.4881,15.1797
679.4666,243.1717,24.9718,15.3393
681.5675,243.4157,24.5515,15.4815
682.8353,243.5205,24.5215,15.2719
683.9310,243.8640,24.1974,15.2073
685.6142,243.5410,23.9134,15.2368
686.0005,242.3772,23.7534,15.1135
686.9667,242.4441,23.6461,14.9796
687.1592,242.7194,23.8655,14.4291
687.9947,242.9462,23.9898,13.9755
690.1411,243.3350,23.8456,13.7905
689.8411,243.2346,23.8582,13.4039
690.7761,243.3415,23.7313,13.1902
690.1382,243.5653,23.8561,12.7425
690.4545,243.7510,23.7933,12.3710
692.0492,243.4147,23.4157,12.4814
691.9541,244.4578,23.6058,12.0713
691.8721,245.4847,23.7699,11.6808
693.1886,245.6466,23.8873,11.3571
692.5815,245.8057,24.0092,11.0388
693.0610,246.2161,24.1349,10.7605
693.4607,245.5811,24.4143,10.4123
694.6694,246.1459,24.1458,10.3573
693.0690,243.3909,23.6199,10.5432
693.3810,242.3845,22.9958,10.9719
693.5777,242.0397,22.6025,11.1350
694.1056,241.3433,22.0702,11.4807
695.1920,241.1533,21.4628,11.8608
695.6240,240.5905,21.1180,11.9477
696.2980,240.8213,20.8013,12.0018
696.6125,242.8874,21.1961,11.4531
697.6843,242.2977,20.5778,11.6155
699.4561,240.9574,20.0465,11.7861
698.6341,242.7533,19.7022,11.6736
698.0779,243.7011,19.8346,11.2482
697.4656,242.5765,19.6047,11.0734
698.0209,243.1331,19.4509,10.9170
693.7548,246.9937,19.4604,10.7717
695.8672,244.5132,19.4759,10.5499
690.6194,243.9505,19.6844,10.2727
696.0125,244.4924,19.6141,10.1207
695.0816,246.3946,19.6269,10.0142
696.0703,244.7525,19.4920,10.0742
696.3528,247.7555,19.3866,10.0437
692.0458,246.4155,19.3062,9.9781
689.1127,245.3315,19.2539,9.8698
687.7403,245.4131,19.2828,9.7066
692.9532,245.4535,19.2127,9.6258
692.3238,245.9363,19.1281,9.5559
693.2249,247.5126,19.1075,9.5210
696.0245,246.7951,18.8419,9.6225
693.4759,248.9771,18.6311,9.6819
696.6804,245.8790,18.3858,9.7144
698.1947,243.5559,17.9806,9.9884
700.1573,240.5664,17.5430,10.3001
702.4669,242.6577,17.2712,10.4651
698.4310,246.3625,17.1067,10.4248
693.2596,244.6239,17.5511,10.0286
690.4214,242.5082,17.6340,9.9574
687.0992,246.5374,17.3938,10.0744
686.5502,241.3922,17.2059,10.0756
687.2590,243.4652,17.4920,9.7632
683.7737,242.4803,17.6644,9.6086
689.1053,240.5316,17.6209,9.6829
683.8649,241.3703,17.4665,9.7072
689.2252,243.1738,17.7582,9.4886
694.4246,243.1556,17.5381,9.5249
700.3058,242.6828,17.5773,9.6276
699.1662,242.4804,17.7375,9.6086
697.2444,241.9998,17.7482,9.7180
695.5977,241.4846,17.6185,9.8926
694.1467,242.0465,17.5180,10.0557
691.4803,242.1400,17.2577,10.2989
689.5182,242.7339,17.3074,10.4025
688.3254,242.6143,17.0952,10.6417
685.3220,242.7846,17.0283,10.7351
683.1793,243.1505,16.9697,10.8720
680.7950,243.9499,16.9442,11.0166
679.0919,243.8549,16.8476,11.2065
677.6047,243.9933,16.7452,11.3692
675.4441,244.1229,16.6592,11.5507
673.6790,244.9453,16.6500,11.6758
670.9945,243.8405,16.6867,11.6636
669.8928,243.5926,16.6666,11.7146
668.6799,244.5888,16.4209,11.9485
