1
186.9344,216.5014,42.5862,95.4371
186.1916,217.4813,44.0718,93.4774
183.5548,218.1342,45.0836,92.1716
182.0601,218.7806,45.9435,90.8787
180.5303,219.5208,46.8777,89.3984
177.3509,223.6147,46.8772,89.6899
174.9809,229.2444,47.3689,89.0508
172.9119,229.4949,47.2606,90.6728
171.8722,234.5677,47.1950,93.3981
172.5387,234.2829,48.0459,93.9676
178.1724,233.5023,47.8135,95.5288
179.3787,232.7486,47.6269,97.0362
177.0223,233.3652,47.8503,98.0476
178.9520,228.1047,48.5176,97.2520
182.0154,223.3195,49.1805,95.5059
213.4633,208.4604,49.2607,93.7363
210.4680,208.5676,48.5778,93.5218
209.9388,209.2936,47.4266,94.2794
200.9684,212.5255,47.7603,94.4183
202.4300,213.6616,49.2545,92.1460
202.4890,214.9698,51.3375,89.5297
200.1588,214.7803,53.7999,87.7107
206.8404,223.3242,53.7114,88.3226
216.1070,226.4007,50.7188,93.2700
216.8829,228.0729,49.1672,96.6536
218.9069,228.7748,47.3849,99.7812
220.7719,228.2685,45.9354,103.0744
229.2155,228.1696,45.1698,105.5754
234.0212,224.6620,44.8615,105.6131
241.2179,226.1006,44.3935,105.0568
243.7922,224.7074,43.8540,105.5387
248.5332,224.4694,43.5799,106.0146
251.8902,224.2103,43.7778,106.5329
254.2230,223.8490,43.7421,107.2554
258.5404,224.4620,44.4062,106.0294
261.3639,225.7851,45.7157,103.3834
261.7867,228.1524,47.1738,100.9524
263.4024,232.2057,48.5302,99.7275
265.5535,233.9162,51.1272,96.3065
271.5872,239.1518,52.8260,95.0128
271.5038,241.2384,55.2973,93.1440
273.6893,243.8449,57.8818,90.2497
278.5430,243.8476,57.4499,90.2442
280.5309,241.2419,55.7855,90.8326
279.5956,239.6368,55.3636,89.4580
278.4018,239.3730,55.4865,87.7209
278.7054,238.6702,54.8793,86.8855
278.9724,238.2765,54.3453,85.4546
277.6902,237.1445,54.7218,83.3428
274.1224,237.1090,55.3698,81.2514
273.9087,233.6257,55.7972,79.6506
268.7506,236.0474,55.4895,79.0567
266.6993,231.9168,55.3708,78.8750
268.2394,233.6925,54.3967,79.5357
267.4858,232.2625,53.8039,80.2958
265.9512,233.7143,52.6702,81.5951
264.5846,234.6729,51.1992,83.8822
262.7536,237.2914,50.6379,84.9801
259.5674,240.0439,50.6547,85.8307
257.4614,243.4748,50.6038,85.3633
254.7074,244.3556,49.7409,85.7253
253.7626,251.0380,49.5161,85.0471
252.6926,252.8988,49.5555,83.4260
246.3196,252.0634,49.8386,83.0198
243.2462,251.0671,49.7578,82.9363
235.6227,251.2281,50.4918,82.6145
234.3475,252.6981,50.9614,81.7552
230.7659,254.3280,49.8210,82.6472
230.4250,253.7894,48.4326,83.7246
222.1901,251.9706,48.4019,83.2369
216.8141,251.3495,48.8798,82.4243
206.8145,251.2330,50.4213,80.6064
190.2062,243.7591,50.8429,79.1566
184.4369,245.3561,50.1710,80.0328
181.7860,245.9101,49.3621,80.9618
175.4164,248.9059,47.8408,83.1189
170.4830,247.4515,45.4462,88.0714
171.2361,252.2871,43.9400,88.7784
170.3128,251.2546,43.7266,88.7834
166.6561,260.2910,46.9273,83.0490
152.7183,250.9583,46.4246,83.4714
147.5398,251.1938,46.6581,83.0004
145.0594,253.9390,47.5756,81.5534
142.4797,254.5260,48.7032,80.3793
136.3365,253.4212,48.8849,80.5716
126.7751,224.5118,47.7742,81.7362
127.9770,242.8112,45.3703,87.5978
127.4877,241.4691,44.2816,90.2820
127.2606,241.2726,44.7358,90.6751
121.2001,241.0897,44.2474,91.0408
119.4932,243.6570,45.5628,88.0047
117.7859,247.6960,48.9775,82.0034
111.3109,247.7287,49.6501,79.8918
111.0714,248.7041,50.1289,77.9410
104.1476,211.8945,47.9373,79.3828
104.1277,210.2027,45.9873,80.7767
105.0155,211.1374,44.2117,82.8622
103.4388,209.7894,43.4094,83.5804
104.4422,210.5748,43.3772,83.9841
106.5338,211.6056,43.1541,85.8826
111.0002,210.3390,42.2375,88.4158
110.7883,205.2435,42.6613,88.4812
111.5865,199.5963,43.0983,89.6081
113.7138,200.3098,42.9588,92.2962
116.8138,198.0913,43.0415,92.5447
116.8503,194.8943,42.9685,92.6406
119.9241,194.2389,43.1194,93.9514
123.1306,192.8605,43.0698,96.7083
129.6332,193.5405,43.0266,99.6689
135.1920,195.8784,42.9214,103.8030
136.5361,190.1189,42.4936,106.2805
142.1725,190.6380,42.6629,107.5307
142.7548,189.3071,43.8077,107.8831
144.6919,183.7139,44.6034,107.3949
148.1115,183.4513,44.7903,107.9201
152.6110,182.8174,45.2032,106.8348
153.6946,182.1341,45.3807,105.8568
157.2247,181.4422,45.3213,104.9071
160.8670,182.7435,44.9930,104.6234
168.5807,186.0565,45.7279,104.9240
171.8777,185.7494,46.1127,105.5382
175.6524,182.8721,45.5890,106.6091
176.6768,180.9555,45.8884,105.7459
181.2749,178.5602,46.0560,105.8545
182.3555,175.5223,46.2404,104.8938
183.3134,174.9237,46.6595,103.7561
186.6491,173.2132,46.9651,102.5258
189.1475,173.6502,46.5946,101.6519
192.9897,173.8987,45.7921,101.1548
196.6268,174.1780,45.3361,100.5962
197.9611,175.3551,44.9240,100.4985
202.8794,172.7056,44.0792,101.3017
203.0307,168.8150,43.7766,102.3490
204.0821,172.0430,43.9283,104.9108
207.1964,170.0528,44.5822,106.5970
206.5886,168.9642,45.7979,106.4441
206.2559,163.7736,46.4633,105.0779
207.1903,165.4261,46.9359,104.1143
206.9769,165.9712,47.3628,103.0242
206.8691,167.5039,47.5783,102.2862
211.3277,167.7152,47.9427,101.8635
211.0628,167.8021,48.4725,101.6897
213.5767,166.3531,48.0995,102.2604
213.9660,165.5900,47.3208,103.7865
215.5526,162.2560,46.4855,103.4414
219.6420,161.5806,45.2608,104.7921
221.1856,160.2082,44.4896,105.2210
222.6523,160.4285,43.8650,104.7803
224.0008,160.2343,43.4590,105.1687
226.6579,160.9556,42.7241,106.0157
228.0703,160.9549,42.1880,106.0172
233.6657,162.5885,42.3931,107.3083
231.7002,161.4153,44.0227,107.3533
232.5172,162.9105,44.7199,109.0252
235.2608,163.1401,46.3355,108.5659
237.6547,163.9350,48.7169,106.9761
236.4842,161.3732,51.0578,104.8740
236.9100,161.0047,52.6249,103.1922
238.9151,162.5272,53.4575,102.5685
243.6087,165.5263,56.2026,98.9968
242.9932,166.2171,57.4336,97.6151
243.4450,165.9601,56.5301,98.1292
244.7470,163.1573,53.9260,98.9080
247.6850,161.7904,50.4307,101.6418
255.0485,158.5818,47.5068,103.3377
255.9724,159.0419,45.6592,104.7520
261.4652,157.5356,43.9636,105.4420
261.7934,155.2795,43.3073,105.3491
265.3777,155.8358,43.0071,104.2365
266.6409,157.6006,42.7488,102.9750
269.8984,159.1497,42.9699,102.1221
271.7337,158.9578,43.7731,100.2691
271.0704,161.9590,45.0997,98.7154
270.0317,160.7811,47.1771,96.6208
270.2522,157.9142,48.9670,95.6622
269.3419,159.8141,50.7875,94.1102
268.7740,156.9843,51.9234,93.0011
269.7405,155.2329,52.2495,91.9855
269.7875,156.8048,52.1556,91.0914
270.2544,156.2628,51.2217,92.1755
270.7148,155.7595,50.3009,93.1820
271.2802,153.5049,49.1701,95.4570
272.1729,152.1425,47.3848,98.1820
274.1358,150.0271,45.7162,100.1553
274.7837,146.8218,44.4205,102.0524
276.6010,144.9235,43.0474,103.5874
276.8216,145.0990,42.6062,103.2365
276.5917,148.5427,43.0660,100.8422
276.0731,150.1110,44.1031,97.7054
274.7816,152.9367,44.4933,94.2470
273.4289,157.3545,45.0492,91.8599
273.3730,161.6302,45.1609,89.6813
274.6336,163.3816,44.7340,88.2730
274.6510,163.5819,44.6993,87.8723
274.8738,162.2093,44.2537,88.5577
274.7330,163.1510,44.5353,88.7366
273.7480,162.8116,44.4355,89.4153
273.7694,162.8799,44.3928,89.2788
274.1410,165.7125,43.6496,89.8391
275.6976,165.8199,42.6068,89.6242
276.3261,164.7917,41.3499,89.6314
276.7256,164.4841,40.5509,90.2467
276.7105,165.7215,40.5810,89.7942
276.3392,171.3133,41.3237,88.6918
276.0551,168.1228,41.8920,89.0332
276.4631,170.6361,43.1040,88.0629
276.2351,169.1433,43.5599,89.0134
276.7892,168.9620,44.5087,89.3758
276.2419,170.2359,45.6034,88.9067
276.2457,169.4486,45.5957,90.4813
276.2086,169.7310,45.6699,92.0302
276.2678,168.9151,45.5515,93.6619
276.3160,167.7711,45.4551,95.9499
275.6241,167.8104,44.6479,98.0624
275.1235,168.2749,43.4413,99.3411
274.5698,167.5354,42.3436,100.8200
273.7817,168.6796,41.7129,102.9457
274.0502,167.4529,41.1758,105.3991
274.3462,168.4042,40.5838,108.0010
274.5280,165.7305,40.2203,108.7904
274.4850,166.3052,40.3062,109.9248
274.1439,166.5029,40.9885,109.5295
272.4089,166.8689,42.1504,108.7974
270.9340,168.1227,42.7817,108.6082
269.5926,168.4409,43.1374,107.9720
267.2750,169.5794,43.1241,108.0191
267.2322,169.4579,43.2095,108.2622
266.3664,171.2175,42.6115,109.4023
266.7254,173.5105,41.8936,111.8226
264.8268,172.4351,40.9762,113.9735
263.9618,170.7743,40.3347,114.9236
258.1186,170.3344,40.1539,115.8034
256.7954,165.9362,40.4176,115.0691
255.5983,166.9952,40.4349,115.3281
253.1567,167.9744,40.5561,115.7507
251.8247,169.2475,40.8308,115.5937
250.5553,170.0752,40.9776,116.3303
245.4565,173.4128,41.5545,116.8707
242.6466,176.8660,42.3275,117.2345
240.9490,178.5688,43.2801,116.2714
239.4895,179.7574,43.7530,116.3403
236.8996,181.2157,44.0218,115.8792
231.8569,182.4010,44.2922,115.9622
230.2202,184.5404,45.1059,116.6030
226.9941,186.0821,46.5910,116.0032
225.3359,185.9497,47.4058,116.2680
222.8571,185.1712,47.3236,117.8250
221.6573,183.2579,47.1824,119.1109
217.6098,180.8013,47.6071,118.9105
217.1041,180.7022,48.6184,119.1086
215.3989,180.7156,49.4465,119.0818
213.6184,181.8020,50.4106,119.5058
211.5649,180.2598,51.8976,119.9702
209.4613,181.1815,53.4519,120.7797
207.0052,182.8157,55.6719,120.2035
205.7897,185.9874,58.1031,119.3054
203.5840,187.7565,59.7624,118.5191
202.2304,190.3592,62.4698,116.0829
200.6161,191.2314,65.6983,114.3387
194.8391,190.8716,68.8245,112.2489
188.5147,191.1087,67.3185,111.7747
186.7209,191.7174,65.3089,110.5574
184.2294,192.0419,62.0525,109.9083
183.0291,190.9021,59.0896,109.5063
182.9508,188.4185,56.6210,109.2231
182.4859,188.2021,54.9721,109.6559
183.1227,185.3813,53.6984,110.1843
183.6872,183.7595,52.5695,110.8856
182.6718,182.5197,52.0676,110.8325
182.8356,181.0791,51.7398,111.1904
183.0562,181.0420,51.2986,111.2646
183.4778,182.0248,50.4555,111.8152
183.4901,183.9566,50.4308,110.4608
182.1645,185.7287,50.5928,109.4058
181.9837,186.1248,50.9544,108.6137
181.9252,187.2790,51.0715,108.7769
181.5385,187.6235,51.8447,108.0878
181.0876,185.3013,52.7465,107.7735
181.0979,182.9084,55.2165,105.0879
179.6708,185.5146,58.0706,102.3692
175.3503,187.3607,61.7069,98.6771
173.3414,189.0375,63.2157,97.8323
176.4331,189.4982,64.5968,96.9110
175.1683,194.5417,67.1265,94.4160
173.9335,195.3881,67.0611,95.2579
179.5886,193.5899,65.9372,96.3078
183.8534,188.4888,67.5828,93.7910
179.7912,187.4779,63.0426,98.3456
179.5416,184.7910,58.4892,103.7196
180.0978,183.2659,54.8473,109.2991
180.2944,192.8596,51.9050,115.6036
179.8279,174.6351,50.2481,118.3850
180.1941,176.7981,49.5158,119.2609
180.6815,178.4772,48.5409,121.1036
181.0074,185.9871,47.8891,124.3522
179.5194,185.1063,48.2204,126.1138
178.1985,183.8385,48.1860,128.6494
176.7457,184.0752,48.3798,130.8878
175.1861,187.3822,48.7517,132.5157
171.9110,188.0111,49.7473,134.0354
169.8979,189.0508,50.9564,134.7731
167.6738,190.4032,52.5552,134.9177
162.4861,196.0813,54.2899,135.0825
156.8991,196.9804,56.7231,133.2843
153.2913,197.8161,58.0768,131.6128
150.2321,198.4290,58.3341,130.3870
149.0960,200.0927,57.6890,129.9769
146.6738,200.7202,56.7332,128.7220
145.7879,200.9271,55.6400,128.3081
145.0334,200.7747,54.3092,128.6130
144.2614,200.6657,53.0328,128.8309
141.7942,201.3606,52.3648,127.4412
139.4362,201.5039,51.5425,127.1545
138.4321,201.4855,50.8002,127.1913
133.2226,205.3467,50.2684,127.6820
131.9074,204.9796,50.1636,128.4164
130.2652,203.4540,50.7039,128.7235
127.0302,202.4446,51.6579,127.9843
126.7404,203.5948,52.2375,128.4484
125.1836,201.9229,52.5697,129.0107
125.1140,202.7328,52.7087,130.1862
125.0096,202.4023,52.9175,130.8473
123.4206,203.6295,53.2675,131.2212
121.8422,203.7280,53.5846,131.0241
120.4910,204.7385,53.4443,131.8457
120.3010,204.7845,53.8245,131.7537
118.7644,203.3987,54.0402,131.6679
118.7892,203.2020,53.9906,132.0613
118.8213,203.2450,53.9264,131.9753
120.1927,203.6940,54.0459,131.0772
120.2032,202.9680,54.0251,129.6778
123.2096,203.0679,53.6742,129.4780
123.2829,204.6117,53.5275,129.2121
124.7058,205.0123,53.4971,128.4110
126.1814,206.5332,53.3493,128.1725
126.2816,206.8315,53.1488,127.5758
127.7853,207.1898,52.9265,126.8594
129.3823,208.8202,52.5033,126.3693
129.6223,209.2097,52.0233,125.5902
131.1749,211.0834,51.6545,124.5793
132.7886,211.2199,51.1425,124.3064
134.3132,211.3573,50.7954,124.0316
134.4931,211.2976,50.4357,124.1509
134.4539,211.3669,50.5140,124.0124
134.4803,211.2409,50.4612,124.2644
134.3993,212.6826,50.6232,124.0704
134.4428,212.9118,50.5362,123.6119
135.8716,212.8723,50.3602,123.6910
135.9879,213.1521,50.1274,123.1314
135.9248,213.4093,50.2538,122.6170
136.0741,213.4890,49.9552,122.4575
134.7362,213.5235,49.9764,122.3886
134.6336,214.9394,50.1817,122.2107
134.9686,214.6153,49.5117,122.8589
134.1452,214.0527,48.5061,123.9842
133.2279,212.4267,47.6901,124.5856
133.4154,213.5028,47.3151,125.0778
133.6113,213.3619,46.9232,125.3598
133.6093,216.0000,46.9272,125.3673
133.6734,216.1403,46.7990,125.0868
132.5185,215.9722,46.4731,125.4229
132.6179,211.8118,46.2743,125.8397
134.1347,212.6063,45.8779,126.8877
134.2188,214.5621,45.7095,128.2658
134.2339,211.7164,45.6794,128.6342
134.1350,216.7234,45.8773,129.2852
133.8912,213.0108,46.3649,128.6730
133.5545,214.6488,47.0382,128.0762
134.5402,210.7973,47.7497,127.7306
135.3912,209.8225,48.7384,126.9895
136.3318,211.5025,49.5551,126.3273
137.3975,213.0087,50.1268,126.0180
138.6112,214.1800,50.4082,126.3842
139.8162,216.4396,50.7173,127.3032
139.4020,215.1897,51.5457,127.0651
137.6572,215.3916,52.2860,126.6614
138.9692,214.8549,52.4186,127.7347
137.2311,214.7587,53.1204,127.9272
138.4048,214.1583,53.5626,129.1279
139.3120,214.2118,54.5632,129.0210
138.9722,214.8616,55.2426,127.7213
138.8635,216.4290,55.4601,127.4107
140.1626,216.3102,55.6854,127.6483
140.0767,216.4059,55.8573,127.4569
139.9460,217.8620,56.1187,127.3760
139.3872,218.6139,57.2363,125.8723
138.8012,221.0894,58.4082,123.7537
138.3039,224.8677,59.4029,121.8415
138.1284,221.2488,59.7538,120.6445
139.8434,220.8139,59.1240,121.5143
140.3852,221.7246,58.0404,122.4949
142.2149,224.3274,57.1784,122.8841
143.9491,223.0802,56.4982,122.5905
144.0535,220.3521,56.2892,122.5029
142.6502,217.8077,56.3289,122.0578
140.1841,219.1185,55.7389,122.1975
138.9364,220.6198,55.4814,121.9477
137.5766,213.7523,55.4563,121.9591
135.7497,215.5148,56.3657,121.1787
138.3564,214.5251,56.6503,120.4090
138.1562,216.0401,57.0506,120.1217
137.9638,214.7048,57.4354,120.0468
137.6693,216.5311,58.0244,119.1453
137.2016,216.6960,58.9599,116.0674
135.5466,217.8940,59.5504,113.6713
135.6516,219.7526,59.3404,112.6484
137.5869,217.9482,58.1456,113.5816
139.1040,219.5611,57.7802,113.0247
141.6376,220.0408,58.0219,112.0652
141.5897,221.6840,58.1177,111.4234
143.1647,220.5711,57.6044,111.0125
144.8019,218.8802,56.9520,111.7724
145.2066,220.5933,56.1426,113.5897
146.8425,220.4332,55.5052,113.9100
147.1680,221.5931,54.8542,114.2182
148.6639,221.2564,54.4836,114.8915
150.0464,220.8724,54.3432,115.6596
150.1619,220.6689,54.1122,116.0665
150.1306,220.6225,54.1749,116.1593
151.3046,220.2830,54.4646,116.8383
152.7148,221.3573,54.2966,117.3423
152.7845,219.7756,54.1572,117.8487
154.2642,218.1160,53.8598,118.5059
154.4750,218.7975,53.4381,119.8093
155.9582,219.5047,53.1495,121.0727
156.0913,219.2445,52.8834,121.5931
156.2820,219.1550,52.5019,121.7720
156.2820,219.6644,52.5020,120.7532
157.6150,221.2305,52.5109,120.2961
161.5764,222.7095,52.5938,120.0066
161.2061,224.5502,53.3342,118.9910
162.4467,227.5145,53.5171,118.3906
166.4370,221.2811,53.5123,117.5644
168.2213,223.6830,52.5902,118.0536
168.2016,225.4180,52.6295,117.2211
173.7046,220.1591,52.1277,117.2348
174.2073,223.6026,51.1223,118.1999
175.9909,224.4516,50.1686,119.1156
178.9157,224.2389,49.5392,119.5410
184.3411,221.7013,49.1083,119.4062
184.6295,222.6220,48.5315,120.1601
186.0437,223.8353,48.2992,120.3296
188.7804,224.9381,48.0144,120.7183
188.6401,226.3055,48.2950,120.5783
189.7332,222.5043,48.7067,120.3872
190.9970,225.6151,48.7813,121.9729
192.0868,221.6535,49.2284,122.0163
194.8938,222.2703,48.8845,123.4180
196.5144,220.8200,48.2927,126.3185
201.8736,219.3432,48.2953,129.2721
203.0239,216.9009,48.7173,131.4340
204.0105,214.8732,49.5055,132.7282
207.5923,215.5734,50.7238,134.1218
208.3345,216.3332,52.0754,135.4380
209.0629,216.2920,53.4976,135.5205
211.1223,216.7644,55.1903,134.5757
214.3503,217.8467,57.5014,132.4111
217.3987,220.7891,60.2007,129.4583
221.9424,223.8634,62.8595,126.2462
222.7911,225.9774,64.0980,124.9543
226.9648,227.8041,64.5656,124.2393
234.0576,223.8817,65.0598,123.2762
239.5726,225.4516,65.7510,123.0666
246.0361,226.4167,67.5192,121.1364
252.8449,223.9665,68.6057,120.1552
256.7423,229.0463,69.6452,118.8300
263.0172,230.0983,68.8662,119.6688
264.4227,227.2494,68.9972,119.4826
266.8272,225.3741,70.0712,117.3502
272.4317,193.2674,67.6460,123.0048
274.4413,172.4462,66.5974,126.0298
274.8254,160.9039,65.8291,128.1341
265.0184,163.0982,64.3390,129.7752
262.9923,165.6108,62.3648,130.7764
2
0
0
0
0
1
371.5577,228.2744,45.4705,73.9457
375.3792,228.0076,45.2962,74.4792
383.2831,230.0190,44.4657,76.0730
391.6490,229.1449,42.7889,79.7030
399.0248,230.3584,43.2931,79.1831
402.7049,233.0213,45.4727,75.7651
408.8928,236.3287,46.3570,74.8332
413.3235,237.9310,45.0767,77.3145
413.6790,238.1781,44.3657,78.7309
414.0101,236.4252,43.7035,80.3171
418.4382,222.9549,42.5740,82.1459
419.4331,215.6684,42.5234,83.1442
418.4350,214.4438,42.5668,83.6406
413.1023,207.9078,43.4270,82.9854
410.7572,206.3002,44.1846,82.2681
407.7870,202.4301,44.2190,82.1336
404.8715,203.3579,44.1482,82.2452
401.9938,203.0168,44.0004,82.9276
400.0180,197.6208,44.0016,83.8432
396.2359,197.0994,43.6110,84.8862
394.3983,194.8953,43.2915,85.2997
388.8167,192.4229,42.4675,86.2487
388.0817,188.4113,41.9402,86.2821
382.3031,185.9264,41.5643,87.2742
381.5741,184.6191,41.0255,87.8919
376.6278,182.6428,40.9363,87.8518
372.3642,181.8557,41.4866,87.4318
369.5977,181.7392,41.0264,87.6647
365.5572,182.7249,41.1351,87.6866
364.4813,182.8045,41.2916,87.5272
360.4700,183.5455,41.3314,88.0410
359.2986,183.6129,41.6702,87.9062
358.1166,183.5539,42.0263,88.0241
356.8950,183.3135,42.4539,88.5050
354.6099,182.8878,42.9637,89.3563
352.4256,183.2231,43.2291,90.7374
351.0409,181.8113,43.9223,91.4847
349.6134,178.5796,44.6781,91.6503
348.0348,176.6721,45.7205,91.2357
346.6864,172.4767,46.2905,91.1193
345.2663,172.6591,46.9956,90.7545
343.9184,172.6241,47.5497,90.8244
342.5907,173.6982,48.0528,90.8285
341.6009,173.9094,47.8713,92.5672
340.4760,173.5028,47.9377,93.3804
340.6043,172.9367,47.6812,94.5126
340.5727,173.8496,47.7444,94.8955
340.8633,175.4861,47.1632,96.0532
341.0921,174.9035,46.7055,97.2184
341.4339,175.5596,46.0219,98.1377
340.0160,173.9038,46.6250,96.9835
338.8101,177.3457,46.8102,96.7794
338.8331,177.3212,46.7642,96.8283
337.8748,177.8058,46.4541,98.0858
336.8482,178.6122,46.2677,98.7127
335.8418,179.2367,46.0350,99.7092
334.9219,177.8913,45.6189,100.1439
334.8953,177.9176,45.6720,100.0914
333.7283,179.0841,45.7509,100.0135
332.5453,178.2174,45.8616,99.4915
331.3170,179.6767,46.0683,98.8227
330.1122,179.8085,46.2343,98.5591
330.0214,181.0488,46.4160,98.3211
330.1743,185.0456,46.1101,99.2970
330.2572,184.4637,45.9445,100.4608
329.2354,186.0539,45.7228,101.8110
327.8815,184.0744,46.1496,101.2080
325.4217,180.8940,46.5097,100.7296
322.8125,180.5737,47.1698,99.0910
320.2052,181.0535,47.8510,98.1315
317.8092,180.9482,48.1138,98.3422
316.4046,179.7980,48.6508,98.3704
313.9966,180.5731,48.9028,99.1020
312.4287,176.6333,49.7416,97.7935
311.0182,175.8924,50.2702,96.9830
310.9790,178.2177,50.3485,96.9116
310.0141,180.1070,49.9885,97.7128
310.2165,179.6500,49.5837,98.6267
309.4160,183.3988,48.8829,100.3366
309.7079,177.9783,48.2990,101.9187
308.4270,178.0206,48.5332,101.8340
308.1158,178.6756,49.1556,100.5241
307.0872,180.9625,48.8906,100.5947
305.9838,181.7002,48.7788,101.4379
304.6704,181.6722,49.0767,101.4938
302.2578,178.4802,49.2318,100.8729
300.7726,176.5271,49.8737,100.1218
298.4915,176.2956,49.7784,100.5849
295.8445,179.9814,50.4044,100.2150
291.9994,177.8171,51.0768,99.8650
289.3305,173.8148,51.7231,98.4864
287.9938,174.0955,52.0598,97.9249
287.7252,171.2554,52.5970,96.6026
286.5417,170.7612,52.6400,95.2670
286.3373,169.2833,53.0488,93.6129
287.6812,169.5100,52.6485,93.1596
288.0377,169.5482,51.9355,93.0833
288.2935,169.6632,51.4240,92.8532
289.5832,170.8429,51.0930,92.7424
290.5565,175.0514,51.3876,91.0491
290.8589,177.1487,50.7830,91.2971
290.9990,179.1089,50.5027,91.8058
289.7072,173.7884,50.8689,91.3601
288.3780,175.2504,51.3104,90.6531
287.1511,172.9341,51.5500,90.8577
285.8064,172.2048,52.0183,90.0949
284.5689,171.3189,52.2755,89.6490
283.3790,169.2183,52.4397,89.4190
282.2964,167.0159,52.3899,89.3940
282.3619,165.6421,52.2589,89.9278
282.6465,160.7007,51.6898,90.9329
282.7882,160.4291,51.4063,91.4762
282.8141,160.3432,51.3546,91.6480
284.0237,160.0352,51.1650,92.2639
284.0960,162.2832,51.0202,92.2387
284.0030,163.7788,51.2062,91.4801
284.9835,163.8785,51.4699,91.2808
284.8797,163.9307,51.6773,91.1764
286.0699,163.9237,51.5251,91.1904
288.3440,165.0194,51.4282,91.2247
289.5702,163.6726,51.2003,91.6936
293.1320,160.0963,50.7596,92.1635
297.0677,159.6964,49.5692,92.9634
298.5725,163.9689,48.7781,93.2922
303.2691,160.9410,48.2236,92.7187
305.7583,162.9642,47.6288,93.0558
306.9126,161.0880,47.5065,92.4354
309.3536,160.9440,46.9750,92.7234
312.7674,160.8131,46.6583,92.9852
314.9696,161.5063,46.5912,93.7674
315.9457,159.1330,46.8178,94.1562
320.0210,159.5132,47.4215,93.3957
320.8358,161.8261,47.9798,93.1457
321.5807,161.0831,48.6839,92.4378
323.8140,159.7824,48.6083,92.8436
326.0983,159.6979,48.4399,93.0127
329.1591,162.0661,48.9176,92.6758
326.6978,160.9607,49.4342,92.6835
331.3780,161.3484,48.9219,94.1202
324.5219,156.8920,49.2881,94.1356
324.3552,153.5699,49.6215,94.0873
326.2182,144.9319,48.1314,97.9481
326.6440,139.9933,47.2798,101.0249
326.7910,134.7676,46.9856,102.2888
327.2527,131.0989,46.0624,105.0061
327.3430,129.6250,45.8816,105.6205
326.3725,129.3523,45.4837,106.1660
322.6909,126.0649,45.8272,105.7210
321.3801,128.2691,46.1093,105.9918
321.1973,129.8837,46.4749,105.1109
322.2248,129.1885,46.7620,104.1592
322.4828,132.2206,46.2459,105.0950
325.3554,140.6521,45.1764,106.9349
325.3097,144.8694,45.2679,107.8826
323.9419,149.2673,45.6425,108.5302
322.5242,151.1739,46.1011,109.4709
320.9160,154.6764,46.9188,109.6617
320.3026,153.5816,48.1457,109.4354
319.8508,154.4115,49.0493,110.2098
319.3506,157.6032,50.0497,111.2105
320.4113,156.9404,50.4217,112.5360
321.6018,156.3807,50.5600,113.6555
321.1501,157.5132,51.4634,113.9285
319.2774,157.7212,52.6511,113.5123
319.0074,159.9178,53.1910,114.2641
318.3254,162.8191,54.5550,113.6474
316.6518,166.5539,55.2946,114.0007
319.4666,168.1445,54.9165,116.0708
319.8867,177.3858,56.7253,113.4840
324.4617,177.3378,55.5042,116.2230
324.5504,205.7842,55.3268,115.2273
330.1080,217.8460,54.7883,114.9012
333.4959,227.0490,53.2725,117.5355
338.2642,226.9418,51.6616,120.3917
341.3549,232.7659,50.7900,122.0179
343.6836,237.5056,51.4584,120.5274
342.8492,241.6032,53.1273,117.6388
350.4167,254.1415,53.8371,116.3296
355.8360,256.8184,53.5355,116.2443
355.6526,282.9680,53.9022,116.4991
360.8869,280.8584,53.9851,118.0805
363.6055,288.0947,53.8724,119.5816
366.1517,291.4247,54.1441,120.9680
367.0248,295.4124,55.1050,121.1135
369.7758,298.7820,55.0549,122.5524
376.2846,293.4632,53.0213,127.6980
378.7810,291.3735,53.5977,129.0928
2
0
0
0
0
1
341.6115,217.9472,36.9269,100.0804
340.7101,218.4097,38.7297,99.1554
340.0801,218.5510,39.9897,98.8729
340.1642,217.5582,39.8216,100.8584
339.7147,215.3651,40.7206,100.9194
339.2169,213.1086,41.7163,101.0732
338.6344,215.4548,42.8812,100.7799
339.3698,214.0243,43.6264,101.4249
340.0114,213.8753,44.5818,101.7228
340.7255,214.7023,45.4131,102.3285
341.2505,215.0096,46.6463,101.7139
340.6330,215.4358,47.8811,100.8615
340.1736,214.5369,48.7999,100.3544
340.0962,212.9910,48.9547,101.1326
340.3861,212.5850,48.3749,101.9446
339.7124,212.2175,47.3931,102.6797
340.2090,211.0640,46.3997,102.6637
340.5607,210.7135,45.6964,103.3648
339.5589,212.2044,45.3969,102.6860
338.5514,213.7370,45.1240,101.9087
337.3052,214.2310,45.3444,100.9208
337.2650,212.4413,45.4249,99.9773
337.2873,213.5275,45.3803,100.0539
337.2367,214.9453,45.4816,99.4678
336.9337,214.2694,46.0875,98.5769
336.8404,210.9104,46.2741,98.5738
335.3276,212.6662,47.0560,97.3059
333.7984,215.2743,47.8757,96.5670
333.5586,215.3902,48.3554,96.3352
333.4563,215.4991,48.5601,96.1175
333.3911,215.1849,48.6905,96.7458
332.3025,214.1743,48.6087,96.5083
332.1227,214.4808,48.9683,95.8952
331.0618,213.3994,48.8388,95.8069
329.7630,214.9000,49.1888,95.0532
328.4863,213.9406,49.4996,94.7295
327.2021,217.4475,49.8247,94.4454
328.5128,217.6130,49.4481,94.1143
335.7962,219.2162,48.2810,93.1412
335.0946,220.6198,47.4853,92.5329
334.3275,219.4229,46.8433,92.7505
334.6060,218.1659,46.2861,93.0960
334.9824,215.6414,45.5334,93.8173
335.3051,212.9343,44.8880,94.9089
329.3454,211.4423,43.8113,95.7269
328.2876,210.1154,43.7679,96.2217
322.2972,212.2188,44.9210,94.1805
320.3378,213.0768,46.6839,92.4644
315.2425,212.6773,48.2286,91.1019
311.1631,205.2811,49.8833,90.7179
303.3426,200.0339,52.3800,90.2587
