1
336.0681,119.4552,19.4723,26.5781
329.2405,118.4133,20.4557,27.2114
324.3067,118.4418,21.4398,27.1521
320.9799,117.6392,22.0938,26.8897
315.7414,117.6777,22.9740,26.3347
313.2937,116.8460,23.2834,26.3303
309.6109,119.1889,23.3554,27.2786
303.6006,120.3737,22.2937,28.8142
300.5685,121.0223,21.5514,30.4953
297.6246,119.2525,20.9543,32.2600
294.3572,118.7499,20.8097,33.0924
291.5842,116.4419,20.9810,33.5816
288.0974,118.0121,21.4408,33.7189
285.5323,116.5075,22.0715,33.5316
282.4340,117.6404,22.3791,33.4280
278.4651,115.9381,22.9557,33.2970
275.5451,116.6802,23.3693,32.6847
272.6504,115.6755,23.1704,32.6690
269.6717,117.0970,22.6844,33.2557
266.2489,114.4684,22.7064,32.1080
264.1178,115.0706,22.8327,31.1644
261.7330,115.0666,21.9661,30.8029
258.7792,114.5190,22.0032,29.7068
255.4142,114.4806,20.9741,30.9931
251.5974,115.9840,20.9563,30.7253
247.3564,115.1675,21.2375,30.4289
240.4470,115.8464,21.2873,30.5628
234.4225,113.9834,21.3810,30.8538
229.4501,114.4282,21.8718,30.8919
222.7398,113.0327,22.1093,30.5355
217.3029,114.0311,22.8575,30.7222
212.8645,113.6993,23.8374,30.5255
207.9088,115.1870,24.4928,30.6082
206.0987,113.2716,22.7062,32.3460
203.1703,116.4042,22.8174,31.7465
198.6151,117.6128,23.3526,30.5849
193.4228,119.0633,24.2252,29.6148
188.3917,118.1134,24.5675,29.2651
184.6420,119.5597,24.3590,29.4104
180.8827,118.0236,24.6051,29.2775
177.3082,118.1594,24.2947,29.3804
171.4801,118.6534,23.1677,30.3670
167.5929,118.3596,23.3164,30.0725
163.2829,118.7024,23.4036,29.6396
159.5568,120.0990,23.4670,28.9108
156.0911,120.6637,23.0645,29.0934
153.2318,121.7503,22.9847,28.5369
149.3707,121.8490,23.8114,27.6252
148.8309,122.8081,23.7298,27.4312
146.9733,124.1628,24.2176,26.4885
146.5584,128.4006,23.9869,27.1158
145.6140,127.0739,23.8895,27.7670
145.4639,129.6044,23.6480,28.4815
147.1988,128.0741,24.3711,28.6859
149.2087,128.4442,25.3234,28.3034
151.3725,128.8128,25.9661,28.1645
152.6425,126.6062,26.0483,27.7911
152.7276,125.7103,26.1950,27.0898
154.2510,125.3942,25.2227,27.5792
155.8879,124.5114,24.1656,28.0667
156.6752,126.2468,23.7865,27.9271
157.1982,123.9840,23.0861,29.1989
157.7682,127.4051,23.0471,28.8873
159.9447,131.0039,23.5245,27.8923
163.2585,134.2272,24.3291,27.0719
166.6801,134.2824,25.0876,26.8145
168.7126,137.2525,25.2177,26.9236
172.4051,136.7113,25.6042,26.9819
175.3470,137.8006,26.1186,26.5664
177.4027,138.8550,27.2709,26.5329
181.4266,139.7150,28.5568,25.1905
184.9930,140.8420,29.4263,24.6939
188.7563,141.8799,29.8601,24.1131
196.0326,142.6853,29.9412,23.6731
199.6578,143.2722,30.3395,23.2470
203.9015,143.5424,30.9656,23.2836
210.1545,145.2426,31.3498,23.2253
215.9986,145.2184,31.0634,23.6402
223.9797,145.5540,30.4278,23.8803
228.0819,145.4036,30.6795,23.8527
235.6568,146.0149,30.1663,23.8472
243.5001,146.1601,29.2135,24.1743
246.7000,146.2488,29.2911,23.9867
250.7940,145.8760,29.5601,23.8758
254.3627,146.5480,30.6327,23.4960
261.3321,146.2355,30.1072,23.8154
264.9072,146.8016,29.8066,23.9244
271.5610,147.3230,28.9336,24.2711
275.9216,149.0336,28.0338,24.6810
279.1702,147.5617,27.7404,25.0107
282.1563,147.0147,26.9549,25.0771
285.9170,145.7120,25.6744,25.6575
287.8528,146.1360,24.7549,26.3374
289.0988,145.7007,24.4745,26.5811
289.7202,145.9029,24.3578,26.5715
291.3406,144.1991,23.8807,26.6028
292.3362,144.7161,23.5329,26.6406
294.4794,143.8634,22.8955,26.8623
294.8611,144.1241,22.8760,26.5538
295.2504,143.8443,22.6533,27.1420
297.6158,142.8703,21.7184,27.6666
296.2109,142.4456,22.3705,27.1281
294.8312,142.6686,22.8888,26.5451
294.8981,142.7618,22.8757,26.8150
294.6466,142.5244,23.0452,26.6701
295.2851,142.6467,22.5897,26.8376
295.9924,142.3823,22.5078,26.7475
297.9213,139.9919,21.8232,26.4649
298.2008,141.4469,21.6023,25.9975
299.1861,140.7099,21.5880,25.8103
299.2870,140.3548,21.9028,25.1996
300.4853,139.7620,22.3584,24.6097
301.9346,141.4078,22.1655,24.8288
302.5042,140.7561,22.0005,24.7468
303.3770,140.4083,21.7213,24.9534
304.0746,139.3552,21.3766,25.1861
303.7812,139.3837,21.4057,25.1788
304.8220,138.1968,21.3803,25.2685
303.4554,137.7712,21.5279,25.2457
304.2870,137.8468,21.1365,25.4850
304.3672,136.8636,21.3458,25.9283
305.3342,135.3788,21.0460,26.2197
304.3510,135.8547,21.3215,25.8587
306.0326,134.0533,20.5885,26.2385
307.1257,134.7246,20.0525,27.6187
308.8360,133.6468,19.5610,28.2153
306.8465,133.9389,20.4304,27.8757
308.0716,134.6005,20.3339,28.8549
308.1484,133.8612,20.4893,29.6321
308.9368,135.2387,20.2667,30.2906
309.0616,132.2377,20.0168,31.7235
309.2915,132.1143,20.4491,31.8387
309.7078,129.9459,20.4562,32.6859
309.5081,131.8000,20.8730,33.3099
309.7261,129.7710,21.1147,34.1321
309.5851,131.0410,21.3878,33.9331
309.6028,129.0598,21.3554,34.7819
309.8871,130.0938,21.4798,35.1033
308.8889,128.1413,22.1677,34.8173
310.7722,130.0843,22.2027,35.0716
311.2163,128.9756,22.0525,34.9699
310.0592,127.9797,22.7289,33.8480
312.4671,126.5058,22.0089,35.3999
311.2137,128.4763,22.2555,34.9882
311.6553,128.2137,21.8591,35.6806
311.8432,127.0803,21.6269,36.2079
311.9696,126.8640,21.6100,36.6693
312.2755,129.1233,22.1264,35.6077
312.6731,126.3849,21.6687,36.2216
312.0005,127.5369,21.1178,36.5604
312.0492,124.6210,20.8758,37.0199
313.7848,125.7309,20.8545,37.4906
312.6035,125.3511,20.7468,37.3846
313.1588,124.8093,20.9124,37.0178
312.1370,124.3129,20.8661,37.2656
312.2140,124.5939,21.5477,36.8081
312.7883,124.0612,21.3400,37.4183
312.6682,123.4208,21.3733,37.1603
311.8720,121.5076,21.8581,36.6728
311.6967,122.2270,21.6043,36.7522
310.7661,121.3829,21.5245,37.2735
309.3801,122.1520,20.9674,37.9192
309.1356,120.2088,20.7344,38.3396
308.9805,120.8699,20.5127,38.8183
309.7901,118.7925,20.4073,39.1750
311.0384,119.7040,20.0785,39.4190
310.4084,119.1616,20.0216,39.5882
310.4977,121.2828,20.3196,38.9347
309.7578,119.4749,20.2813,38.8799
309.7484,119.9208,20.1128,39.0409
310.3009,119.8845,19.7394,39.4421
310.4997,119.7028,19.5161,39.5932
310.5787,120.4198,19.5233,39.0382
309.5028,120.3862,19.6340,38.2674
309.9428,119.8073,19.8395,37.4438
309.2041,120.5372,20.2154,36.7111
309.6585,119.7826,20.1812,36.3876
309.9208,121.1636,19.9146,36.2066
308.5229,120.6401,19.7092,36.4317
309.2273,120.5390,19.4621,36.6705
309.0590,119.1198,19.2200,36.2829
308.7734,119.7294,19.3499,36.1248
309.0101,119.1436,19.1134,36.3345
307.3418,122.2694,19.9360,35.3215
306.4602,121.9173,20.8275,34.7502
307.2425,118.9403,20.4891,34.6420
308.2392,118.9638,20.4555,34.4286
308.1492,120.3639,20.4916,34.6480
307.8832,119.5002,20.5182,34.9756
307.4212,117.8650,20.3882,35.2227
307.7440,119.4539,20.4771,34.5155
309.4622,116.3048,20.6493,35.1648
309.0929,116.3579,20.4056,35.1637
310.0736,115.9951,20.5161,35.1859
310.7414,116.9408,20.5011,35.3039
311.8666,116.2109,20.2847,35.3851
312.3441,117.3223,20.2318,35.7115
312.8275,117.5377,20.3660,35.9894
311.5479,116.7514,20.3541,36.4769
311.0766,114.8418,21.4720,35.9986
311.7992,115.2017,21.6957,36.7723
312.0427,114.5084,21.8071,37.2845
312.2321,114.0548,21.8669,37.6901
311.4007,113.2731,22.4132,38.1138
310.4762,115.4265,23.2349,37.9420
310.6078,112.2132,24.2675,37.8177
309.2336,113.8189,23.6791,38.9300
307.8634,111.5321,23.3028,39.7902
306.4200,106.9388,23.6519,38.6851
304.6865,104.9377,23.9832,38.1875
304.5214,106.6179,24.2080,38.0281
304.9982,107.7806,23.8931,38.4707
304.5052,106.4588,24.0814,38.1286
303.8380,103.8595,24.4475,36.9224
304.0859,105.8287,24.2728,36.9826
303.7780,104.9752,24.2920,36.3539
303.3167,103.2419,25.0081,34.9627
302.3031,103.9691,25.3202,33.8436
302.2774,104.9926,25.0035,33.3076
301.8510,103.9031,24.9941,32.3514
302.5610,105.8189,24.4818,31.9926
301.2586,103.9948,24.1726,31.6494
301.9350,107.6331,23.4506,32.2630
301.4735,106.5196,22.6412,33.7145
301.1078,106.2318,22.2585,34.5327
300.3527,105.2379,22.6466,34.6708
298.6263,105.7959,22.9211,35.2525
296.3482,104.6360,23.2211,35.7316
295.2579,104.2360,23.8264,35.1950
292.8256,103.7577,24.5031,34.6741
290.6372,104.1529,24.8366,33.9933
289.0695,103.4754,25.2229,33.3879
287.5808,104.6705,25.3481,33.1245
287.4168,104.2621,25.3948,32.7512
287.3041,103.4694,25.7265,32.1356
285.5943,104.0171,26.0664,31.6088
283.1536,102.1902,25.6105,31.2888
282.3256,101.1903,25.2629,30.7880
282.1199,102.0382,24.4694,30.3816
280.4319,101.1774,24.5550,29.8215
279.2384,101.3596,24.4817,29.4165
277.7779,100.8858,24.2534,29.3387
276.7779,101.3037,24.6461,29.0081
275.2773,101.3676,24.6937,28.8857
273.3316,101.7100,24.4814,29.0605
272.2918,102.9449,25.3859,28.5643
272.8339,104.5919,25.6532,27.7989
271.1903,104.6788,25.8587,27.4759
269.4716,106.5076,26.0884,27.1854
266.9899,105.4344,26.1879,27.1695
265.8293,107.2015,25.9390,27.0319
264.6074,105.7970,27.0314,26.3138
262.9840,105.8759,26.1405,26.9253
261.6451,106.7941,25.2925,27.8703
261.2409,106.0385,25.8054,27.2496
260.5677,105.5435,26.0798,27.0491
258.9711,106.8074,25.1560,27.8769
257.1139,106.5043,24.8944,27.8694
255.8990,107.0369,24.5476,28.0406
254.8647,105.9253,23.5130,28.9567
253.4804,107.6957,23.7057,28.1839
253.3442,108.5601,22.3007,29.3171
253.3871,108.9774,20.7496,30.6219
251.5567,107.7227,20.6340,30.4110
252.7949,107.4824,20.4952,30.0853
250.9868,106.3360,20.4462,29.7837
248.5471,106.8292,20.3581,29.3338
248.8685,106.5880,20.8794,27.8984
247.9581,107.0371,21.8710,26.3500
246.6040,108.3913,21.6697,26.1061
246.0703,108.4068,20.8953,26.3913
246.3375,107.0679,20.6393,26.0935
246.4939,107.5506,20.9996,24.6178
244.5359,106.9658,22.3885,23.2803
243.9010,108.8213,22.6072,22.3069
243.2166,109.0787,21.9980,22.2196
242.7536,109.0447,21.6685,22.3038
242.2005,108.1189,21.6301,22.5406
243.2397,108.3974,20.9885,22.7440
241.7565,108.1742,21.1838,22.4343
241.8907,108.5368,20.7769,22.2702
240.4607,108.5246,21.4822,21.4273
240.3372,108.3111,21.6818,21.1150
241.3822,109.2014,21.9807,20.5732
241.8305,110.0909,22.3396,20.1047
238.4852,110.4600,22.8701,19.5286
238.1127,111.5393,23.2941,19.0095
236.2158,111.0293,23.3288,18.9662
236.5444,111.2969,22.9813,19.0260
237.1526,111.3546,22.3672,19.3222
238.4960,113.0238,21.3408,19.7637
235.7412,112.6491,21.2446,19.5948
236.7945,113.3052,20.6149,19.8361
232.5244,112.3200,20.5102,20.1894
230.1295,112.2905,20.5500,20.4692
228.3860,112.2219,21.0807,20.2956
228.1605,113.3939,21.3872,20.2540
230.0004,111.2039,21.4011,20.7550
227.7993,111.1658,21.3842,20.5468
227.9157,111.5848,20.8649,20.4650
227.6563,110.0126,20.2192,21.1686
224.9702,111.3920,20.7995,20.5068
224.7399,113.3278,21.1453,19.8073
223.8188,112.4881,21.2477,19.3942
223.6127,112.7860,21.2506,18.9765
222.4321,113.2358,20.9787,18.6424
221.6212,113.4532,20.1708,18.7536
220.5045,112.4501,19.5339,18.7118
220.2227,111.8891,18.8780,18.9689
219.5990,111.1493,18.6250,18.8136
217.5790,109.8960,18.2987,19.0372
212.9792,110.9923,18.3956,19.1487
210.6471,112.4638,18.6078,19.0307
209.7099,113.4512,19.2457,18.4548
205.4418,116.0922,20.1182,17.9465
200.8830,118.1510,20.0119,17.8903
198.7118,118.2860,20.1039,18.3640
195.0994,118.0637,20.2228,18.8234
194.6843,117.7096,20.6988,18.8186
190.4608,116.9977,20.7044,18.8462
187.1418,117.6767,20.6112,19.3661
183.9081,116.4043,20.3872,19.2294
182.3640,115.3944,20.4302,19.1269
181.8965,114.9426,20.8291,19.2548
177.3055,114.4795,20.3449,20.0278
174.9491,113.8808,20.6658,20.1736
172.4582,113.3634,21.0472,20.2157
170.7155,112.3573,21.1810,20.6385
167.8313,112.3224,21.6851,20.9799
164.5404,111.9394,21.8431,21.5974
162.6649,111.7210,21.8443,22.4877
159.0380,110.8332,21.7508,23.4322
157.0387,110.5436,21.3624,24.0616
154.5779,109.0449,21.3494,23.8758
154.0070,109.5467,21.1762,24.3486
150.0219,110.7286,22.3977,23.7471
147.1225,109.0779,22.2736,24.0483
144.5447,109.6079,22.3805,24.1732
141.4768,108.0333,22.7167,24.3396
142.0701,108.3145,23.2914,24.6301
140.3825,107.7945,23.4763,24.8982
137.7379,108.9061,23.6221,24.7784
134.6953,108.6636,23.5829,24.5616
133.0413,109.4615,23.9251,24.5383
129.9955,108.4232,23.8375,24.1907
127.3317,108.5682,23.8769,23.8137
124.0276,108.6599,24.2595,23.5030
120.2814,109.3142,24.8432,22.8613
116.7261,108.4170,24.9754,22.8015
111.7175,109.1876,25.2806,22.6229
107.9516,108.3896,25.1699,22.6887
103.1650,109.3523,25.2439,22.6243
111.1662,119.5936,23.5613,24.7911
111.2451,125.8232,23.1647,25.8691
107.7277,125.6549,23.0179,26.9084
103.4808,123.7214,22.8039,28.1016
98.7694,118.4455,21.9742,29.8630
95.5203,117.5614,21.9417,30.3891
89.7214,115.0006,22.0722,30.2642
85.2796,116.9979,23.0960,29.4588
80.8306,117.1519,23.5061,29.5013
76.7681,117.6907,23.9101,29.0437
73.2600,116.9138,23.7529,29.7870
68.3138,117.5028,24.8936,29.5161
63.0782,116.8708,25.8881,29.4975
57.9974,116.7672,26.5725,29.9234
52.8487,114.6439,26.9221,29.7147
48.0665,115.2475,27.7053,30.1433
43.4899,112.8648,29.0033,30.1951
37.8600,113.8039,30.3791,29.3823
32.3772,112.1705,31.2692,29.3413
27.8601,112.0342,31.7243,29.3053
23.1185,109.9412,32.2249,29.6809
20.3580,110.8557,32.3090,30.2207
17.2065,110.7756,32.0872,30.7020
14.2483,110.9977,31.6252,31.8466
