1
527.0984,57.1491,19.1398,19.3549
525.4088,64.7903,18.8818,19.2277
523.2841,81.1376,18.9303,18.9409
523.7776,90.4512,18.5396,18.8021
519.7955,106.0188,18.2711,18.8337
519.8923,114.8878,18.0774,18.6250
517.7864,126.8194,17.6656,19.0368
508.6006,142.2729,18.1225,18.7580
511.0390,154.4438,17.8919,18.8087
519.9457,165.8737,17.9939,18.4876
530.3964,170.4688,17.7745,18.4895
540.1807,175.4587,17.6220,18.2177
551.0480,187.1586,17.8984,17.9575
559.3630,191.6712,17.6435,17.9670
569.2760,202.7567,17.4452,18.2276
578.2249,209.6778,17.5231,17.8671
581.7263,222.0242,17.7654,17.6964
590.7341,232.3933,17.6204,17.6211
596.9913,241.4754,17.3156,17.7713
604.0502,252.3806,17.5637,17.5098
606.9940,262.8834,17.1996,17.4933
608.5017,266.8953,17.4621,17.1181
612.8474,265.1263,17.4837,16.8441
615.8934,264.9463,17.3380,16.6636
621.6719,265.6656,17.5606,16.2959
624.1064,265.5386,17.4894,16.0168
625.8297,267.5517,17.7356,15.6833
630.6503,271.7565,17.5629,15.6902
631.5582,272.7077,17.8410,15.3581
635.3989,271.7116,17.9963,15.2607
638.3178,269.8878,17.9146,15.2451
636.7609,267.9419,17.8979,14.9629
640.5508,268.1151,17.5558,15.1334
640.0969,268.9122,17.4347,15.0824
642.2650,273.2051,17.1923,15.1963
642.3311,274.9853,17.0603,15.2046
642.3757,278.4005,16.9709,14.9769
649.1077,277.2509,17.0844,14.7617
647.8894,279.0359,17.0151,14.7001
650.0033,277.4122,16.7803,14.9527
