1
81.2272,145.0064,27.4102,25.4745
82.4669,144.4206,27.4289,25.8134
82.3174,143.1203,27.7278,25.8989
82.2702,140.8956,27.8222,26.1263
81.8314,140.7999,27.8503,26.3177
81.5428,139.6530,28.4274,26.0527
81.2416,137.6634,29.0299,25.7430
81.1817,136.9304,30.0120,25.4848
80.8401,135.2931,30.6950,25.2664
80.1115,134.2876,31.2720,25.5170
80.4600,130.8888,31.4683,26.0623
80.8304,130.1141,31.6325,26.7068
79.7097,128.0340,32.0380,27.1953
78.5090,125.0060,32.5754,27.6591
77.1802,123.7466,33.3374,28.2824
75.8555,121.0245,34.0476,28.8787
73.9047,117.5369,33.9887,29.9132
74.2111,113.5276,34.3818,30.8911
73.1056,110.1327,34.5376,31.5155
72.9425,106.7628,34.8638,32.0156
72.3361,103.9384,35.0237,32.3995
72.7094,100.1218,35.3386,32.6017
73.2010,97.3050,35.4251,32.8867
73.7182,94.3550,35.4664,33.4087
76.3345,91.0023,35.6563,33.6070
78.2933,88.7436,36.1013,33.7619
79.0717,87.0543,36.7447,33.8404
80.7888,85.3860,37.7558,33.8430
81.8533,83.8970,39.0081,33.4396
83.5225,83.4736,40.2300,33.1464
83.5040,79.6565,41.4212,32.7012
83.4167,79.0570,41.5957,32.7350
83.1015,74.3937,42.2262,32.7137
82.9436,70.8366,42.5420,32.7613
82.1763,67.1855,42.8932,32.9632
82.0962,64.7829,43.0535,33.0002
77.7865,63.4153,43.3073,33.3453
77.5745,61.4302,43.7313,33.7017
78.9308,58.8654,44.6693,33.9640
78.0044,56.9063,45.2866,34.1758
76.4482,55.5605,45.9024,34.3708
76.7733,54.9561,46.5130,34.3186
75.8342,54.1384,47.1219,34.6847
74.9959,53.4130,47.5141,34.8510
74.8033,53.4047,47.8991,34.8677
74.8832,53.3073,47.7394,35.0624
74.2453,54.0774,47.7150,34.8223
73.0554,56.0199,47.5033,34.8249
75.3974,54.4700,46.6972,35.3393
75.9958,52.1139,45.5003,36.1851
76.4511,52.4144,44.5898,36.8684
78.6243,53.2025,44.0875,36.5736
77.1314,57.4927,43.2667,36.8754
74.9665,61.8714,42.5522,36.9454
77.1734,62.1674,41.8919,37.6045
76.9126,66.2624,41.1620,38.1748
80.8699,69.2846,40.7424,38.3762
82.2600,72.3846,40.4539,38.4053
84.2775,72.9759,40.1442,38.4646
85.1877,74.0685,39.5616,38.7551
86.3980,75.4416,39.6077,38.4755
88.5009,74.0575,39.0908,38.7844
89.9754,73.9111,38.5945,39.0773
89.8984,73.8735,38.7485,39.1525
92.3130,75.1483,38.8265,39.0563
94.3066,75.1469,38.5188,39.0592
93.9736,75.5065,37.9630,39.5617
95.3282,74.7739,37.6955,39.8061
94.2849,75.7841,37.3413,40.2264
96.6117,74.0336,37.5730,40.0634
95.0426,74.4109,37.0438,40.5314
94.5453,74.9755,36.8170,40.6235
93.9913,75.0727,36.7060,40.4291
94.0239,75.2066,36.6406,40.1613
93.5139,74.7451,36.4515,39.8750
93.1727,75.8954,35.9322,39.9780
94.0861,75.7606,35.3003,40.2476
96.4627,76.4923,35.3035,39.9732
96.0407,77.0702,34.9628,40.0023
96.0502,75.9782,34.9437,39.8265
95.7256,76.4250,34.4160,40.1098
96.3988,76.4668,34.2424,40.0262
94.6686,74.8372,34.1967,39.7792
97.6525,72.5161,34.0497,39.7648
97.1585,72.5144,33.8761,39.7684
97.6353,70.9252,34.0813,39.4701
98.7236,71.0452,34.2198,39.2302
98.5642,71.3074,34.5386,38.7058
98.4388,71.4631,34.7893,38.3945
99.4293,72.2008,35.1127,38.0711
100.2667,73.0253,35.7424,37.5745
101.6562,72.7202,36.4270,37.0301
100.9063,73.3414,36.7698,36.9445
101.1951,72.3525,37.3532,36.6007
101.0096,71.8340,37.7243,36.4730
100.4263,71.1999,37.7224,36.5727
101.4149,71.2691,38.0850,36.4345
100.8528,70.6583,38.0358,36.4825
102.8265,71.3675,38.7823,36.2375
102.5215,71.4459,39.3923,36.0808
102.1477,69.0986,40.1399,36.0224
99.6822,69.5527,40.2749,36.3131
99.7037,69.7851,40.2321,37.0541
98.3034,70.2197,40.5990,37.4017
98.5908,69.6021,41.2522,37.4087
97.7805,71.2810,41.6344,37.7661
98.4357,71.5972,41.5741,38.3836
98.0991,71.0956,42.2472,38.1280
100.7658,67.0351,41.9751,38.6569
100.8191,65.4223,41.8686,39.3435
99.6832,65.0424,41.5827,40.1033
99.9398,63.5344,41.0696,40.5466
98.0544,72.5306,40.9846,40.5482
97.1031,74.9582,41.6033,39.5449
95.5415,73.2209,42.1707,39.1862
94.9089,71.9325,42.1550,39.2009
95.0286,70.4464,41.9156,39.6113
97.9469,70.8609,41.2139,40.0658
98.9753,71.3403,40.4371,40.3871
98.3943,72.7985,40.3263,40.0163
101.4786,75.3339,40.4839,40.0064
100.1136,74.1056,40.6787,39.9281
97.8302,76.2218,41.4374,39.5036
89.8006,75.3063,42.2017,38.7856
101.1296,77.3995,42.4958,38.4245
99.8821,78.7195,42.4428,38.3323
98.6818,78.6758,42.3002,38.4197
98.8857,79.7528,41.8925,38.8073
97.6082,79.7722,41.9061,38.7686
96.4828,80.2450,41.6165,39.0932
93.4701,80.6397,41.2876,39.5748
89.7565,80.5733,41.0746,39.7075
91.1039,82.4315,40.9241,39.8074
92.3824,85.8129,40.9098,39.4012
93.1513,89.3055,40.6367,40.0043
95.2590,87.3461,41.5009,38.8434
95.1176,87.1288,41.7837,38.0128
95.1966,88.4745,41.6258,37.8340
96.1002,90.6043,41.0695,38.5783
96.2719,89.6144,40.7261,39.3039
96.8760,88.7803,40.7782,39.7118
98.4364,84.8426,41.4600,39.9820
101.4894,84.0875,41.7665,40.2097
104.4348,83.4690,42.3302,40.1559
105.1902,83.3121,42.1182,40.4697
105.9184,82.5145,41.9623,40.7645
108.4788,81.7354,42.0525,41.0197
110.2410,78.7704,42.4529,40.4088
112.0350,78.8764,42.7791,40.1968
112.5306,78.4109,43.0945,39.8213
112.8088,77.0482,43.8437,38.6300
114.4647,77.3050,44.4263,38.1165
114.9333,77.3390,44.7880,38.0485
113.4070,78.1597,45.2337,37.7105
112.5893,77.6206,45.5643,37.4840
113.8525,79.0202,45.6505,37.2974
113.3983,78.2864,45.2542,37.4602
112.1520,77.7608,45.1447,37.2103
113.9812,77.3248,45.3724,36.7870
114.0624,74.9086,45.2100,36.4510
115.5729,73.7172,44.7573,36.2655
115.7923,73.1270,44.3185,36.1716
115.1432,73.2887,44.3508,35.8483
115.2315,73.4267,44.1743,35.5723
116.4644,73.5577,44.2164,35.3102
115.6152,73.2693,44.6644,34.6366
116.5576,71.7819,45.2724,33.8726
119.9845,71.5676,45.8774,33.0580
122.9948,71.6780,46.0516,32.8371
126.0643,71.7205,46.1025,32.7520
124.0629,71.1830,46.3933,32.5897
126.4837,70.5517,46.5079,32.6134
127.9983,69.1436,45.9612,32.9472
128.7887,67.8220,45.6187,33.1134
127.7817,66.9233,45.1608,33.6749
127.2569,66.7237,44.9723,34.0740
128.0067,66.5991,44.7145,34.3233
127.9791,67.1388,44.7696,34.4859
129.1879,67.0592,44.8431,34.6451
129.3819,67.6824,44.4550,34.6479
130.9184,68.1583,43.8687,34.9395
134.3439,67.9386,43.2130,35.3789
134.0365,69.1349,42.5918,35.4585
136.8932,69.7720,41.7897,35.4121
138.4705,71.0479,41.0647,35.2899
140.0094,71.6752,40.3901,35.2369
140.6919,72.4795,40.2153,34.8185
141.2014,75.0836,40.3772,34.3338
141.0427,75.9365,40.6946,33.8036
140.7528,76.8506,41.2744,33.1473
139.4425,78.8823,41.5545,32.5946
138.3769,80.1074,41.3546,32.4757
147.5724,57.3541,40.3722,32.7197
147.3707,54.4488,39.6262,32.7828
147.0408,54.4762,39.1468,32.7281
2
0
0
0
0
1
135.7346,92.2673,39.0415,24.4766
135.1781,91.3628,38.1672,25.2920
134.0775,91.2777,38.3799,25.4622
131.8867,90.9133,38.7607,25.1907
131.9838,90.2661,38.5665,25.4836
130.0659,90.1423,38.3886,25.7313
130.6572,90.9715,38.2108,26.0825
131.5502,93.0474,37.4329,26.9707
133.2072,97.8688,37.1516,27.4366
131.6291,101.9438,37.2649,27.4007
124.6106,106.2138,37.0866,26.9839
118.3561,102.4994,37.5254,26.3659
119.1142,111.3970,38.0139,25.6101
117.5907,104.4214,38.0693,25.6006
120.1390,116.5048,37.9620,25.3826
116.9770,119.7392,37.3377,25.8622
2
0
0
0
0
1
113.8814,85.9124,26.0758,30.9756
116.1895,85.8504,26.8452,31.0996
116.2936,86.3276,27.5489,31.0572
116.5760,86.5001,27.9067,30.7121
119.3022,86.6382,27.9915,30.4361
120.4285,86.4890,27.5786,30.7344
121.5553,86.2294,27.1611,31.2535
123.1112,85.9807,26.8073,31.7510
124.0981,85.2095,26.6762,32.3720
126.8642,84.6583,26.7169,32.5455
128.2782,83.6323,26.6852,32.7334
128.7349,83.5102,26.7064,32.9776
131.0493,83.0225,26.7707,33.0143
131.5773,82.8669,26.6548,33.3256
134.6762,81.0695,27.0588,33.1480
135.0207,80.5948,27.3167,33.1503
136.1548,80.3425,27.9020,32.7038
137.7939,80.1261,28.4383,32.1830
139.4583,78.8587,28.9265,31.8551
143.0057,78.5767,29.4870,31.4621
145.3312,76.4046,30.5941,31.0079
147.6545,76.5792,31.7682,30.6588
148.7155,76.0511,33.5784,29.7488
150.9182,75.3219,35.1539,29.2136
153.7252,74.5706,36.6280,28.6909
155.2350,73.2322,37.7154,28.2875
155.7861,72.2972,38.6868,28.0839
156.0587,70.5845,39.1898,28.3649
156.4103,69.4115,39.5471,28.5899
158.1617,68.3168,40.3224,28.6402
158.3410,67.1508,41.0459,28.8081
157.1504,66.8293,41.2355,29.4510
152.4870,65.8905,40.5786,30.2193
155.3772,64.0271,40.3580,30.6103
152.9159,63.1096,39.7056,31.3304
153.8200,62.2593,39.0141,31.9142
154.7779,59.7133,38.2139,32.5439
155.7966,59.3451,37.2899,33.2802
157.6407,57.5913,36.9345,33.4553
158.4490,56.2965,36.4261,33.8284
159.6534,53.9697,36.2295,34.0573
160.9112,52.1292,35.9274,34.4182
160.9169,51.9408,35.9160,34.7950
162.5592,48.9592,35.9720,35.1904
164.6666,46.5460,36.2399,35.5343
167.8735,44.9157,36.6078,35.4040
168.5064,43.8733,36.4760,35.2209
169.0502,42.8780,36.5175,34.9532
169.1674,42.8195,36.2830,35.0703
169.0250,42.4074,36.5679,34.7710
169.4298,41.9470,36.8816,34.5684
169.7111,42.7283,37.4440,34.1307
169.4758,42.8873,37.9147,33.8128
169.7999,43.0230,38.3956,33.5413
170.6615,43.1502,38.9367,33.2871
170.7790,42.4284,38.7017,33.5941
170.7221,43.6194,38.8155,33.4878
170.7373,43.5983,38.7852,33.5300
170.7210,43.6572,38.8178,33.4121
170.5115,44.8855,39.2367,33.2289
170.5473,45.3333,39.1651,33.4736
170.5404,44.6789,39.1790,33.6392
170.4289,44.7521,39.4019,33.4929
170.2053,44.8608,39.8492,33.2754
170.4789,45.4690,40.4524,33.2095
170.1133,45.5352,41.1836,33.0770
169.2266,45.5719,41.7893,33.0035
168.8979,45.6001,42.4467,32.9473
168.6391,46.0135,42.9641,33.3054
168.3362,46.6142,43.5699,33.3026
167.7214,47.0962,43.5917,33.5465
166.9561,47.0874,43.9102,33.5642
167.3195,47.0917,44.4007,33.5556
166.5006,47.1115,44.8137,33.5160
166.7286,46.5700,45.5882,33.3686
166.6155,46.3493,45.8143,33.8101
165.7952,46.7117,46.2045,34.3356
166.1129,46.1723,46.8341,34.1495
166.4507,45.5886,47.4299,34.0454
168.2127,45.5377,47.7422,34.1472
167.6866,45.8510,47.5092,34.8058
168.3940,45.7061,47.3867,35.0955
167.9020,45.4556,47.0756,35.5965
167.3109,44.6372,46.9590,35.9346
167.3743,44.5274,46.8320,36.1543
167.2574,43.8174,47.0659,36.2701
166.5140,43.7450,47.2430,36.4149
165.7802,44.4162,47.3961,36.3871
165.1038,44.4637,47.4322,36.2922
165.0662,44.5152,47.5075,36.1892
165.0872,44.4712,47.4653,36.2771
165.0047,43.8721,47.6304,36.1596
164.8521,43.9338,47.9355,36.0362
164.6997,43.9614,48.2405,35.9809
163.3783,43.9417,48.2376,36.0203
163.4689,43.0564,48.0564,36.4675
162.7654,42.8119,48.1354,36.9565
162.7495,43.3136,48.1673,37.2903
160.6488,43.1591,48.3395,37.5993
159.2455,44.9346,48.4446,38.1005
156.7176,46.8941,49.4190,38.2629
155.0169,48.8505,50.0644,38.4840
154.0042,50.1452,50.6983,38.6776
153.1749,52.0722,50.9527,39.0367
151.6003,52.0078,51.2737,39.1654
150.9429,51.8831,51.1674,39.4148
150.1431,51.8961,51.3436,39.3889
150.2970,53.3409,51.0358,39.3508
148.7562,52.8154,51.2765,38.9813
148.0971,54.8963,51.1766,39.0738
147.3857,51.8840,51.1813,39.4260
146.2704,55.0977,50.5641,40.1180
150.1134,55.5033,50.0065,40.7326
148.6645,59.4670,50.0503,41.3677
147.7225,60.9847,50.4962,41.2084
151.8996,59.9038,50.7960,40.4856
149.6099,60.1543,51.0697,39.9845
148.7800,60.4218,51.2981,39.4496
148.5352,57.8717,51.7878,38.8455
147.5963,52.9818,52.2419,38.6597
148.9133,51.3086,52.4629,39.1512
147.5038,51.1301,52.4042,39.5081
146.1608,56.9293,52.2023,39.4607
145.5225,56.8079,52.0389,39.7036
144.8101,58.3964,52.0223,39.4095
145.4484,55.6438,52.1821,39.1689
144.8921,58.7535,51.8598,38.6893
145.0147,58.0980,51.6146,38.5781
144.4901,57.4189,51.2471,38.5197
143.7722,55.4616,51.2728,38.2040
143.6754,57.8564,51.4663,37.6304
143.6839,53.8201,51.4494,37.3097
143.1611,57.9622,51.1017,37.3857
143.0160,55.5394,51.3919,36.6740
142.9543,55.6211,51.5153,36.5107
142.8151,56.5287,51.7937,36.0765
141.4560,65.6439,51.7554,35.7633
141.4058,61.6810,51.8558,35.4541
140.7083,63.2125,51.8820,35.1290
140.0578,64.8246,51.8191,34.6325
139.3487,69.1546,51.8824,34.1007
138.3710,74.2107,52.4912,33.4161
