1
622.3032,663.6122,57.9944,28.4255
614.5060,657.9563,58.7276,29.0262
602.1624,654.6388,59.3650,29.4973
576.3146,654.1439,60.7248,28.8322
556.7834,649.7725,59.1689,30.4908
541.3067,642.7482,57.5634,32.8056
524.3965,636.5881,58.3207,33.9128
507.6318,631.3276,59.5134,34.2911
482.2532,630.3054,60.4477,33.5784
462.4600,626.7813,61.0979,33.5947
442.7509,613.4501,58.6748,35.5231
420.9947,588.2656,56.0149,38.5623
401.8520,571.2139,53.6690,40.8837
379.2608,560.7233,54.8355,41.2243
362.4701,545.5641,52.6975,43.7038
343.3946,517.6171,50.5793,46.1897
328.3900,504.1714,49.2186,47.3363
316.1500,496.4933,49.3711,47.9774
296.9084,498.7346,53.0864,44.9929
279.0583,494.5984,55.6736,43.0889
256.7590,503.0071,58.3384,41.1020
232.4007,517.8583,60.0612,40.1111
205.9438,539.7563,59.5619,41.1341
197.4781,549.8508,56.8195,43.7321
191.3859,558.1046,55.5118,45.7668
180.2612,575.2891,53.1982,48.5535
174.7792,583.7291,51.3147,50.3166
180.0834,591.0129,47.4078,53.9430
193.9981,613.2169,44.3776,57.2481
204.8955,646.3145,42.2717,59.3175
209.0305,682.0837,42.0220,59.3569
223.9475,717.1640,41.5533,60.5640
226.8140,721.8597,40.1602,62.4251
238.4830,730.7477,40.5113,61.7947
254.7233,748.0941,40.5962,60.8417
276.7256,770.3442,40.6448,60.1397
290.1488,776.3566,40.9713,58.9471
302.3185,785.3984,40.9797,59.6663
304.4506,793.7349,43.5157,56.6645
317.7035,800.3723,45.3669,54.2201
336.2850,808.1510,47.2214,51.9633
356.8256,822.5765,48.1293,50.9926
375.0688,839.4894,48.5065,51.7608
380.0222,844.8705,47.1935,52.3851
381.4248,841.2003,45.4093,52.8421
383.8939,843.9906,42.2229,56.1174
375.7945,845.8538,41.7103,57.5866
378.0975,849.3710,40.8170,59.6635
379.0469,848.7380,40.4366,59.8362
381.7994,848.1115,38.7801,61.3670
383.3371,849.8320,38.3888,62.4916
384.7143,851.4525,39.3240,61.9211
388.0663,852.2059,41.4656,60.3231
392.2842,856.9946,40.9403,60.9655
395.8150,857.5558,39.7370,61.3893
392.2979,862.0209,40.9539,60.0259
390.4336,865.6557,42.4436,59.0358
386.3545,866.2525,44.1150,56.3816
389.5184,868.3899,44.7692,56.1174
388.3819,866.5239,45.1592,55.3215
381.1043,870.5228,46.4506,54.0937
373.5684,868.4152,46.7353,54.9130
378.3861,870.0664,46.8444,54.5606
382.5482,868.2625,46.4593,54.1654
380.9819,866.9234,46.5501,54.0777
375.9636,870.4697,46.5332,55.2899
382.0061,870.2264,45.8156,55.3692
376.3785,871.8891,45.7793,56.5090
379.5858,869.0604,45.4711,56.2110
384.4837,870.8473,44.8147,57.0238
387.7315,867.9597,43.6436,56.8655
389.7098,870.1492,42.8620,57.2158
393.2954,868.5470,42.9482,56.8131
394.1321,867.9390,43.6051,55.4103
395.7231,866.7304,44.6549,54.4904
391.7977,864.7139,44.8019,53.9271
392.9146,863.5337,43.6896,55.1282
393.5751,862.6921,43.0603,54.9838
397.5161,871.7301,43.0082,55.2441
404.1183,878.0385,46.8006,52.2319
408.3501,882.6152,49.4784,49.2612
410.9811,884.4925,51.3227,45.9236
410.4016,886.9049,52.5863,42.9978
411.2993,887.6194,52.8844,41.3659
408.9448,888.8873,53.7114,39.0857
409.7422,884.9992,54.0572,37.9897
409.6074,891.7346,53.2924,37.1788
404.6383,891.9553,54.3974,35.3482
404.5579,887.7947,54.5795,34.6860
403.2151,889.6180,54.7450,33.6789
403.8371,890.2900,54.5310,33.5064
400.7078,890.3715,54.5330,33.4437
395.7845,892.1393,54.3526,33.2803
389.9478,893.1907,54.0954,33.6056
395.0104,892.6520,53.2589,33.7804
399.5310,892.0393,52.3526,34.1347
400.2091,892.2139,52.7449,33.7976
399.9164,891.2632,53.0806,33.8187
401.0385,888.8249,52.8487,34.9657
398.7802,889.2385,53.5005,33.9821
394.0998,888.4210,53.7649,34.4986
395.0825,889.3635,53.5510,34.4097
395.6633,888.2642,53.3253,34.5071
397.2565,886.9164,52.0403,36.2322
399.2392,888.2791,51.6960,36.0437
396.7222,888.6761,51.0775,36.2615
400.0756,886.9692,51.4761,35.5391
401.5171,887.0265,52.6331,35.0912
402.5639,887.7167,53.9283,35.1645
405.3988,888.8705,56.6527,34.3297
410.9828,888.1111,57.8606,34.5078
413.0388,888.7971,59.3085,34.4885
414.6078,888.5432,59.7008,35.6733
416.0484,889.6485,61.5544,35.8009
414.7705,887.1912,62.0884,36.0708
419.5818,887.2327,62.0903,36.5359
418.8824,884.4106,63.4881,36.4550
414.8181,884.4529,65.5464,36.6821
410.4578,877.4853,66.9525,35.7388
408.9565,881.5541,69.2622,34.1616
406.1299,879.7654,67.9374,33.6767
414.0433,880.2656,68.5750,34.3029
422.3485,878.8307,69.1941,33.9982
436.2026,878.5112,69.1593,33.8595
452.3126,869.3454,69.6011,33.4048
463.3596,867.6536,68.6105,33.9245
473.1064,862.4911,67.3550,34.7345
495.6543,858.6409,66.9785,34.3900
520.1550,850.3123,68.9874,33.8189
542.7444,848.9158,67.6740,34.8136
554.3519,848.6176,65.4562,36.7399
563.2776,846.0319,62.3357,38.6240
562.5341,848.9355,60.9727,40.5362
561.6361,850.7861,60.4677,41.1804
567.5284,851.4587,57.6412,44.5958
569.3370,848.2645,57.4979,44.9335
567.8994,846.5338,57.6366,45.0870
567.4481,845.7597,57.3019,45.1325
570.6026,838.2794,58.6218,43.5019
569.9571,838.6599,59.3066,43.2014
575.1771,836.5904,58.8667,43.8643
576.6766,834.9357,59.9092,44.3856
585.3509,832.4283,60.8399,44.4231
590.1182,836.1870,61.5769,45.0991
597.0786,838.1146,62.5209,45.1722
604.9916,820.6630,61.0657,49.8761
612.3958,817.9483,60.5352,53.9511
613.1122,816.4705,60.6682,56.0113
613.0655,813.0536,60.3327,58.5147
615.6377,809.2629,59.8666,59.4448
616.2463,809.7145,58.4901,61.5090
620.8872,809.2519,60.9286,60.1620
621.9286,807.6415,64.1971,58.4986
620.6048,807.5779,68.0679,55.9838
609.9595,803.8235,67.5225,56.4339
610.3254,803.2421,67.7989,55.6304
604.8748,798.6635,66.3973,54.9821
602.1993,796.7884,66.4769,54.2963
606.9916,797.2449,64.5393,54.2765
2
0
0
0
0
1
720.5453,753.4136,44.0412,42.7076
730.2898,737.0669,43.5529,44.9635
748.1269,716.8763,43.4632,46.0091
763.5719,696.3799,44.0861,47.3352
771.8268,678.5494,45.5907,46.1902
777.1456,672.2717,47.0781,45.9355
780.8566,669.4673,49.0191,45.8987
783.1354,673.6221,51.7434,44.5215
784.1991,669.2670,53.1882,45.5455
786.5193,666.0945,54.7293,47.2822
780.9379,672.4163,55.5790,47.2625
781.0823,672.9408,56.3055,47.0201
779.0264,677.9085,59.4034,45.0563
779.0759,683.6889,60.1191,44.8740
780.0844,683.7781,60.2893,45.6274
779.7368,685.5810,58.2719,47.1702
781.5630,686.6075,58.2137,47.8759
778.1855,690.1706,56.0498,48.4934
776.2883,695.6840,53.5336,49.6653
772.6631,689.7836,51.0854,51.2801
776.3304,696.5801,48.5509,54.3410
776.9729,699.6919,46.3907,56.3068
771.7856,702.6467,45.2751,57.1202
766.4398,702.2015,44.6894,58.0456
770.6242,699.7767,41.8046,60.8662
762.7936,697.8774,41.3038,60.4400
755.2285,704.7066,41.5432,60.5704
745.8826,714.5023,40.1409,63.0463
735.4236,722.2778,41.4878,62.7514
719.3732,722.9235,44.8008,60.1349
703.4521,736.2657,49.1831,57.0645
685.6006,746.1638,50.5691,55.8804
675.3260,751.3883,53.3204,53.1953
676.4459,748.1207,53.9867,52.7653
674.8892,752.5253,55.3004,51.9118
672.9024,744.4200,55.6827,51.1109
673.4857,741.1309,56.0216,51.0958
673.7995,745.0419,57.1450,50.1403
673.9492,744.9785,57.3417,49.7010
668.7109,744.9089,59.1363,47.2664
673.1688,751.0246,60.1448,45.9665
671.9297,751.3111,59.6537,45.9511
672.1608,753.7720,57.8055,47.1217
668.3642,754.3162,55.2573,50.8429
667.4432,754.9699,54.4456,52.2712
660.7581,757.3322,56.0150,53.1355
665.5529,755.7170,57.9194,52.6989
664.0513,757.1550,59.6714,52.0905
663.3214,750.4426,62.1019,49.1319
660.3738,749.8222,62.4419,48.2902
662.0156,744.4303,62.8783,48.4278
667.0386,747.7178,64.2802,46.5222
656.9927,748.4948,64.7880,46.0125
661.5211,739.3997,64.7963,45.6095
658.2407,736.7168,63.5546,46.4871
654.7163,723.6522,63.2111,48.1007
659.9043,718.2808,59.5346,51.3967
654.8698,705.7064,59.4513,51.9912
650.6639,687.9587,58.0650,54.1233
641.6883,684.5365,58.0104,54.9022
636.8983,673.8519,61.0124,53.5408
620.6855,666.8475,63.0279,53.3308
605.7113,662.1078,64.0974,54.4781
589.0685,641.0048,65.9258,52.8352
563.1569,634.6516,67.2128,51.1276
528.9659,623.2144,69.3999,48.9886
493.5258,624.2117,70.8616,47.2409
465.6551,627.2607,71.2940,47.1187
454.4185,633.4244,70.2900,46.3823
422.6818,637.6088,70.3136,45.8762
390.5136,645.9455,69.7453,45.4136
363.3777,655.4102,69.4334,45.0215
346.1491,665.2747,68.2217,46.1238
325.3903,687.5959,64.2431,49.6284
316.2683,710.5259,60.0621,53.5659
305.4565,732.6675,54.7366,58.8675
297.5180,755.8469,52.0413,61.3059
292.0308,780.0392,51.7901,61.7509
297.6682,792.0356,48.7578,64.0092
302.2449,790.3085,45.9668,67.2057
309.5300,790.1892,46.7485,66.6117
327.0182,796.7101,47.1428,66.5149
333.7143,799.1759,48.4220,65.5028
343.9766,803.1172,50.5044,63.0299
365.1852,813.2448,51.7806,60.6916
390.6143,818.8845,54.1669,57.6288
399.1260,825.2641,55.2188,56.4882
409.0590,829.7667,54.2887,57.0794
430.2146,836.2040,54.0722,59.5355
429.3594,838.2705,51.2316,63.9941
428.7027,836.8555,49.2807,68.6739
427.5147,830.4561,48.0115,72.0054
427.4373,831.1002,45.5278,75.9415
417.1061,828.5261,45.3097,77.2741
405.0097,827.9462,48.9635,72.5539
385.9899,828.4206,52.7256,68.6683
364.5813,827.0311,58.4288,63.4302
342.9951,822.9420,64.0406,57.3788
322.9727,818.6739,68.4465,53.8516
299.2009,805.9357,71.1322,50.8050
277.6985,797.6458,71.6688,50.0888
255.6872,775.1581,70.7046,50.1633
227.9471,751.5848,68.3066,52.7514
203.5952,727.9118,67.6558,52.7164
187.3405,700.4070,64.5347,54.9935
165.9412,674.8979,61.7268,58.1959
153.6691,666.2364,63.6990,56.9179
141.9401,661.3945,68.3244,53.7903
144.3379,658.6136,68.1314,54.6106
136.9470,652.7788,69.8068,53.4835
140.0408,660.8487,72.3027,51.6743
138.5882,663.7213,73.3009,51.1612
136.2971,663.4572,73.0735,51.4990
137.3059,662.2205,72.9729,51.4744
133.9169,661.2280,73.1767,51.0349
134.9193,659.7946,73.8768,51.3487
131.2110,653.2289,74.4066,51.2553
130.7240,650.5874,73.0869,52.8648
127.7278,645.8417,72.9512,53.7471
124.4095,628.9911,71.7990,56.4553
121.2012,618.6062,71.2767,58.2153
126.0169,607.9910,68.0668,61.5019
117.3286,592.6968,66.0453,62.6918
105.5539,571.9968,66.9167,62.5537
107.4717,547.7643,65.3066,64.8935
112.3159,540.6381,63.4793,67.5815
118.8620,527.4651,60.9835,70.5442
111.6385,500.1968,59.0136,73.1835
120.3969,471.8703,56.6463,76.9808
128.3879,443.6362,53.4563,80.2712
135.7331,414.4231,52.6509,80.1050
140.8680,384.7846,50.9755,80.6232
159.7206,357.4301,52.2866,79.6530
170.4399,339.9488,58.4266,76.7297
178.0100,334.7382,61.7962,73.8570
188.7424,325.8579,61.0181,77.4481
188.8931,329.6429,60.8228,79.1256
185.3874,329.3912,60.9376,80.8111
181.0445,330.8143,62.0129,82.2486
183.7856,324.2655,63.0469,82.8467
188.6838,315.3665,62.8056,84.8286
193.5692,303.5457,60.8445,88.4548
199.0284,289.4276,59.0613,92.8153
205.8311,268.3129,58.6040,96.1896
211.7586,256.0912,60.0007,94.3343
212.3212,255.1493,59.3354,95.0129
214.5702,254.3643,59.7700,93.8233
213.9971,255.6345,60.6630,92.6930
213.1615,257.7888,60.7903,93.5582
212.0657,261.0582,60.4249,95.7139
211.0769,263.1536,60.4516,97.6791
212.9255,252.1196,62.4956,94.5490
213.6222,256.1423,62.8453,93.8283
213.4356,258.6737,62.6740,94.7740
213.4554,291.6126,65.4714,90.1874
220.7141,303.6910,68.9737,82.7554
223.8407,297.0130,70.2548,78.7178
230.1553,302.8243,68.1987,75.3151
234.8920,287.2046,63.6768,79.4146
241.9617,285.5601,61.0440,78.5282
245.4611,282.7911,57.9500,78.7088
249.4556,280.3734,56.1639,78.1838
254.6611,273.0017,56.7089,76.5928
266.4903,270.3677,60.0154,71.4966
275.1814,261.0294,60.2326,70.9854
282.2810,253.1692,55.9676,74.2426
274.6328,245.7333,54.6598,75.1100
281.4232,235.5411,52.2820,76.2140
275.2402,223.4894,52.1926,75.3882
277.8257,225.3170,52.2327,73.8639
261.1148,216.9687,59.7726,69.8866
260.0315,215.1306,63.0650,68.6095
259.9751,213.4751,65.3527,68.2125
259.4330,211.8777,67.2950,68.3842
255.2539,220.9645,71.3451,66.2584
255.1954,217.1980,74.7223,64.0351
253.2579,224.3091,77.8024,62.9147
248.9487,223.1091,79.9343,62.6204
248.5425,218.1854,81.3580,62.2976
240.9427,225.3936,84.9459,60.6747
244.3966,229.4753,89.4984,59.3020
242.1270,229.6176,93.3905,59.6302
242.3150,230.1604,95.6593,61.0207
242.2447,230.2234,96.6816,63.0224
241.4406,231.5410,97.8785,64.8532
238.7646,233.9191,101.3310,64.9894
235.2092,235.5436,104.8835,64.9484
235.1380,235.6962,107.3609,65.4560
238.1362,234.2669,108.0013,65.8319
237.6237,231.6059,107.8811,67.0653
239.5977,230.0302,107.5673,66.6457
244.1411,225.5956,104.5856,69.0549
243.7935,219.7237,100.2355,73.0827
249.2362,218.6783,96.8457,74.8510
252.7420,215.9703,92.7394,75.0010
244.4243,214.7496,88.5595,75.8764
247.1674,216.1176,86.6962,74.3472
243.3105,218.2147,85.5502,71.4216
244.5562,218.6007,84.9435,69.6923
240.3158,222.0211,83.1761,68.0733
239.5671,226.9056,81.4496,66.2589
235.0197,221.8023,81.1167,65.2879
234.4518,231.7663,81.5983,62.1926
223.8316,238.7561,81.5602,60.9963
210.1658,244.4873,80.6863,58.4532
198.6418,255.4265,79.6889,58.4843
183.1871,280.2252,76.9914,59.2206
162.8654,302.1833,75.4016,59.4418
158.2644,311.2728,72.1187,60.8885
155.7249,317.8211,70.9676,59.2658
159.2249,312.6535,70.4445,58.2258
164.4592,313.0406,72.6312,55.0161
175.1772,303.9626,68.3598,58.6072
183.9360,294.0438,63.0249,62.9591
190.3507,280.1291,57.1322,67.6954
198.4511,267.9817,55.2034,69.3246
219.7250,257.0344,56.1093,68.0454
244.2393,235.3227,55.1847,67.9205
256.2127,231.3885,57.5377,65.0715
283.1731,210.7465,61.1272,61.8169
315.5074,198.5061,66.0446,56.9854
357.2745,194.7872,68.8391,53.5302
386.1849,192.5733,71.5748,49.7054
412.3143,196.8392,73.3269,48.1678
449.9632,205.0010,70.6182,51.4180
478.5724,238.1064,67.3609,54.1038
487.6213,242.5011,64.4211,57.0414
498.3066,246.4035,63.5635,57.3531
510.8533,250.7614,66.4909,55.0272
528.1337,250.9884,69.6033,51.6422
560.6130,239.3719,71.9087,48.8852
593.9790,210.7501,71.5295,48.6956
609.4205,206.5704,68.8523,50.6267
610.5006,203.1432,65.4835,53.7555
609.9617,202.6755,62.0866,57.6055
608.1074,201.2085,57.9360,62.7255
605.2712,198.4258,55.2223,66.6635
601.2317,194.5844,53.4992,69.2951
596.0526,190.7738,52.9495,70.9971
598.3622,186.2921,48.8360,75.1430
587.5399,179.2127,46.0675,77.9842
577.8464,171.9262,45.7259,78.2904
562.1109,168.3942,49.9624,74.5666
532.9854,167.8898,54.0592,71.0564
504.3485,152.2549,56.7305,69.3828
477.7084,152.9924,60.9601,66.4099
471.8227,151.7763,63.1240,64.0096
475.9326,156.4753,63.2033,64.2274
487.2981,155.2352,58.7565,69.3338
497.1437,158.6782,56.7342,72.1923
506.4482,162.7808,53.7810,74.5184
518.9514,169.9883,58.1556,69.0769
541.1457,180.1210,63.4132,63.5033
556.3169,187.3870,68.0648,59.3026
598.0126,198.1507,70.7802,57.7389
630.9934,215.8029,72.8372,55.2108
657.4290,223.6803,71.5294,55.6801
670.8627,246.2506,68.0059,59.6902
680.2021,271.1343,63.1941,63.6568
706.5687,297.8790,63.3027,62.6112
733.0173,306.0881,66.8402,59.0662
746.8832,324.8467,67.7637,57.6504
762.1516,341.2193,66.4134,58.6281
770.9913,365.3038,64.2586,60.1613
762.9385,387.9942,60.3178,63.3466
765.1459,416.7224,54.6329,67.6294
753.7106,462.5094,52.5091,69.0021
743.5156,506.4322,50.8219,70.5809
747.3029,533.9971,48.1128,73.4170
738.5895,574.4114,47.7693,73.0653
723.6135,603.4799,50.2226,69.5558
701.4270,613.4518,54.1054,64.2874
681.6610,610.5706,59.3917,59.1286
654.2560,614.9612,64.8048,54.0145
626.3403,606.2613,67.5008,51.7147
613.3580,586.9458,66.6318,52.5945
597.1834,558.5781,60.5289,57.8550
584.8665,514.9871,56.4522,61.2592
573.3608,471.9204,53.8852,63.4596
559.1157,427.3108,52.7877,63.6722
547.9688,381.9632,51.3717,65.1732
548.5610,354.3249,48.4877,68.0218
546.4601,345.5744,48.1563,68.1652
531.7131,318.3803,47.7780,68.6937
510.7782,280.8705,49.2387,67.0858
491.2522,263.7950,51.7581,65.5481
488.5626,245.9512,51.8664,64.9416
489.7822,214.6208,48.4656,67.2531
492.2085,170.6889,47.1440,69.1302
499.9737,154.1015,46.1601,69.6480
505.6932,156.7366,44.6574,71.4429
502.8036,164.1540,42.4995,73.8613
489.5929,163.5535,44.2855,72.3593
478.2647,165.2390,47.4238,70.3357
463.6174,171.9352,53.1253,65.0773
442.6866,174.4984,57.4083,61.3076
411.1015,175.1516,61.1888,57.5243
381.2588,176.5777,66.0213,52.8196
358.0390,187.1026,67.6605,51.8271
324.2976,214.0310,66.7463,53.3556
298.9035,221.6397,68.5851,51.5140
272.1781,228.0647,70.6082,49.6788
251.4082,233.9223,70.8899,49.7760
241.2546,244.9983,66.6771,54.8938
230.2142,273.6750,62.0555,58.7212
215.0993,315.5955,57.2751,63.4526
203.7226,359.8865,51.9554,68.1032
207.5327,404.7067,49.2957,70.7445
225.6624,475.7393,48.0092,70.1587
242.1963,519.5966,47.4753,68.6372
246.3829,545.3209,44.8519,69.5825
245.6671,559.1963,44.4838,68.1983
233.7880,572.2737,44.2378,66.9321
222.4324,583.9838,43.1980,67.7447
196.7823,608.4995,47.2404,63.2858
168.9810,628.0351,51.9415,58.4692
145.7623,637.2866,55.5171,55.4727
154.7472,637.0375,55.5612,55.3192
151.7489,637.6457,56.9049,56.3732
147.9905,640.9047,58.0961,56.0627
143.9297,641.5540,59.1308,56.1486
147.4518,638.0842,58.3817,57.2509
152.5457,642.9534,55.6346,60.9925
147.3313,644.5600,55.7150,62.2679
155.0378,648.6870,53.2898,64.9153
158.3017,647.7811,51.3372,66.9466
163.8787,656.7998,49.1289,69.1075
169.0093,667.3878,47.8425,69.4522
185.7945,679.9576,47.2161,67.8951
199.0732,689.7512,46.5747,68.5618
216.2677,717.2542,48.9060,64.6417
221.9914,726.8064,47.1038,65.6466
228.7979,733.3198,46.5258,66.1100
245.7135,743.4613,48.0777,65.1463
262.5621,752.2931,51.9119,62.6077
275.3081,745.6015,57.5201,57.4865
302.1780,738.4687,62.4550,53.4374
343.5289,731.0246,65.1070,51.0076
376.1062,731.9406,68.9076,47.8321
407.1736,735.5927,70.8194,46.2104
424.3861,738.0915,71.1252,45.5481
445.3932,744.8384,69.3668,48.1090
471.1508,766.0248,65.8690,50.2590
483.2999,784.4505,61.9809,54.6607
490.3616,806.7344,58.0853,57.4458
500.2399,824.8714,56.6217,59.4161
508.3867,827.9829,54.4833,63.1197
518.3765,820.8508,57.4237,60.3106
524.1880,815.2292,59.3452,59.4771
524.2092,820.0427,61.1589,58.6209
525.1363,822.4769,63.4568,57.6010
527.3093,815.3674,63.7870,57.8809
535.3812,822.6276,67.9756,55.4442
532.0312,826.5269,72.3060,51.7673
530.0456,827.0435,75.1052,49.8122
535.0448,826.9553,77.0214,48.8423
534.5390,822.2601,74.2874,49.9970
538.8123,820.2004,71.9433,51.3291
540.2163,820.4021,71.0689,52.0183
542.0049,815.3559,69.8465,51.0683
543.0786,813.2314,68.8360,51.2613
543.3171,811.0953,67.8953,50.9857
545.0815,802.6907,63.9720,53.4813
545.3239,799.9185,60.8795,55.2936
552.3754,797.3890,59.2639,55.7960
554.9885,795.5905,57.9149,57.0448
555.1312,795.8022,58.1887,56.9726
555.1458,796.3757,58.2822,56.8028
562.3687,798.4623,60.9502,53.7650
572.4675,794.9380,62.9493,52.6611
578.9483,795.6644,67.2673,50.7771
577.6522,793.0514,68.7336,51.4034
586.9177,789.7894,71.9953,52.1504
591.1843,791.6284,73.8939,54.6354
593.8000,792.4475,75.6060,56.4728
595.3296,790.6683,74.9038,59.1532
600.3340,789.3785,73.6424,61.3393
605.1164,786.8398,72.4305,63.7400
606.4957,783.3351,71.5471,66.0812
607.2111,783.8367,71.3217,67.3987
608.7200,783.4976,72.7233,67.1625
610.3272,784.9266,73.7796,67.6456
608.9015,785.1501,75.0958,68.5086
607.0085,777.3297,74.1734,71.2494
607.7173,779.9645,73.5725,72.9209
609.7766,780.4787,73.9933,72.8278
609.8826,774.4766,74.7818,73.4472
609.5801,781.2729,77.3843,72.4270
609.6533,783.3372,78.3618,71.9272
607.6498,783.0532,79.1570,72.0149
607.3868,783.6663,80.5753,72.0697
607.7627,783.3184,80.9282,72.5369
609.8583,776.6110,83.3241,72.3848
606.1495,783.4993,86.4572,69.7486
611.0706,785.7395,87.9436,68.9569
605.6948,787.4705,88.9181,68.1653
603.6187,786.9974,89.0020,68.1493
608.8029,784.8502,89.2962,68.6659
609.3318,783.0543,90.6670,68.3322
609.2004,780.9696,91.9885,68.3576
606.8566,779.7310,93.2045,69.1043
604.1544,780.7409,92.6855,69.8720
594.2047,796.0046,88.4092,68.9060
2
0
0
0
0
1
712.8106,720.9620,31.5240,47.4772
710.8104,717.9225,31.5353,50.9928
713.6342,715.5958,30.2071,54.7193
715.5122,711.4930,29.6375,56.1919
