1
189.2984,219.7673,42.2122,101.5893
186.7092,217.2059,43.0394,106.5197
184.9537,220.1281,43.4224,109.1364
183.8979,219.1323,43.4945,109.2779
177.9264,223.2488,46.2786,107.8109
176.2634,227.5656,47.2355,108.9053
178.4925,229.2956,47.1601,109.3108
175.3280,233.1277,47.8744,110.2591
175.9154,234.6614,47.3833,111.9019
174.6046,234.8187,47.9723,112.2818
174.9335,234.8943,49.0647,113.1452
173.6696,238.0280,50.1905,112.8535
177.8633,232.8866,50.5362,113.0460
178.7580,231.6026,50.6741,114.1179
179.1789,231.3385,50.0350,117.1097
182.9285,225.6622,52.5629,116.7977
183.0510,219.6578,55.2808,117.2577
189.5592,217.7936,57.8486,120.6564
193.3830,217.1223,57.4551,121.6197
194.1240,215.5904,59.5942,120.8661
198.1736,217.2094,60.0761,121.1155
199.7476,218.4691,61.8638,124.3733
200.9233,220.7066,64.3024,124.2951
203.1561,222.7910,66.0058,122.2478
202.0153,225.4440,66.8282,121.6108
201.9501,228.8845,66.6155,121.7689
214.0153,231.6005,66.0155,120.2675
214.3475,233.4661,65.7558,121.2796
223.2267,230.2401,65.6860,121.4294
226.5663,225.7557,65.4721,120.8763
231.0227,226.2971,65.5044,119.4536
234.8975,225.8793,65.2849,118.0937
242.1367,226.6933,63.1894,117.8740
243.7279,224.4297,62.1500,116.6444
253.9832,223.9739,59.8223,115.3810
260.1557,225.7260,58.6975,115.4436
261.6128,227.0594,59.5088,113.8831
264.9190,231.4042,61.8588,112.5009
266.8033,233.0219,64.0717,112.2072
270.6630,234.4711,65.5948,109.9408
271.3814,234.9683,66.2793,108.7505
274.6407,236.5887,65.0088,107.8816
270.4973,236.1987,65.9886,106.5633
276.6303,236.0838,65.0802,106.5808
281.2954,236.6832,62.8721,106.1876
275.3279,234.3313,62.2576,105.9866
281.0781,233.8780,59.3286,107.0508
276.2516,233.3987,60.0653,107.1163
280.7027,234.2330,58.1329,108.1674
284.6338,232.9808,56.4449,108.1921
279.1173,229.8030,55.9415,108.0397
279.8441,228.1144,55.1680,107.9022
281.5569,229.0018,54.5466,109.3997
274.6306,227.2432,54.9000,109.9080
275.6740,227.1204,53.9932,110.8497
275.6189,228.3661,53.6814,110.7864
273.2581,229.3943,54.1459,108.6596
270.0584,232.5539,55.9994,106.3075
264.7994,236.2484,60.1969,102.4319
260.7003,241.8857,63.5268,99.7951
257.8445,241.2462,66.6747,97.8769
253.2032,241.9813,66.3706,97.4213
251.7907,243.2993,65.8615,96.9667
244.5776,242.7163,65.2288,97.1741
237.3800,240.0289,64.0394,96.4849
232.5105,238.2649,63.0688,94.5561
227.6226,239.3294,61.5753,94.1720
221.7245,239.3584,60.3821,93.6683
218.7963,239.1420,58.8419,94.8913
212.8660,238.0258,58.5263,93.8303
207.2811,240.2921,57.7214,93.5592
200.2292,238.4583,58.0258,94.0030
186.2585,233.6687,60.2284,91.8703
180.2974,232.6696,61.9334,91.9190
174.4125,233.8890,62.3361,92.9617
169.8599,235.4037,61.0373,97.4744
166.1715,237.7401,56.4766,104.2036
163.8411,236.8816,53.2226,107.5748
160.2456,231.7184,53.1228,107.6082
156.4528,228.1611,53.7110,105.7429
148.1660,227.4819,53.4386,105.0124
143.8601,227.1779,53.8604,105.7213
141.5659,225.2606,55.6416,106.6101
137.3559,225.1456,56.6945,109.1048
129.9002,222.8330,56.7300,110.4492
127.6828,222.4167,56.0282,111.7746
123.1068,221.3757,54.0919,113.5522
114.8478,219.8065,52.9262,114.2326
112.5973,221.5596,53.9170,113.2968
111.3503,220.6398,52.7990,114.1883
112.9155,218.6020,52.0745,114.2456
111.7054,216.3392,51.8143,114.8110
107.8852,213.4834,51.9425,114.9393
106.2857,211.5408,52.4972,115.7332
105.4837,207.8695,52.9369,116.8100
103.5350,208.6713,53.8724,116.5087
100.9459,209.0770,54.4237,116.3707
96.2084,209.3812,54.6818,116.0319
100.1604,211.4201,54.2037,115.9993
104.1437,209.2323,53.9822,115.6693
103.8563,206.4587,54.1246,115.8402
106.8291,204.6516,53.7901,115.5934
108.8337,202.7059,53.9028,115.5324
108.5057,197.0069,53.5591,114.7543
113.8001,196.5184,53.4239,114.0419
117.4249,195.3484,54.3336,113.5653
118.6462,195.6410,55.7495,112.7306
117.8762,197.3557,55.3396,113.5561
126.1062,195.5628,54.0567,112.7681
130.1914,196.1291,51.6339,113.7601
134.6453,192.5664,48.9831,114.3909
140.5295,192.1799,47.3611,115.4348
144.8340,193.3532,48.1571,115.9821
145.3151,185.2555,48.1173,116.0629
149.1246,184.6154,48.0751,115.7429
150.2198,184.2287,47.6036,114.5909
153.6980,183.0256,46.8901,113.6356
158.0094,184.0511,46.6207,112.5413
161.6809,184.6235,45.8482,111.2754
164.2657,185.7667,46.1591,110.9275
170.3447,186.1126,46.1792,110.6637
175.0375,182.1805,46.4203,110.6395
176.6110,180.7610,46.8300,109.7513
178.5875,180.7296,47.9878,109.3761
179.4986,176.8711,49.2714,108.0084
181.8159,175.7593,50.3674,107.8641
188.7205,175.6987,51.7791,107.2136
188.1140,174.5599,52.3127,106.1396
191.6407,175.7768,51.9832,105.1357
193.3927,176.8096,51.0371,103.7933
198.6376,176.6463,50.0936,103.1281
199.0738,175.6200,47.5357,104.5546
202.7275,173.4900,45.4233,105.6255
206.8468,173.5223,46.2309,106.8184
207.1306,170.6004,47.3638,109.2357
205.1148,168.7658,46.9988,109.5898
204.3111,165.6913,46.0190,107.4137
204.3432,165.8230,46.8432,106.0217
206.9520,165.8857,47.3416,104.5737
207.8338,165.1036,46.9101,103.7325
211.6744,166.8562,46.8890,103.9187
212.2074,166.4320,47.3145,103.7432
217.7572,165.9395,47.1199,104.0236
215.8992,166.5798,46.5060,104.9571
214.1496,163.2124,46.7660,104.8126
220.3598,162.8798,45.1100,105.6576
219.9898,161.9026,45.1314,105.6653
222.6234,162.2246,44.5024,105.4349
222.1574,163.3379,44.6946,105.8129
226.8746,165.4906,42.9156,108.0208
226.5370,163.0849,42.6587,107.6806
231.5483,163.7187,42.0790,108.7921
231.8831,163.4337,43.3301,108.2971
232.6020,164.2311,44.8447,106.8470
233.0416,164.2085,47.2142,102.5180
233.4635,164.1309,50.2963,98.9335
234.5522,163.9153,54.0146,96.4346
235.7405,164.0648,55.3702,95.9714
236.8264,163.7985,55.6384,96.4498
238.6132,162.4057,55.3740,96.6625
240.1723,162.5097,56.1295,96.4749
246.8678,163.6695,55.0703,97.9577
247.9359,162.2236,52.1903,98.8913
250.8291,162.8146,49.5603,99.4924
251.9711,158.8566,46.3547,101.8099
253.0616,159.3996,45.5909,102.5684
261.6552,157.4304,43.3443,103.8150
261.9654,159.0880,42.9637,102.8547
262.9354,158.0031,43.2909,102.5972
268.8175,160.5100,42.1258,100.8936
270.9561,158.9924,42.0307,100.5501
271.6126,159.0929,41.9420,100.6141
271.5752,160.2351,42.9408,99.4227
272.0514,161.5898,45.1862,97.7473
272.1630,162.4033,48.7170,96.5962
270.4844,160.6668,53.5676,95.6356
267.4793,161.9297,58.1777,94.5061
266.7576,162.3829,62.7740,92.7147
267.0276,161.1227,65.0469,92.6832
269.1701,159.0603,66.6756,93.8158
270.9897,157.4340,65.2957,95.1533
272.5597,154.0441,61.0644,98.6312
272.8625,150.1963,55.8346,102.6509
273.3029,145.9737,50.2474,106.3703
275.9051,143.5947,46.4509,108.3612
275.7458,142.6323,43.4952,110.3719
275.8414,142.1244,41.6619,111.6586
275.6186,141.6842,40.9949,111.9179
274.9002,139.7618,40.9959,112.1586
273.8295,141.8795,40.7954,111.9873
272.4101,144.2516,40.7195,111.7553
276.4525,144.1062,39.6965,110.5908
277.3474,145.6296,39.7899,109.6626
277.4883,144.4282,39.4107,110.3272
277.7028,141.8796,39.4725,111.5297
278.8935,143.6566,38.9044,112.2853
277.7487,148.6096,39.6651,110.3771
273.6978,154.1419,41.2828,108.1275
275.4750,157.3824,40.6682,106.4100
274.7913,156.4089,40.6367,105.7446
280.0665,157.8662,39.8026,104.8203
279.3359,157.2106,39.4754,104.5083
278.6020,156.0637,38.8697,104.1954
277.2386,159.3393,39.2147,104.6690
279.5403,158.3850,39.8646,104.3141
277.8741,161.4842,40.8320,103.0411
276.6090,161.5135,42.5134,101.9418
275.9346,164.5218,44.2940,100.0986
276.5661,162.7984,44.5267,101.2550
278.0184,163.9293,44.9719,101.4398
279.8672,164.4697,45.4658,101.2692
278.6572,165.5907,46.0335,101.7666
278.7598,165.4045,46.1645,102.0119
278.2407,165.4107,45.5616,102.4424
275.7932,164.2522,43.2310,103.6424
276.5020,159.1920,41.0728,106.4951
276.5181,162.0092,39.5302,108.3942
276.1619,161.9488,37.6432,111.4094
275.0493,162.9176,36.8430,114.3074
273.0869,163.8482,37.3048,115.6402
276.6044,164.8241,36.9227,115.7848
276.0354,165.5684,37.1443,115.9202
272.9799,166.7057,38.3373,115.1896
271.0282,169.1085,39.6356,114.4480
269.9189,171.2638,40.4878,114.7753
268.0142,171.1726,41.1279,115.0971
267.6404,171.6907,41.0253,115.8911
265.5197,172.2460,40.1872,116.2713
263.8402,170.6554,39.6276,116.4722
262.3862,169.4249,39.0801,116.9508
260.5511,169.1819,38.5305,118.0134
258.7799,168.6496,37.9598,119.1301
256.5396,170.0047,37.7175,120.7793
254.3103,170.1136,37.4372,122.8907
251.0127,172.4117,37.1123,125.4048
248.3721,169.9729,37.4685,127.8115
248.3629,173.8019,36.9697,128.1703
246.2625,175.5282,36.9316,128.4441
244.6422,173.2927,37.5673,127.2643
243.3237,173.7127,37.9933,125.9940
241.8453,175.9569,38.8493,124.7274
239.3058,179.6953,39.5449,123.9321
235.4563,182.1653,41.0130,123.9261
232.3149,183.8341,43.0014,123.5982
229.3851,184.5509,44.5193,122.9529
226.0100,183.6807,45.4235,123.2151
223.6252,183.4037,45.8997,123.2607
221.3604,182.2269,46.0705,122.3358
220.1756,180.9323,46.4228,121.3900
216.8629,181.5662,46.6670,122.5133
216.2758,178.5966,47.2332,122.9915
214.7784,180.0998,47.9871,125.2057
213.5736,180.4586,49.2309,127.2923
212.1696,180.0903,50.9415,128.3492
209.3356,182.0637,51.5787,128.7954
205.9607,185.3853,51.2611,129.2961
203.6074,185.0778,51.0676,130.0111
199.7263,186.6486,51.1826,129.6064
195.6095,188.3434,51.1406,129.0392
193.8234,187.9900,50.7406,129.5766
192.2897,187.5977,51.0218,129.8320
190.3405,187.3374,51.2079,129.7595
187.7887,187.0210,51.9729,128.1631
187.6001,187.0441,52.9116,126.3133
183.7183,187.4279,53.1454,124.5544
184.3350,185.7429,52.6673,123.5261
182.5867,184.0235,52.0078,123.8666
181.3755,183.2932,51.1246,124.1974
184.6356,183.2583,50.0031,126.3752
183.0044,182.0515,49.4549,127.9909
184.3856,182.0355,49.1244,129.0560
184.7689,183.1024,48.5956,129.5566
184.7279,184.2205,48.0742,130.2427
186.4249,184.3533,48.4800,129.8383
184.8662,184.4690,48.9713,129.6352
185.2389,185.5585,49.9348,128.9859
183.1511,183.4577,51.7586,128.7703
181.2905,180.0103,52.7238,129.4123
179.0413,176.6011,53.3885,130.3521
178.6101,174.6834,53.3596,131.6866
177.0459,169.8898,53.6159,134.3374
173.5618,165.4552,53.9819,135.9093
175.7921,172.5583,55.2527,137.8007
177.5476,169.6237,56.6003,137.2137
176.5307,175.3319,57.7034,136.8104
178.9893,172.8798,56.9272,138.1499
186.9127,152.6775,55.0295,143.7573
183.7399,166.2308,53.3767,146.6317
197.4528,122.7442,53.4269,154.1274
200.8156,112.4160,56.2647,159.7313
206.4983,100.3391,59.9051,161.2363
215.0389,99.4938,62.8916,154.5564
219.6663,97.8193,63.2158,148.9754
221.6214,100.8334,62.7987,143.9855
222.6761,100.4324,62.0834,139.4685
224.7020,102.2776,60.4261,135.9480
2
0
0
0
0
1
169.7758,193.2846,47.5577,99.4496
165.3065,193.0110,46.8403,103.1358
163.4998,194.4150,46.2432,107.6040
160.7449,197.1278,45.3640,115.3224
158.8129,197.9947,44.0917,121.0073
156.0228,198.1326,43.6375,125.4861
152.8959,198.3302,42.7679,128.3851
149.1384,198.2894,43.3090,130.1831
145.9315,196.9273,43.5360,131.4236
142.9920,196.5439,43.9389,132.2937
139.8752,196.8346,44.5402,133.4148
136.8699,198.2000,45.1082,134.2603
134.4225,199.7663,46.1977,134.2758
130.5311,202.1367,47.4328,132.9890
127.6051,202.0138,49.3004,132.3564
124.7935,204.6947,51.2150,131.3255
123.0895,205.5816,51.6989,130.6913
122.2830,204.6066,51.8449,131.0957
123.5215,206.2441,51.5950,130.2821
124.1649,204.9181,51.2501,129.5473
123.8203,205.6556,50.1352,128.7334
123.7219,205.3692,48.4232,128.4437
125.0026,206.5088,47.0635,127.9167
124.6270,206.0697,45.7527,128.9614
123.9553,203.8260,44.8015,130.3385
127.2341,204.7373,43.5890,130.0973
125.4491,206.0539,43.1362,130.5382
127.7477,205.1647,42.6553,130.5996
126.7975,205.0582,42.4057,131.3350
129.1854,204.2052,41.7232,131.2735
130.0405,205.0233,40.9545,130.2599
131.7790,204.8819,40.0675,129.9372
133.6096,206.0995,39.6638,129.3977
135.3712,207.0488,39.5025,129.0259
134.1022,209.1205,39.5793,129.1371
137.8738,208.6631,39.2484,129.2719
138.7663,208.4378,38.9796,128.5033
137.8851,210.9401,38.8238,128.4781
141.0044,209.0930,38.3663,128.6056
142.3375,209.7605,38.2574,128.1852
142.3660,210.0998,37.8849,128.0101
143.4207,209.6674,37.8989,127.5607
143.2163,211.9023,37.9076,127.0258
144.3542,211.0470,37.7957,126.5594
143.8716,210.5635,37.9689,126.5887
142.2613,212.4411,37.8682,126.5751
143.4032,210.8523,37.5446,125.7388
141.4904,214.0944,37.7315,125.0137
142.8111,211.8189,37.5019,124.1061
141.9622,212.7054,37.7902,123.9355
140.3999,211.6191,37.8567,123.8886
140.6495,211.9785,38.0831,123.4324
138.8762,213.6342,38.0462,123.0869
139.7891,211.9718,38.2240,123.1822
138.4717,213.5594,38.1370,122.9318
137.5668,212.4740,38.3534,123.2903
136.8244,214.0556,38.1979,123.8200
137.2796,212.2639,38.0692,124.6853
137.0419,211.4422,38.0114,125.3931
136.2308,210.2613,37.6876,125.6389
136.9090,207.4911,37.1708,127.3310
137.4416,206.8509,36.6905,129.0926
138.7094,206.2896,36.3727,131.3884
138.8113,205.3972,36.5818,131.6713
138.5564,205.7537,36.9113,133.6209
139.4759,205.6895,37.0317,134.9232
137.3837,206.0042,37.4638,136.3469
141.0296,210.4177,37.2224,136.4137
142.7937,208.6301,37.1761,136.3528
143.3478,208.7931,37.2625,136.6492
144.0333,209.7792,37.5152,136.4987
144.3904,210.9315,37.3585,135.9204
142.0490,210.6638,37.4581,136.4334
144.8784,212.4951,36.8423,137.2720
146.5239,211.8462,36.8211,137.4397
146.4340,209.6949,36.4441,137.5344
148.4403,212.3588,36.2383,137.0596
148.6616,209.7899,35.8179,138.8760
149.2356,211.2024,36.5174,138.5876
150.0931,214.6898,36.7322,138.4012
149.8043,215.3724,37.4579,138.3769
150.3747,215.5966,37.9835,138.7390
149.4729,215.9258,38.8450,138.7171
149.4812,214.6174,39.8816,138.8393
148.2596,217.8132,40.7885,137.8199
146.8805,214.5764,41.0536,138.2741
148.1257,213.5233,41.3847,139.0305
148.1236,215.2279,41.0772,138.6634
148.0231,213.7417,41.3546,137.4425
149.6052,216.7254,41.5791,135.7669
150.0541,214.2912,41.7162,135.2546
149.4493,217.1918,41.8863,134.4350
148.2106,216.2469,41.8030,133.6587
148.0533,215.7172,41.5494,132.8699
147.9715,217.8153,41.3651,131.7666
147.9795,220.1449,41.6389,129.5873
150.8047,216.2578,41.7968,129.9042
149.7175,217.3500,41.7000,129.8567
150.9734,217.9722,41.7606,129.4912
151.0780,216.2757,42.1065,129.8092
150.9472,217.5580,41.7360,128.6409
151.5191,216.6063,41.4760,128.8152
151.8669,214.6370,41.4620,128.9588
150.2411,217.4028,41.4776,128.6961
154.5853,215.4272,41.1699,128.9851
153.6555,216.3565,41.3095,129.6424
155.1667,215.0576,41.1221,130.0766
155.8900,213.8404,41.2630,130.9433
157.1063,212.4866,41.6531,132.4619
154.9669,212.3772,41.6126,133.5193
157.0035,215.6343,40.9775,132.5774
158.1405,214.7931,40.7261,131.6952
158.7621,216.3069,40.6404,131.1543
159.5345,215.9462,40.5791,130.5515
160.7391,216.1698,40.2774,130.0293
161.3996,216.2931,40.1458,129.7695
161.5737,217.5956,40.1768,129.5576
161.2273,217.7719,40.1948,129.7178
162.5512,217.5327,39.5626,129.7288
162.9734,216.6101,39.3540,129.8130
163.5595,216.3499,39.1335,130.1380
165.4001,214.4207,38.5474,131.3055
165.9712,213.5132,38.4664,131.8320
167.9921,212.7982,38.2541,131.3780
167.7148,215.1829,38.0974,131.5471
168.9591,216.6366,38.1691,132.0363
169.5585,215.9189,38.8195,131.3514
168.3214,217.7534,39.6025,130.9275
171.2381,220.6382,39.5035,130.4575
173.0142,220.8485,39.6084,129.0779
171.6613,221.0907,39.7750,129.4462
176.8786,222.1599,39.8997,129.1393
179.2045,221.4016,39.7065,128.5000
182.3076,217.4260,39.3597,128.7275
183.7780,218.8817,39.0726,129.0434
186.8215,218.8018,38.5265,128.6861
189.2887,218.3137,38.4246,128.7065
187.6045,216.9955,38.7156,129.0608
193.0003,217.0474,39.4927,126.3516
194.3838,219.4743,39.7231,123.9844
196.1286,219.9527,39.4464,122.7990
197.0207,220.8293,39.2151,122.0713
198.7744,219.5777,38.9085,122.1752
197.5528,218.1055,38.6115,122.6996
196.8951,217.7995,39.0524,123.7841
203.2080,220.1620,38.0520,125.8411
201.5580,216.5165,37.8817,127.5878
208.1996,217.5520,37.3168,128.5685
211.2540,216.1244,36.5819,129.3468
212.3066,215.9211,36.7526,129.8627
213.6783,217.2575,36.8654,130.9213
215.5417,217.3454,37.7514,131.0621
217.9239,219.6877,38.5893,129.2209
219.6860,221.7538,39.2715,127.7671
224.0954,220.6648,40.0523,125.5508
226.3730,223.0434,42.6232,121.9871
231.2219,223.4242,45.7154,117.4958
233.8681,226.4455,48.2145,114.7220
238.8627,227.4106,51.1327,113.5219
241.2645,225.4254,53.7890,112.3310
245.1830,227.1068,54.4191,113.0600
251.5226,225.8119,53.5357,113.6293
257.0480,214.9068,52.8745,114.5877
260.1194,219.0405,53.2575,116.4810
267.3739,204.4324,52.4355,122.5601
276.2549,180.1908,50.5927,131.8180
283.2520,168.9890,49.8394,140.5160
283.4101,159.0353,51.3978,143.1561
273.5806,160.1562,52.1359,142.3469
271.6129,165.5261,52.0528,142.4717
268.1043,164.5161,51.8486,141.6558
268.0705,159.2115,51.5440,139.4338
2
0
0
0
0
1
371.5281,219.9288,42.3727,80.6281
370.1160,208.6284,43.1722,85.2039
373.6604,207.8130,45.2364,86.9243
367.2854,203.1904,45.7924,89.8333
366.9822,200.9518,45.7295,92.9312
369.0010,203.0601,46.3269,96.1635
367.5687,209.2462,45.3462,101.2523
366.7624,211.0772,44.9235,105.5884
2
0
0
0
0
1
409.5879,209.7340,38.8786,112.6286
409.2562,208.9468,39.6743,113.8462
406.8576,206.1331,40.6277,114.2238
404.3805,204.0873,41.3799,114.7362
401.5544,202.7588,41.9308,114.6671
398.7639,199.9831,42.2765,114.1996
395.2312,197.8626,42.2498,113.5853
391.9807,194.1196,41.7311,114.3681
389.0378,191.4307,41.3496,115.9367
385.2763,188.9801,40.7993,117.0666
383.0583,186.4227,40.9112,117.7591
377.2751,187.0669,41.2316,117.3517
372.9517,186.7016,41.3626,117.1756
369.3400,187.1581,41.5901,118.1637
365.8540,187.3792,41.7346,117.9375
362.3118,187.7691,41.8396,117.2801
359.3756,187.1615,41.6159,116.5135
356.3783,188.2042,41.6931,116.0085
353.5475,187.8747,42.4106,114.3095
351.7685,186.7050,42.9906,112.8618
349.6528,186.6467,43.9367,110.9052
348.2534,183.5690,44.8902,109.3711
347.1971,182.4833,45.2192,108.6948
346.7779,181.0451,45.2387,108.7774
346.6538,179.3850,45.1244,108.8487
344.6409,178.8369,44.0972,109.6551
343.0273,177.5192,43.1143,109.3339
341.5461,175.8911,42.2260,110.0018
344.4195,174.2404,41.9295,107.2594
343.5690,175.2244,41.3565,105.8720
342.8958,173.5401,40.8856,104.3332
343.5357,174.8743,40.9272,104.4521
345.8673,175.7241,40.4476,103.0983
345.3102,174.2789,39.5062,101.3180
344.7341,174.7566,38.6601,99.4893
344.2045,175.6161,37.5753,98.9575
343.3642,176.2253,37.1819,97.9601
344.3843,179.3862,36.8896,97.4791
343.3498,179.8298,37.0061,97.5019
342.9761,180.1530,36.8503,97.5895
341.9457,180.5108,36.6332,97.6702
340.9680,181.1656,36.1997,97.6407
339.8744,181.0347,35.5776,97.8379
339.5540,180.2684,35.6586,97.5156
338.1517,181.1933,35.7344,98.0266
336.6402,180.9997,35.7510,98.3631
335.3127,180.4677,35.8773,99.1404
333.9703,180.8705,36.0697,99.6132
334.5862,184.0604,36.4824,100.4263
334.6157,185.0791,36.6851,101.8397
334.3775,185.7146,36.8302,102.3689
333.3471,185.5666,36.8896,103.2185
331.3799,185.8346,37.0018,103.6605
329.8535,183.7645,37.1752,103.6490
327.8347,184.4155,37.8569,103.5376
325.0586,183.0666,38.8858,102.6958
322.6732,183.6924,39.2972,103.2776
321.3364,181.8885,39.7524,103.8005
319.2219,179.6417,39.9916,103.8422
318.0997,178.8185,40.0630,104.7703
317.8325,179.7613,39.7924,105.6297
317.1057,178.1194,39.8512,105.8406
315.8704,178.5454,39.7227,106.5545
316.1095,179.6786,40.0287,107.4454
314.5139,179.1770,40.1881,108.1824
313.8348,179.0556,40.5566,108.9571
312.2660,180.4774,40.5836,109.9817
312.0026,182.8097,40.6409,109.8571
310.2008,181.9528,41.0299,110.3012
308.3705,181.6769,41.6962,110.9037
305.5962,182.2302,42.7660,111.4368
303.6857,183.9688,43.7304,111.8096
299.5241,185.6481,44.3980,112.7891
297.5771,186.7352,45.0523,112.7146
293.5709,185.3639,45.3484,112.0577
292.7949,184.4652,45.9397,112.3414
292.0278,181.4926,45.9198,111.8421
291.7265,179.9579,46.5382,113.4448
291.2142,180.3798,47.5300,113.3118
290.7226,177.8951,47.7696,113.4624
289.7433,177.6815,47.8595,113.9114
290.9714,177.2883,47.7458,113.7888
291.0557,176.1892,47.7633,113.7259
291.3095,177.7048,47.6944,113.5848
292.2982,177.9447,46.7804,113.1268
292.7265,177.0353,45.6536,112.0607
291.9422,178.6173,45.2549,111.5979
290.9529,179.6939,44.9744,111.2815
291.9109,180.0766,45.7853,109.7338
291.2748,180.1619,46.0819,109.9410
290.1136,179.0029,47.1185,110.1844
289.4156,177.6309,48.6073,110.2181
287.4453,176.1044,50.1202,110.5725
286.5007,175.3317,51.4163,111.5157
283.5475,171.9784,52.5175,112.8814
284.6070,170.3600,52.8597,113.1547
285.2661,170.0962,52.9244,113.2238
285.3717,167.1443,52.3927,113.2458
284.5889,165.6839,52.0280,113.5496
284.9887,165.6278,51.3596,113.2117
284.9557,165.4397,50.8446,112.1356
286.0434,164.8598,50.5164,111.6004
286.3474,165.8919,50.2250,111.1293
287.0730,166.4358,49.1674,111.0751
288.1745,167.3237,48.2246,110.9822
288.4713,165.3329,47.2385,111.1627
293.4305,166.0036,45.7274,111.0169
297.0588,164.0672,44.7000,112.3552
300.3198,161.3350,43.6745,113.1801
302.9254,161.5371,42.8881,113.6490
305.3633,160.8047,42.5780,112.8123
308.4340,161.5956,42.2085,112.1427
309.2150,161.6449,42.0621,112.0823
313.3595,162.8048,42.1323,111.3396
315.3011,164.3860,42.2218,110.8997
315.7984,164.8177,42.5372,111.8467
318.6593,162.9446,42.7104,111.2992
322.6459,161.5741,42.7226,111.3505
324.0965,161.0594,42.8393,110.6025
325.6399,160.7515,42.9984,110.5441
328.0904,160.5817,43.4070,109.1553
327.2084,160.2536,43.0047,107.6822
331.2578,160.0127,42.6301,106.8296
330.1906,160.5614,41.7974,105.2590
328.5879,160.3571,42.0271,104.1471
331.7968,159.9014,41.5925,103.9462
330.6758,156.4627,42.3911,105.6950
330.5449,151.9113,41.6979,108.4327
327.1707,147.8033,40.9386,109.9790
328.0058,139.9740,40.4244,108.8526
329.4006,136.7485,40.3447,108.1417
327.7766,133.6135,40.7106,103.5326
325.8634,135.9157,39.8139,101.7742
325.8305,136.6418,37.6110,105.3690
327.5095,139.6422,35.7505,107.7978
327.2941,137.4430,35.0386,108.5345
327.2809,138.1920,34.7951,107.9611
327.4638,143.4501,34.4636,106.2507
328.8107,149.4595,33.2384,107.5779
329.3414,151.0020,32.7440,106.1889
328.3788,149.6345,32.6575,106.8199
329.3059,153.5444,32.7105,106.1775
328.4230,153.2794,33.0885,107.6398
329.1139,156.0676,33.4590,106.1847
327.7623,158.8923,33.7724,105.9428
329.8084,161.2206,33.3974,106.1611
330.5978,160.6930,33.4631,105.8925
331.7895,160.3002,34.0007,104.7657
330.3075,158.9277,35.1967,103.6404
330.6925,161.2744,35.5639,102.5811
331.0321,162.1624,36.2966,103.1944
324.5765,168.3324,37.4251,105.0998
324.5180,168.1757,37.7755,106.0367
326.2847,165.7837,37.6807,105.1568
325.6085,177.9611,39.3255,103.4153
329.6189,170.9607,37.8811,105.2192
331.0406,172.8317,37.4978,105.3846
331.6822,179.2670,37.5959,105.5961
334.9493,183.4144,37.1124,105.9005
335.6531,184.5234,37.1138,106.0189
336.1042,180.4726,37.0862,109.1063
328.2054,168.0986,38.9802,105.7690
329.2070,172.7265,39.4762,104.7904
322.0861,168.1186,41.2805,102.8174
327.2033,177.9213,42.8570,100.2779
331.4260,187.2885,44.8582,98.0010
335.9706,189.2070,45.2718,98.0963
338.3806,202.5304,45.2667,97.6599
340.2579,207.9533,43.5028,99.2688
341.4164,209.4924,42.1471,101.3150
341.2832,210.9529,42.1561,101.3493
340.7174,211.6920,42.8044,99.6802
338.9776,209.6176,43.0107,96.0147
338.4541,209.3064,42.9389,92.9731
339.3397,209.6490,42.6168,89.6370
339.5748,212.3291,41.6139,88.0024
338.2869,212.2781,40.9129,86.6694
339.0782,214.7052,40.2363,85.9218
338.8784,213.7196,39.4668,85.0118
338.6671,212.9681,39.1634,83.9604
339.9580,213.9771,38.6257,83.3614
340.3626,215.0105,38.2783,82.9977
339.6057,217.7335,37.2163,83.9630
341.5462,213.8534,37.0761,82.3975
344.0159,213.9740,35.9958,82.6774
341.2941,215.1845,37.8510,82.3919
346.2043,215.0289,37.2691,83.2143
348.8849,214.2444,36.5941,82.5625
350.5932,214.1954,36.0808,82.1786
351.0035,215.9363,35.6347,81.7084
351.1683,216.5009,35.4581,80.8436
350.3218,214.5156,35.4744,80.8974
348.5370,214.1836,35.4765,81.1705
348.9174,212.6105,35.1997,79.8143
348.0150,212.2727,34.6902,80.2734
346.2192,212.8844,34.5283,80.3490
344.7140,211.2858,34.9351,79.5758
343.7446,210.3107,35.0840,79.1765
345.0903,212.5543,34.5839,79.4450
341.9835,212.5994,35.1280,78.4985
340.2515,212.6971,35.3377,78.8865
339.4944,211.5736,35.7528,79.1570
341.3669,210.6157,36.8259,77.8924
341.9562,211.6166,36.9557,76.9613
340.8607,211.9128,36.0575,75.6937
341.7771,212.9323,37.4481,73.7455
341.8119,211.9715,37.8879,72.9122
340.8527,211.3029,37.9749,72.3804
337.7916,211.8432,38.7529,71.0176
336.5039,210.6585,39.0394,69.5408
335.9463,210.8007,39.0155,68.7687
336.6195,213.6537,39.2969,68.9738
336.1925,212.3907,39.5989,69.2477
336.3599,216.3058,39.5381,69.9688
333.3050,215.5503,39.7548,70.2603
335.2604,215.2635,39.2821,69.8642
334.9251,216.0798,39.1826,70.7593
338.9648,221.7933,37.5831,73.3098
338.6519,220.1084,37.1640,73.5738
338.1270,217.2912,37.3886,71.9472
338.9976,218.7535,36.2148,74.0761
338.2182,213.8188,36.0778,73.1136
337.2953,213.4470,35.0728,73.3342
335.9070,214.1470,33.1693,76.5604
333.4762,212.9511,32.8009,77.5136
329.5996,213.7556,34.1893,78.0514
324.2702,212.6291,35.5715,77.6443
322.4838,209.2550,37.7742,77.1263
315.6940,205.6150,40.0225,76.6518
311.0133,205.3717,42.0146,75.3741
