1
332.3876,112.8331,75.1397,14.9203
330.4172,113.4613,76.5081,14.9723
327.8899,113.9199,77.6180,15.0109
323.7011,114.7318,78.3076,15.3876
318.3103,115.6400,79.0368,15.8154
308.1142,116.6128,81.4732,16.0407
299.1450,116.9118,79.7420,17.0602
297.8557,118.3254,74.4151,20.1263
298.3540,126.6266,69.3329,22.2332
297.9524,131.3192,64.0033,25.8302
296.7706,126.5073,59.6705,30.2530
294.9957,121.7982,55.9579,34.5013
293.9932,116.4166,52.8644,37.8048
292.6485,110.8761,50.7156,39.7332
279.7136,93.2903,47.0543,42.7576
274.0475,87.1522,45.0441,42.2576
267.9294,80.5620,40.9102,45.6606
270.2430,81.1705,37.8006,47.6800
271.0440,72.9491,34.5966,50.8557
268.6786,57.9995,33.0044,54.2197
265.2738,57.9232,33.2645,55.1863
264.2550,58.7305,33.3527,56.2428
263.7558,65.2969,33.4837,56.1346
265.9896,58.4941,32.1692,56.5746
266.5681,53.3362,31.5362,56.7910
266.5274,41.5237,31.8588,57.2400
268.5843,30.7675,35.0693,55.2572
271.8102,22.7540,41.2092,50.3869
271.0722,28.0825,46.5263,46.4881
273.0035,39.1401,49.3568,42.3800
273.9930,42.2066,49.2182,42.2545
278.4870,54.3910,48.4356,42.7494
291.6941,60.8197,45.2864,44.5499
293.4254,33.1442,43.1772,46.8471
281.3630,15.5580,43.7454,46.9545
271.0861,5.7615,41.8364,46.6513
267.4113,12.1369,44.5909,42.3361
269.1151,27.6586,50.2704,37.0354
266.5221,33.3072,53.2451,35.5321
263.3507,38.0454,52.8693,36.9845
257.6664,43.0911,48.9912,42.3230
261.4313,36.1037,48.9400,43.3130
265.6368,30.7388,48.7021,43.9615
267.0912,34.7045,48.1681,45.6157
259.1227,39.8887,47.9617,47.2789
259.4489,44.4538,47.5303,48.8300
251.2199,50.6651,48.2755,50.0875
253.4625,54.0694,47.7872,52.0030
254.0984,48.4702,47.5974,52.6745
253.0484,53.9659,47.6483,53.0961
250.7081,59.6947,48.3739,52.7422
241.1847,67.9369,48.1516,53.0992
239.8625,73.9834,45.7420,55.3816
227.1317,101.5674,49.0250,52.4551
225.4323,109.5715,53.8377,47.8351
223.7197,115.6690,59.3690,42.5744
224.9511,120.2625,64.1709,38.4814
221.6461,123.9342,68.6478,36.3800
224.4315,123.4232,70.7068,35.1599
226.5568,114.0361,72.0137,34.5818
224.7521,114.7807,69.8301,36.1322
221.3490,115.6950,66.9481,39.3501
221.7052,106.3525,63.3151,42.6435
2
0
0
0
0
1
223.4207,180.6368,27.5298,44.2708
220.2281,174.2179,28.1298,45.5957
223.0833,167.7691,27.4076,46.3500
218.3317,164.8413,26.6244,47.5414
221.1119,180.7089,25.2796,50.0206
221.5482,185.4462,24.7157,51.5806
222.5998,190.6779,24.5468,52.3117
225.1082,196.9126,24.1991,53.2052
228.2034,209.9667,23.6503,55.0786
229.7437,208.1148,23.0182,56.7825
231.0070,215.9088,23.3446,56.9544
231.5107,233.0618,24.1190,56.1898
231.2401,239.6042,26.4766,53.3335
230.8645,244.4228,28.9280,51.0510
224.8687,246.1264,32.7791,47.6388
226.5807,249.5970,36.9218,43.4212
231.5262,253.5496,38.8275,41.2803
243.4923,260.6142,35.9549,44.1009
248.1436,272.9532,32.6069,48.2317
251.7448,275.8404,29.7014,52.5155
254.2977,279.1200,27.3603,56.3531
256.6957,283.0967,25.9962,58.7845
258.1468,286.9514,25.1783,60.8944
259.4066,291.1203,24.7896,62.1788
260.0911,307.3578,25.8249,62.1293
264.0723,328.0691,26.2890,64.6853
265.5548,332.9319,25.3884,67.5551
264.8839,335.1577,24.6345,70.9138
265.9491,331.6133,24.7798,72.7533
256.7200,354.9094,26.0664,72.7029
256.7593,362.2896,27.7991,71.7511
254.3630,365.7597,28.8025,72.3950
254.0723,370.5761,29.6365,73.5618
252.3147,374.4051,29.8905,75.1714
244.5874,384.4567,30.5025,78.4831
245.6598,386.8036,29.4265,80.9080
245.9308,388.6652,28.6086,82.6877
244.8382,390.9001,27.9877,83.4484
243.5716,393.3831,27.5095,83.8274
242.8705,396.4217,26.9208,84.0965
242.8071,399.3767,26.1808,84.0619
242.6713,400.6694,25.6466,84.3506
242.2275,403.0796,25.1739,84.5383
241.7605,405.0121,24.5416,85.2558
240.7324,407.3365,24.2758,85.6127
239.5814,412.8005,24.9440,84.4024
240.5014,405.8845,25.5859,85.1917
241.4089,413.6437,27.2540,85.1001
240.9384,420.2294,27.2857,87.0706
240.0951,431.7069,28.3613,88.4249
241.5707,436.9791,28.4383,89.9895
242.5104,444.3176,29.3785,91.2256
244.0143,453.0645,31.2280,90.5373
243.9463,463.5785,33.2720,88.9317
243.4760,473.4755,36.5749,85.6239
244.3737,478.0683,37.4215,85.4471
245.2924,483.6950,36.7991,87.3225
249.2217,487.6100,35.2601,90.2798
251.8311,492.7620,33.9180,92.2144
253.5683,496.9850,33.2306,92.7321
255.6999,501.1640,32.4991,92.5366
257.1494,506.8684,31.7120,91.8983
257.3335,512.1263,30.7840,90.9569
256.2986,516.0385,30.0143,90.8034
256.7505,519.7520,29.7519,90.3993
255.6188,522.0704,29.2516,90.8765
255.2153,524.8245,28.7157,91.4478
253.6374,527.8901,28.4580,92.0642
254.5082,532.8679,29.7805,90.5641
254.2315,538.4348,30.5628,90.4766
252.7479,549.5767,31.2298,90.0321
255.0450,559.3123,31.7748,91.3809
259.7577,569.4032,39.4255,83.7108
267.4751,579.7410,46.9395,74.5287
285.8719,569.2768,54.7625,67.4587
295.5468,561.2186,63.1825,61.0378
308.1221,551.6619,69.6206,56.6839
322.5702,541.3401,74.3843,53.7917
333.9745,535.6427,76.2103,53.4951
348.7320,523.8190,78.8542,51.8257
363.1086,513.0665,79.6046,50.9231
375.9025,503.8975,79.8008,50.9907
387.0804,495.5886,79.4324,50.9409
397.1231,488.2038,80.2894,50.4995
408.3511,493.0345,82.2821,47.4926
416.2304,491.8447,81.1238,46.9303
428.5435,491.6562,78.6308,49.5209
439.3316,491.7220,75.9412,53.2474
441.0256,495.5564,73.7345,55.2585
449.4844,489.1375,69.7888,58.1640
459.4232,493.6362,61.3859,67.2948
467.1149,496.8280,52.9181,74.4053
473.3940,503.5917,47.3016,78.9135
476.3906,505.0055,42.7614,81.4057
478.3452,509.9993,39.9610,82.5943
477.9393,516.3323,38.2952,82.6895
477.7914,519.7260,38.1896,82.2781
476.7277,524.1324,37.6045,82.2288
475.1733,528.0258,36.9346,82.9049
477.2481,531.4272,37.5826,82.2728
474.0858,538.1494,37.3229,82.8433
473.1927,550.9174,39.7298,80.7253
472.3538,558.6124,42.8356,78.6349
473.8598,566.3893,45.3018,77.3085
476.2065,573.2443,47.3097,76.5672
479.4188,581.4446,49.5113,75.5891
492.0011,594.8379,50.1629,75.5803
502.2907,602.2166,53.9542,71.7465
504.7042,614.7392,56.4400,67.5707
511.9552,606.6670,52.5098,71.8480
522.4224,584.5959,50.3489,74.7546
523.2416,572.5245,50.6374,76.4394
532.4541,549.2165,50.6007,78.3348
542.7155,525.7592,49.8584,80.2586
550.1247,508.5742,48.8113,81.2960
560.3568,493.0695,54.1260,75.0444
564.4810,491.9040,59.8716,67.2660
572.7264,494.7086,65.1848,62.1720
584.1340,496.6106,66.7365,62.1164
591.6158,502.4214,69.8439,59.9587
617.2442,523.0869,71.9658,59.9886
627.9832,525.8870,71.6022,62.8831
639.3090,531.7424,72.3423,63.5975
645.2997,539.1022,74.2033,62.8285
657.9553,557.6714,76.2430,63.0796
669.1605,558.9662,76.8770,64.4241
678.9594,567.0576,77.2325,65.0802
687.9222,575.0516,78.0139,65.6484
699.1943,584.2888,78.9279,66.3433
708.3719,593.4072,80.7714,66.0155
717.8217,601.8847,82.3569,65.3548
725.2823,608.5317,84.0782,63.6887
739.0372,613.6964,85.2493,60.1407
739.1357,618.5858,88.5335,55.9860
737.6332,625.1223,90.3619,51.4743
743.4213,626.6923,90.0071,48.0147
752.1140,625.4275,86.9757,48.2319
760.7065,621.8958,85.1316,49.1697
766.0626,619.4272,84.8386,48.8455
770.0189,615.9539,84.9551,48.0809
773.6596,612.8398,85.6201,46.9926
778.8196,609.4108,86.2201,46.0098
785.9116,606.7118,85.9623,45.7363
795.9628,606.5471,87.3733,43.9294
799.7692,605.5027,91.4325,40.0123
809.0253,606.7424,97.7577,35.8838
822.6426,608.7241,101.9554,33.6315
829.3358,611.5817,104.4147,31.8251
837.1354,613.3579,106.4248,30.8408
841.2975,614.1196,107.0178,30.1788
850.2477,614.3418,106.1317,29.7196
856.2480,614.6724,105.2035,29.2385
865.4240,615.4529,104.7238,29.5889
875.5016,614.1063,102.9680,30.5839
883.6899,611.6595,103.2829,30.6155
893.3546,610.9308,104.2244,29.8441
900.9596,609.2637,103.6416,30.0034
907.9155,607.4305,103.2152,30.8636
916.3875,604.6592,101.8891,32.0087
921.4611,603.1873,102.6986,31.6353
928.2235,600.7602,103.2886,31.5595
934.4268,599.3485,102.6319,31.4946
941.6794,597.6562,101.6622,31.7506
953.5139,597.5408,99.6001,32.9934
962.8727,596.7531,99.2157,32.6200
969.9915,597.1563,100.8340,31.3471
977.1438,599.0488,102.8624,30.5384
986.3190,600.3381,102.4918,30.5164
995.7449,602.6783,101.5982,30.9544
1002.4606,605.5034,101.5202,31.2083
1007.5316,605.6729,102.1207,31.6432
1012.5584,607.6693,104.9403,31.1349
1010.8604,607.2949,107.3335,31.2399
1011.5762,608.7194,107.3744,32.2042
1033.2050,610.0740,107.8417,33.2412
1039.1031,611.6417,107.2829,32.8276
1048.0837,609.5063,106.5340,34.4041
1061.6642,607.0233,103.2491,38.1229
1074.5687,602.1557,98.8553,41.7931
1076.0137,601.4812,100.1516,40.7030
1074.0123,600.0814,103.6759,39.0056
1091.7643,595.8200,103.0804,38.5590
1093.1200,594.3907,104.4755,36.9743
1099.5754,593.8267,108.1902,34.8407
1111.4474,592.8062,109.2204,34.8836
1122.1960,582.4776,100.6412,40.1927
1146.6473,577.9413,90.7850,49.9306
1157.1639,606.1503,80.5469,60.8546
1166.0547,615.5533,71.7987,70.4175
1177.2467,636.9594,64.3841,79.1845
1186.8365,648.1658,58.1852,84.6781
1195.5375,661.5061,53.5083,88.3724
1202.4790,675.1774,50.5195,91.4902
1210.0096,687.1169,53.0017,88.7823
1226.2623,699.8245,58.9173,83.0475
1237.9402,708.3577,68.6285,74.6172
1267.7626,715.7817,79.7044,66.2903
1302.8367,722.5800,89.3199,59.1065
1337.6570,704.7876,83.8639,64.9924
1371.4662,662.4269,77.0113,68.7552
1387.0157,629.5765,76.9239,68.2974
1416.1853,598.8703,75.6968,70.7377
1431.2815,576.7929,77.7541,69.1718
1448.4504,558.4451,81.5194,66.2097
1476.2136,534.7985,79.8098,66.2830
1490.4739,518.9394,80.1711,65.2225
1505.1451,502.5578,78.7325,65.4349
1517.5125,483.3898,72.3162,69.6623
1524.3522,465.4604,69.0831,70.8876
1515.3613,442.3144,69.0525,69.4677
1501.0658,421.1001,68.6124,69.6009
1485.6700,402.5039,67.5428,68.7579
1475.2188,385.1992,66.8396,68.2932
1465.2834,371.0145,67.3588,68.5492
1457.0707,359.2567,66.7932,69.4394
1448.7845,346.4560,65.4508,70.1929
1439.8088,333.6362,65.4399,70.4203
1431.3735,321.0138,64.9890,70.7288
1425.6411,309.0583,63.8171,71.1664
1419.0715,297.9679,63.7125,70.2641
1384.8243,301.4550,71.9995,61.9142
1340.8842,321.5441,81.6439,54.0494
1302.8870,327.3419,88.6671,48.4011
1265.8711,332.1858,94.3176,44.3259
1226.4149,336.0004,100.3301,40.5943
1187.0193,339.9825,105.5319,37.3418
1153.0718,341.7415,112.0798,34.6992
1123.4731,342.2472,116.6697,33.3244
1100.7810,342.2673,118.4437,33.0448
1078.1244,342.6202,119.7036,33.0129
1058.6550,342.2042,120.0338,33.0692
1039.7716,342.9733,119.6811,33.0214
1028.3882,343.0940,119.9302,33.0184
1009.3434,343.2324,118.9481,33.2644
1000.3582,343.7059,119.0745,33.2555
984.2191,344.4950,119.8385,32.8010
974.1236,344.2656,120.7797,32.6994
961.5628,343.7379,118.8297,33.0272
956.7188,345.8777,115.2292,34.3300
955.7736,341.2968,103.4838,43.0968
954.2899,335.7556,92.2988,51.8978
961.4430,341.5043,85.1060,57.7858
963.8074,349.3152,84.4913,57.9963
968.6118,357.6964,85.6620,57.4055
976.0202,364.6745,87.5920,56.1605
980.7579,369.5997,88.4825,54.9152
982.7234,376.5518,85.9895,54.1708
995.5936,375.8286,76.6606,62.2149
1006.3818,378.8860,67.4678,68.9093
1000.3207,379.9309,64.7247,69.2518
1001.5717,388.2451,67.7305,62.4888
984.9074,385.2197,69.8628,59.7757
960.6522,376.4711,72.6880,58.3685
943.0546,362.2295,78.6056,53.4508
926.9339,362.1998,82.2026,50.0474
904.1955,348.8886,89.1496,44.4504
882.3750,348.6896,93.6067,41.3670
865.1848,347.4165,93.4377,41.2430
846.7980,345.4212,94.7126,40.3260
825.8234,332.4239,96.5327,38.6223
809.2065,332.2815,98.9764,37.2920
780.4740,329.6187,102.4543,36.7876
771.8365,324.4575,102.0328,38.9655
749.3509,318.7818,97.3232,43.2787
732.5175,308.8103,98.3236,41.7212
711.1803,309.2479,102.0611,38.2979
696.4709,309.8124,105.3904,35.4961
676.5806,309.8518,108.0896,34.1480
655.7649,307.3687,108.6068,34.0501
641.6195,303.8703,108.5677,34.7656
628.3744,300.7721,108.2222,35.8393
613.6359,296.4414,105.3151,37.7308
602.7758,292.7034,104.6032,39.1867
590.9899,288.9201,104.3998,39.7985
575.7036,286.0442,104.8474,39.0720
564.8030,282.6248,104.5668,38.2878
551.3377,270.7535,103.9796,37.8416
545.0452,271.2063,104.4417,36.4182
531.9431,270.7066,105.6082,34.7511
524.0028,269.6013,104.7430,34.1097
516.3020,267.3176,103.6722,33.9515
509.2035,265.7727,102.3060,33.7006
503.9207,268.0861,102.0888,33.5285
486.9300,264.6475,100.0829,35.4383
457.5387,269.2650,101.3680,35.6340
428.0705,274.8483,100.6344,35.8830
403.5215,280.5171,100.7865,36.2405
376.0628,285.6201,102.9597,35.4350
353.0648,291.0420,104.4420,34.8276
333.3277,295.0663,104.9779,34.2270
314.3857,294.9010,102.6258,34.4624
306.6713,289.9780,96.1780,41.2031
298.2328,272.6715,89.0951,48.3723
282.4725,263.2045,79.2369,57.6404
277.8332,243.2093,71.3624,65.9063
268.4414,228.2984,65.0651,70.9575
259.9423,212.2310,61.1261,73.1854
252.3304,197.5000,59.0758,75.2405
257.0257,190.6557,54.6632,78.7209
247.4639,177.7858,54.2204,78.0587
250.2749,170.6238,52.0967,79.5809
249.9462,162.3589,50.4318,80.5244
241.4986,151.1079,50.0942,79.1991
242.6427,142.5968,48.8516,80.0499
245.4750,131.5398,47.4829,78.2639
247.0386,129.4237,53.0766,71.3669
246.6207,128.0947,60.9983,62.8439
252.4525,119.7654,70.0411,54.9514
256.6549,121.8426,78.3924,48.0941
263.8141,121.0948,84.7650,43.6665
269.3401,118.8439,89.5319,40.6610
277.2749,115.9622,94.5228,38.2222
283.3375,112.4957,98.3562,36.4833
290.7818,110.0041,101.9463,34.8838
298.1388,106.9587,103.9607,34.1652
303.6114,103.3443,104.8415,33.7830
312.6444,101.1927,105.2478,33.6160
319.6807,98.8747,104.8138,33.3663
324.9293,97.8889,104.9581,33.6773
337.2351,97.0621,101.7798,35.8922
344.9779,96.4778,98.9856,37.1278
358.3367,96.3542,95.3019,38.9555
371.6277,96.5932,93.3668,40.9972
379.3080,100.8149,93.7734,41.1783
385.3083,105.5562,96.0302,40.3079
390.7216,109.7090,98.4934,38.7639
397.8847,113.2169,99.7107,38.1410
404.8922,115.9309,99.7821,38.0341
411.9517,118.8893,99.2578,38.6296
419.4103,120.3443,97.7993,39.9905
