1
189.4314,345.4230,51.2288,104.1228
196.7611,345.3651,50.8575,105.6030
202.7580,346.6906,50.0946,108.7323
208.2827,348.3669,50.7229,109.4165
218.0298,358.5972,51.1118,112.8921
228.8716,358.8189,51.5503,113.5889
240.1606,356.4388,51.2310,114.7638
250.9383,358.9295,51.4668,116.8441
262.3339,358.0956,51.5915,121.9499
274.7669,358.2611,53.1162,126.0393
287.3858,358.8928,56.1483,128.9317
312.8851,346.3126,57.5707,131.7888
322.8430,352.7809,61.5724,129.7433
335.4177,356.1022,65.8144,127.0138
349.9385,364.0432,72.3807,122.0639
364.8667,362.6758,71.8436,123.9056
379.0109,369.8511,74.0400,123.8962
393.2530,378.2171,73.9625,131.1055
405.5451,392.4092,79.7926,126.7855
409.8552,395.3257,86.5078,122.0750
440.4069,406.6603,83.3134,122.9498
448.0194,411.3299,83.3159,123.1033
454.0643,375.0414,80.6703,127.7231
456.7250,359.3140,82.9363,128.1438
466.8628,360.3879,89.5383,123.7231
502.9093,376.5092,82.6405,136.6024
514.6226,366.0894,79.4758,148.7053
518.7322,371.8520,79.0070,155.5081
526.7586,362.6699,80.6311,159.0608
524.7714,362.2516,83.0025,164.5657
525.1326,350.7324,89.0285,163.0464
488.0807,376.1277,98.3527,154.0946
485.2971,350.8440,102.4278,147.3354
591.7177,386.0656,111.5285,144.1758
610.4576,396.0672,109.3742,151.2708
620.2993,383.8672,98.1947,168.8425
606.0875,383.4288,91.7587,185.4548
589.7380,377.1878,88.1520,196.1651
596.7380,359.2110,83.6611,202.6370
568.9615,358.7106,85.2959,196.6971
2
0
0
0
0
1
638.7172,166.2075,121.2157,245.9686
634.2799,164.5251,119.7992,255.2092
614.2697,180.3518,130.5822,250.4985
594.8494,204.6175,140.2622,244.1482
577.2260,221.9468,146.6299,237.2766
567.9792,223.6096,158.3473,228.5853
521.2597,209.5256,159.4110,226.2431
514.3235,188.8361,169.6115,218.6645
516.2695,151.9376,185.0557,205.6566
540.6743,138.5792,183.2898,213.3157
562.5689,127.5445,169.1242,235.9048
573.0213,138.6863,159.1792,245.3117
580.3505,151.6154,170.1040,229.6670
571.9069,209.7040,183.0005,217.3794
573.0883,217.6499,194.1744,204.4176
582.5218,220.3595,195.2193,199.8501
587.3753,229.9987,201.6504,194.6985
556.0897,222.3716,205.9896,192.7390
572.8475,201.1235,199.4809,208.7737
594.2804,192.9678,181.8034,231.8325
617.1229,203.3178,169.5518,243.1451
633.0787,224.5670,168.4595,244.5482
628.6428,242.4514,186.4755,228.3587
752.1598,257.5681,190.6876,224.1061
763.4194,215.9556,190.2442,223.7509
766.6064,230.0523,200.8661,213.5910
2
0
0
0
0
1
702.4350,467.0718,128.0617,148.0157
721.1016,459.3510,116.6440,164.2190
709.1812,454.6449,118.9016,167.7615
727.5775,440.1571,110.5684,182.6283
710.4773,436.9688,112.1928,187.6774
724.9975,423.3759,105.6644,200.9991
704.0931,423.3802,108.5226,204.6822
719.7607,418.0312,105.5455,211.8574
726.9656,411.8701,102.6143,217.3354
728.4501,415.7929,101.0880,222.2624
728.0448,418.9709,100.8268,220.8179
730.6716,416.5500,100.6379,221.9176
729.4904,412.4221,100.0455,223.5832
726.2840,412.8459,101.5967,222.4240
726.1575,408.7351,102.2203,223.3117
728.7555,405.6118,100.5349,227.9598
729.4252,409.8255,100.9930,228.9213
728.9935,402.8863,101.1657,229.0385
729.3857,399.4316,101.0938,232.5047
729.6174,395.6039,101.7173,236.1298
728.7909,394.3957,102.1880,237.7362
728.9065,394.5725,102.4714,239.1430
727.6262,391.7330,104.6968,242.3128
728.6602,385.3311,107.6411,246.6212
730.1072,396.6544,109.4444,245.0137
732.3394,404.0458,109.9947,241.7432
732.2965,396.9390,112.0411,243.9794
733.1494,407.6372,112.1538,242.5309
732.2813,403.2602,111.6301,241.1986
731.0098,399.5138,112.3953,243.2130
731.0170,409.6802,111.4204,240.8670
729.3428,400.5883,112.5665,241.6471
725.6057,389.5371,113.4285,244.7217
725.3841,384.4450,116.3579,247.5351
723.1731,376.2401,116.9751,250.3187
716.4478,394.8386,120.1636,241.8941
716.1658,398.5657,119.8172,236.8875
712.5035,387.3437,121.5469,236.2749
711.0763,399.2979,125.1381,227.7455
