1
170.9533,25.5533,28.1135,60.9605
170.4373,24.3769,29.0866,61.2795
171.7567,22.6039,30.4412,61.7562
174.8552,18.8967,31.4306,61.6815
171.6634,18.9301,31.8876,62.4234
169.9309,18.7019,32.2593,63.1050
165.8553,20.4862,31.9924,63.3462
163.2839,21.0718,31.4403,63.8793
160.8275,21.8639,31.2403,64.4413
160.0328,21.4662,31.2958,64.8260
155.8637,19.7421,31.3095,64.6652
153.9694,18.6508,31.4587,65.3155
152.3085,20.3695,31.5978,66.1540
151.8658,22.3910,31.7482,66.5927
152.4733,24.6889,32.0364,67.1614
152.7671,27.5472,33.5081,69.9255
153.7472,27.1265,34.9877,72.9643
151.7718,26.2501,37.8719,74.5821
149.8432,26.4236,40.7035,75.8080
149.0242,27.2191,43.4131,76.2573
146.5449,29.6514,46.5701,76.8957
143.9962,32.0896,48.6512,77.9672
142.3891,35.3564,49.2678,78.6450
137.6297,38.3443,50.9900,80.7564
127.0389,39.4266,54.4585,81.7228
121.8883,38.7576,59.0300,82.2228
119.7752,39.9462,62.4372,82.3622
117.9001,45.2303,64.0257,83.4701
119.0101,48.6233,62.9669,83.6861
124.3882,58.5179,60.1172,84.6585
132.8363,67.2916,57.0498,83.9913
138.1512,70.8056,55.3557,82.7685
139.5011,76.0834,54.4941,82.0848
139.5246,84.3495,55.0780,80.9462
138.5806,89.7471,55.5153,78.9855
139.0944,93.4585,56.1260,77.5766
136.7753,98.0146,57.2322,76.1796
137.6442,105.0428,58.2413,73.9076
137.1162,109.2218,58.2377,72.0073
137.1685,116.2410,57.7875,71.4567
135.1336,120.0919,57.4195,70.3265
131.8262,124.9771,57.9990,69.5407
130.5833,126.7260,59.3433,67.6568
129.9781,125.7655,61.0111,65.6108
128.8862,125.7184,62.8180,64.2066
128.5215,126.9301,65.4565,62.9555
128.2576,127.8288,67.6346,62.0491
128.0564,128.7677,69.5612,61.0709
128.2495,127.2710,70.7526,60.8418
128.6798,125.3763,70.8015,60.7128
129.3606,121.8534,70.0031,61.1533
131.6617,113.3134,70.0087,62.4857
132.6421,105.6045,69.9625,64.1894
133.8843,100.7110,70.8557,65.2629
133.9169,94.7874,72.1582,64.4145
136.8538,89.6108,72.1747,64.1568
136.0308,83.6966,72.0422,63.7024
137.1967,83.1504,72.9003,63.3979
131.6732,78.8895,72.6378,63.1580
140.6596,87.9903,72.5534,63.1452
142.4587,84.9216,70.9261,63.3166
139.7701,77.0102,68.9404,64.0921
140.1562,72.2235,67.3988,64.5157
145.0820,75.2514,64.9060,64.8480
144.1434,71.8847,62.2562,65.6985
144.6227,67.4454,59.1491,67.6812
150.2971,73.8878,58.1365,67.0825
150.4452,68.7903,57.2060,66.8532
149.7007,62.7093,56.9666,66.7929
144.6788,48.9439,57.5220,67.2982
140.1414,45.7214,58.4934,66.2319
140.3531,55.1880,56.7793,68.3281
145.4458,65.5430,54.5456,71.7025
144.3717,67.8981,54.2669,72.3084
151.0269,71.1972,53.5191,71.1061
149.6694,75.3878,52.9017,69.8176
148.0357,77.0471,53.0865,69.3117
146.4967,76.2383,53.3968,69.5590
144.6959,72.8263,52.6950,71.1175
144.7130,70.7696,50.7815,73.5021
148.5026,71.3846,49.7825,75.3572
152.1225,73.2071,48.6464,77.1651
157.1598,71.1112,47.0196,79.0388
158.2627,71.3677,46.8894,79.6294
158.4259,72.8582,47.2070,78.7449
158.1539,73.0006,47.8492,78.3376
157.5336,73.0716,48.5010,77.8048
156.2812,74.9574,48.1925,77.3110
157.0947,73.7382,48.3298,78.0521
155.9312,73.1788,48.1375,78.4896
156.1749,71.3475,47.9465,79.1177
157.1450,70.8535,48.1482,79.3460
156.8737,71.6740,48.3928,79.1544
156.8569,72.0010,48.3103,79.4706
158.6778,73.3535,48.4578,78.6580
157.4963,73.1172,47.8800,78.8901
159.8918,73.6543,47.8664,78.3245
158.8575,73.4480,47.9805,77.9684
159.5856,73.1638,48.3050,77.7779
158.6317,72.4631,48.2430,77.9033
158.0781,72.7421,48.2639,77.3153
156.8566,72.1627,48.2143,77.4582
157.2268,72.3629,48.0754,77.1746
156.0943,74.6227,48.0650,76.7392
158.2266,74.2496,48.2649,76.4437
157.8901,74.5581,48.4503,76.3632
156.7999,74.9138,48.7198,76.8094
156.4035,75.8390,48.6840,76.9529
156.8351,76.5826,48.4181,76.9998
157.1883,76.1386,48.6944,77.3753
156.6942,74.9858,48.7584,78.0927
157.6327,74.9213,48.9051,78.4977
157.0454,74.0995,49.2973,78.9512
158.1248,73.8693,49.3459,79.2452
158.7500,72.8236,49.4005,79.6478
158.4812,73.0545,49.4243,79.6286
158.4557,73.2320,49.2383,79.9312
157.7957,72.7922,49.0386,80.1468
156.9965,74.7921,48.9381,79.8551
157.8034,74.7719,48.9413,79.8956
158.6853,75.0465,49.0944,79.7299
156.5491,76.0376,49.1241,79.7401
155.6260,73.7565,48.1685,80.7326
154.8003,72.1742,47.2760,81.1472
154.5478,71.4148,47.1053,81.1749
155.0257,70.7633,46.6028,80.6035
154.9637,70.1237,45.5395,80.5495
153.9809,70.6154,45.1128,79.7043
153.9883,69.2129,44.9031,79.8618
153.0719,65.8670,45.8504,79.0891
148.0920,65.2466,46.3021,79.7008
149.0851,66.1437,45.8303,81.6144
148.0205,65.5895,46.6685,81.6562
150.5757,65.8540,46.8491,82.2821
151.6013,64.6267,47.2408,83.6078
148.8905,63.3062,48.7159,83.9681
147.6085,69.3563,48.6722,84.2812
149.5889,71.6649,49.7830,84.2735
150.6405,71.8501,50.4413,85.3765
148.2596,71.7171,51.8794,86.2313
147.1383,71.0784,52.3796,87.8086
147.6912,70.9703,52.8422,88.8321
145.6604,70.9042,53.6738,89.2195
144.4212,70.5100,55.2232,88.4889
143.7009,70.8931,56.1295,87.8748
143.9105,71.2449,56.6251,88.1442
144.1063,72.6056,56.8405,88.0198
143.8209,73.2499,56.5775,87.6134
142.4379,73.7296,56.7662,87.1215
141.5714,74.4733,56.9370,87.1434
140.3904,77.3980,56.0234,88.1290
137.8522,81.1675,55.3237,89.4854
134.0977,81.8915,55.5731,89.1793
133.2332,81.5015,56.2196,87.9524
133.7485,80.6390,56.0962,87.8342
132.3858,80.7131,56.6142,87.2176
131.9951,81.2054,56.7833,87.4154
132.8145,82.1332,56.8478,87.3638
133.0856,82.7198,57.0327,86.9787
133.5437,83.0779,57.2526,86.0951
132.7012,82.8068,57.8823,85.5661
132.6255,82.0875,58.1320,85.0210
133.3203,82.1310,58.3884,84.7267
132.8236,81.2146,58.9131,84.4356
130.8132,79.7462,60.2981,83.8384
130.5499,76.8559,60.4956,83.5880
132.1654,73.9951,59.9116,82.6373
132.9256,74.4970,59.7616,82.3975
132.7342,73.8051,59.6258,81.7484
132.4184,73.2531,59.3363,81.1094
132.5426,72.7373,58.8819,80.4065
132.6895,70.9233,58.1654,80.2496
132.9273,72.4368,57.9895,78.9936
133.3555,71.0012,57.5436,78.9439
133.2103,70.4032,57.3891,78.7485
133.4973,69.4320,57.2898,78.4665
133.9843,67.2619,57.5693,78.0330
134.3451,65.0783,57.5200,77.8639
133.2465,61.4847,58.1210,76.9572
132.1784,59.4223,58.1823,75.9681
132.6119,57.8352,58.1603,75.7877
132.4230,61.1667,58.9053,74.3121
135.0423,62.5708,59.3091,73.6853
140.2611,63.0801,58.0939,74.2565
142.3792,64.8163,56.5020,73.4890
145.2405,65.1691,54.8791,72.5776
145.0556,63.2668,52.8035,72.0117
148.1717,57.3645,49.6527,73.1695
145.3975,57.3283,47.1822,74.2293
144.2256,61.5464,45.5972,75.3843
139.3844,65.0398,46.1581,75.9787
138.8363,63.5380,46.2614,76.1561
139.5004,63.5451,46.7267,75.5855
140.4084,62.1140,46.6704,75.6775
140.5740,63.1436,46.7595,75.9748
138.2680,64.7376,47.3575,75.3061
137.9347,64.8110,46.9232,75.2916
136.0974,64.0988,46.6847,75.4554
133.1883,65.9510,46.4630,75.7575
130.3026,68.8476,46.6181,76.4620
127.9120,70.4513,45.7477,77.3047
127.2568,70.4320,45.2041,76.9998
126.9739,69.6838,45.0733,77.1179
127.3607,70.4675,44.5091,77.8888
130.1754,71.8473,43.4641,77.0223
128.5222,71.6758,46.0000,75.0794
129.1952,70.1841,46.9410,74.2892
127.8391,70.4159,48.0829,73.6942
124.0182,70.9997,50.1566,73.0698
122.2273,69.7531,51.4635,72.5282
121.6067,68.6744,52.9909,71.8339
119.4427,66.8291,53.8811,72.2028
119.3273,67.2449,54.8253,72.3020
119.0080,67.5137,55.4243,72.5627
119.1449,67.1359,55.9682,72.7813
118.3012,65.1556,56.7157,73.5226
118.3959,63.6858,57.0089,74.5485
119.0451,62.6565,57.4572,75.4617
118.8958,61.9286,57.6771,76.1190
118.7306,61.3696,57.8518,76.5719
117.7803,58.9498,58.1424,76.7227
118.6137,57.9721,58.5725,77.2533
118.9259,57.9021,58.8493,77.6870
119.2429,57.1292,59.1286,77.9457
