1
446.8101,339.7720,40.4609,35.4603
443.8854,340.1469,40.9840,34.1120
443.9239,340.0505,41.6011,32.8159
442.9244,340.2663,42.1623,32.5942
441.8835,339.6350,42.8815,32.7251
442.5734,340.0044,43.0568,32.4107
441.8585,339.9734,43.8013,32.5312
441.2266,338.7652,43.7936,33.1552
440.5778,338.6649,44.1329,33.2419
438.4830,339.5448,44.7765,32.7492
436.0280,337.5190,44.8506,32.0513
435.8024,338.5211,45.0118,31.5204
434.4215,338.1258,44.8724,32.1820
431.3933,335.8191,44.3030,30.9979
429.9973,330.9956,42.6050,32.2081
426.5029,330.3985,41.1495,32.7030
429.5641,331.4536,40.3187,32.6074
432.9774,330.6990,39.8834,32.1723
433.0146,325.4889,40.5456,31.6141
429.4053,328.9538,39.8357,32.6548
422.1320,332.0229,42.7004,32.6580
420.1457,331.3019,45.0104,32.9798
417.3797,330.4110,46.1621,32.8895
416.5206,330.0415,47.4249,33.3635
415.5006,327.9178,47.9301,33.6668
416.0536,325.7727,48.3204,33.9110
418.1530,324.8359,48.6811,33.9944
421.9843,322.9956,48.8901,33.5035
425.0342,321.8860,49.3240,33.0862
424.1183,322.8143,49.2421,32.8880
428.4591,322.0618,49.8009,32.8633
432.9430,321.1019,49.9700,34.1039
436.3724,319.6365,50.4762,34.5101
439.1754,319.5268,51.0213,34.9295
442.0263,318.1293,50.8600,35.5598
442.5195,317.3055,50.7045,35.9516
444.6108,316.9197,51.5975,36.0984
447.9129,315.5610,51.8947,35.6678
446.0993,317.6343,49.4374,35.6946
444.2523,314.5984,48.4136,37.4400
450.9127,307.6332,45.3134,39.8160
459.3620,305.1394,43.7901,40.2077
466.9559,300.3837,44.0483,40.1568
468.7050,303.2016,44.2986,39.2819
466.7453,303.6262,46.9846,38.6912
467.0234,302.0544,48.6494,38.3420
470.5063,297.8586,50.2492,38.0631
469.7183,298.4067,51.3655,38.2145
472.9581,293.8381,51.5624,38.9562
473.5987,290.0736,52.0862,39.6956
474.6896,286.6459,52.4204,40.4586
476.0770,282.2898,52.6985,40.4364
477.2755,276.8905,52.8292,40.6716
476.3598,277.1720,52.8086,41.0078
477.0461,271.5891,53.4537,41.1858
475.3466,265.7810,53.5050,41.6514
471.9251,260.9080,53.6002,41.3932
469.9319,257.4353,53.7526,41.7405
468.9727,252.5786,54.1448,42.1612
468.6356,251.7024,54.3620,42.5155
468.1862,248.2573,54.2856,42.3202
468.0281,243.2267,54.7778,42.4335
469.5519,239.5791,54.8000,42.9684
470.0009,235.1612,53.7113,43.4973
470.5735,230.3970,53.4372,43.9020
470.9384,231.1959,53.2721,43.9419
469.9204,226.8962,53.6949,43.8263
466.6959,224.0663,53.2042,45.2266
463.6780,219.8266,53.4095,46.0174
461.0596,216.6383,53.8098,47.0589
458.8276,214.5733,54.8419,47.1442
458.3588,214.0059,55.2733,47.3698
457.4641,212.1716,55.3345,48.3984
456.5104,210.0096,55.0889,48.8874
458.3601,209.8668,54.8334,49.3678
462.3664,209.0677,54.7987,49.9745
471.4143,208.6988,54.9346,50.9659
471.5346,208.9333,55.4828,51.5666
482.7848,209.1381,54.7718,51.7866
493.7954,211.2444,54.4181,52.6541
506.1857,214.1777,54.8957,53.5039
524.6506,217.5418,54.7351,54.1591
536.3964,220.9683,54.0472,54.3444
540.8621,221.3113,53.6341,54.7436
551.4029,227.0668,54.1155,54.8488
560.9625,231.8218,55.2774,54.5766
565.5132,238.1486,55.3896,54.3252
566.4888,244.8397,55.5785,54.3784
570.5817,251.4174,55.1956,54.6001
569.1484,252.6194,55.0977,54.7378
575.9824,257.4695,55.2720,54.6706
584.7048,264.6804,55.3523,54.3371
593.3945,271.2974,55.9465,55.2336
600.3769,278.1646,57.0465,55.5977
605.8625,285.7042,57.4023,55.1194
605.4103,286.9026,57.6849,54.2329
609.9741,292.3351,57.9666,53.8890
614.4637,297.4423,58.1558,53.8986
618.6323,302.0988,58.4253,53.7872
622.6996,304.5427,58.5525,54.0982
621.4066,300.9099,53.0561,58.9736
622.5394,299.4778,49.2139,61.9571
622.8597,299.1656,48.9785,63.4412
622.2027,297.8248,49.6921,62.7474
627.9803,301.9946,53.3728,59.2180
634.3247,310.9686,55.4616,57.4282
635.2231,314.6180,56.7917,55.2092
634.7405,317.0235,57.8448,53.1304
634.9511,317.0049,58.5799,52.8136
635.1376,318.1101,58.7358,52.0250
635.5173,318.8972,59.4124,51.4217
636.5842,320.8297,59.4182,50.0691
638.0593,320.9717,59.3280,49.2811
638.4974,320.8461,59.3195,48.7616
641.9014,320.7710,59.1096,48.8733
642.9975,321.3346,59.1385,47.7734
643.5123,321.9665,58.9006,47.1084
640.8046,318.0031,58.3517,46.0739
637.4432,318.9480,58.2679,45.0860
637.0368,319.9722,58.2050,44.3382
633.1600,314.8018,56.7054,42.7695
633.5496,316.3022,55.2670,41.8214
630.6675,319.1523,55.5970,42.7693
629.7786,319.4374,56.1493,43.2654
626.5820,318.0460,54.0615,43.6176
627.0840,318.9677,53.0798,43.4101
620.0772,305.4513,50.2788,45.1959
625.3350,304.0196,50.1290,44.4652
622.4346,311.1992,52.1396,43.7925
622.0564,317.7892,53.1421,43.4844
621.0423,319.9193,53.8454,42.8282
621.2298,319.7741,54.2300,43.0046
621.0814,319.8781,54.4221,43.2930
619.7494,319.8943,55.0968,43.3251
618.1479,320.6330,55.1589,43.1185
615.0026,322.3029,54.9832,42.4454
612.4985,321.4861,54.8290,42.5875
611.8060,321.4439,54.8127,42.6545
608.1598,320.9736,55.0063,42.8491
602.4072,319.8617,55.8161,43.2607
598.0409,319.7250,55.8297,44.0044
592.8873,319.8502,55.6080,44.7089
588.2717,318.3731,55.6664,45.1207
587.1155,319.4818,55.7968,45.0959
584.3074,318.7352,55.8530,44.7095
580.7249,318.7460,55.5996,44.5191
577.5491,318.9566,55.6527,44.3767
574.9451,318.1610,54.8653,44.7697
570.6046,317.4762,55.0839,44.7633
569.9293,317.9919,55.3403,44.7901
567.0787,317.5624,55.3545,45.0025
566.3010,316.4016,54.6897,45.4503
565.1506,317.4402,53.9716,45.0425
562.6693,317.9900,53.8452,44.4554
559.9597,317.9550,53.4831,44.2058
560.5034,316.9097,53.3612,44.1498
556.3929,318.3181,53.4531,43.1833
552.3209,317.1037,53.5407,42.7303
548.4443,317.1601,53.8296,42.6936
544.6182,314.1417,54.2419,42.4713
540.7183,313.5139,54.5895,42.7351
539.7656,313.2267,54.8228,42.9644
537.0480,311.2952,54.5711,43.6795
533.8911,310.4833,54.7104,44.3519
529.9039,307.6137,54.5473,44.3237
524.3813,308.1980,54.6314,44.0715
520.7062,305.2180,53.9623,44.3612
520.5463,305.9059,53.9102,44.0429
515.4412,302.4144,53.2871,44.4205
509.2875,299.9943,53.3205,43.9385
501.6523,296.3500,53.7838,43.9617
494.7730,291.8023,53.6950,44.6113
487.1299,288.0309,53.4397,45.5142
486.6675,286.2949,53.3398,46.9777
481.6936,280.4682,52.2753,48.2419
474.5006,277.9212,51.8971,48.3925
468.2917,273.9844,51.1337,48.7492
460.4297,270.6505,50.4227,49.0836
453.1622,266.4273,50.0913,49.1218
453.0548,265.2447,49.9665,49.7897
444.5547,261.1198,49.5485,50.4615
436.1926,258.3836,49.2748,50.4163
427.9007,255.6416,49.0792,49.8758
419.2930,250.7851,48.9827,49.9976
410.4116,248.9177,48.6688,49.5520
409.0648,248.0814,49.1351,49.6970
401.5517,247.7537,48.7483,49.0870
393.5128,247.6605,48.0640,48.3843
385.7402,247.5102,47.0787,48.0528
379.6640,247.3424,46.6844,47.5648
373.0464,247.8269,46.0231,48.0374
366.1112,247.2578,45.1509,48.0468
365.4411,247.7431,44.9634,47.9579
359.3312,247.6870,44.3888,48.3013
354.6299,249.5125,44.0111,49.1127
349.4833,250.9633,43.4130,49.8870
346.8411,254.8385,42.7250,50.3318
344.5393,260.2091,42.9022,50.2639
343.9030,260.3734,43.2647,50.4815
342.4248,265.2465,43.4163,51.6298
342.4311,272.2802,42.9374,51.6576
343.2554,279.2937,42.5961,52.3096
343.6467,287.1436,42.7888,52.0852
342.4375,292.4251,42.7881,52.7352
343.2908,293.6659,42.5943,53.1276
344.1190,299.5334,42.0891,53.1129
345.6664,306.9197,42.5316,52.9532
345.8703,313.5794,42.7929,52.4456
348.7391,319.2324,43.1331,51.5849
351.5000,322.5786,43.2471,51.5403
351.1316,324.1721,43.2750,51.1583
354.3235,330.2000,43.7390,50.1201
356.4182,332.8610,43.6489,50.6851
358.3076,337.5621,44.6448,50.3523
360.7261,337.9082,44.1766,50.9507
362.4519,341.1548,43.9726,50.7600
363.2103,340.8816,43.5972,50.2236
364.9012,340.2787,43.4602,50.5244
366.5904,340.9188,43.7224,49.9718
368.5896,342.0511,43.8435,49.4689
368.9081,341.2518,43.3790,49.0442
370.3392,340.2374,43.1610,49.2843
371.4886,341.4334,42.7822,49.0014
371.9128,341.1247,42.6721,49.0650
371.9088,339.6620,42.7711,48.7441
373.1603,337.3951,42.8578,49.4701
372.6363,336.6560,43.3946,48.9173
375.2000,335.6568,43.2584,48.5921
374.9747,337.3495,43.0006,47.7884
376.4487,333.3849,42.7254,48.1812
377.8591,332.7545,42.8273,47.9192
377.8109,332.9568,43.0862,47.0517
378.7692,331.6888,43.2618,46.7012
378.1244,327.3814,42.7610,47.0835
377.6629,327.3090,42.4184,47.4617
377.3605,324.1948,42.4976,47.8356
375.1339,324.3321,42.2516,47.7802
374.6711,322.5068,42.4569,47.7867
373.6108,320.8985,42.4548,47.3743
371.9551,319.1968,42.6854,46.6684
371.8257,318.4147,42.9294,46.3684
370.9794,318.2664,42.6734,46.0728
367.6871,315.4409,42.4733,46.1517
365.6543,314.0911,42.4301,46.2390
362.3901,312.3493,42.3821,45.7662
358.2245,309.9950,42.3270,45.5634
358.4108,311.0537,42.3809,45.1646
355.5031,308.7339,42.2650,44.9861
351.7001,307.3028,42.1393,44.3024
349.3557,306.8281,41.8147,44.1021
345.1242,304.0805,41.5082,43.9427
342.7927,302.7719,41.7171,43.9477
342.6046,303.6372,41.5964,43.8842
340.8486,303.1940,41.8476,43.3167
340.1319,304.8509,42.0918,42.3885
339.3706,303.5451,41.6009,42.5095
339.1659,305.2328,41.2273,41.9704
337.5328,306.1636,40.7805,41.3376
337.8877,306.3041,40.5083,40.4881
336.2444,304.4397,39.8266,41.0904
334.9543,305.4988,39.8996,41.3784
333.4947,305.0612,39.8365,41.6798
332.5392,308.0783,39.6098,40.0838
331.2223,306.8642,39.0698,39.7549
331.9550,307.0284,38.8456,40.0997
331.5459,305.4183,38.5882,40.8655
331.0871,308.1602,38.6400,40.1475
330.5801,307.4949,38.6846,39.9925
330.1118,308.9290,38.2396,39.8721
328.8874,307.8198,38.2006,39.9980
328.5898,307.0991,38.0545,40.5471
327.5360,309.8243,38.2348,39.3265
326.7327,309.7220,37.9069,38.5581
327.4485,307.8609,37.6069,39.2004
326.1784,309.3532,38.0322,38.2923
326.7878,310.2916,38.2147,38.6093
327.1920,308.6920,38.3196,39.2312
331.3032,306.3744,35.8403,40.6080
328.3439,307.4189,36.4846,39.9130
327.3793,309.2339,37.5855,38.9300
328.4630,310.9747,38.0704,37.7097
329.1653,310.4081,37.7856,37.4412
329.1728,309.8033,37.4610,37.5665
330.1155,309.7338,37.5303,37.2495
331.7766,309.1632,37.1966,37.6000
332.4688,309.5084,36.6468,37.6612
333.3477,308.8132,36.6901,37.4432
333.4735,307.3835,36.8748,37.0445
333.8562,309.3793,37.2728,36.3905
333.5732,309.0685,37.4827,35.3791
332.2320,304.5426,37.1079,36.4822
330.6848,303.0202,37.5766,35.7547
332.2441,298.2819,37.0478,37.1037
331.5936,295.1150,36.7171,38.0509
332.2814,294.4573,36.6668,38.7162
329.6428,290.4336,36.7676,39.0609
326.7314,286.0355,36.5208,39.5864
324.2422,279.7131,36.3956,39.2821
321.6977,275.3700,36.1338,39.5813
317.6837,270.4315,36.0089,40.0382
316.9684,271.1873,36.0088,40.2304
313.2867,266.6885,36.3394,40.1390
307.8069,262.2090,36.8730,39.4240
304.6157,257.2617,36.6867,39.5152
300.4762,253.3321,36.3333,39.9225
297.0568,249.6985,36.2493,40.0401
297.4761,248.7362,36.3732,40.4017
294.1241,246.4839,35.8601,40.0683
289.5186,243.3726,35.7139,39.8725
286.4412,240.1135,35.0572,39.7969
283.1792,237.5885,34.9658,39.6029
278.0465,236.4858,35.2982,39.0148
277.1728,236.4462,35.4260,38.7198
272.9785,232.5062,34.7382,39.3049
268.2144,231.1127,34.8130,39.6174
261.6041,229.6445,35.4328,39.5412
255.9139,227.3522,35.4434,39.7827
249.6719,226.2234,35.8298,39.7687
250.0810,224.7005,35.7002,40.0216
245.4041,225.8898,35.9528,39.9662
244.3723,228.2790,34.1463,41.4598
239.8436,227.6663,33.7408,41.3881
234.5166,230.2729,34.3197,41.1206
231.0214,233.1801,34.5889,40.9535
230.8093,232.9388,34.8062,40.8496
228.9575,236.5953,35.4473,40.5068
229.5757,241.1188,35.2231,40.7344
228.7045,245.5816,35.6347,40.6018
229.6419,250.8735,35.3892,40.5843
230.9599,257.0085,35.9959,40.3677
230.6883,257.2708,36.3448,40.4084
233.8628,263.8304,36.9150,39.7889
236.1791,270.7657,37.2713,39.2890
240.3989,277.2849,37.8837,39.1067
245.9115,285.5149,38.7369,38.7396
249.8282,293.0674,39.1923,38.0573
251.3880,293.9839,39.3982,37.6375
255.9785,300.8017,39.8358,36.8179
260.5963,306.6366,40.3902,36.1694
262.8807,311.8141,40.5842,35.1958
263.4295,315.0217,40.8075,34.3847
265.5318,319.0048,41.3246,33.4271
265.7632,319.2409,41.4918,32.8881
266.3662,320.3646,41.8497,31.8331
263.7840,321.5941,41.9225,31.1383
259.6517,320.2488,42.4552,30.5701
253.1056,318.7453,42.9267,29.9706
245.9316,317.5314,43.4871,29.6823
245.5717,317.4095,44.1680,29.5293
238.3615,315.4459,44.8006,29.0642
232.4896,313.6828,44.6468,28.9326
226.5376,312.3196,44.0708,28.4532
220.0741,310.4708,43.7946,27.8057
214.7316,308.6755,43.3553,27.2293
214.7209,309.2576,43.3633,26.7199
208.9677,306.7277,43.8184,26.7265
202.3463,306.3694,43.9086,26.7192
194.5943,305.0112,44.8710,26.7111
185.5368,303.5252,45.6457,26.6850
178.3525,301.9022,45.9012,26.0122
178.2073,301.5334,46.0780,25.4568
170.7546,300.6840,45.2717,25.5792
164.2426,299.6591,45.4301,25.2621
156.5480,297.7595,45.2212,25.2994
148.9245,296.4363,45.0046,25.2102
142.7461,295.2154,44.7911,25.2423
142.8149,295.3875,44.9018,25.1367
136.0302,295.0017,44.9404,25.0900
129.9883,294.3335,45.3376,24.7934
125.1406,294.3953,45.5935,24.1228
121.6400,295.7586,45.2353,23.6992
122.3222,298.1808,45.2047,23.7166
121.9276,298.4115,44.9270,23.6298
127.2721,302.4109,45.1788,23.5098
136.6007,308.9672,45.4164,23.2345
149.2535,315.1080,46.0117,23.0420
139.6510,324.3107,44.8894,23.2948
2
0
0
0
0
1
233.5531,358.5239,40.4308,25.1605
233.0350,358.9605,40.6837,24.4102
236.6040,361.6886,40.8513,24.0484
240.0302,364.1462,40.9210,23.7383
243.6098,366.6270,41.6537,23.3779
248.2960,369.2109,42.3518,23.2171
254.2001,371.4138,42.4607,23.4355
262.4560,373.5204,42.1490,23.9356
262.1585,373.8471,41.8968,24.3500
271.2105,374.6947,42.1843,24.7693
281.0113,378.7427,42.3606,25.3185
290.4028,381.0994,42.4516,25.8461
300.5606,385.5031,42.6729,26.2564
309.9315,387.6566,42.8814,26.6961
312.1130,387.7415,43.0016,27.1847
320.3181,390.2887,43.0029,27.6384
328.0931,393.1214,42.9003,28.2011
334.6855,395.0854,42.7968,28.6956
340.8143,397.2645,42.5415,28.9518
346.9403,399.3000,42.5467,29.1177
347.2437,399.5737,42.6270,28.9845
353.8608,401.0484,42.6035,29.6219
361.3562,403.2482,42.9048,29.8003
370.1995,404.5632,43.0790,30.3616
379.3063,406.0895,43.1468,31.1784
387.2020,407.8917,43.8699,31.4537
388.9779,408.9247,43.8503,31.8487
396.6425,412.0076,43.6016,32.1874
404.5074,413.3581,43.4953,32.2041
414.0207,415.4111,43.6443,31.9993
423.5238,417.5376,43.3940,32.1437
436.3408,418.8828,43.7509,31.3797
436.6927,420.7227,43.6377,30.4906
445.7587,421.9728,43.6369,30.4611
455.3914,421.7863,43.2879,31.3247
464.4499,423.6345,43.3497,31.3859
471.7838,424.3197,42.8921,31.9236
478.7580,424.2515,42.8762,31.4688
479.7511,426.4134,43.3069,30.4995
481.2113,424.9929,40.3740,33.7774
494.1855,424.4886,40.7040,34.5554
502.9171,423.3828,41.4611,34.2554
516.2426,421.6347,42.0602,34.5007
529.9347,420.2916,42.0947,35.4393
534.1337,418.5698,41.0677,36.5600
542.7781,418.7375,41.2353,37.0687
555.4974,416.7267,41.0745,37.8009
568.4238,415.8979,41.4736,37.9535
581.2079,414.4070,41.4650,38.5548
593.8286,412.5490,41.4371,39.0329
597.3204,411.4311,41.1034,39.4901
605.2571,412.8631,41.4393,38.5453
614.1528,412.4327,41.8993,37.8544
620.8052,412.5170,43.3910,35.9901
623.2443,412.4630,45.0904,34.1027
624.4191,409.8797,45.1060,33.4399
624.7018,410.5408,45.1811,32.6419
623.8711,409.9594,45.6622,32.3280
622.9229,406.6430,45.5387,32.6230
621.7858,405.5212,45.3737,32.8795
620.0852,402.0465,45.0667,33.8573
617.1529,401.6869,44.9560,33.9702
617.4070,401.6728,44.7534,33.7812
614.1879,398.1946,44.0598,34.6981
610.3518,396.1530,43.4121,35.8955
607.0308,393.4676,42.2263,37.2109
602.2930,391.2562,40.9219,38.4217
598.6115,389.1756,40.0045,39.6769
598.9006,387.5899,39.5641,40.5969
594.4759,386.4807,38.8037,41.2777
590.1341,386.0599,38.0253,41.2427
586.2143,383.8551,37.5226,41.1945
581.1327,383.2872,37.2639,41.0076
577.3226,381.6869,36.3717,41.1810
578.2156,381.4200,35.6824,41.3802
575.3621,380.9532,35.2429,41.7052
572.1380,381.2744,35.7061,41.4564
568.5247,380.3316,35.7203,41.5898
565.2448,380.0920,36.2326,41.3628
561.3173,379.3757,36.0863,41.3927
561.2729,379.3696,36.2088,41.1994
556.1036,379.5465,37.2919,40.6255
552.7203,379.2969,38.1156,40.4797
549.8386,378.5032,38.9301,40.0900
547.3585,377.3795,39.1865,40.1556
545.0352,378.4779,39.1766,39.8636
545.1743,378.1848,39.1088,39.7888
543.4106,378.1348,39.3062,39.5231
538.3664,379.3052,41.2258,38.9030
536.7941,377.9824,40.4247,40.1396
539.0115,375.7361,39.2883,40.5361
535.2673,376.6744,39.8641,39.8711
533.8919,377.2261,40.1551,39.5042
533.0225,377.4837,40.0119,39.6876
531.5915,377.4019,40.1999,39.5257
534.1577,377.7456,40.6639,39.9784
533.9599,379.2340,41.2698,39.6747
536.3254,379.0580,41.0155,40.0442
536.0908,378.8448,40.8510,40.0220
538.4128,379.2597,41.1981,39.9474
539.4884,380.1623,41.7057,39.4307
542.9528,379.1745,41.6265,39.4851
544.5532,379.4823,41.7514,39.3215
548.2755,381.1620,41.9126,38.4492
548.7454,381.7099,42.4782,37.8143
552.8347,379.9127,42.6032,37.6947
557.8447,380.9684,42.5620,37.7956
563.6370,382.1742,43.1949,37.3862
568.5907,382.3187,43.2655,37.2672
575.1266,381.1001,43.5099,37.6412
576.0963,380.5936,43.5714,37.8638
581.7573,378.3982,44.0341,37.7743
589.1571,378.6821,44.0890,37.5098
596.1322,377.6864,44.4319,37.0454
604.2631,377.7531,44.3085,36.8640
612.4739,376.6260,44.4864,36.4771
612.7305,377.3221,44.6114,36.1265
619.1183,375.8542,45.1126,35.7179
626.1848,375.5002,45.3082,35.5434
632.7083,373.1260,45.4529,35.9242
637.6775,371.2749,45.4222,36.0376
641.2898,369.6138,45.5823,35.6676
641.1965,370.4066,45.7973,35.2671
642.7053,367.3812,46.0674,35.1520
646.6339,365.1122,45.8543,35.2416
649.6419,363.4382,46.3472,34.9364
651.3058,361.9563,46.8587,34.6949
653.3810,359.7018,46.9206,35.6648
653.8100,358.1648,47.0448,36.5677
655.6582,356.2238,46.9408,37.0211
656.6270,353.6542,46.6293,37.0911
657.6320,352.4151,46.6978,37.0485
656.9926,351.7024,46.9511,36.7839
655.1771,348.2298,46.8094,37.0471
655.3209,349.0754,46.9031,37.2159
652.5266,346.9692,47.1247,36.5248
649.8353,346.0956,47.3503,35.9830
645.9064,345.9674,47.8076,35.0886
643.4819,343.2444,47.8340,34.9887
639.5974,341.5908,47.7069,35.0935
639.5700,341.2598,47.5969,35.3615
635.5021,340.9597,47.2034,34.6839
631.0060,338.4684,46.4222,35.1317
627.9159,337.9998,46.6302,34.2115
623.3608,336.1448,46.6805,33.8279
619.5723,334.7874,47.1291,33.5847
619.5652,334.4241,47.8215,33.8064
617.1884,333.5852,48.1057,33.8052
614.8387,332.6449,48.1998,33.0915
614.1231,331.5566,48.3232,32.8375
612.5640,332.3556,48.5963,32.0740
612.4836,330.8476,48.4366,31.9651
612.4825,330.7466,48.2828,31.7297
612.7502,330.3295,48.1496,31.7141
613.5884,330.1646,48.4188,31.5709
615.0280,331.1228,48.3315,31.4412
616.3784,329.3743,48.3281,32.0218
618.2534,330.6560,48.3235,32.0196
618.6293,330.9090,48.4140,31.9612
620.8782,330.5707,48.6516,31.5625
622.5344,330.3206,48.7858,31.3953
625.2770,329.2986,48.6903,31.5379
626.6169,328.8593,48.4682,31.7999
628.0868,328.8987,48.4378,32.2083
628.2634,328.9229,48.7579,32.1863
628.1837,327.3912,49.0532,32.2779
629.3287,326.9698,49.5200,32.3311
628.9738,325.1714,49.8040,32.3018
628.7619,323.2136,50.0515,32.3775
628.0391,321.9049,50.0698,32.3163
627.9141,321.0174,50.0609,32.5355
627.1624,319.8969,50.2206,32.6312
626.3618,318.0221,50.2619,32.5394
625.8360,316.5333,49.9963,32.3512
