1
143.3886,142.6925,86.0689,182.9057
139.1763,146.0782,89.0831,174.3881
135.0621,147.9000,90.1409,170.2334
133.9333,145.0541,90.9016,164.1882
129.6593,145.7527,91.3099,160.5786
127.9962,145.3733,90.0810,161.6680
123.7683,147.9853,88.7560,167.7355
120.5360,144.0437,87.3485,173.4386
116.4951,142.1469,86.5101,176.8718
113.6859,137.2112,84.9443,181.1343
111.0656,136.5117,82.3429,184.9009
113.2247,135.9453,78.9412,191.3252
108.2603,133.1439,78.6805,195.0191
103.9634,135.3825,78.5751,199.9520
102.5134,132.3849,78.1042,201.4102
100.1292,137.3879,78.0315,205.5611
99.8561,138.3866,77.7789,207.6904
99.0647,141.0618,78.0454,209.0323
98.7923,138.8389,78.4560,209.1697
97.0626,139.9810,79.1737,210.1275
97.8914,140.0525,79.1718,210.2530
96.7035,138.8040,80.0241,210.5482
96.5620,142.7941,80.0289,208.3239
97.1798,145.8412,79.6503,207.6763
95.2975,145.4959,79.8124,208.4475
96.6377,144.5222,79.4147,208.9266
96.6141,144.9100,79.4481,208.8347
96.2196,144.4562,79.3061,208.2093
96.7726,143.5120,79.1089,207.4876
98.0433,144.3172,78.8290,207.4996
97.0481,143.4457,79.1728,205.4275
96.3240,146.1815,79.6580,203.3935
98.1160,145.9059,79.8821,200.9499
97.8066,150.5726,79.9196,200.1368
98.7688,153.7045,79.4913,199.5684
98.8239,157.4303,79.3796,198.8323
100.5719,159.3833,79.0096,199.1926
100.5022,159.7966,78.9615,199.3267
101.7836,161.4914,78.6958,201.0224
99.7430,159.1897,79.2490,200.0585
100.8559,161.9654,79.2887,201.4575
101.5168,163.0899,79.0100,202.9558
100.3176,160.4466,79.1578,202.8097
101.3677,163.2179,79.1272,203.7807
101.1468,159.5756,80.0310,203.8799
102.3505,157.9409,82.3308,202.3627
102.3466,154.5746,84.4710,196.7010
109.1605,147.4937,92.1688,180.4091
109.6837,154.6996,100.1305,169.0561
111.9387,150.3492,105.9820,163.7311
111.4318,149.4814,110.1069,158.9759
125.4966,156.5651,112.7096,154.3019
135.0721,161.9792,115.0196,151.2577
141.4930,182.3807,117.6514,150.3123
146.1575,187.8302,118.2802,144.6852
146.0912,196.1784,118.5132,144.3967
149.6147,202.2036,120.6510,143.9013
141.5178,194.6079,125.4365,138.8769
138.8069,191.5126,127.3489,142.7389
138.2238,191.2363,128.4016,148.2872
124.0344,178.2840,134.0270,144.5652
118.1874,170.6548,140.8814,140.2985
125.4164,168.2134,140.3709,139.2537
127.6054,163.6283,135.9090,141.2515
126.6656,161.7998,130.8239,145.0138
124.1242,159.8540,126.8308,146.8710
122.4401,158.1602,124.8486,150.1519
127.9689,151.6676,120.6036,150.9099
135.3979,150.6608,113.3017,152.6076
133.8850,152.9476,110.4633,155.3566
136.4716,152.3918,106.7450,155.5813
137.8150,153.2711,104.4165,156.0955
138.4356,154.6404,102.3884,156.3586
138.7503,154.8224,101.4197,157.9086
139.8247,155.2106,99.9882,158.3126
139.6250,155.7439,99.3645,159.0601
140.0674,155.7001,98.4295,160.2726
139.8477,156.2453,97.7945,160.0165
139.2351,156.0905,97.5635,160.4387
138.6196,156.8470,97.5771,160.1956
138.6712,157.9244,97.6728,159.7420
138.9775,157.1567,97.1907,158.2582
140.0642,158.2730,95.7358,157.6510
140.3593,159.5645,95.4054,158.7420
140.4809,160.1003,94.3977,159.5886
141.3460,161.1306,94.5604,160.7678
141.8569,161.4783,94.8983,160.7827
143.6389,162.6891,94.7050,159.9223
144.1034,164.3839,95.2340,158.6525
144.7201,166.7585,95.9789,158.1815
145.7449,168.5201,95.5591,157.4916
147.0128,168.6273,94.7486,155.9047
147.7071,171.3701,94.6842,155.9318
149.0433,171.8928,95.1446,155.5650
149.5702,172.8672,95.6474,154.6584
150.6907,174.1415,96.6686,154.8429
149.6717,175.7287,98.3307,153.6259
150.9224,175.7094,98.8396,154.2312
151.9194,176.6254,98.9983,154.7289
153.2011,176.9424,101.0292,153.8106
151.0546,178.4331,103.5458,152.3661
152.1417,177.2656,102.2771,154.6146
153.2235,177.6118,102.1955,155.7346
153.8921,178.0385,103.3554,156.6986
150.9505,178.5603,105.6053,156.3909
150.1236,178.2150,107.4795,156.6194
151.4335,177.7889,107.8002,155.6366
151.4185,178.1095,108.4711,155.7959
152.1458,177.3697,108.9669,156.6346
151.0988,177.9169,110.1711,155.9310
151.1809,179.1162,110.8720,156.0636
151.0097,177.6267,110.1227,156.4265
152.2728,178.3502,110.4125,155.7841
150.7577,178.3364,110.4547,155.4331
150.2669,177.7161,109.7649,155.5550
153.3076,178.7432,110.2426,155.2797
151.3572,178.9286,110.4886,155.2231
153.2377,178.9388,110.2743,155.2912
151.1829,177.9550,110.4218,154.4724
149.8701,179.0167,111.2771,153.7672
152.1176,179.2374,111.6611,153.0754
151.4349,179.8119,111.5083,153.7782
152.3900,178.3774,111.0518,154.3177
150.7816,177.4254,111.6732,154.1220
149.6736,178.5011,113.6135,154.0618
146.9138,177.0593,114.9412,155.1323
144.8092,177.9740,116.7678,154.5718
146.5297,178.3675,117.1860,155.2182
143.3922,176.8316,117.5127,154.9516
143.5452,175.7190,119.2251,155.5674
149.7907,174.8101,117.8203,155.9923
147.0749,174.7770,117.0829,155.6257
148.7419,173.2508,117.0856,155.8758
144.0756,172.5472,119.2550,155.1786
142.7533,170.7994,120.6212,155.0600
144.6297,169.1832,118.7919,156.2026
147.6886,167.7989,116.7383,157.0932
148.1698,165.3723,114.0361,159.3909
150.5220,165.3576,110.9814,161.4144
153.1976,160.2769,108.8678,158.4658
152.9044,157.8513,107.9679,153.0609
152.7572,160.6821,107.7960,147.3222
154.2052,163.3444,106.0033,141.8525
156.7386,162.6286,104.0710,137.8208
153.7290,164.2586,102.6091,134.9452
149.3368,166.9305,103.4704,132.6615
144.9778,169.0935,104.3569,131.1124
138.3490,171.0366,105.2164,131.3711
129.0137,172.5525,108.1782,132.4962
120.5751,171.2835,110.2732,133.4301
113.8070,172.1462,112.3618,133.5542
106.8600,172.4185,115.7117,133.2355
102.4626,172.5413,118.5840,133.6456
98.9529,174.3709,120.4950,133.4852
96.1482,169.3027,119.6325,134.7255
96.3468,169.8255,120.0595,134.4006
96.5408,168.9196,119.8395,134.4287
97.5002,168.2950,120.4480,135.0333
99.5042,167.3361,121.1985,135.3748
102.9019,166.5840,123.2031,135.4388
101.1095,164.9738,123.2537,135.3895
100.1678,165.8865,120.9438,136.7715
101.2231,165.5079,118.3531,137.6507
101.9362,163.4349,115.5443,139.3693
101.0443,161.2361,110.9730,140.2313
103.4541,160.0856,106.0819,144.7233
107.1010,155.5250,103.0169,144.1942
102.7112,150.3273,98.0934,146.7000
104.4757,147.6530,92.8827,154.8303
105.1014,145.4560,89.1944,164.6763
105.2368,139.6278,87.1974,169.7374
99.4020,139.5790,86.6648,168.8188
101.9587,149.8702,86.8791,173.8497
98.3865,150.1484,86.8732,178.0849
96.4365,147.9332,86.3840,180.9150
92.1071,145.7767,86.7368,180.3209
87.4002,149.6525,89.2934,177.8076
80.9537,157.8420,95.6729,169.4195
74.9661,161.5770,98.2540,163.4812
74.7779,159.7808,96.4177,165.6908
74.7172,141.4848,96.3793,162.0256
60.8026,144.4707,97.4802,157.8570
51.6408,149.7781,101.2367,151.4097
42.4074,149.4830,102.1962,148.4916
36.8297,146.5711,101.8170,144.1443
33.4427,136.1067,101.7491,139.4572
27.3561,122.1021,105.8426,130.2395
26.4566,121.4065,108.2094,125.7561
27.1939,130.8808,101.0091,132.9315
25.2555,130.7395,94.0744,137.4295
23.6991,117.2896,87.6128,143.4427
25.3543,116.9494,82.4680,147.0846
31.5575,120.8328,78.0421,148.4952
40.4563,131.0745,77.0941,148.5981
54.8190,140.3978,82.5433,144.0036
53.4406,140.3967,85.1573,140.5753
60.4353,139.3867,87.6869,137.2243
66.1547,139.5177,92.7536,133.9900
68.8073,143.3412,99.1047,130.2662
68.4248,145.0670,102.0172,128.3177
65.6200,145.5646,102.6779,126.4587
62.4980,147.0361,101.9991,125.2005
62.2469,142.2546,99.6857,125.5657
66.5468,137.5804,101.0458,124.4070
60.7901,137.9246,100.3672,123.7740
60.8909,139.6152,98.4364,122.2140
66.6110,140.6758,97.3704,120.9962
64.9056,154.1693,100.0696,113.4969
58.8961,152.5298,99.7798,108.5913
61.3808,152.1775,100.0339,104.1145
60.7043,163.5237,103.8072,96.7805
61.9550,151.8664,98.9848,98.1926
61.2504,158.0242,96.2256,96.5766
69.1993,161.1666,94.8956,93.3564
72.9828,168.2784,96.0149,88.7476
76.9792,171.3452,99.7496,84.1025
89.9426,173.0526,99.8171,81.0998
94.1796,172.1195,95.7766,80.8306
95.2515,175.3611,95.0146,80.2443
91.3766,173.9096,92.7242,81.0964
90.4796,172.1413,91.8118,82.1143
91.5203,168.4464,89.9351,83.3720
92.7831,167.0394,88.9876,83.2793
95.3278,166.6666,90.0195,83.3257
98.6694,163.9626,90.3382,84.5161
99.9931,156.6442,88.2708,89.6942
100.2383,150.9653,85.2198,94.8513
102.6217,155.2055,85.6661,94.7162
102.5036,160.0666,86.6321,91.9965
108.1037,160.0332,90.3254,89.6434
112.7087,158.3708,92.4395,88.9754
117.1165,157.0014,95.4276,88.9053
127.2182,157.5002,95.7054,89.9640
165.5665,149.7913,87.1232,97.2779
176.7374,134.4542,78.4844,109.7737
182.9258,126.3873,71.0312,121.9139
186.3520,119.6927,64.3112,131.8764
189.4325,115.4719,59.0242,139.5013
195.2741,119.6776,53.6949,146.3668
198.8984,119.6415,48.8543,153.4598
204.9334,126.6774,45.8036,161.2704
211.7016,143.7953,46.6913,161.7883
217.7210,155.8132,49.7774,156.1715
221.1856,167.1292,54.1926,147.8953
219.6193,170.7722,57.0309,142.6017
217.3037,174.3740,58.1489,139.1301
218.2713,182.6149,58.4866,138.8079
214.5858,187.0552,60.0951,138.6219
204.1188,195.9318,65.3265,137.7848
205.5206,186.1481,65.5862,141.1540
210.0389,180.3092,64.6182,145.5545
211.0619,175.8509,65.7477,146.4661
212.8202,175.0642,67.0630,143.2350
212.8904,165.4064,68.0588,140.7701
215.1604,168.1381,69.6653,138.8409
211.3981,173.6514,71.4854,136.7990
208.6806,160.3772,69.7090,139.3923
202.0148,153.4221,69.4903,140.6178
199.1634,134.7894,68.8239,144.4194
196.6804,133.8657,71.2899,143.3717
195.3698,135.5409,73.9676,141.6600
195.8155,136.5430,75.8579,140.3278
192.2795,140.2144,79.5168,133.9774
188.5720,142.2057,82.2448,128.1854
187.0485,144.8880,85.4232,122.5697
187.2810,145.3827,88.5861,117.5233
183.9426,144.6895,91.1834,114.6911
181.7369,143.6414,92.7638,112.8991
179.0723,135.7847,93.3285,115.3069
178.1367,124.5998,91.6226,121.8276
178.2383,115.6877,87.9916,130.5468
182.7732,111.4044,84.4592,139.0894
184.2977,114.6863,83.0994,145.9820
191.2248,120.6279,80.1947,152.9355
193.9493,113.4719,77.2076,158.7191
197.6769,118.4112,75.3161,163.0454
202.5049,121.7357,75.8541,164.1826
206.9193,131.5100,78.8546,165.8046
211.8618,141.2049,85.0424,166.9090
222.8881,147.5082,92.1002,169.7575
236.3986,152.3877,97.2476,172.4030
248.5188,155.7662,104.5233,172.7914
251.7357,162.8503,111.7424,173.5715
260.4674,170.0321,117.1236,171.3568
258.6669,160.1951,110.0117,170.9556
316.7283,207.0789,123.0813,163.8626
342.6615,221.6358,134.9466,158.7158
366.5107,223.6211,135.4796,162.2426
398.6253,235.6099,140.0222,161.2305
411.0182,232.6098,140.7095,166.6795
436.3442,231.2050,136.6419,170.7419
