1
535.5753,241.0068,42.4753,15.1065
539.4312,244.7121,41.8101,15.6234
541.1224,247.5065,40.1890,17.0797
542.7119,252.4772,38.7768,18.6215
546.5390,255.5837,38.2414,19.5273
549.5860,265.6330,38.4315,19.1790
550.3357,269.0342,38.7212,18.6379
550.0262,272.8964,39.3403,18.0284
550.6539,276.4117,40.7479,17.2118
553.8944,277.1677,41.4168,16.5935
560.6889,280.1992,40.3213,17.6696
559.1248,282.9703,38.0756,19.2927
561.5572,285.5090,36.7759,20.4541
561.2786,290.8261,37.3330,20.5244
563.8365,294.8508,37.6260,20.5883
562.7664,302.2565,39.7664,19.3804
559.4788,305.8575,40.8364,18.6009
565.7572,307.5883,40.2331,18.8172
562.3970,309.3547,40.5520,18.9425
550.5397,312.8301,40.3118,19.3624
557.0864,323.8899,42.0208,18.5216
559.4503,331.5670,43.8401,17.1967
558.9161,333.7643,44.9085,16.5544
560.7098,333.1340,43.2048,17.8150
562.5026,336.4976,41.4990,19.5470
557.8522,348.0631,43.2342,18.1668
558.4465,352.2419,43.9388,17.3819
552.3194,352.2561,42.9943,18.2963
556.9935,355.1319,40.2638,20.1080
550.2147,344.0399,39.7607,21.6691
560.2881,360.5478,40.6645,21.1864
565.3968,365.7228,40.0659,22.3789
562.3998,366.8938,37.2986,24.9042
560.3572,363.7234,34.5610,27.3462
559.7023,360.2595,34.8975,26.4879
565.0245,356.3682,35.8263,26.5551
565.7696,355.3331,34.3361,27.6457
563.7858,345.8718,33.4303,29.0242
568.7029,354.4134,32.4425,29.6338
564.8130,353.7721,34.3583,27.9844
561.1840,345.1223,33.7723,29.5960
550.8290,333.7936,35.5321,28.3161
559.7838,337.2117,33.6846,29.5110
559.8684,336.4076,33.5152,29.1298
559.3190,333.0116,34.6140,28.0344
554.2543,323.2273,35.8765,26.9133
548.1212,318.4281,34.3346,27.6351
549.7045,313.7306,33.1168,28.2597
553.7490,311.1760,34.6860,27.5741
559.6882,312.7936,38.4695,25.3178
537.0142,313.8033,41.8522,23.2985
540.6313,312.7688,42.7423,22.3207
541.9088,308.5251,44.2349,21.7008
533.1548,303.9501,42.3044,23.6892
536.0690,300.7763,40.5916,25.9214
535.9159,313.3821,44.0209,23.6132
532.0660,317.6082,46.4561,22.5313
534.0919,318.0039,47.7540,21.7399
541.9037,315.7096,48.2563,22.0282
528.8496,320.3491,45.0046,24.7107
518.5791,325.4902,48.1665,23.1180
518.1537,338.4148,49.0174,23.7920
534.4492,340.4114,48.0458,24.3157
540.3140,337.4564,47.5577,24.6052
535.4507,339.7422,43.8205,27.8874
540.9118,347.9382,44.1210,28.3292
533.3699,357.5604,47.8635,26.0973
542.7870,357.0085,47.4620,26.0490
536.7063,354.6963,43.5892,29.5281
539.1251,357.8224,39.8978,33.5910
539.0641,363.1457,42.3321,31.0380
545.4660,359.4670,44.5044,29.1792
548.3024,347.6357,45.7561,28.6063
539.6798,349.0662,42.0628,31.5614
541.3860,352.4543,40.9635,31.7241
539.4987,348.7867,43.5956,28.7780
543.7806,346.6245,47.5030,26.2999
538.6125,345.2938,49.7878,24.3604
536.0865,345.4363,51.3888,22.9252
538.4268,335.7417,50.1542,25.0847
552.9366,331.3835,49.1737,27.9596
543.5225,341.6483,53.5643,25.4775
543.2498,347.1996,56.5594,24.1745
544.6646,347.5176,56.2210,24.7840
545.7069,343.0364,57.8906,23.7349
557.3281,328.8634,53.5030,28.1981
562.8993,327.4386,49.9874,32.3188
547.8013,342.7515,54.4098,30.0438
548.7407,353.0037,56.4794,29.2805
563.2643,355.6942,56.7681,29.2333
567.2792,355.0263,55.4229,30.5690
572.2497,344.5373,50.8419,35.4672
576.0358,346.5733,50.0387,38.1642
563.5327,361.3285,55.6427,34.9853
568.6599,372.5968,59.5675,32.2995
572.4897,379.7119,57.6304,33.8071
582.3551,379.8009,53.6043,37.9121
587.7994,389.8738,54.2030,37.8689
596.7090,392.5850,55.1587,36.7793
596.6293,387.3904,53.8777,37.0843
599.5571,370.6631,50.8748,40.5854
596.3127,383.2719,53.0493,38.3765
595.1301,385.2894,55.4146,35.7766
606.5979,379.5655,58.1782,34.3747
591.6715,374.9057,56.2317,36.4672
598.5007,360.1626,52.7338,39.8262
606.5152,365.7440,54.1540,38.8422
597.6212,365.6429,58.8062,34.6657
609.2886,365.6399,60.2857,33.2121
610.8201,349.5072,60.1366,33.4258
606.2153,336.7624,56.2210,37.0404
621.4655,335.9666,59.3215,37.1710
646.6970,331.2829,64.7108,34.4624
646.3448,322.9636,62.3279,37.2093
616.9789,321.7062,61.9704,39.7241
602.3410,308.9838,56.2248,44.4744
604.6776,308.4949,54.7177,45.4522
603.9022,307.2380,59.4202,41.6629
605.8506,304.5226,63.4520,37.5793
609.1841,299.8701,64.6747,35.8388
595.7255,286.6919,60.2615,38.6974
597.4452,279.0158,56.8221,40.1074
602.8650,280.5958,58.1486,38.4683
593.8143,282.9734,61.1138,35.2266
608.1093,280.8756,65.5990,31.9050
591.9138,262.6684,63.2047,35.0466
578.2307,251.2465,61.4764,36.4523
589.7918,246.1478,55.1790,42.0611
599.6371,248.7151,50.7669,46.0936
601.9913,256.6873,53.6833,43.8736
598.2458,249.6627,55.0366,42.5788
582.9941,239.5546,51.7894,45.9196
584.0350,229.2948,48.1697,49.5210
590.0732,234.1953,43.7851,52.0271
591.2225,233.9590,44.5015,50.9923
588.8725,248.7184,50.7044,45.5210
593.6583,245.8820,56.2810,40.5902
580.6722,241.4303,60.9659,37.3293
582.7585,236.0399,56.7933,40.4265
584.0165,235.3332,55.8030,41.8400
595.5624,246.6830,63.3861,37.5454
574.3175,263.3469,61.7368,37.3219
595.5554,259.1086,62.6077,34.9617
586.2177,253.9385,67.5937,31.6128
586.1276,248.6714,69.3103,29.8558
589.3795,252.8418,67.3978,30.6977
593.6112,253.9286,66.5222,31.5593
593.7488,256.6798,69.2867,30.6163
583.4207,263.4863,74.5077,29.3517
572.7676,270.8395,75.0596,30.6099
575.2133,276.2448,73.4221,31.1874
577.5486,277.9842,73.5918,30.9356
576.8910,281.4595,73.2957,32.0423
575.8557,286.1561,72.1129,34.0363
581.4473,292.8579,74.0858,33.7890
578.5328,314.7928,76.5770,33.3111
588.7457,322.2919,78.2078,31.8862
585.7198,323.1082,79.1746,31.9486
583.0656,321.9828,79.3530,34.1994
591.3455,330.6742,82.0710,34.3419
593.0037,350.1468,82.3434,33.0777
594.4462,357.5573,84.7857,30.6872
601.5168,357.3795,83.0194,31.0428
595.6572,359.5178,85.9938,30.2642
607.1594,371.7163,78.9866,36.0842
610.6401,370.1609,72.0252,40.9753
615.0387,361.4848,64.9906,47.7515
611.4957,369.8468,66.7657,48.7303
618.7538,380.9215,68.5690,46.5269
619.5859,375.1841,63.2964,50.7851
626.3837,374.6065,56.8763,55.5279
622.8727,367.4777,55.0478,57.3948
622.8680,382.2224,58.5985,54.4651
623.2744,394.2515,63.1264,49.9895
617.2668,375.8740,62.6931,49.3991
601.9417,368.8004,61.6252,49.4494
622.2711,375.0318,61.1375,49.2126
614.0820,378.0597,65.3689,44.8921
605.7051,380.1656,68.2915,40.6803
599.8940,365.2396,67.9980,39.8916
603.2475,358.2861,64.6601,42.0065
604.4316,365.0061,65.6324,40.2585
597.1191,365.2074,68.6684,36.5449
595.0926,360.6133,69.4467,34.2707
594.0452,344.4960,69.9317,34.3114
593.9870,336.7619,65.1957,36.8397
595.4447,334.3970,62.2802,38.3869
592.5300,335.7353,64.9614,35.7103
577.9903,335.3220,70.5124,31.8313
596.7620,320.5654,69.3704,31.2739
587.1126,313.4353,66.8810,33.0835
584.7557,303.2906,60.7336,37.8572
590.9125,302.1030,57.6727,40.2323
600.0129,299.5683,59.4359,39.1590
585.7217,301.5015,63.3072,35.2926
594.0825,299.9386,66.5667,32.2702
589.2637,295.6128,68.5398,30.1917
582.5425,291.7929,69.7805,28.6803
585.8276,283.6804,64.7267,32.7739
589.4304,289.1747,66.6094,32.3881
576.8393,296.0533,71.8293,29.3799
580.1838,298.5851,72.9322,27.4330
591.8371,300.8234,72.7169,26.0352
589.4473,295.7063,71.4521,25.6918
580.8692,287.6289,66.3066,29.9523
582.4532,292.8153,64.6270,31.4884
584.6035,300.7713,67.7814,28.9952
578.8335,309.1653,67.3764,28.6317
586.9808,315.6281,68.8518,27.5527
574.7741,310.6088,68.0552,27.2106
576.3231,309.6133,64.9572,29.2017
579.4783,309.1861,61.5584,31.5119
582.3226,317.6293,64.5487,30.5365
578.0070,329.1381,67.2868,29.6177
584.7497,327.3844,67.2740,28.6344
577.9507,314.3496,61.6395,33.9922
580.8825,318.8707,61.7368,36.8716
578.0991,337.2730,65.7631,35.4983
600.9213,342.3337,67.4215,34.8376
583.8347,349.3239,69.7985,33.5757
580.7553,346.9597,66.3408,36.7012
589.3833,345.0887,66.7490,38.8374
602.9294,355.8747,70.9726,37.0438
592.7401,369.5124,74.5517,34.9674
605.8302,369.6945,73.8162,34.6032
608.6194,369.5382,69.9171,38.2742
606.0040,379.9932,70.0913,39.2756
597.2090,395.4009,74.0404,37.4473
604.0309,421.7604,74.2517,36.6856
607.8096,383.9431,66.6943,43.4475
614.4137,388.5694,63.8352,46.2686
614.4969,397.9510,68.8540,43.0610
618.4047,393.7975,68.0411,42.6143
617.4468,380.9891,69.9570,40.5341
616.7260,376.9031,67.9496,41.8080
613.6399,379.2498,70.6894,38.8307
611.0933,381.3063,74.0763,34.7179
616.4568,375.2580,75.1444,33.3343
609.1445,368.5754,73.0060,34.9652
609.1448,361.0123,67.9841,38.3752
616.0748,362.5331,70.7107,36.9923
610.2222,364.0305,74.0399,33.9975
608.8011,362.6168,76.8819,31.8093
611.2640,354.9891,75.3052,31.9944
599.7648,340.2520,68.5138,36.6438
604.1903,341.1964,66.2104,38.0289
613.9394,341.3161,67.8567,36.1630
612.7706,337.9447,68.5753,34.8107
609.3642,333.9538,70.5693,33.1549
598.9576,315.7819,65.6757,35.7588
598.6376,306.7030,59.9961,39.6972
606.4879,306.0205,58.3518,41.0622
606.6142,305.5718,64.3379,37.2806
600.3048,310.2655,65.8544,35.8234
609.1194,293.1605,65.6454,35.1929
604.2805,291.6500,61.1950,38.2138
601.5872,272.0750,55.6968,43.1539
611.8547,271.1710,50.6974,46.5154
616.8289,273.2969,52.9934,45.3246
618.6416,286.8461,57.1038,41.4334
618.7778,277.9757,61.4720,37.5182
601.0586,271.0369,62.8664,37.4688
600.1859,264.9893,58.3424,41.7272
591.3515,262.1102,58.7361,42.7739
599.3327,266.8698,63.4908,41.2229
594.0494,281.3593,65.8590,40.1185
594.4756,282.7121,66.6631,39.0696
603.4041,279.4646,70.2673,35.6595
593.5437,279.1818,70.2393,34.5793
601.0953,277.0401,69.7758,37.2361
588.9718,291.9297,75.7007,34.1070
591.9619,304.5414,74.8144,36.0509
591.4852,305.0804,70.6108,38.4111
590.9911,306.5201,73.2970,35.5316
589.6967,303.9726,70.8223,38.9388
582.0776,316.7616,75.7994,37.3036
583.3555,329.0082,80.2642,35.6275
579.7309,335.6761,80.3498,36.6188
578.4606,339.2658,82.8903,34.8682
588.1082,346.3651,81.7503,35.1936
587.1598,354.1704,80.0375,35.8261
582.2027,357.0475,80.9961,35.4451
576.9227,372.0516,84.3628,32.4115
590.6476,372.6204,83.8066,31.2738
592.9371,369.8171,77.4632,36.8804
592.4352,382.2421,76.6947,38.6121
599.7010,394.7685,78.2814,36.8413
603.2794,399.6862,72.9081,41.2728
599.7182,389.5068,67.5650,45.6044
607.0754,391.6473,70.5883,44.8710
617.1110,410.4673,70.3936,45.1770
613.8417,406.6134,64.2681,51.0756
616.7565,377.2372,58.4386,55.4240
615.6654,376.3759,60.6208,53.5607
620.4163,401.1524,69.0918,47.1423
622.7281,401.4180,66.2903,46.6110
632.9650,395.6168,67.0710,44.0438
629.8472,387.1641,62.8642,47.0259
637.8826,383.5688,65.7799,47.3122
628.5427,407.0231,72.0345,43.0045
639.4993,406.1992,71.6874,41.0578
633.3262,401.2938,73.4790,38.5553
639.4041,391.0219,70.0372,41.6714
629.7994,387.7631,73.5418,41.2093
627.4108,414.4301,72.9518,41.5476
652.7301,402.8524,74.1102,39.6976
648.0236,398.3680,74.6652,38.0365
631.2149,392.4009,76.7602,35.9607
627.6517,385.3865,73.4116,39.5148
636.8172,390.2743,74.4211,40.2885
643.0944,395.0666,77.9439,37.8492
628.0228,394.9574,73.9634,39.8636
605.2588,390.2586,76.9556,38.6273
606.1366,373.8567,71.6100,42.7109
599.3493,381.6391,69.1115,45.0051
587.6962,382.0908,70.9730,44.1016
573.7870,391.0356,71.7943,42.4103
552.4733,391.0289,69.8330,44.2072
537.6365,375.7235,72.7385,40.9117
506.1154,373.4632,71.9839,41.8881
505.4612,371.5605,69.7371,43.9160
484.2575,381.4003,73.0236,40.2405
451.5175,390.3606,71.4370,41.7338
441.5698,376.1609,68.3640,43.6311
412.1841,345.7852,62.2773,50.0420
392.2834,359.7675,63.2229,48.5702
364.1636,357.3376,66.7602,46.4030
348.7233,366.9087,71.0177,43.2348
318.2997,370.4721,71.1444,45.0374
282.5989,327.9499,64.3698,51.9057
265.2445,315.7032,58.8519,58.1144
243.5559,314.8765,54.3378,61.6097
214.7182,331.0170,57.2617,56.7045
190.1835,341.3246,63.2575,50.4471
132.3172,350.3098,66.3599,50.3545
109.8791,323.5153,70.8949,45.2652
83.7569,310.9324,68.5954,46.7953
57.4163,308.5181,65.1961,49.8148
