1
533.7081,200.5987,23.5028,21.1777
531.6175,205.5092,24.3944,21.0507
529.7597,215.6464,25.3940,20.8791
528.1466,223.7730,26.2947,20.8491
526.3444,228.6577,26.6017,21.3116
525.4387,237.9884,26.9608,21.4756
524.7265,242.3195,27.0723,21.7530
524.9214,246.4625,27.0785,22.0338
527.1497,250.6195,27.2233,22.3423
531.0145,254.3739,26.9710,22.4536
535.7159,256.8136,26.6203,22.3665
541.3433,258.7383,26.9791,21.8115
552.4553,261.4918,26.8937,21.8081
562.5067,264.3323,27.1118,21.9721
572.8228,266.7352,27.0002,22.6383
584.3216,267.5618,27.1151,22.6801
595.6084,268.7963,27.4709,22.8292
607.0019,270.1803,27.6209,22.7674
613.1490,270.9463,27.9844,22.2849
624.3925,273.1080,28.4362,22.1039
632.4731,276.9980,28.6316,21.4684
637.1848,278.9685,29.1085,20.8516
647.3553,281.5898,29.3739,20.1072
653.4664,283.5103,30.1977,19.3730
659.0405,284.7917,30.3908,19.2757
662.5762,284.0207,30.4144,19.5179
661.2847,282.7544,30.9756,19.4066
671.4865,285.6743,31.8612,18.3032
675.9697,287.7680,32.1220,17.3027
679.9756,287.1106,31.5122,16.9603
684.3420,286.5540,30.5382,16.9323
687.9391,284.1597,29.8371,17.0912
691.9719,282.3675,28.0633,18.1582
695.7919,280.4787,27.2303,18.0056
699.5771,278.2932,26.6107,18.0012
704.0212,274.2683,26.2223,17.7890
708.4969,269.0213,25.1766,18.4349
713.0862,264.5686,25.4986,18.3057
721.4544,260.2625,25.6212,18.4571
724.2859,255.4377,25.2972,19.0347
732.5629,250.4592,25.3791,19.4327
739.9398,244.1919,24.8002,20.2261
2
0
0
0
0
1
861.4012,220.9639,16.9300,13.3640
876.7648,216.8226,17.6696,13.0751
890.6216,214.3105,18.1094,13.0389
906.7017,209.7080,18.7241,12.7850
919.1660,205.3482,19.3668,12.5662
935.7667,200.4066,19.4750,12.7209
947.8235,195.4399,19.9884,12.4447
961.3360,187.0744,20.1254,12.4669
974.9261,179.1941,20.4221,12.4642
987.2618,173.5756,19.9020,13.0367
996.6682,169.3369,20.1156,13.0207
1009.9659,165.5465,20.0164,13.3147
1019.2412,164.8902,20.2232,13.3509
1032.4382,161.0776,20.0051,13.3605
1041.5284,161.8952,20.2255,13.4866
1050.3240,167.2812,20.3497,13.5681
1058.8687,172.8124,20.1700,13.8561
1066.7189,173.1116,19.9106,14.1396
1071.2794,168.1506,19.6049,14.3266
1073.8860,160.8381,19.3321,14.8007
1077.8817,151.0964,18.8085,15.1408
1080.2896,143.8266,18.4584,15.5374
1082.8009,136.9934,17.9613,15.9811
1085.7925,132.3935,18.3081,15.8353
1088.1617,127.1231,17.9619,15.9153
1089.7396,121.3945,17.8574,15.7064
1091.2645,118.8341,17.9611,15.6823
1093.6984,116.9225,17.8512,15.6848
1095.8732,114.1811,18.0226,15.6115
1098.3699,107.3681,17.9806,15.5649
1100.3181,96.4775,18.2142,15.3165
1101.5945,84.4092,17.9607,15.3987
1103.3386,76.9868,18.0478,15.3717
1107.1748,72.6619,18.0738,15.4417
1113.1650,69.7969,17.9969,15.4475
1116.6825,60.3927,18.1341,15.4103
1120.8214,54.9986,18.3937,15.3519
1127.9062,50.3860,18.0597,15.6987
1134.8365,48.7787,17.7762,15.9226
1140.1833,46.1574,17.4608,16.0026
1145.8619,42.7793,17.2381,16.3258
1152.2974,41.2635,17.3195,16.1961
1156.0557,41.6992,17.7594,15.8772
1163.3906,40.1200,17.8675,15.9185
1167.2396,36.8757,18.0749,15.6197
1171.1432,37.0744,18.2756,15.2262
1179.1282,37.6808,18.3930,14.8725
1186.2206,39.2841,18.4798,14.7136
1192.7179,43.3603,18.2501,14.7097
1199.5627,48.4600,18.2222,14.5446
1205.8069,54.2446,18.3500,14.2481
1209.5907,67.8934,18.5018,13.9000
1216.4043,81.6963,18.3270,13.6093
1223.1998,95.8598,18.3732,13.3381
1229.1182,109.8559,18.8031,12.7152
2
0
0
0
0
1
2
0
0
0
0
1
1256.4298,306.1873,20.2862,10.0000
1252.9360,308.0869,21.4359,10.0000
1249.0399,310.1582,22.4011,10.1957
1245.1138,314.6286,23.9143,10.0000
1236.6128,316.5884,24.6249,10.1137
1233.0883,322.6373,25.3244,10.0000
1224.7947,328.4149,25.7185,10.0000
1215.2592,334.7879,26.0600,10.1652
1210.4595,345.0223,26.3342,10.0618
1201.5660,353.9867,26.4533,10.0000
1192.9401,364.2542,26.0356,10.0000
1184.0070,374.3250,26.2506,10.0000
1174.4518,380.7405,26.1216,10.4247
1165.5546,391.5577,26.4471,10.0181
1157.2504,401.7337,26.0303,10.2559
1146.3621,412.4895,25.1629,10.6683
1139.0847,427.2309,25.1627,10.4050
1131.1226,437.2504,25.7291,10.3546
1123.9281,443.2237,25.2062,10.7293
1118.5387,445.1261,24.2093,11.1546
1113.5139,451.3369,24.0161,11.3435
1109.3680,455.9576,23.8631,11.4308
1103.6128,460.3862,24.0867,11.4223
1098.7642,462.5095,24.2091,11.0556
1094.7406,466.1520,23.8964,11.2086
1091.3481,467.7339,24.3789,10.8750
1092.4320,467.2828,24.0346,11.2634
1088.6875,463.5264,24.3299,10.9820
1086.1791,460.0866,25.0455,10.7039
1086.2985,457.1224,25.6332,10.6440
1084.7767,452.8633,25.0141,11.3175
1080.2423,449.8462,24.8015,11.9101
1077.9653,449.3085,24.4945,12.5691
1078.3593,449.4715,24.3083,13.0405
1072.2859,447.7379,24.1262,13.4946
1066.6586,445.6913,23.9565,13.8184
1058.2889,444.5373,23.4276,14.6649
1054.3887,445.7982,22.9329,15.0843
1050.0048,445.3324,22.4662,15.7636
1042.6887,443.6432,21.9731,16.6295
1036.1978,443.4171,22.0179,16.8037
1032.1985,441.7722,22.2255,16.9764
1027.9594,438.5932,22.0498,17.4704
1024.1160,433.8226,22.0414,17.9842
1016.8093,428.9797,22.1347,17.8933
1011.9767,425.0617,22.3008,17.7659
1008.7379,423.0101,22.3208,17.8219
1005.7723,419.6062,23.3763,17.5226
997.9231,416.4232,24.3916,17.1245
994.1011,416.0210,24.6892,16.8728
990.1008,415.8129,23.8096,17.4578
984.6218,414.8776,24.1389,17.5611
980.3044,415.2002,24.5990,17.7174
974.7531,416.4095,25.6896,17.2754
969.5931,416.4868,25.9238,17.0147
966.7745,415.5652,25.0494,17.9788
964.3235,413.5493,25.6463,18.0535
959.8154,410.4637,25.8355,18.0577
952.3796,405.6042,26.1378,17.6660
950.9570,403.5959,26.2469,17.2862
949.8887,398.1857,25.8578,17.7899
942.7823,396.7940,26.4571,17.8428
939.7392,390.2186,26.8478,17.9232
942.0789,383.0283,27.0893,18.7005
942.3983,376.1498,27.2726,18.6771
942.1709,368.7727,27.4297,18.5637
939.4775,363.8952,28.3250,17.6455
933.5056,362.5260,29.3137,17.1574
933.7578,359.7704,29.4792,17.2875
935.4852,353.0392,30.0816,16.8896
932.3910,351.1854,31.3189,16.5400
917.7028,349.8355,31.2596,16.3972
914.8985,349.2578,31.5729,16.1807
912.1861,348.8959,32.7267,15.6999
903.7220,347.1714,32.9434,16.2577
902.2531,340.0079,32.5318,16.8812
902.0699,335.0391,33.0992,17.2417
895.9014,330.9990,32.7441,18.0535
895.5195,330.0082,33.2958,18.1760
888.6915,324.6003,32.6857,19.1461
881.9810,324.4090,31.7114,19.4247
879.1396,320.8344,31.9185,18.9552
875.2299,322.5638,32.8303,17.9268
871.2393,323.7490,34.4537,16.8727
864.2210,325.6801,35.2683,16.2408
855.8205,327.5617,35.2393,15.9235
847.6936,328.7411,35.8955,15.4767
838.4285,328.5250,35.3065,15.6507
829.3561,327.4374,36.1946,15.0646
822.1328,326.2788,35.6185,15.0021
814.5737,325.5591,35.7560,14.6023
806.9342,327.2143,35.0000,14.7468
799.5441,329.4777,34.4017,15.2194
793.1681,334.4149,34.4506,15.2218
786.3034,335.4195,33.6783,15.8626
780.7996,335.6438,32.4334,16.4035
775.5583,334.5125,30.6608,17.2470
767.7468,332.4021,29.7996,18.0674
766.1855,330.4413,28.4820,19.2706
760.4847,327.7762,27.5789,19.6880
753.1444,322.5756,28.5955,18.9255
745.2260,322.1792,29.6838,17.5918
743.3090,316.3350,29.8390,16.9595
734.7839,309.8329,30.5667,16.1649
731.9098,302.8086,30.8120,15.7894
726.9774,295.2939,30.3328,15.6000
722.3632,287.5949,29.9017,15.4565
717.3486,280.3745,29.6190,15.2198
712.4477,273.3500,28.7006,15.2786
709.9657,266.8922,27.3846,15.7144
705.3329,261.8248,26.8927,15.9226
701.2084,256.8632,25.9517,16.4200
699.6582,254.1342,25.1729,16.6655
696.2288,249.5279,24.1508,17.2208
697.7375,248.2016,23.1089,17.4515
696.5178,244.3116,22.9349,17.1601
691.3571,241.7269,22.1473,17.4340
686.7090,236.7090,21.0827,18.4326
683.0497,235.4744,20.8402,18.6383
681.1743,233.7145,20.5508,18.6645
676.8566,231.7985,21.0973,18.5219
672.3073,226.8685,21.0352,18.8265
672.0187,223.3436,20.4933,19.9007
671.1782,223.3077,20.6537,20.0605
659.9665,221.9536,21.0604,19.9725
654.9465,220.2969,20.1062,21.0730
650.6873,219.2118,20.1152,20.7109
647.1777,219.0378,21.1247,19.6278
643.0078,222.3419,21.3080,19.4643
630.3765,217.6411,20.7059,20.3391
624.7901,218.5156,19.7809,21.2284
615.0903,214.7126,19.9938,20.9998
608.6541,214.1003,20.7287,20.6980
603.1008,212.0408,21.1777,20.4423
592.9379,213.4741,21.8077,20.2733
581.2530,214.1912,22.0526,20.4849
575.3010,213.5174,22.6173,20.1849
566.0817,210.0420,22.4926,20.5042
556.9843,212.0833,22.4491,21.1100
553.5485,210.6184,22.5669,20.9210
543.2763,210.1752,22.6430,20.8825
537.2802,209.5865,22.5312,21.1164
529.4210,209.7074,22.7493,21.0612
524.0052,210.0434,22.2907,21.5186
517.9959,211.3189,22.1782,21.7880
513.3301,210.5668,22.1653,21.8807
509.5974,210.7041,22.2547,21.8411
503.5598,210.8803,22.0684,22.1026
498.4363,212.2926,22.0374,22.1781
498.4323,212.0666,21.8036,22.3724
492.0656,210.1421,21.5303,22.7357
488.1740,212.0764,21.4569,22.9005
484.8375,210.0980,21.4570,22.9625
481.3781,207.8655,21.4597,22.9456
477.4324,212.1490,21.3002,23.1376
473.8717,214.5837,21.3323,23.1256
2
0
0
0
0
1
463.2255,251.0365,19.3310,20.3483
462.2891,254.5464,19.4774,20.6246
461.2009,257.9480,19.6470,20.8268
460.7539,257.5623,20.1636,21.2184
458.8098,261.0587,20.4996,21.1050
457.2809,263.9872,20.9138,21.0322
458.6880,267.0015,21.1022,20.7654
458.0046,270.8724,20.9024,21.1519
459.3307,273.7211,21.5395,21.0957
458.8368,277.1398,21.5324,20.6682
460.1575,280.8336,21.5627,20.8197
460.7592,284.7929,22.3009,20.0722
463.0025,286.9321,22.0967,20.4990
463.8270,289.8102,23.3887,19.1636
465.2284,292.7760,23.3213,19.2585
467.7932,295.3905,24.0726,18.5843
469.6144,297.8861,23.5306,18.8377
472.0737,300.3647,24.0432,18.5402
471.9763,302.1387,24.9337,17.8132
474.5797,304.0775,25.5776,17.0849
471.7907,306.5534,25.5041,17.7354
474.9247,309.5357,25.1578,18.7175
477.4663,312.3676,25.1095,19.5578
473.6013,315.2576,24.3476,21.0166
476.6588,317.1114,24.4848,21.7943
470.4688,320.0258,24.4417,23.0091
472.7052,314.6454,23.9773,24.0831
466.7553,315.5718,24.6118,24.5648
467.2851,315.7465,24.4672,25.7059
460.6087,310.0338,25.2114,25.5390
462.6570,306.5587,24.2536,27.3909
463.0103,305.9583,23.6352,28.9411
455.5898,308.1093,24.6737,27.9752
454.9801,305.1275,24.5989,28.7538
2
0
0
0
0
1
442.1106,330.7479,19.1892,14.3960
440.9568,331.0131,19.3428,14.4530
440.6734,331.2887,19.3281,14.2704
441.7068,332.5509,19.2724,14.1300
441.0717,330.9646,19.5440,13.8599
441.9961,333.0475,20.2873,13.1323
442.6956,333.8712,20.4353,12.8389
446.1219,333.7422,19.7500,13.1884
448.3770,334.6888,19.2918,13.5409
448.0581,335.2432,18.9043,13.5415
448.8979,336.6686,18.7128,13.3514
449.3205,335.9940,18.5458,13.5351
449.1227,337.8528,18.7203,13.2138
448.4885,338.2771,18.3184,13.2802
445.6326,339.5409,17.5046,14.2244
442.5899,339.2522,17.5225,14.3225
437.3490,339.3473,17.9872,14.4783
431.8924,339.2941,18.1597,14.3150
426.6818,339.1816,17.9758,14.5620
420.3666,339.5588,18.1584,14.5848
415.8167,338.0532,18.1580,14.5858
410.9998,335.3164,17.9377,14.6477
404.8450,332.6307,17.9708,14.8180
400.1653,328.3672,17.2136,15.6782
393.1866,326.0712,17.9559,15.1341
385.5078,321.7358,18.3861,15.0090
382.6977,317.2337,18.0230,15.0953
376.6379,314.9702,18.2781,15.0560
372.9463,311.4867,18.3981,15.1326
368.5645,309.0584,18.1997,14.8807
366.0270,305.7715,18.5650,14.6702
362.1476,304.6446,18.4628,14.7597
360.4882,300.4060,17.9356,15.1786
358.1298,297.7651,17.6396,14.8354
356.4430,295.5109,17.3373,14.3879
354.7864,293.3865,17.2916,14.0422
354.2002,291.4133,17.1268,13.7120
