1
328.1685,112.1178,74.2014,15.1743
318.4092,112.5829,75.1205,15.5728
308.6098,112.9799,75.8321,16.1277
299.4000,113.3038,76.4449,16.8498
293.4743,113.6621,77.1582,17.5255
286.3037,113.2432,77.3472,18.3633
288.0471,112.0403,76.7283,20.7690
291.5786,114.1854,74.0776,23.8328
292.2891,114.4687,69.6761,27.7370
286.7566,113.3890,64.2620,32.8927
285.1456,112.8440,59.9344,37.0026
274.1183,92.1175,54.7036,43.5910
269.2643,64.2422,48.9568,49.8865
268.6306,54.4657,43.9980,55.4304
269.7709,47.0119,40.1542,59.3954
269.9648,35.5977,36.6456,63.4993
271.2102,29.6816,34.1548,65.9545
272.5079,21.1948,33.1161,65.8064
273.9815,18.9456,31.7053,67.2320
275.4608,19.0597,30.2793,68.5365
276.6581,20.2508,29.4115,67.6810
278.4318,18.1506,28.8621,65.8853
283.0044,11.7996,31.4236,62.4907
281.3096,11.4426,34.8132,58.8290
280.1595,13.9020,38.5760,55.3726
278.9166,14.7641,42.5353,52.1748
277.6693,16.2183,46.5195,49.2665
274.3360,18.1194,50.1694,46.9727
266.6046,29.8480,53.3956,44.9295
278.1876,21.5852,50.3405,47.5324
284.2045,20.3477,46.0125,51.5484
288.9109,20.0599,42.7426,55.1956
288.4789,14.9914,43.6067,54.5580
287.2752,15.7035,46.0140,53.1339
285.2141,17.0802,48.5761,51.9408
283.3834,18.1717,50.6546,51.3406
275.2349,21.4236,52.4957,49.6554
268.4360,27.6999,54.8338,45.1455
268.3459,35.9389,56.5865,42.8211
270.4408,39.3872,58.6437,42.1713
270.1592,40.6185,59.2069,42.8735
270.9288,38.6440,59.2701,43.6177
254.3250,51.1456,55.3192,47.6949
247.1141,63.4521,51.9084,50.6416
244.2797,69.6972,49.5024,52.6858
241.8104,75.6025,48.0048,53.7477
239.9713,80.7755,46.8776,54.6141
237.2676,86.0741,45.8966,55.1968
234.4288,91.4434,45.2129,55.5906
230.7367,96.8921,44.6702,55.7906
230.3497,100.5920,43.8645,56.2889
230.3200,99.7592,43.9241,56.3805
228.9456,102.5996,46.6729,53.8527
226.7619,108.0119,51.0401,49.3565
225.3629,111.8113,55.4193,44.9195
225.6794,117.0534,59.5201,40.7474
225.4466,120.9359,63.1300,37.6985
228.3141,120.3085,66.8459,35.8030
225.2479,128.8902,64.9887,37.8149
225.7878,125.0812,62.3042,40.6186
222.7543,124.8094,58.7003,44.3857
210.3522,142.7106,52.7343,50.6899
209.4316,162.1853,48.0609,55.7141
209.5858,166.7607,44.4861,59.6284
210.1295,172.7009,41.7636,62.4652
209.1676,177.9037,40.4207,63.4927
209.7121,178.4011,40.9581,62.4978
209.8278,178.4015,42.3470,60.8767
210.0031,181.4425,43.6155,59.6517
214.2653,182.7343,41.5765,61.9322
212.6518,197.3517,39.9370,63.5183
216.4373,206.7384,38.8404,64.1682
220.2542,214.2268,37.6462,65.2902
223.1170,222.7101,36.7396,65.9935
225.9024,229.8086,35.9728,66.2087
228.0100,235.7423,34.9406,67.0730
230.7833,241.7785,34.1533,67.6923
237.0374,248.5154,34.3009,66.8745
238.3004,252.9285,34.9201,65.9109
241.1997,258.7564,35.3975,65.2382
244.3065,264.2876,35.4530,65.1469
246.0804,269.4045,35.0391,65.8813
248.9908,274.1378,33.9302,67.4091
251.2880,278.5273,32.4838,69.6479
253.8541,283.9197,32.0961,69.9340
255.6554,288.6212,31.6514,70.0043
257.3068,295.8278,31.4929,69.7405
258.3083,301.2248,31.0554,69.9051
259.7900,306.9861,31.2125,69.3042
262.1754,312.5497,31.1043,69.0568
262.9890,318.0677,31.0261,68.8620
264.0236,322.3666,30.5014,69.5318
264.7443,325.7964,30.6050,68.8523
261.6965,330.8562,30.5526,67.9550
262.5080,335.7449,30.4526,67.3160
258.6184,344.4212,30.6715,66.5961
258.8279,350.3517,30.2526,66.7784
255.2731,360.1072,29.8585,66.7771
253.3558,367.6812,30.7055,65.0733
251.5581,375.7005,31.3331,63.8731
247.0729,384.8618,31.4399,63.2776
245.1861,391.9926,30.8025,63.7200
242.7351,398.6752,29.8412,65.0128
241.5744,407.0627,29.2268,65.8523
241.7941,411.9795,28.7874,66.3036
241.8786,415.8893,28.6185,65.8242
239.5774,418.5018,28.8464,64.9738
239.3630,421.9831,29.2751,63.8105
238.6334,423.6897,29.2939,63.2782
238.6516,426.7691,29.2576,62.8516
237.2725,427.5615,29.1633,62.6932
236.6354,431.1671,29.0152,62.5933
235.8599,434.2014,29.1479,62.1976
235.1337,436.5028,29.1856,61.8389
235.1454,439.5431,29.1622,61.3992
235.6761,438.6250,28.1008,63.2355
237.9074,447.8229,27.8728,63.1893
240.0118,456.4697,27.8845,62.7776
242.1153,465.0196,27.8806,62.4906
243.5957,473.5207,27.7136,62.2505
247.0453,480.0651,27.7663,61.6754
250.5542,487.5949,27.6636,61.8286
252.6375,494.4258,27.6472,62.0010
256.9224,502.6167,27.3912,62.2467
257.4324,507.0692,26.3711,64.4192
259.8748,513.0411,25.6804,65.0575
260.6006,518.9138,25.6237,64.4714
259.6516,524.4988,26.1363,62.9996
258.1086,529.9750,26.4754,61.6607
258.1043,535.0343,26.4841,61.0624
256.0521,539.9249,26.5339,60.7420
255.4806,543.9392,26.3292,60.8000
254.8535,548.7411,26.2383,60.6112
254.1864,552.9232,26.2318,60.2910
252.7562,557.2133,26.4204,59.7263
252.0674,561.3793,26.4670,59.3807
250.6953,564.8706,26.5575,59.0323
251.9565,567.9835,25.3585,60.7468
256.0263,576.7784,25.1811,60.4088
258.0715,586.0163,25.0478,60.3993
262.2764,595.8917,25.8536,59.0797
265.1930,600.2540,30.5140,54.2902
255.8781,607.2013,35.9206,49.6517
289.6930,584.2125,40.8265,45.9290
305.3294,570.7897,46.4259,42.7306
322.3016,558.4717,50.3825,40.6956
340.6108,545.1740,53.8676,38.6456
352.0612,536.5463,57.1021,37.0254
365.5232,526.7558,59.6556,35.9723
376.4368,518.9532,61.7382,35.1395
385.9823,511.6910,63.8037,34.5520
395.0783,504.9167,65.5236,34.3155
410.0414,498.4209,66.6564,33.3304
418.2308,497.5673,68.9086,31.9325
427.5277,496.0641,69.0483,33.3779
447.0795,499.6820,64.8887,37.2606
456.1556,503.3914,61.0814,40.9990
446.9454,500.9059,58.7048,42.7705
469.0912,511.3521,52.6477,48.9608
474.1732,515.2823,47.2833,53.8993
476.3179,519.8564,42.9939,57.4917
477.7657,523.6633,40.0983,59.3480
478.5322,527.2355,38.5653,59.9973
478.9088,532.5578,37.8122,60.1534
476.0585,537.9163,37.3820,60.1651
474.2417,543.0606,36.4385,60.5562
473.1063,548.2310,35.6780,60.8248
471.2982,553.2404,34.7740,61.3536
475.1317,557.3749,33.1042,63.5795
478.4140,563.1701,34.0572,62.5139
482.9612,575.1477,35.4923,61.1218
487.8226,586.8013,36.3258,60.4351
493.5432,598.5313,36.9799,59.6540
499.2924,609.2722,37.5718,59.3302
503.5783,616.4440,38.0981,58.6339
507.7833,621.8903,38.7766,58.3445
510.0438,628.0255,44.9074,52.1608
505.4110,628.9432,46.5351,50.3255
519.8912,613.9552,41.9760,55.9003
529.6758,593.7352,39.3188,59.4413
536.5215,570.5558,38.0048,60.9317
547.6420,546.7998,35.8822,63.5645
554.4710,528.2651,36.1817,63.4137
561.1935,512.1146,36.7200,63.0867
570.5331,500.7253,41.4105,57.8215
573.8599,497.3146,47.2158,52.1841
589.8622,501.4153,49.6384,50.2423
607.0246,513.1670,51.4906,48.7596
622.5638,525.7343,53.5627,47.3040
639.0969,537.5095,53.8380,47.5690
651.9939,549.1216,55.1794,46.6914
664.8307,560.8966,56.7545,45.5817
676.4185,570.0629,57.7169,44.9501
687.2580,578.2868,58.6293,44.6391
698.4120,587.3281,59.0369,44.4045
708.0775,594.6029,59.2049,44.4790
715.9949,601.8576,59.6571,44.6279
722.1704,607.5181,60.4101,44.7731
730.9459,614.0656,61.0295,44.8928
736.3159,619.9186,61.9320,44.8293
742.2784,624.2995,65.0898,42.7710
745.6819,628.6756,68.4197,39.0874
747.1180,633.5962,72.2564,35.9549
748.7931,635.3351,75.6260,34.1570
753.0925,635.3577,77.2136,34.1120
757.9743,632.1396,77.7702,35.3880
766.9750,627.1998,77.2736,36.5152
774.0909,622.6189,77.1457,36.8621
776.3104,619.1498,78.0081,36.7317
779.0671,616.6899,79.6045,36.3191
781.9888,613.8406,80.9350,36.6373
788.2679,610.6420,81.1056,37.5795
801.6689,609.8945,81.8638,35.3996
807.1683,606.1636,85.3458,32.0012
817.5040,607.4033,88.0693,29.5218
828.0036,609.2279,90.3860,27.6660
837.7960,612.6307,92.3086,26.2372
843.7690,613.8107,92.9129,25.6702
851.1306,614.7742,94.3072,25.5339
859.9148,614.5851,94.8178,25.9123
865.1681,615.1396,95.2444,26.6253
873.8957,615.6756,94.3635,27.3950
884.4231,614.7034,93.5875,27.4958
890.1923,612.1039,94.8902,27.1915
902.1096,610.9477,95.0686,27.6568
908.7886,609.6695,94.7192,28.3549
918.6445,606.5905,93.6715,28.9137
926.2783,604.6946,93.2992,28.9816
931.7079,602.8026,93.5874,29.0498
938.2639,600.8268,93.5180,29.2749
943.9321,599.7663,93.3800,29.5295
949.8357,597.7783,92.7877,29.7673
958.7128,598.7706,91.8197,29.6478
969.6426,596.6217,92.1499,28.3980
976.6285,596.8751,92.8249,27.8911
986.1580,597.8203,92.0757,27.8319
994.6230,601.4402,91.5193,27.8691
1002.9373,602.9713,91.1997,28.4313
1010.9008,603.4418,89.8165,29.3082
1019.4572,605.9947,89.0339,29.6458
1025.5973,607.9177,89.4205,29.4189
1031.4307,609.1131,90.4297,28.8389
1034.2705,611.1589,92.0082,28.3763
1042.0267,612.9744,91.1231,28.4021
1049.8916,613.6306,91.7404,28.9061
1059.1791,612.0355,93.3439,30.2619
1072.8898,610.0430,92.2721,32.3648
1080.4646,605.4792,90.4591,33.8713
1077.6598,604.1065,92.2556,34.7102
1068.1294,603.1572,97.6842,34.6614
1086.6323,598.3561,103.1876,34.1424
1099.3735,595.7311,104.9171,33.1127
1105.1138,593.9648,106.0297,32.4475
1121.9050,593.3372,101.8806,33.7029
1124.0087,589.3889,93.5400,39.5328
1158.7488,607.1768,83.5689,49.1019
1169.7524,624.2482,73.9912,58.4627
1180.0796,641.0496,65.8306,66.5057
1188.5612,653.5529,59.2877,72.7595
1196.3263,666.7164,54.1413,77.5843
1203.3584,680.2126,50.4081,81.5846
1209.6195,694.6309,48.2061,83.7093
1218.3082,705.0906,51.4138,77.1996
1224.5444,721.2446,61.1088,67.0588
1256.3638,724.5100,70.1123,58.5100
1289.7277,728.4153,78.2536,50.6995
1318.4620,731.2993,83.3781,44.9316
1350.6035,715.6836,75.0341,52.1891
1376.6971,671.4572,70.7370,56.8342
1396.8763,637.8456,70.4986,57.8590
1419.8047,607.6060,71.0775,57.7705
1440.0946,581.0000,73.0518,56.2697
1459.5934,560.1379,74.6996,55.3162
1478.6616,542.8687,75.3573,55.1443
1496.0881,525.1967,75.3367,55.6558
1511.8160,507.2305,74.7367,56.6183
1521.9010,487.9538,69.0123,60.0895
1530.4791,468.1681,66.0792,61.0551
1523.7191,446.9428,67.5888,59.4677
1508.4923,429.1438,68.0445,59.0681
1493.9171,409.8994,69.1874,57.5464
1485.2771,397.9955,70.5178,57.4298
1473.0363,382.8762,68.8398,59.4965
1459.3855,365.5310,65.8459,61.8715
1451.3809,350.8823,63.7556,63.0142
1444.9807,337.6649,62.5814,63.4961
1438.4673,328.2983,61.7099,64.3603
1433.7335,318.9837,61.2512,65.1222
1425.7173,309.1187,61.3646,64.9532
1391.4512,304.7414,70.2252,57.7954
1340.8975,322.5308,78.7025,50.4085
1293.4731,334.0471,86.6481,43.5439
1253.9935,339.1430,92.8159,37.3960
1221.4976,342.4195,97.6996,32.8465
1186.5758,343.7211,99.8352,30.2434
1158.3315,344.6760,101.0565,28.3336
1134.3362,344.5609,102.1146,26.6082
1111.8433,345.1452,102.5267,25.4396
1090.7344,345.5358,102.4685,24.6585
1070.8149,345.8575,102.2827,24.0150
1053.8317,346.0224,102.2102,23.6852
1039.8547,347.1537,101.9082,23.3064
1023.1566,347.2470,101.6042,23.1198
1010.1502,348.3473,101.5153,22.7836
996.3279,348.4268,101.3094,22.6245
984.5634,348.4358,100.7785,22.6065
972.7672,348.4714,100.4118,22.5353
967.4133,351.2785,98.2641,24.2671
961.7513,350.8953,89.3528,30.5522
960.3177,352.1697,81.2363,37.1565
964.6715,357.4041,78.0244,39.5108
970.2115,363.5277,77.9001,40.0451
976.5258,368.8592,78.1047,40.3822
984.5192,373.3809,78.6972,40.5494
990.8161,376.9238,79.0795,40.8786
983.7226,379.8580,76.4814,42.4701
1005.2299,385.8287,68.6931,49.0689
1008.0751,389.0582,63.0026,53.6983
1006.6508,386.4993,60.3423,55.1434
1005.5381,394.1292,62.5675,50.7929
997.1526,393.2777,66.8590,48.9302
967.8648,376.8701,70.8953,45.3859
946.1689,369.1915,76.0639,42.5417
917.3342,359.3267,80.1106,38.2334
895.7628,353.9650,84.7336,34.2827
873.7474,350.5194,88.4672,32.0154
850.8538,345.7435,89.9848,30.4998
829.8654,342.0697,91.5109,28.6539
810.6984,340.0686,93.3151,27.1767
794.8848,334.7033,93.9233,26.9595
783.3806,332.9239,93.1523,28.6890
777.5078,328.7883,91.9450,31.4090
765.7015,325.1684,89.1930,34.8824
743.1639,315.8088,88.5104,32.6294
726.6811,313.5791,91.7755,29.6636
705.3807,314.2001,93.7019,28.4216
684.8032,312.6872,94.0857,27.7409
665.2516,309.2178,94.4221,27.2956
650.8945,306.2586,93.6564,27.6866
637.3839,302.9629,93.0932,28.7611
622.9078,297.9574,92.4310,29.5176
609.1583,293.1024,92.0980,29.9504
597.7438,290.0673,92.6228,30.4445
584.1126,286.4919,93.6323,30.0943
570.2719,281.2632,93.0670,29.2531
560.7150,279.0124,93.5846,28.1757
550.3234,277.4349,94.0504,27.6367
541.7630,275.7960,94.5789,27.2274
532.4667,274.0078,94.7370,27.1169
525.0327,271.2372,94.8562,27.1273
517.0729,269.2739,94.1664,27.3629
505.6409,270.1042,93.1084,27.5425
485.8026,268.3610,92.5575,29.2003
454.8564,276.9797,93.3534,28.6255
426.3160,283.6590,93.0196,28.2315
400.4983,288.4232,93.1334,27.9033
377.9989,293.4301,94.0780,27.0676
356.0427,297.4823,93.9892,26.2968
336.5863,299.5598,94.7296,25.7771
321.7627,298.5557,91.6452,27.7854
313.7689,294.8572,85.8849,33.3700
301.1671,283.6392,78.1135,41.1505
286.6217,262.2263,70.0945,48.7221
281.7004,245.8055,63.1652,55.4740
276.1700,230.9503,57.4199,60.9088
272.0037,217.4922,52.7097,65.4660
267.4308,204.5061,48.8474,69.1384
263.4712,190.2238,45.6595,71.7867
258.9810,180.2263,43.6116,73.4010
258.0602,172.0512,41.7975,75.1295
256.9370,163.9431,40.3990,76.7650
252.7890,153.4204,39.5811,77.7603
251.4371,147.1336,38.6383,79.3942
250.3864,136.8647,40.7397,76.1307
248.4224,137.6727,46.4870,69.0570
250.8985,125.5768,54.2111,60.6526
254.8022,121.9316,62.6772,53.4777
263.2821,120.7244,71.3063,46.7534
272.0883,118.6490,77.7325,41.6584
280.7816,116.8602,82.6491,37.8017
286.2511,114.5449,86.6197,34.9774
292.3948,112.6109,89.3022,33.2318
300.5468,109.4956,91.7830,31.9484
309.2753,107.9950,93.2331,31.1682
315.0815,105.4295,94.9008,30.6078
320.1250,103.6925,96.2772,30.2607
326.3542,100.9702,97.2850,29.9340
332.4271,101.1773,98.6630,29.5197
342.9811,100.8969,96.9933,30.0806
350.7228,99.2904,95.0239,31.3630
361.3079,98.3838,93.1155,33.1762
374.9864,100.4995,90.8750,34.7410
383.3596,105.1245,89.5542,35.1319
391.2870,108.1257,89.0292,34.8783
399.0710,110.0994,88.6943,34.7390
407.6608,113.8714,88.5862,34.7825
415.6007,115.5616,87.8749,35.1942
422.5836,119.0545,87.1613,35.7810
429.3665,121.8291,86.8491,35.9120
