1
129.5531,331.1788,77.8134,92.4253
126.1529,322.4271,76.3394,93.2635
121.7782,330.3508,76.1673,95.8056
117.0765,338.7477,77.8214,94.5108
108.8555,341.9918,79.1055,91.5368
120.4205,343.5765,84.8718,85.7475
126.7120,341.4472,92.8654,79.9535
111.9354,313.6435,92.2043,79.5468
108.9279,280.6249,85.5864,87.1654
123.1011,263.7719,80.7833,93.8848
130.3482,250.4780,74.4410,99.9721
133.8648,238.2479,68.4433,106.0288
136.5543,220.8152,62.9424,111.4961
134.3960,219.3343,62.9554,113.1569
131.0826,223.9643,67.7567,106.1273
130.7100,233.5081,74.9665,95.1444
137.6001,244.0015,83.9814,85.2390
146.0923,248.2386,88.0379,79.5525
149.6438,237.1207,87.3882,79.7880
155.3444,221.3187,89.0188,76.2965
140.4376,200.5432,97.8257,68.5231
136.7334,173.6456,95.2966,69.2895
136.5503,156.0302,85.8386,78.3489
153.1306,144.9597,79.4708,86.7846
161.8087,129.1374,71.0378,97.5565
171.1467,123.4723,65.3339,104.1774
175.0979,121.9091,61.8946,108.1621
177.9922,121.7171,61.0795,109.6155
180.0913,122.5609,62.2100,109.8280
183.0057,121.8283,62.5843,109.8844
186.2744,123.1635,61.9491,109.0282
185.5416,124.1213,62.9826,107.1772
184.3456,124.4781,64.4637,106.3062
181.7934,125.3666,66.7428,105.6312
176.6533,127.1177,68.7056,104.7541
173.0896,129.3263,67.7025,104.2674
172.3661,135.4103,66.2465,102.2157
176.2059,144.3503,68.7388,96.7600
180.0454,158.5731,74.3179,89.9985
189.8889,171.2581,80.8066,83.0151
199.9491,175.3372,83.8934,78.9214
211.0600,171.7742,83.1879,78.5995
212.5076,161.7429,84.4601,77.7936
203.3876,143.4297,83.5373,77.4175
204.2594,120.7780,84.4899,77.6182
207.2806,103.9272,84.4545,77.6939
222.2027,72.2317,79.9347,85.6120
231.0922,57.3971,70.7888,96.9491
239.0109,52.1857,66.1872,101.8105
246.6075,48.7187,64.8396,102.3545
242.4524,53.4133,71.7012,96.2801
254.2046,54.3890,78.9925,90.8296
249.0616,83.5796,86.4032,84.0256
260.9734,85.5528,81.0934,85.9999
270.3135,72.0715,74.5725,90.8657
277.8956,51.4042,74.0508,90.4682
267.1518,32.8636,84.8713,82.1238
241.5803,9.5332,94.5333,74.3361
237.0056,-6.7941,92.8207,71.7307
225.3578,-3.1372,92.8705,69.7769
232.9203,-0.1694,92.6819,67.6161
224.6667,3.7609,95.0286,64.7723
233.7484,3.5659,92.7581,64.4092
223.8230,4.2975,93.5519,62.9303
233.2310,1.1808,89.4120,63.8662
225.7205,2.8207,89.5836,63.1220
237.2472,1.6817,84.6078,65.4143
230.7274,2.6681,82.8262,66.9828
241.5374,1.3472,76.8613,70.9482
236.2391,1.4805,76.0929,72.0233
243.8784,2.1816,71.3069,74.9842
237.8538,2.0074,70.7107,76.0311
245.4150,2.0877,67.8470,77.1484
239.2487,1.0399,68.7462,76.2028
248.0760,3.3127,67.0461,76.3378
250.6112,2.1241,67.2559,76.3143
250.9377,2.4430,69.0310,74.7638
251.8865,3.5570,69.9769,74.1684
255.0533,5.0687,72.3551,74.0547
256.1630,7.6981,76.7233,72.8942
240.8884,9.1335,72.6805,74.4586
239.2467,9.8469,69.6955,75.5974
236.8271,10.8914,67.6504,75.9904
236.6001,11.6316,66.5266,75.4668
235.5241,11.9723,66.4604,74.3706
229.3220,14.2554,67.2263,72.1895
236.2278,19.4584,69.4517,67.8513
235.4665,25.8843,74.8712,61.2252
235.9996,32.0855,81.5238,54.7970
233.4277,37.8375,88.3944,49.6099
232.4101,42.4164,92.9698,45.6239
231.3179,44.7182,95.2882,43.8312
228.9839,45.8593,95.9219,43.8214
231.8557,45.3127,96.0355,44.5936
235.4229,43.0372,97.2038,44.5644
244.0750,40.4078,97.1623,44.8444
253.6760,36.4000,95.0825,45.5001
260.7672,34.3486,96.4671,44.3389
267.6261,32.9332,100.6809,42.8516
250.6799,17.8386,103.8479,41.1288
250.9764,14.1309,100.6310,43.0320
250.9039,8.2742,95.2544,45.9886
247.0758,4.0083,87.3078,50.6825
260.4514,3.6661,82.5385,53.1365
257.2523,2.6129,78.9569,54.6277
270.3192,-5.8137,77.7573,53.7659
267.8192,-0.5804,73.6435,56.6459
264.3080,0.7414,70.0845,58.6074
260.3868,1.7347,68.2315,59.8446
270.2143,4.0894,63.0898,62.8597
264.9400,5.0423,59.5667,64.5908
271.8913,8.5328,55.9259,66.7771
266.2800,10.6265,53.7492,68.4267
272.7911,6.3408,51.2371,71.6060
275.0609,9.3127,49.4919,74.0584
276.0055,10.5202,47.9476,77.1912
278.2127,5.8852,47.2975,78.5234
279.1956,9.9586,46.9394,80.3344
280.1812,12.2682,46.1390,83.8849
279.7000,10.1235,45.9197,87.2685
279.6700,12.6307,45.9286,90.8478
277.1016,13.7004,46.7039,94.7805
276.6175,10.6627,47.5144,95.0463
274.0828,17.5918,47.4161,98.3469
271.7034,14.3825,47.5283,98.9284
268.5460,24.3238,46.3739,102.0728
266.3966,26.0693,44.4140,105.7218
265.6114,30.0380,43.4016,107.2910
265.6671,33.9675,42.4250,109.1586
266.0399,39.7901,42.2237,109.3541
268.7611,48.0377,42.1802,108.3938
269.5722,58.0996,44.1488,104.1756
269.4344,67.6783,50.4738,95.6457
262.2970,78.4937,56.3645,86.7643
269.7728,86.4450,61.0992,79.7410
278.5253,78.8123,57.0173,83.9223
290.0952,70.8064,53.1848,91.4664
314.1606,71.4692,49.9197,98.5256
318.8466,77.1884,47.8896,102.8643
323.2364,78.0265,45.9522,108.1302
324.6208,83.8638,44.6026,111.1516
326.4720,95.9490,44.9737,111.1070
323.2521,108.7255,48.7966,109.2042
320.4962,120.1596,53.0549,105.0819
317.3531,131.1542,55.1476,103.0878
316.3712,137.5336,53.1719,105.6540
318.4158,139.1153,50.7018,108.8758
322.1127,140.6478,49.9476,109.3368
325.3080,138.7264,49.3477,110.0604
327.6562,133.8264,48.6046,111.2116
