1
33.8205,58.3486,71.6008,81.9967
35.0569,63.2121,73.9630,79.5223
42.0742,72.6066,76.8452,77.6501
49.6253,73.8657,76.3411,77.5649
57.5654,74.6676,75.0029,78.3849
66.4895,79.4094,74.0628,78.5627
74.0974,80.5225,73.2665,78.7400
83.6610,82.2482,70.8933,80.0754
94.1527,87.9273,68.9207,80.5989
105.3654,90.2195,67.6710,80.7202
115.0884,89.5678,66.9019,79.6891
124.6698,89.8329,66.1897,79.1587
129.5015,87.7925,65.6730,78.6662
135.4588,84.3562,65.1121,78.7266
139.0376,79.6943,64.7424,78.9999
147.9302,77.8334,65.0441,78.1999
153.4134,74.4621,65.3450,78.1821
161.8403,72.1076,66.5552,76.1173
172.8430,71.7587,67.0052,74.5694
188.7790,72.5593,68.5642,72.9682
205.4500,73.1317,68.6511,71.8234
222.5356,73.6022,67.6606,70.8824
239.1615,74.0810,67.1334,69.9249
254.6524,74.0892,66.3675,69.9084
270.0362,72.9004,65.6425,70.1402
279.1122,71.7199,64.5946,70.3631
287.7384,71.9483,64.3408,69.9064
291.0361,70.3302,64.0864,68.9151
291.0865,69.7098,63.9858,68.0618
286.0740,69.8366,63.6145,67.8082
276.9724,68.4001,63.1932,68.6119
261.4782,68.2314,63.0531,68.9491
251.9171,69.7467,63.4711,67.9970
236.4411,70.2827,63.3722,66.9249
221.8663,72.0303,63.7974,65.4814
207.6412,72.7538,63.7458,66.0703
190.6467,73.0272,65.0266,65.5235
179.8531,79.2943,66.0549,65.3247
171.9870,80.9104,65.2354,66.2304
163.1535,90.9088,64.2695,66.9366
153.2480,95.2728,63.4192,66.4733
144.3129,94.0634,62.8807,66.8465
135.7918,95.5830,63.5811,65.8500
132.8054,92.5112,63.4394,65.8790
124.9530,92.0818,62.8528,66.7380
123.2028,92.6918,62.2720,67.5585
120.2893,92.6192,61.9666,67.7038
113.4429,92.0004,63.4102,66.8998
111.7054,90.9549,64.8332,66.9389
109.9517,89.8514,66.2655,67.0708
110.4371,89.6621,67.3944,67.4493
120.3836,89.9463,66.6132,69.0045
136.8342,87.4058,65.7465,69.8142
153.9864,84.2976,65.5953,69.6269
172.4762,82.4266,64.8128,71.2396
188.4663,79.9809,64.9619,71.8471
205.6494,75.6960,65.0564,71.8017
224.3834,76.5210,64.2164,72.3064
240.4899,76.9608,64.2389,71.4266
256.7262,78.1545,63.8020,71.1749
273.1266,76.9068,62.8736,71.5457
287.3145,73.4167,62.0022,72.1786
295.8404,69.1764,61.8429,72.2130
303.8073,69.8657,62.7856,70.8344
307.4013,64.7826,64.0107,70.4840
308.2095,63.7460,64.5117,70.4399
306.4920,63.8757,65.8220,70.1804
297.5297,64.9182,66.6146,70.2369
283.3291,67.6578,67.0014,71.2226
266.5006,72.9304,68.0109,71.5599
249.2382,79.9088,69.5688,70.7898
228.6440,79.7269,70.9710,68.9433
203.4037,80.1650,72.9786,68.0671
182.2198,85.3825,75.3709,66.5155
160.7281,86.1384,75.9209,67.2370
140.7549,89.2952,75.3057,69.9371
118.4352,86.9850,76.4941,72.2705
95.0349,77.2573,76.4444,75.3284
73.8314,73.0649,78.2195,76.5428
56.5854,64.9775,78.5913,78.0946
43.7019,63.7872,79.6834,78.0078
46.5090,69.0365,84.0023,77.4424
10.2080,70.9746,82.8889,78.6500
-4.4622,77.9268,79.1611,82.5516
-5.8974,79.6317,74.3919,86.7812
-3.4016,77.3035,71.9367,88.9014
1.7213,72.0504,71.8083,89.2901
1.4293,65.8731,72.3923,88.9785
1.5589,63.0956,74.6710,86.9198
7.9421,62.7605,77.1621,85.0470
6.7046,62.3550,79.6370,83.3043
6.7509,64.0541,82.1104,82.4720
14.1007,72.8004,82.9618,80.5305
30.6459,79.4814,85.9160,77.4669
33.9098,80.4343,87.1045,75.5612
36.0969,86.5617,85.2903,76.1066
39.2754,84.8577,84.0145,76.9739
50.2844,86.4451,82.2738,78.8685
60.0256,86.3896,80.5541,81.5170
71.9868,84.9185,79.6022,84.4590
91.4129,89.4895,79.5005,85.6505
110.2092,90.4654,80.9131,86.2991
129.4401,91.5786,81.9453,86.7057
150.8301,89.1875,81.6557,86.1765
170.6056,87.6931,81.7465,83.8797
192.3352,89.7229,82.6273,82.4284
222.9617,106.4917,81.1582,82.6817
242.8952,108.2440,79.9932,84.3373
269.7647,107.3374,78.0072,86.1505
290.7425,104.4472,77.4014,86.7623
309.9510,103.6421,77.7474,85.7882
325.5512,102.3819,77.4421,85.7341
336.0876,97.0662,76.9203,86.0900
344.2296,94.5418,76.0328,86.0066
345.9531,86.9722,75.1364,85.8423
346.4383,86.5188,74.1661,86.7491
344.1888,79.9911,76.1328,87.1436
336.4825,79.0772,78.6964,86.4016
324.7458,71.3748,81.3757,86.2109
311.4590,68.7544,84.1992,86.1739
292.0680,68.7404,88.1023,86.2018
280.7816,72.1671,88.7159,87.5832
269.4322,67.8081,89.2040,90.7485
262.2854,65.7138,89.3281,94.9371
260.3705,64.4466,90.2566,97.4715
258.8875,68.2602,90.2666,101.6675
259.7732,72.2121,88.4953,102.8275
257.1581,72.7101,87.7038,104.8423
252.2913,73.3383,91.3790,103.5859
249.1999,67.0549,94.4929,103.8775
247.6668,68.0116,94.4361,105.0871
242.1788,55.8850,92.8481,107.3535
234.9909,49.0542,91.4704,108.4123
161.5352,63.5282,93.7150,104.6237
161.0188,67.7084,94.7478,102.5078
188.1150,69.9654,99.5652,101.0996
195.5230,69.7961,97.3895,104.5982
208.9916,70.1368,95.8956,107.0972
221.3038,78.4236,93.6397,106.5014
232.9124,80.6886,92.4740,105.1215
234.9548,83.2767,91.4993,103.0555
235.2274,82.4588,90.9541,101.6287
235.5444,86.0248,90.3200,100.5601
234.3822,86.9723,89.6395,98.6649
222.9489,84.5792,91.7542,94.5575
221.5973,92.3958,91.5234,93.5940
210.5752,88.8223,93.1612,91.9955
209.7222,92.2518,91.9514,90.9682
199.5789,82.3677,89.1931,90.5721
203.3581,92.0892,87.2966,90.9455
223.6085,91.0865,83.2843,95.7579
232.0218,72.0000,80.5470,97.2988
253.0348,72.2157,77.6876,96.8672
272.3556,73.4365,74.7277,97.1706
283.9509,69.0548,73.1474,95.1287
293.9023,67.3497,71.7550,93.2501
303.4406,64.9104,70.8294,90.3499
303.5394,58.1958,70.6318,86.0438
303.7414,54.4982,70.2279,81.1173
303.9469,56.6754,69.8168,76.7629
301.8795,65.8573,69.3361,74.5530
294.0290,72.2317,69.1781,73.1322
288.8280,83.3521,68.3755,73.3002
281.6212,91.9945,67.1737,76.0924
278.3967,91.9396,66.8576,78.4574
276.0546,98.1327,66.9684,79.7907
276.7501,98.1068,67.8866,79.8425
260.7987,92.1382,67.2457,80.1570
247.3911,85.5432,68.5510,79.4327
233.6515,75.7621,70.4128,78.0350
222.2312,71.8476,72.2204,76.5161
209.9628,71.6790,75.6786,74.5111
213.5622,70.1146,75.5754,75.2747
216.7197,68.8124,76.3870,75.5036
207.2596,70.5921,78.5635,74.3362
200.2384,72.5735,78.1601,75.1886
178.4009,76.7683,80.7831,74.0434
158.0030,88.0574,82.5768,73.4040
154.2125,95.2231,82.7917,73.8046
157.8688,96.4664,82.8742,73.7831
167.7954,92.6308,82.7491,74.0562
169.2665,92.7566,82.2754,73.8046
170.9602,90.0654,81.3451,74.2729
185.2178,83.8965,79.7804,74.3605
190.0013,89.4249,79.9215,75.4388
194.9790,87.1870,79.7515,75.0219
195.2760,82.2624,79.1576,75.1229
196.7788,81.4963,78.5813,74.2257
206.8912,75.1045,77.6058,72.5722
216.2984,73.2748,75.3441,71.5022
215.6309,69.6799,74.3669,69.4426
216.2279,70.2267,73.1729,68.3490
217.3499,72.8808,73.1572,67.4976
225.6803,73.6287,71.9986,68.2164
226.3178,76.8680,70.7235,68.3616
222.3334,79.3201,69.9314,67.8378
222.8339,80.5500,68.9304,67.5475
223.1278,82.6686,68.3425,67.6089
223.8084,82.8643,69.1224,67.2174
227.5425,76.6285,70.2423,66.8069
237.9832,76.3113,70.9416,67.4412
263.5325,60.5599,69.9620,68.4369
277.9769,60.2245,69.4065,69.1076
285.4565,62.8916,69.7164,70.3175
274.8060,72.6454,71.1702,70.6571
259.0827,75.7995,71.3479,71.0493
244.1820,76.1272,71.9970,70.3940
235.7670,75.8534,73.1308,70.9416
240.3861,79.6893,72.9677,72.3450
250.9700,78.5847,72.3953,74.5542
246.2790,72.0460,72.5209,76.0610
234.1290,71.4207,73.4238,77.3116
215.7420,71.6885,74.5940,76.7760
194.8572,76.2720,78.2242,74.7602
175.6353,84.0025,80.5323,73.7534
158.7069,94.6193,80.3816,74.3818
147.8728,101.6342,77.6821,77.4093
147.5700,103.0283,75.8453,79.5060
155.3888,101.9339,74.8856,81.6947
162.6229,95.2316,75.2089,82.7732
169.6915,86.6325,75.9949,82.5609
178.4408,77.9217,75.9710,82.5077
184.0631,68.7639,74.7071,83.3570
194.8058,64.2013,73.1280,85.0173
212.9885,55.4952,71.6046,85.0085
223.7669,53.9645,69.7606,85.6059
232.4209,51.8343,69.5571,84.9792
236.7857,54.0171,70.5501,83.0442
235.7423,62.6775,72.6369,80.2243
235.0977,66.5351,73.9261,77.3221
224.7207,69.9292,75.6264,75.2974
216.9145,79.5543,76.9782,75.0611
211.5542,80.1696,78.1218,73.8305
190.4170,91.6158,79.7202,72.4724
183.2040,97.6144,79.7698,72.4556
179.1829,103.9002,78.2256,74.2633
192.8038,99.5127,79.7982,73.4335
192.9592,94.8867,79.4876,75.4479
201.2448,86.5427,79.9943,77.4975
209.2627,74.5504,78.8391,79.1612
219.4055,73.1648,78.4591,81.9323
221.2452,74.1353,79.8312,82.5170
228.6659,69.0547,80.3292,82.4519
238.8230,61.1494,77.9591,85.4453
239.2870,75.9434,77.0311,86.7288
241.1095,82.9456,75.9638,88.1909
242.0396,82.2433,74.1035,89.5956
241.3805,82.0915,72.8468,89.8991
237.7594,80.5089,72.4106,90.5049
222.3174,88.4157,72.5550,90.0612
216.3111,88.4347,71.7817,90.0232
205.9556,94.2503,72.1402,91.1123
204.1468,96.6728,73.1913,91.4004
202.3202,102.4117,74.2565,90.2748
200.1157,107.4678,76.0775,87.9265
199.8674,111.8430,76.5741,86.9193
208.2868,103.1039,75.1758,88.9570
217.5718,94.4315,74.6832,90.8068
226.1321,86.9461,75.7840,90.1593
232.2332,85.5138,76.6359,90.4130
230.1598,77.1678,78.1542,88.7059
220.2041,70.7543,79.6808,88.4008
216.9221,63.8891,80.9527,86.2550
210.7212,58.0456,82.8230,84.7777
234.1838,68.6512,80.7666,87.3204
234.0087,84.0154,78.4703,90.9971
198.1374,98.4223,80.8720,88.8527
204.6986,89.0987,83.7821,88.7952
207.2132,78.0679,86.9053,89.1172
207.6744,70.6174,88.7549,90.1585
196.2674,58.9586,91.8463,90.9358
193.7489,61.4108,94.0048,91.7885
182.9158,57.2300,95.1904,91.3725
174.2824,58.1850,97.7679,89.4625
167.7902,54.1652,98.9611,88.6587
154.1828,59.9832,99.5942,88.8369
144.2512,66.4015,98.6939,90.8314
134.0343,73.1299,98.2397,92.2945
127.3281,71.9410,96.6513,94.6723
126.3065,69.4146,95.6815,96.7122
129.2074,61.4976,95.9392,97.3972
141.1444,55.3536,96.4224,97.5066
163.5255,47.9446,97.4700,97.0547
184.0138,49.7131,99.3808,96.5811
201.1759,53.8096,102.0878,97.6458
223.2515,64.2518,101.9696,98.7779
250.4724,79.0689,101.2696,100.7565
260.0946,86.5251,101.1142,101.7518
262.1870,73.9949,100.1241,104.4490
262.3824,73.1696,99.7335,106.0995
253.2637,64.0051,98.5243,108.2232
242.5810,57.6864,97.1048,111.0956
239.6296,56.3851,96.4539,113.6982
241.4321,57.2807,96.1556,115.2138
243.0587,60.6536,96.2276,115.1184
244.4673,63.8639,96.7354,115.3478
242.6808,60.9487,96.9718,114.5049
237.9269,60.2428,99.8247,112.5892
207.8781,67.6746,99.7375,111.0999
197.6270,73.3002,100.3253,109.8059
197.3517,75.7947,100.8760,108.1251
207.6010,76.6335,103.4134,106.4477
211.0759,73.1459,99.7684,110.1180
224.9051,82.0553,95.2401,112.1251
236.1705,83.1154,92.2867,113.2676
241.2633,83.8911,91.7996,111.7163
241.6365,84.1743,91.0532,111.1500
235.8018,75.3231,90.0010,109.7701
236.0149,76.2563,89.5749,107.9038
238.2205,77.8796,88.2701,107.7637
237.6591,68.0277,86.3096,108.9674
234.4819,63.1563,86.5239,109.5002
223.2769,52.3483,90.4439,109.5443
233.7043,53.1444,88.4640,111.0979
229.1472,56.3734,88.1652,110.9152
229.5806,58.8309,87.2985,112.2602
236.9595,52.9437,85.0867,114.6251
221.8422,47.4107,90.2296,113.1453
234.2790,52.4337,90.9375,112.6924
271.8267,56.2163,92.6945,108.3293
290.5932,56.6254,93.1215,104.3478
288.9607,52.3061,93.2782,100.5524
264.2135,51.2054,93.9419,96.6499
234.6781,50.2597,95.9866,95.5400
188.4600,72.5834,94.9217,96.1350
169.7117,84.0766,93.3045,97.2188
183.7736,93.9908,98.1830,92.3912
177.7833,102.8996,101.1611,89.5779
187.6142,96.0313,99.5138,91.3049
200.1429,81.3479,95.4865,96.6370
217.3571,72.4445,91.3136,99.3162
227.3253,62.3737,89.3856,98.4481
231.9522,56.8207,86.0461,97.7254
229.3477,63.1406,85.4700,96.6560
211.0003,82.1516,87.7634,93.0352
189.7483,90.9276,90.4105,89.7179
197.6583,102.8495,91.6105,88.5674
208.8643,103.3269,89.0599,90.4500
231.8905,109.9335,85.4112,91.3713
259.7091,107.3011,82.6620,91.0689
294.4201,98.0591,81.6179,90.4071
326.5054,86.6975,82.4434,88.7566
328.3584,67.0880,81.4332,87.5416
308.9085,64.5962,80.4241,84.5435
280.3829,63.3088,80.3257,84.5206
253.2930,65.0404,79.9937,86.2490
226.3948,73.8388,78.8221,86.9748
183.9091,76.3570,80.2675,84.5487
153.2054,82.5092,79.3875,82.6255
132.9603,95.1874,79.0575,80.2304
129.2630,104.8421,78.9267,78.4803
133.3358,105.3427,78.2176,77.4790
109.5944,96.3586,76.6623,78.2839
2
0
0
0
0
1
128.2230,92.2083,72.4286,81.0515
119.2342,100.5737,73.4937,78.8170
128.3298,101.3018,74.4885,77.3607
142.8224,93.2710,74.1978,76.6838
162.4195,80.1243,73.0197,76.8411
