1
535.1766,238.4168,38.5877,17.8782
541.1277,243.8622,35.6779,19.2049
545.3177,246.4186,32.4315,20.8980
548.8856,249.9149,29.5530,22.7756
550.5897,254.1700,28.3713,23.1413
554.1118,261.2755,27.0580,23.5429
556.8073,265.1071,26.2214,22.7234
558.7891,269.9590,25.5696,21.9194
559.4974,273.1924,25.2661,20.9392
561.3145,276.5103,26.2111,19.1062
564.2485,282.0245,25.5747,18.2964
566.6772,284.0527,23.5429,19.2551
568.9661,287.4861,21.7674,20.5535
569.8022,291.0489,20.7506,20.9249
571.4062,294.4299,21.3491,20.3738
568.7149,302.7595,23.0984,18.2629
568.9498,306.1310,23.9694,16.9648
569.8505,309.2939,22.6013,17.6359
567.9818,312.3950,22.6271,17.6380
567.1625,315.8587,22.3811,17.8863
565.4758,326.6352,23.5077,16.6058
567.8886,331.9778,24.3731,15.4897
569.2529,334.8011,23.4291,15.5162
570.6093,336.9481,22.4076,16.3321
570.1105,340.0551,21.7987,17.1064
567.6152,350.1538,22.2839,16.2035
565.4336,353.2500,22.8232,15.7445
567.8350,355.4242,22.5191,15.1395
568.4166,357.6886,21.0949,16.1464
568.0683,360.3375,20.9172,16.4036
569.2599,363.2527,21.3351,16.1877
572.5601,370.8733,21.5930,16.1945
570.8516,372.8109,20.5196,17.5841
568.3017,372.3853,19.9914,18.9910
568.5717,369.0905,19.3351,19.8172
570.9658,365.2314,20.0695,19.2264
573.1935,364.1743,20.9360,18.6419
573.1391,362.9958,20.6016,18.4578
574.9681,361.1935,20.7095,18.5493
570.8781,360.9669,22.3083,17.3576
572.1624,362.3799,22.5824,17.1634
569.7604,361.4097,22.7635,17.0776
567.4993,348.5598,20.9647,19.7041
568.2183,343.1438,21.2269,20.0035
566.7560,339.4768,21.0139,20.4401
557.7536,333.0221,22.0398,19.4041
553.8205,326.3508,21.9410,19.8776
553.0474,322.9029,22.1770,19.9973
553.0851,320.4917,22.9425,19.2374
552.7699,318.5237,23.7813,17.9546
549.1360,316.6977,25.1701,16.7276
547.0834,314.8515,25.0575,16.4492
544.7388,313.0452,23.5504,17.5178
542.8061,313.5438,23.3595,17.8898
543.0201,314.9506,23.1677,17.7121
543.6804,318.0202,24.3372,16.9233
541.2003,321.2686,25.6415,15.8207
541.0818,323.1589,27.1247,14.9198
542.3080,322.4228,25.8056,16.0781
540.5073,325.0247,25.0385,16.8496
542.5306,330.5219,24.5116,17.8539
544.9457,333.8463,23.0933,19.2588
545.2175,340.4651,23.7586,18.5775
546.6097,343.9698,23.1374,19.2930
545.8711,347.0594,22.9718,20.3032
547.9541,356.3679,23.2503,20.2411
548.9617,363.0500,22.8449,20.1898
549.5331,365.1224,24.2519,19.5409
548.8942,364.2403,22.8180,21.7139
549.6569,367.7210,22.2213,22.7329
550.4498,370.5811,22.1616,22.3142
550.3959,368.9505,23.1807,20.7481
549.6107,363.5679,22.7831,21.4052
550.9979,361.8563,21.3746,23.1397
552.5835,360.1090,21.3939,22.6885
552.9062,357.9403,23.2981,20.7268
553.4512,356.1722,25.0608,19.0095
554.9163,352.5232,25.0150,19.0265
553.0475,349.6735,26.0470,18.2329
550.2168,348.9653,27.6601,16.8748
553.1848,348.0852,27.9990,16.6211
560.5001,348.5952,29.0796,15.8375
565.0989,349.2706,29.8486,14.9215
566.9219,349.2902,30.3663,14.1350
569.0189,347.6164,29.2010,14.7704
569.0782,350.2946,28.5934,15.5698
571.6832,352.2954,28.6419,15.4006
575.4974,354.3332,26.8229,17.1719
574.1003,356.8520,28.2891,16.9018
574.5979,359.4830,29.0624,17.2695
578.5552,361.9040,27.1539,19.0823
580.7205,367.7361,27.0538,20.1929
581.3684,370.4797,26.9282,21.0532
585.3727,373.6280,28.1408,20.6305
587.2902,377.2489,28.0430,21.0530
587.2029,380.2165,27.3347,21.6341
582.0981,386.2523,28.5353,20.4428
586.5800,394.7428,30.2269,18.9240
594.7962,396.7847,31.3097,18.2558
598.7930,396.8799,31.1565,18.6886
600.4838,400.8468,29.2617,20.2010
606.0580,395.3065,29.1806,20.9254
604.9258,395.6634,30.3927,20.5600
607.6143,391.0884,30.2031,21.4865
608.6362,385.7795,30.1937,22.1457
608.4091,383.1707,29.9594,22.9192
608.5717,380.9362,30.7202,23.2922
606.1814,376.5838,33.4921,21.8637
611.0720,373.6435,32.8521,23.2726
613.5009,360.8219,32.7270,23.5437
618.8308,349.2596,30.8031,26.1259
617.4258,352.9049,32.7915,24.6781
615.0211,352.6663,34.2467,23.3115
619.2195,347.2430,33.8359,23.9005
616.1185,340.6771,32.4314,25.7286
615.7886,336.5711,31.6200,26.3549
616.0824,330.5816,31.0526,27.3828
615.0347,321.2853,31.6051,27.5635
614.6864,313.7117,32.2009,27.3764
615.8484,310.1600,32.8930,27.1300
610.7631,299.7676,32.5768,28.4140
609.0020,292.2427,32.3396,29.6477
609.0292,291.3275,32.9758,29.2355
605.6636,290.9568,33.8670,28.3879
606.7711,287.6781,35.4144,27.3069
609.2758,273.6934,33.8003,28.6741
608.6502,276.4597,33.4365,28.5944
607.4846,275.6549,33.8903,27.8641
608.3627,267.1969,31.9120,29.5649
606.2219,269.8108,32.7068,28.6806
605.3435,263.6727,31.7030,29.5227
601.4730,262.2017,32.6975,28.6844
599.9301,264.3283,32.9792,28.1290
599.8173,256.8902,31.9659,29.2949
598.0378,251.2920,30.8473,30.8165
597.4592,256.4161,34.2284,28.2627
597.3946,255.2177,36.4139,25.8712
592.9363,253.1782,36.1674,25.8847
593.4095,251.0617,34.0383,27.6595
595.4050,253.5524,32.4417,28.3293
595.5182,258.7313,34.7514,25.6335
595.9594,259.1266,35.8755,24.1551
598.4762,259.9118,37.3382,22.0872
597.0719,259.4920,37.2620,20.9440
597.7120,258.8052,35.5138,22.1033
601.2642,260.9495,34.1279,22.3302
602.7665,264.3537,32.2087,22.8000
602.6933,267.5360,31.5537,21.9352
604.7020,270.2517,31.2485,21.0544
601.0848,273.9471,31.3587,20.3503
598.5994,281.3000,30.6056,21.4701
595.1859,284.7784,30.6138,21.9914
592.8657,288.9743,31.6553,21.5346
592.5602,296.0610,31.6342,21.6247
587.8569,303.1528,34.2969,20.4503
598.1272,319.9732,33.5008,21.0224
601.4926,330.3131,34.0411,20.2062
603.2100,333.8047,33.8735,20.7102
605.3448,340.3125,34.0629,20.9110
614.1721,345.5860,32.0857,22.4718
614.0395,356.7971,32.2200,23.0104
618.5972,363.1047,33.0064,22.1779
618.4009,367.2188,34.6008,21.4902
623.9839,373.3139,35.1723,20.8770
628.6554,378.9377,34.3001,21.7567
632.9672,379.6371,32.0114,23.6102
636.5154,385.6555,30.7813,24.2781
639.4755,388.0031,29.3130,25.8173
638.3113,390.5709,29.3077,26.0682
638.7048,392.1973,28.6877,27.4094
641.7971,391.5372,26.6369,30.1131
642.1813,394.0368,25.8622,31.1554
639.8152,398.4386,27.5197,29.6925
636.3950,401.8432,30.4943,27.1579
630.5992,395.0073,29.4930,28.4254
629.3483,393.0381,28.8647,28.2911
628.4999,395.3491,30.1421,26.1038
625.5676,394.5169,31.5505,23.7141
625.7128,393.9791,32.8797,22.2061
621.8298,379.9572,30.8918,24.4511
621.1763,377.3435,29.8245,25.7692
620.3624,375.6799,30.5287,25.2803
618.2473,372.7529,30.2124,25.0248
614.2878,369.4721,30.0144,25.1848
612.6691,354.8871,29.9096,25.5341
613.0441,347.0105,28.6326,28.0001
611.1536,348.0827,28.8836,27.8140
607.2224,346.4980,29.9998,27.1254
603.6841,342.2581,31.6835,25.2724
606.0147,329.2024,31.5386,25.0881
604.1155,324.5386,30.5771,26.0949
600.2717,322.0840,30.1431,26.3359
599.9338,317.9846,30.1053,26.5990
600.7557,316.9080,31.9619,25.3466
598.5309,311.1064,34.6509,23.4585
603.9376,308.2978,36.0963,22.0958
601.0811,302.5177,37.5438,20.7676
600.7506,300.4241,35.4665,22.1084
597.8679,300.4561,33.5875,23.2241
600.4399,300.5794,33.4546,22.8160
598.3648,302.4910,35.4993,20.6025
595.9761,304.5498,38.7959,18.9979
599.7199,304.2385,37.7536,18.8766
597.4142,302.3370,38.1370,18.5746
597.5574,303.5827,36.4281,19.7144
600.1653,304.9014,33.9437,21.5174
594.4353,308.4305,36.2959,19.9783
595.1737,313.6614,37.6852,18.9526
595.7566,315.8279,37.3851,18.3116
595.4492,317.2407,36.6290,18.8283
595.8878,315.4830,35.2663,21.0130
597.3481,319.2622,34.0389,22.8683
598.2538,326.0703,33.4259,22.7652
600.5797,331.4414,33.4601,21.9257
599.7696,334.9248,32.3355,22.9709
595.9132,339.0976,32.2396,23.0498
598.0239,341.6800,32.1740,23.3929
602.9044,344.7382,31.5693,23.9790
604.1733,348.4807,30.6033,24.8492
604.6622,356.5570,31.4691,25.1522
602.6117,360.2007,31.7017,25.0768
601.2502,363.8300,33.0544,24.2589
607.6516,370.8360,35.3793,22.7187
610.6886,374.6272,35.5993,22.8634
614.7727,378.0814,36.0859,22.9382
616.7961,385.2084,34.9522,24.0919
619.1353,389.0092,33.6893,24.7425
621.3896,396.4989,34.1229,23.7941
623.2303,399.5091,33.5081,23.3910
624.0266,400.9030,31.5287,25.9856
626.8566,403.0571,30.2793,28.0108
628.7009,403.7034,30.9968,27.2751
631.5416,401.4884,30.6184,27.5952
630.2736,395.2355,30.2473,27.9810
633.9430,392.7760,29.3707,28.8548
631.4565,393.2556,31.1057,27.1283
631.0668,391.0557,32.3060,25.1045
630.3937,385.5350,33.5958,23.7558
626.3257,381.1504,32.9528,24.2956
626.3010,375.2840,33.1892,25.0422
626.3599,375.8224,36.2857,22.9640
622.9946,373.7134,38.2414,21.3308
621.0582,370.0927,37.9563,21.4414
624.2380,364.3965,39.3263,21.7167
617.5295,355.2820,37.1026,24.4995
616.1468,354.0943,35.8444,26.1006
614.6481,350.2668,35.7768,25.8294
616.4691,346.9555,35.9869,25.0965
617.5834,343.1413,36.7365,25.2380
615.9761,329.3644,35.4204,26.4054
616.0245,324.2115,34.5863,27.1479
614.0687,322.3493,34.2486,27.2626
610.8541,318.2642,35.8574,25.3708
612.2005,320.6654,34.5256,26.8156
620.1695,303.7067,33.7095,27.4544
621.7686,303.0564,33.1447,27.0944
621.7409,301.1436,31.9096,26.9849
623.5750,295.1116,29.5388,28.9302
622.7471,290.7397,29.7332,27.8944
621.3296,296.0478,29.4033,29.1689
623.5242,288.5145,30.5165,28.2676
621.6712,285.1459,30.9237,27.8151
620.6978,286.1151,30.7369,26.9812
620.4812,284.4337,29.9155,27.1265
619.3358,281.4753,29.4191,26.8120
618.1820,283.7888,29.9336,25.3789
615.9725,286.5570,31.4861,22.7587
612.9230,288.3344,31.8246,21.9387
606.5719,291.2318,34.1091,20.6825
607.7966,298.2445,34.4423,20.1751
610.1758,304.9380,33.6792,19.7296
610.0430,308.6155,32.8928,20.8825
610.5344,313.1223,31.8672,21.1149
608.5854,316.3281,32.2855,20.4948
605.1779,323.8286,30.7462,22.3512
608.5984,329.9838,29.3849,22.9632
608.3192,337.9937,29.0522,23.0080
608.1758,341.8105,28.2361,23.6208
606.0817,346.1770,28.2988,23.5736
606.2010,357.2387,27.1609,25.1718
606.8708,365.0077,27.1501,25.3433
609.1146,371.2432,27.3287,24.5646
609.8546,380.6262,27.6614,23.5057
610.6823,384.8715,28.7528,22.4349
608.9863,391.7395,28.7868,22.1529
612.0126,395.4745,27.7209,23.2264
610.6614,399.2283,29.5983,22.1035
615.5121,401.3662,29.7648,21.8106
617.2514,403.2152,28.5667,23.2061
621.0037,405.3463,28.4814,23.2876
623.6475,409.4523,29.3288,22.0147
626.9074,407.2193,30.3767,21.1641
631.0552,408.5947,30.4436,20.1066
636.5655,408.7870,30.5220,19.7974
636.3096,409.2274,30.4363,19.7187
639.6847,413.9232,30.9353,19.7631
641.3627,409.3742,31.9515,19.4265
641.2233,410.6269,31.0701,20.1520
647.0270,414.1418,28.9176,22.5035
649.9178,417.4766,28.3144,23.4039
657.7927,416.0218,29.0037,23.8826
664.1187,409.7682,28.8823,23.0312
666.2410,407.7227,28.3457,22.8536
668.7842,408.4137,28.8285,22.2750
671.4543,407.8584,29.7353,21.6351
669.8135,409.6476,31.4385,19.9324
667.2971,405.7350,31.2212,20.8115
665.0674,403.3407,30.2753,21.6807
666.1498,405.9476,30.8082,20.8238
663.0203,406.8932,31.5804,20.4639
659.8252,406.4756,33.0324,19.4894
654.2440,403.5994,34.3403,19.9463
641.5308,399.9749,34.6740,20.7506
633.7650,398.6452,34.2428,21.1240
621.6317,403.8417,34.4875,21.6356
615.4314,398.3392,33.5810,22.9434
608.0847,402.0949,33.7685,23.1530
593.1990,395.4882,32.8203,24.3635
576.3690,393.3595,34.3969,23.3766
556.8801,396.9025,34.0903,23.7002
539.6118,393.6718,34.9615,23.4766
513.8461,390.1075,37.9320,21.6324
501.5082,391.1517,36.8891,22.5827
485.9662,385.9991,35.8203,22.5047
2
0
0
0
0
1
276.6276,323.7977,40.7389,55.2876
252.0865,320.1007,40.0697,56.6281
220.6992,333.6512,45.5078,50.8173
191.3582,343.8066,51.2975,44.6667
184.1767,347.7650,51.3782,44.2514
2
0
0
