1
46.8518,606.1721,82.5526,56.3687
61.0121,604.0057,82.5460,60.7014
84.3042,604.1253,87.6956,62.7114
94.0393,604.5383,94.1902,61.8854
137.5087,596.2974,100.1494,61.2545
148.4159,596.3610,108.6142,61.1273
188.3698,595.9149,108.1109,62.0195
187.0081,593.1841,116.1433,62.1720
239.2339,594.3965,117.1711,62.5229
262.2576,593.8535,121.4681,63.6089
299.1551,593.6801,128.2788,63.9559
350.4348,595.4534,127.1974,66.3785
370.2628,596.8393,129.6898,69.6279
382.8699,595.6766,135.5059,71.9532
427.4155,595.1949,140.0417,72.9167
460.1801,591.9983,144.0596,72.6863
474.8048,591.8383,148.4776,73.0064
510.2343,593.4821,153.2313,73.1556
531.4679,593.7229,156.3804,72.6741
549.6350,593.8928,155.5106,72.3343
565.2137,593.7189,156.1035,72.6821
581.1285,593.3522,156.1570,73.4154
595.2872,592.9991,152.7322,74.1217
606.4449,579.0670,151.5278,77.3565
629.7404,563.9570,147.6190,82.6786
649.6079,534.5328,143.7890,87.6694
645.9581,519.5777,140.2342,92.2527
660.0685,507.0937,137.5051,95.3707
685.4893,499.6438,134.1434,99.3137
697.4810,466.7581,128.4913,106.4250
697.2528,445.4055,125.2522,108.4809
692.2775,392.3106,120.4890,115.3523
703.3337,389.8587,116.9456,120.2561
709.7865,381.8511,115.2461,117.5944
735.1050,369.9441,123.2768,112.0745
695.3515,364.4838,124.9731,104.4688
681.4234,366.3730,127.5618,97.0806
623.3102,371.1054,134.3728,91.1455
658.8818,361.7636,133.9320,85.0832
662.0127,363.8152,131.0978,80.9801
664.8922,367.8131,128.6552,76.3007
646.2660,368.5608,124.2918,74.8052
653.3682,370.3040,122.5317,71.3189
653.4590,369.1380,122.3501,67.5988
656.5941,369.0686,124.9603,64.7775
655.6432,368.9552,126.8620,62.0542
654.8542,369.6634,128.4401,60.6378
654.2331,368.7829,129.6823,59.4693
653.7269,369.2188,130.6947,58.5975
664.2411,369.8322,133.0776,57.3708
672.1795,370.4033,134.8370,56.2285
683.0967,370.9117,133.6145,55.2118
700.9909,371.5525,135.6411,53.9302
704.4661,372.0120,137.4364,53.0112
724.7839,370.3768,137.7448,53.3569
728.9175,368.2843,135.3480,54.6068
729.6066,366.3036,133.9699,55.6450
728.1321,366.2374,133.9973,55.7776
734.0466,366.2115,136.7903,55.8294
734.6107,366.0727,138.6277,56.1069
731.6084,367.5877,138.6382,56.0740
732.9858,368.7844,138.8801,56.6772
733.0293,368.4107,138.7930,57.4246
734.2812,368.1107,139.3122,58.0245
735.5398,368.0378,139.8360,58.1704
735.3953,367.6988,140.1249,58.8483
735.0292,367.6456,140.8571,58.9548
735.1143,367.3993,140.6871,59.4474
736.7679,367.1104,140.4660,60.0252
725.5908,365.7966,138.0748,59.5597
701.2816,366.6116,137.8880,57.9296
695.0894,367.2034,138.1972,56.7460
662.3347,367.3196,137.6576,56.5137
642.5267,366.9612,138.3993,57.2306
609.0284,368.1812,136.0793,57.8043
592.5051,368.8441,136.2312,59.4689
562.0884,366.3902,136.6239,61.3546
559.5515,351.5028,132.5149,66.6421
541.8939,349.2545,133.8055,71.1386
493.4138,356.8340,138.2697,71.9273
441.5695,358.7889,143.8969,71.2862
435.2805,360.2391,143.1145,71.7260
427.6870,360.7715,148.2926,70.6611
435.7770,359.8523,149.0798,69.1060
436.0476,358.3770,148.5387,68.6787
439.4733,358.6100,148.4122,68.2127
434.0270,354.8310,149.2474,69.0660
425.2996,355.5741,156.5635,67.5796
433.6968,350.0445,157.0671,71.7198
451.8452,347.7690,163.2468,72.7311
500.1783,349.5135,168.7023,72.8891
513.7263,351.1609,175.1675,73.3234
540.9528,350.7417,181.9978,74.1620
486.7694,347.4062,179.9426,76.8892
520.1877,346.6435,180.4661,78.4147
534.8777,345.9202,179.0643,79.8612
2
0
0
0
0
1
835.0975,299.4752,67.8914,79.9056
835.7511,275.7442,66.5842,83.1814
833.4293,256.5480,66.5181,86.2504
835.1795,248.6626,67.8191,87.6165
834.2916,230.6251,69.5950,84.6062
823.9119,222.7150,70.9505,81.0224
814.6996,215.3332,75.0233,76.6503
804.6173,207.2509,78.4682,71.3182
788.7363,206.9750,81.9323,67.1537
785.9451,204.5127,82.8247,65.0435
788.3150,207.1865,85.0582,62.0203
794.8547,208.9729,88.1423,58.4474
804.7589,211.6018,91.3004,55.4863
824.3417,213.1548,95.7270,52.3803
846.1318,216.4079,93.6780,50.4887
885.5150,213.3970,88.9878,52.0211
897.2339,201.1703,83.1615,56.6614
918.2891,181.0021,78.3156,64.1174
927.7787,170.1445,75.0181,70.1507
923.7947,141.3841,71.5570,72.8124
924.0832,133.6615,68.7066,76.8900
925.4260,131.3517,68.3131,76.9258
928.5726,129.2284,66.5922,76.5998
929.5217,114.9103,64.6940,78.1927
937.4850,112.8809,66.7486,77.7561
924.3936,104.4445,70.1916,74.1628
949.1396,96.6390,77.5265,69.3160
2
0
0
0
0
1
805.7165,121.9234,95.6855,28.7933
798.1992,124.2246,97.5025,27.9672
791.4170,124.1567,95.8789,28.1031
779.0225,124.5967,90.6179,29.1011
765.7683,124.1948,86.1513,29.9050
752.4125,124.3912,86.2651,29.5122
734.1985,124.7116,85.5725,28.8713
721.9177,123.9448,85.6888,28.6589
708.1832,124.4340,90.4875,27.6805
690.8326,124.5128,92.8968,27.5228
685.1547,125.5036,95.1267,27.3663
679.8041,125.8972,96.5591,26.5793
675.8271,126.1779,97.0761,26.0177
674.7302,126.3699,97.4139,25.6338
669.0068,126.6047,99.5932,25.1643
660.9131,126.6433,98.9034,25.0870
660.3716,126.6953,98.1223,24.9831
639.7474,127.8687,102.3478,24.4874
633.7058,127.5300,99.2229,25.1648
620.5025,126.8500,101.3189,26.5249
595.3075,125.4881,99.7278,27.3234
581.3578,124.6833,102.6949,27.0151
575.0196,124.4713,101.6947,27.4392
576.2579,123.3649,101.1658,27.7042
