1
115.9871,54.1201,110.0454,94.6600
108.9546,52.8840,111.9955,89.7565
106.6390,47.7625,112.9027,86.8269
103.2340,40.7306,113.0768,86.5820
103.0231,33.5206,111.5014,88.1364
104.9984,26.9139,110.0599,89.7404
109.3648,21.6224,108.3923,92.2889
114.1963,16.3368,107.6250,94.1978
121.8884,16.6382,107.2396,96.9798
129.9617,14.3789,106.0909,99.9342
133.9422,12.1939,104.1187,102.2256
143.1203,11.3088,102.0899,104.6213
152.9147,14.0387,100.3879,106.6518
160.2524,19.1534,97.5097,107.7545
170.8019,24.7193,93.3205,108.0117
181.6832,30.8924,90.2302,107.2542
197.4196,35.7914,95.4319,102.9674
202.9520,40.6502,102.3877,95.4698
203.5803,49.6527,106.5317,89.1535
202.8218,58.0017,110.1805,82.6206
200.1542,66.1397,109.6103,78.0333
203.8541,74.2002,112.1693,72.3700
201.5100,82.0320,114.5288,67.6785
202.5699,84.2418,117.0623,64.7791
199.0299,86.5848,117.8936,63.4385
199.6313,92.1961,117.7138,62.2363
201.8404,92.8331,113.3866,63.6106
198.8336,100.0425,111.7574,63.5068
188.2029,100.5891,108.8865,61.7712
190.9581,106.9793,98.9884,70.6884
187.1153,110.4659,92.3450,78.0953
181.3718,110.7236,88.7060,82.6494
182.5833,111.6802,84.9540,85.7867
179.9928,114.9920,83.0101,86.4794
180.8265,119.1498,82.3811,86.7485
181.4228,123.0603,82.1571,86.9249
187.5104,125.0557,80.9358,87.6029
202.0909,124.3408,80.0064,86.7880
197.0264,123.1010,78.4115,87.0113
188.9745,129.6034,77.6102,87.5170
187.9713,137.4897,77.1404,85.9844
197.5960,136.1283,79.5280,83.1031
194.8804,135.8325,80.3164,80.6556
190.7596,137.8990,79.3783,79.0627
191.1748,139.3571,78.4490,79.1453
192.7563,140.0439,76.8811,80.0033
190.1711,141.1213,75.8764,80.2005
189.5002,148.0689,75.2143,80.6640
190.7643,151.5647,75.3000,80.1544
196.2671,157.6422,76.2901,79.3825
204.2887,181.7657,76.5630,77.7414
207.2572,194.0074,76.5868,77.5210
209.1884,197.1687,76.4887,77.3353
216.4533,207.9354,76.5010,77.1650
222.2843,214.3622,76.4938,76.7101
229.6432,221.4179,76.7946,76.0502
234.3373,226.7696,76.8493,75.6852
241.3319,232.9768,77.0299,75.3659
248.6046,236.6486,76.9565,75.3889
253.9915,238.0877,76.9290,75.3164
264.2922,239.1500,77.1612,75.1982
278.7546,235.3988,76.8587,75.2317
290.1259,228.3953,76.0400,74.8205
298.1812,221.8342,76.1581,74.5312
305.7559,214.5851,77.1603,73.6966
310.1122,204.0430,77.0586,73.4744
312.2628,194.5456,75.8357,74.6009
315.1442,176.4725,75.1759,75.4994
316.5981,161.9178,73.7960,77.2146
318.7666,143.5243,72.1432,79.2741
333.4557,133.6095,72.4089,78.8950
341.1049,121.9244,72.8809,78.0629
342.3658,112.7290,74.6535,75.9553
352.9289,94.4562,75.2009,75.5779
354.1331,78.1967,75.9800,74.9491
367.1910,61.9445,75.9518,75.6467
369.8222,63.5482,79.0972,72.0952
373.3487,32.0008,78.4449,71.4381
379.8298,8.6915,75.4911,74.7804
400.3400,2.6634,72.4865,75.3190
409.4097,2.8557,76.1770,73.3140
408.6195,2.2700,84.5939,69.7930
402.2981,2.1785,94.6047,66.1299
389.0269,0.9961,103.5965,64.0898
376.9733,2.3737,108.7223,63.5741
363.9758,5.8958,110.9460,65.2422
350.9619,8.1945,112.7622,66.9268
338.1572,13.2594,112.9049,69.8787
327.0147,17.9776,113.1388,71.8948
315.0076,19.4664,113.3778,75.4944
299.9767,23.8340,112.1986,77.8568
284.5106,29.4557,109.8948,80.7407
270.7746,36.3177,107.0520,84.8811
258.3899,40.4515,105.2134,89.1879
250.7244,44.6997,103.4479,95.1593
246.1989,49.4304,103.0766,100.6980
245.0300,49.3304,103.7043,102.8533
238.8834,53.0527,106.2672,101.4992
239.9646,52.0845,106.7291,99.0930
243.9908,49.8500,104.9449,97.5638
238.0621,47.2458,104.7414,96.0434
235.4494,40.7871,103.8714,96.2403
229.4496,38.7557,104.1097,93.6473
220.2515,36.3073,106.5881,89.7417
210.9801,36.4416,110.8639,85.5675
201.0396,38.3217,114.6968,81.5858
188.1255,42.6322,118.8489,78.0590
174.8878,46.8193,123.0271,75.3104
166.2888,50.7816,126.2202,73.1576
155.6194,56.2114,128.9066,70.6488
142.8768,64.5792,130.4526,68.3572
130.4969,74.6322,131.8732,64.9198
120.5649,82.3583,131.7386,62.1854
119.0793,92.7194,127.4427,60.7887
116.0664,94.6013,121.5253,59.8794
109.7336,98.7291,117.0707,58.7522
100.2005,105.9461,111.8917,59.6879
87.3957,118.7083,108.3456,61.2645
76.3471,123.4332,107.4854,61.9719
76.7345,124.6803,104.6297,63.4361
72.1743,126.5543,99.8697,65.0584
76.6734,131.9377,96.4484,67.5442
78.0968,143.7689,95.7255,68.0370
79.3976,161.2611,95.4874,68.1751
75.7434,163.7440,95.3927,68.2423
68.3414,157.7835,95.3554,68.3126
73.8371,150.3113,95.3371,68.3538
81.1128,136.7747,95.2673,68.4828
87.1108,124.6482,95.1432,68.6521
90.2905,114.6292,94.6198,69.2902
102.8808,104.1306,94.3313,69.8341
115.6994,90.9160,93.3143,70.2307
123.7485,77.2238,92.1864,70.4915
132.1035,69.2626,91.0751,70.9039
138.2292,67.4025,90.0817,72.2725
150.7412,57.8761,90.0163,73.2108
163.7085,71.4302,88.7584,75.7364
182.1159,83.1657,84.9752,78.1814
195.6956,91.1125,80.4423,78.1108
204.0551,101.9559,77.7587,77.2452
204.5412,113.2462,74.0308,78.5728
210.2994,120.0985,70.5065,78.2379
214.6853,126.1958,68.6035,78.4231
210.7386,130.1178,66.6428,78.4690
213.3904,134.9594,65.5528,77.3714
206.2898,136.2354,63.8878,76.7980
208.9776,140.9825,61.4492,77.6479
207.4961,142.1542,59.2745,78.3127
212.5145,146.7034,55.7142,80.6823
216.0737,150.2844,53.7454,81.3772
216.1216,153.0795,52.5218,81.7802
217.6090,155.3061,52.1386,81.9956
219.5466,158.5630,51.9969,81.9791
215.5556,163.4184,52.0128,81.1058
215.6838,173.2856,52.2122,80.4168
218.1432,176.2169,52.6551,78.8685
222.4094,177.4197,52.9086,78.3637
226.2372,181.5563,53.1614,77.3641
227.3105,181.6215,53.6848,75.8260
226.4512,179.8227,54.5214,73.7972
224.0852,179.8401,55.0272,71.8966
225.4274,179.1337,55.2138,71.3919
228.6048,179.4108,55.4919,70.7546
