1
240.8041,164.3697,118.5927,113.7767
228.4536,178.4140,121.4790,111.7274
213.2848,199.8849,124.8119,108.8261
203.4800,207.9084,125.4057,109.3631
210.1440,201.9044,125.1947,110.0466
210.2282,192.7804,124.2886,111.4842
208.3526,191.1060,124.2406,112.4520
169.4000,204.7397,127.7476,111.9632
135.5995,243.3067,128.6368,112.2797
133.3286,228.1979,126.3347,109.9413
131.6894,225.3180,126.3450,109.9055
204.4248,210.0231,131.8416,108.2883
206.6727,198.9774,129.5433,109.1538
200.1036,198.6759,127.4668,109.6288
183.7357,204.5934,127.0779,110.4934
184.9823,211.1879,126.4799,111.1378
196.2733,210.3844,126.5247,109.7070
212.2185,184.6209,126.7583,106.8691
203.8844,156.2253,127.3293,105.0812
191.0059,140.4994,126.2957,107.4883
193.2132,146.7541,126.3384,107.7988
201.6705,132.8423,126.1309,107.8410
200.4171,138.0415,126.0010,107.9507
262.4698,232.4145,124.7425,110.3406
250.1138,238.8297,124.3366,110.7495
234.9851,244.0418,124.8253,111.2713
228.6855,248.2679,124.8473,110.4758
222.2070,239.5820,124.7184,110.1601
217.6461,218.6531,124.2525,112.0662
219.9532,208.7442,123.6002,114.2441
223.8112,203.0044,122.9253,113.6620
235.0067,191.6711,121.9309,112.8059
231.2578,171.2856,123.4800,111.6001
217.5416,153.3897,124.5033,110.0987
214.8931,124.0292,122.9289,110.7353
220.4533,116.4720,124.3992,111.7503
234.4519,121.6562,124.2339,112.0343
247.7731,129.7522,122.9120,110.9787
247.9748,131.0376,122.6134,111.5667
260.1068,155.7904,120.6338,113.8080
263.9436,190.6444,118.9346,117.5163
265.7577,218.3914,122.0558,118.4275
266.2383,228.7888,122.4335,115.5571
264.8430,229.1401,121.7444,113.4590
257.6922,216.4838,121.4487,112.9442
258.1124,209.0908,121.5752,112.5318
260.6578,196.8926,120.0481,108.8195
263.4442,165.5707,119.8027,105.7882
265.5984,162.2601,119.1041,105.8486
266.6995,179.2168,118.7596,105.8487
260.6001,185.1034,119.7866,105.6426
259.2602,179.7540,120.4841,106.6739
262.7715,180.2163,120.3621,106.6796
267.6319,186.7795,121.2572,105.7229
280.1828,195.2910,119.5944,106.5794
276.0858,207.6381,120.0307,107.7632
258.5742,211.4270,117.7164,106.7692
223.3851,209.5588,117.5610,105.5823
194.1828,207.7798,119.6744,106.4252
198.0601,205.6392,119.9622,106.6640
222.2324,204.5511,116.7112,108.6815
256.7941,209.6583,112.7801,108.2181
295.1137,211.3231,113.1391,108.0791
320.2767,214.8848,117.8884,108.0552
322.2744,219.1176,117.8427,108.2949
307.9570,214.0186,118.8953,107.0490
281.2190,182.7339,121.0048,106.2904
250.8957,165.8712,121.4283,106.7930
234.7601,157.0491,123.1989,107.4389
234.3906,162.6398,122.4629,110.1224
241.5490,174.1572,121.8726,113.8800
249.1279,191.2784,121.9012,114.3739
261.7705,210.0495,124.0188,110.1259
283.2115,222.6588,124.3278,107.6970
296.6367,225.5556,124.1116,110.6062
298.1772,237.4365,122.7927,110.1465
291.9547,243.7665,123.5703,111.3429
279.5900,247.6373,124.3108,107.3652
257.7440,248.0645,125.5673,101.3064
229.8884,230.2336,125.5594,100.8508
203.8060,226.9136,126.5996,105.6181
204.2701,231.6024,125.1550,108.2411
211.8070,231.4263,123.4823,107.2188
229.5358,214.7662,124.4330,105.6633
246.4371,186.8336,124.6087,104.6273
258.2212,164.8610,125.1124,102.9290
283.7785,145.8185,123.3461,104.2800
308.1954,140.1605,122.8607,105.5051
322.8246,151.7420,120.9304,108.3180
322.8296,165.0784,119.9036,110.4219
308.5750,171.8225,121.1125,111.0293
288.2199,186.5895,124.2282,110.0069
260.7108,211.3864,127.1894,107.3422
241.5778,222.0633,126.1122,107.7479
226.7320,226.9293,125.3162,106.8463
215.6439,217.3313,124.5537,106.0312
204.8217,203.4846,124.1365,107.5018
200.1918,196.6679,122.3106,110.3948
207.6616,196.1445,121.9093,108.3818
223.9024,177.2269,122.9670,107.8561
235.1548,168.5717,123.1684,106.8631
252.6252,170.7655,122.9398,106.7218
271.0601,173.6608,122.8485,107.2134
288.5548,192.1676,122.5482,108.5805
299.9417,214.7193,122.6050,111.4611
287.4299,211.1602,122.8171,110.9507
255.4235,191.3624,122.7816,107.0476
214.1939,198.3169,125.8785,103.7528
172.7879,220.1756,127.2928,102.0024
157.5651,226.5921,125.1942,105.9025
157.6519,232.7019,124.1035,108.2323
172.0269,222.6397,124.5600,107.8393
197.1353,199.2223,126.3404,106.2307
215.8815,174.1469,125.1617,107.0882
229.4603,167.7373,122.3582,110.9875
225.1488,181.7319,120.4915,113.0137
220.2313,202.6542,121.8045,112.8975
218.6365,197.5794,121.5787,112.5128
224.8102,189.5185,120.7461,113.1180
234.5838,189.5305,120.3320,112.9715
232.0875,200.1230,121.0496,112.5924
219.2847,218.3590,122.1338,111.5241
204.0854,219.6684,122.4167,110.5638
195.2053,202.9495,122.2768,110.8386
193.9244,187.1297,122.9440,111.4129
190.4301,180.9214,122.5163,113.6806
193.2769,196.2711,123.3722,112.9351
203.4452,209.2403,121.6211,117.4148
202.6247,230.8688,119.4905,123.9060
198.6735,235.3514,120.1648,122.4653
194.9639,215.3011,121.0167,116.7598
199.2843,186.5884,121.4612,115.3909
186.3691,183.8279,122.3132,112.9835
167.7624,167.9174,122.3194,112.9145
158.9629,171.8234,121.4137,114.1667
163.1590,193.5780,122.0585,112.3368
180.4809,196.5843,121.5675,111.9113
197.8372,196.9783,120.6795,110.8334
216.4303,211.3189,121.5574,107.0661
238.1898,226.1925,121.8389,105.4827
268.2395,241.3764,122.3456,103.5535
281.9581,245.0566,124.1611,103.8563
279.6781,241.0294,124.5786,102.6555
248.0385,226.0530,123.2434,103.2480
207.9473,223.0013,123.1015,101.8896
171.4591,215.7480,121.9045,104.9567
138.3950,223.1471,121.4164,104.8035
102.5003,223.6929,120.8054,106.0169
110.4744,220.5991,122.8658,102.6040
159.6576,204.1098,120.0651,103.8529
196.0690,194.7354,121.9735,103.9669
222.0484,184.3988,121.2652,107.0643
221.9475,183.8150,122.1972,109.2358
229.3807,206.1457,123.1719,104.9796
237.4305,207.1143,121.5424,107.2892
225.0534,214.2185,120.4296,107.1680
200.4767,217.2724,120.2502,107.2918
171.9197,221.7980,120.7273,107.6268
171.8108,221.8879,119.1667,108.7120
191.9155,220.6711,120.7180,107.7087
243.7737,215.0162,122.5232,104.8374
271.1845,211.2553,122.6744,107.3557
262.9977,215.5134,121.8481,106.8000
251.5916,213.0736,122.7622,103.1782
246.3861,200.7881,122.9457,103.0881
241.3055,189.5161,121.9437,106.2001
248.3152,183.3435,121.7208,107.5418
255.7710,195.5889,122.1898,105.2832
270.7268,196.8189,121.0922,108.3078
262.3199,203.0157,119.6199,108.1446
240.7576,204.1162,121.1034,108.8182
203.1970,226.4210,123.3875,108.3162
181.6715,241.5061,122.9222,109.5470
168.7498,243.9800,124.2073,110.1920
175.6133,237.1969,123.3147,111.1095
198.0923,231.1905,122.2767,112.0368
202.6066,229.4838,122.6352,111.4102
190.3040,228.8922,120.7783,109.7332
169.2340,226.7845,121.9508,108.9728
166.4952,215.7973,123.0138,111.3484
186.0076,210.1483,120.8528,110.6497
220.4457,207.4415,119.9605,111.7114
273.4277,194.7018,120.3451,113.1117
276.0569,189.0681,119.7096,112.0927
246.1535,186.4787,119.2175,110.3776
205.9668,184.0553,121.3774,108.6139
192.1839,177.7534,121.6671,108.6413
176.1352,179.0522,121.8624,109.8699
161.6631,180.6345,122.8741,110.9970
166.3315,183.4255,123.6056,111.3792
189.2017,189.7017,124.4431,108.1331
256.9158,194.0555,122.0411,107.6195
284.2212,192.0882,122.0181,107.8195
287.6385,186.4744,122.1480,108.3389
269.6468,189.6205,122.4974,108.6027
250.3270,194.1223,123.0413,109.2189
227.0675,205.4400,123.7409,109.2228
204.7587,211.9258,122.1026,107.8342
168.6064,207.5455,124.8152,106.6710
136.8595,188.8117,124.7780,106.7866
135.0901,181.9168,124.7193,108.1283
147.6133,184.3079,124.3185,107.8553
171.9509,192.3220,124.4406,106.9597
185.6839,192.5555,124.5565,107.7721
184.8438,184.0188,124.0409,108.7461
189.1452,174.1456,123.7458,110.3037
198.0552,168.7741,123.7257,108.9129
208.1359,170.1799,123.2104,107.8900
211.7364,174.6020,122.8098,109.9447
202.6425,187.8410,122.9362,110.4438
196.8444,204.1164,121.7427,109.2378
200.7695,202.4463,122.0329,109.1242
215.6727,237.9277,121.0111,110.7790
204.2007,245.3344,121.1603,110.8591
184.3599,243.4287,122.1666,108.7713
177.0134,222.7570,123.0108,103.5025
175.9277,180.0878,122.8745,101.5340
180.6540,163.4610,122.0508,101.1020
196.1261,163.2137,121.2520,99.8304
209.9435,177.0538,120.7138,99.7705
230.0697,189.1102,121.8269,99.4144
238.0723,183.3089,122.0383,103.3925
229.3711,187.5714,120.7269,103.8777
209.3092,192.4702,121.2628,103.7362
186.4617,202.9558,120.5729,105.0503
178.8799,212.3739,121.2616,105.2224
183.5674,214.5308,121.5420,106.4546
181.3736,208.4493,121.6155,105.5502
179.4727,185.2417,121.7467,104.7796
192.5074,167.9732,120.1841,102.8683
213.5544,168.5617,121.7898,100.8743
247.8602,174.7166,124.1520,99.1354
281.4272,189.7796,124.2248,99.3123
292.4425,206.9819,121.3898,102.0803
288.5039,217.7829,122.0266,103.5066
290.2269,220.2776,122.3689,104.3223
294.7060,215.8636,122.4307,104.9971
283.9527,222.3527,119.5370,104.8992
261.6022,228.2873,119.9480,103.6022
236.4743,224.7871,120.2933,104.3592
225.5878,234.9668,121.1007,104.3735
212.5729,238.9423,120.2455,104.0780
201.3359,233.7510,121.0543,102.3669
203.3345,216.4932,121.3231,103.6783
207.3332,205.5607,122.2268,105.1596
214.6115,199.5146,121.4391,105.2310
226.1355,200.7610,119.5343,105.6313
245.1907,195.0361,120.3733,104.5356
253.3901,177.9616,119.5866,104.5909
255.0523,164.8538,120.0980,105.3722
266.5403,179.0842,120.2322,105.0734
277.4819,209.1560,119.3405,106.4897
273.9687,241.2139,119.3487,107.2305
255.8953,251.1778,120.2372,106.2726
244.0755,242.0186,122.1436,99.5172
238.6850,203.3781,123.0182,96.4545
234.2838,172.2268,122.9964,97.0132
228.3252,161.3850,122.7094,99.0913
214.8424,166.5345,120.5466,101.4745
198.6369,171.5818,122.0995,102.7793
209.8192,170.9736,120.6948,101.3267
239.4516,167.3088,119.1134,99.0259
260.7930,155.1160,118.5680,97.3822
270.9140,145.3891,118.2583,98.4466
273.5278,165.9482,119.3583,96.5473
255.7210,180.3509,120.8120,96.4025
236.9628,189.1748,120.4643,97.9123
231.5479,191.8276,119.4405,98.3584
234.1147,183.3961,121.0150,101.3505
242.6200,183.9880,120.8058,103.8279
233.9647,200.9718,122.3374,101.8264
202.7780,207.0942,121.7761,102.0109
194.1022,212.1472,121.6557,101.8167
203.3257,211.0128,121.5151,99.1066
216.0406,192.9122,120.8311,98.3253
228.6808,184.1446,120.2916,100.2012
235.9001,188.5354,119.0833,102.3416
233.2471,195.9861,117.8592,103.8754
233.3938,200.7847,117.9566,104.8181
225.2557,205.9770,117.8859,104.0729
207.1940,212.6254,118.6117,104.8702
202.9082,231.6613,118.3992,105.1507
207.5393,233.1911,118.9538,105.1504
216.2747,228.1488,117.7560,105.7490
212.3929,224.4164,117.3553,104.2785
208.6956,220.5318,117.5490,104.2713
216.3046,217.5145,116.1839,102.2253
236.2017,197.3304,116.4046,101.8420
266.0504,167.7740,116.2916,101.2970
276.6143,160.3880,114.9953,102.4880
277.6148,165.6234,114.1969,102.1217
269.9362,189.7853,115.8050,101.0614
262.0143,206.8563,114.0447,106.2167
256.2987,224.7325,112.3082,105.9092
240.0388,225.1032,113.4689,101.3702
215.0067,226.1453,114.3869,101.4969
212.1892,237.8849,113.9244,100.5871
220.5620,245.6010,114.0323,100.9660
231.0452,244.7056,113.6896,100.4174
233.4417,226.2124,114.4560,97.7486
236.1461,211.2482,113.5571,98.7411
250.1771,212.7263,113.2930,96.3399
279.5287,215.0151,114.2146,96.4326
297.6631,208.4305,113.2171,99.2400
290.6845,207.3720,113.5376,98.6575
276.2977,202.7386,113.0722,98.6058
265.3909,212.3368,112.8289,98.3705
262.0348,228.4447,112.3662,98.9295
252.1965,239.8348,112.3558,98.8104
248.6548,241.2583,113.2066,99.4318
256.8332,237.5976,112.4937,99.6490
262.4027,223.0816,112.2283,101.8925
256.6065,220.7191,113.0000,100.8589
253.8691,209.3078,112.1383,102.1266
253.0289,203.9612,111.4873,102.7116
257.0827,202.0387,111.0671,102.0063
265.2362,196.1231,110.6314,101.5358
267.5876,190.3564,110.0586,101.5413
267.0229,195.2478,110.3560,101.8022
275.6402,212.0235,110.4219,101.6734
282.9343,228.5502,110.7054,100.3799
286.2516,229.2684,110.6416,100.4784
276.7992,229.4917,109.2832,99.0298
247.1519,236.0114,109.4494,97.5888
223.6051,242.4517,110.3196,95.3727
207.0632,233.6814,111.7946,92.8999
195.5520,212.5501,113.9617,87.0959
195.2796,186.3573,114.3387,85.9614
203.3463,174.4884,113.0950,87.5157
218.6866,185.5912,112.6445,87.1393
235.1479,188.0672,111.3788,89.7963
241.4549,186.9887,111.3403,90.8089
248.3189,194.9567,110.1233,91.2925
261.6967,207.1900,110.3111,91.2325
274.5482,215.2369,110.4405,91.2700
288.2741,246.9391,110.1620,95.2245
278.7710,257.1532,111.8935,91.9911
268.4774,232.8170,113.0540,89.5053
261.4626,207.8332,112.1488,90.4752
245.6517,202.8660,110.3322,89.4115
222.6216,206.7450,110.6057,89.5014
215.1219,222.7753,109.7110,89.8485
221.6577,232.6743,108.6437,90.8507
244.0279,229.9762,108.3289,91.9610
253.6098,234.0056,107.6207,92.4464
272.6833,233.8716,108.7746,94.8845
272.5958,240.0720,109.1391,95.7116
270.3121,254.7842,108.4906,96.5796
269.3936,258.7633,107.8388,97.3346
269.2538,253.4724,108.4643,98.3102
271.7496,246.9636,107.9871,98.4553
272.5629,236.0826,107.6152,99.5759
275.2338,230.5374,107.5630,99.8800
268.1778,233.0389,107.2499,99.8319
258.9652,239.1026,107.4479,99.6529
249.8888,240.4226,107.8230,99.4081
249.0770,230.4880,108.0863,98.5074
249.8514,216.5853,107.3464,99.3888
247.3286,217.3107,107.1002,98.3734
241.6885,218.5728,107.6275,98.8315
245.3782,225.5946,107.5532,98.2326
251.6411,225.7827,106.8897,98.0174
272.3055,224.3662,107.3927,96.7945
285.4031,214.4300,108.3854,93.7277
290.1399,195.6133,107.8583,94.0463
284.2014,192.4438,107.7766,94.1440
279.9990,198.2718,107.3120,95.5963
275.8430,209.2067,107.0224,94.3746
260.8565,212.2636,105.5980,94.0552
231.7150,213.3461,106.5216,92.5176
221.1603,199.4495,105.6314,91.4263
219.4210,200.7620,105.2054,92.0873
228.0224,212.8830,105.2844,92.0698
226.2038,217.5289,105.2564,92.1349
268.2370,279.8777,105.7316,92.8546
287.3776,275.7249,106.0358,92.5134
310.2190,246.2565,106.7880,92.2840
309.6108,234.2155,106.8889,92.2588
292.7480,224.3047,106.7965,92.1231
274.0418,231.6010,107.7833,91.1641
245.7477,238.4427,107.4767,91.3013
220.1833,238.6488,108.4448,92.5147
238.2592,236.5569,104.9330,91.4184
271.4868,242.0096,105.7520,89.7869
303.9854,239.9320,103.4285,90.3241
322.5257,233.0756,103.7247,91.4582
336.3766,230.1030,103.5864,92.8398
342.4263,236.7212,104.5249,93.8363
346.8962,237.2156,104.2747,94.1493
346.7060,227.8614,104.8237,95.5958
337.9219,230.3982,104.7398,95.5566
316.0309,252.2874,106.6306,93.6585
293.5774,261.5742,105.8145,92.9410
290.1748,258.6697,106.6739,92.2775
297.5042,247.5906,107.6667,91.4300
306.5008,244.0667,107.2291,91.0024
314.0659,252.8030,107.5113,91.0363
334.6811,259.2852,105.9848,92.3681
351.1983,254.2044,106.7912,89.3890
335.3617,242.6900,107.0787,89.0825
310.2867,221.7881,107.3250,88.8468
282.5242,170.7928,106.5445,88.7484
278.4055,176.3814,105.8792,86.7173
278.5208,189.4518,104.7610,87.3731
268.7959,218.9671,105.1878,87.1357
248.5575,238.9420,106.2837,86.9591
225.4706,241.0404,103.9059,89.8252
215.4472,243.5378,104.6187,90.3216
215.1791,244.8628,104.7692,91.2509
223.7519,248.3001,102.7597,91.4312
237.0569,247.8163,103.9909,89.9285
245.8402,216.1154,105.3337,85.5668
234.4458,191.9633,106.1876,83.7145
228.8717,176.8447,105.0332,86.2768
222.7857,185.8698,104.8119,86.8475
206.2202,201.1370,104.8692,86.5972
190.9922,208.5863,103.8835,88.1557
183.2578,213.7715,104.3062,88.1003
181.0039,216.1766,104.4206,88.7524
175.2776,229.9257,103.9763,89.2341
179.2815,235.6655,103.3419,90.4472
198.4857,233.8782,101.1779,90.7690
231.9998,232.0792,99.1526,91.9390
264.2982,221.7294,100.4088,92.6130
284.4572,221.8154,101.2660,90.9545
304.6934,227.4930,102.0346,90.8285
307.1706,244.6694,102.2519,89.5958
285.0999,249.5991,101.0224,88.9972
242.5890,230.2541,104.2206,85.6028
212.0477,224.5562,103.0378,85.9575
185.0408,215.4781,103.3251,86.8880
174.1195,229.4924,103.1717,88.1029
194.2176,232.0906,102.1444,89.4815
223.9433,226.4359,103.1198,88.3575
237.8769,211.6872,104.0420,86.1745
256.3808,202.8867,101.5923,85.6403
276.2663,203.8235,102.4769,85.6420
315.1135,202.1620,102.3094,86.1142
325.5011,207.7061,102.5440,87.7097
322.7717,206.2067,101.9787,88.8394
303.0216,198.6833,103.7952,87.1553
274.3600,193.3840,104.5166,86.9078
229.9125,171.8634,106.8210,83.5334
240.6374,154.1736,103.3113,85.1752
273.2774,144.8026,101.3118,87.2462
290.7867,143.4649,102.8250,84.3447
296.4667,125.7561,102.0508,86.4917
298.8241,125.4228,102.4694,87.1219
299.8244,150.0026,103.3037,86.1420
301.8534,187.5876,103.4813,85.1524
305.0020,221.1811,100.6995,86.0051
304.4372,229.4440,99.1516,88.2433
298.3194,222.9516,100.6821,86.6756
291.3519,208.1628,101.7655,87.0541
287.2713,196.3893,102.1444,86.9278
283.6479,184.8375,103.0976,81.6949
280.0909,160.6712,104.8616,77.8427
283.5757,116.8836,105.1465,75.0226
299.8192,93.9540,102.3749,76.5342
315.6408,109.4755,103.0067,76.2764
328.0870,144.6210,102.6834,75.4145
317.8457,169.1543,102.4734,76.3781
302.2560,184.7466,102.4412,77.3847
289.4091,202.5925,102.0328,79.1608
278.8649,220.0706,101.0472,81.6118
268.4349,232.1528,101.5741,84.4303
263.7438,235.6098,101.5723,87.2701
267.5005,237.3706,101.1457,88.1874
277.0052,237.2830,100.0574,89.0171
284.0652,228.3696,100.3190,88.6327
291.0520,218.3609,101.0096,87.2026
300.2241,205.5515,102.2927,86.6392
309.8205,195.1653,102.4655,86.6135
316.7385,194.5752,102.7798,87.5532
326.2450,202.8290,102.6621,87.5982
328.4796,214.3315,102.0108,88.6886
316.7163,231.0069,102.5953,89.5827
293.3831,255.6280,104.4321,88.9957
269.1197,265.4140,103.4978,88.3882
258.7106,262.3865,103.4065,88.6680
255.3255,259.3318,102.9799,89.0672
237.6201,244.0433,103.2579,88.5741
232.5205,209.1004,104.5288,86.1068
248.9674,184.1574,104.1519,87.6448
270.6880,179.6942,103.3498,87.7811
281.1254,190.7677,105.6637,86.3479
284.0521,195.6239,105.6548,87.2201
293.8223,210.6266,105.1515,87.9555
290.1147,214.4890,104.5988,88.1325
336.9211,250.6430,103.6973,90.9950
338.5494,263.5421,103.2586,90.4195
324.8492,266.4605,103.3044,89.4676
294.0975,269.4390,104.3150,89.0597
250.9978,272.1646,106.9694,87.9140
210.5720,271.7491,106.6147,87.0422
207.6804,262.9529,106.8982,84.8355
212.9000,238.2349,107.2699,80.9832
215.7312,212.1384,107.0086,79.0704
227.1706,195.0532,103.9016,81.1829
258.0859,192.6127,100.8255,82.1902
288.5728,191.5856,98.7801,83.6131
307.3490,187.8094,99.9808,85.9582
314.7257,191.5357,100.9223,88.7252
318.1019,200.0276,101.3081,90.8662
321.8993,212.7859,101.2213,90.9661
314.0506,228.1221,101.0397,91.4088
286.4136,232.4989,101.6946,89.7305
240.4147,233.6774,104.2541,87.1196
202.3050,233.0955,103.7891,86.5164
178.4995,229.9977,104.6433,89.1838
188.2684,229.7048,102.2716,89.2390
218.2549,232.5865,102.2669,90.7300
241.9847,230.9818,103.8034,92.6581
250.9978,225.0041,103.6977,92.4882
266.9004,226.7253,105.9155,91.6052
332.2380,215.8890,109.5987,89.4689
355.5487,207.2563,108.7832,92.9817
346.9585,202.4584,108.5800,92.8710
288.9120,204.2960,110.6333,89.6779
214.5695,217.2060,111.4269,88.0131
163.8787,219.2029,111.4513,87.6386
155.0241,215.3648,110.2316,87.9894
146.3774,206.7060,109.9132,88.1946
132.6225,186.0227,109.3541,88.2027
204.2018,162.0820,110.6973,88.5115
211.5740,167.1075,110.2581,88.7748
224.6093,182.5155,110.0815,88.3530
227.2214,213.7202,108.5290,88.0493
226.4146,244.0390,104.8357,88.7034
233.5040,261.3188,103.9776,89.2724
244.7656,266.9152,103.4558,89.6640
235.3465,255.9205,103.4555,89.6934
213.4937,253.0505,103.2870,89.7108
216.2950,255.8076,103.6260,89.4236
244.3833,284.8970,103.4545,88.5162
265.8553,286.4497,101.7674,89.8970
266.7824,273.7474,102.4306,89.1587
266.6199,261.0291,102.8463,88.3515
273.2023,242.3327,102.5991,88.0342
273.9263,227.4624,102.9498,87.7189
254.6893,161.5753,102.1461,85.1918
236.3701,157.0056,102.6984,85.4394
226.3518,182.5465,103.3609,84.6813
219.4796,218.5125,104.0227,83.8088
220.8576,238.8000,103.5339,84.0023
227.1443,258.0741,104.4039,85.3637
235.0668,248.9573,102.8938,87.6277
243.1004,233.6038,102.1214,90.9920
241.7296,228.6904,102.3955,92.2221
257.6688,224.1069,100.8539,92.6589
275.9270,214.2095,100.7759,93.5289
277.0353,205.9406,101.1095,93.1976
264.9754,189.5922,101.7029,93.0135
276.4480,181.1388,100.8357,92.6314
292.4587,177.4375,101.4753,91.6790
296.8440,182.0433,102.3184,90.9379
279.6076,187.6471,102.4909,91.0595
269.2919,247.2276,100.7405,91.6404
281.0515,261.7710,100.5450,90.5905
285.1351,253.7064,101.1233,90.3647
273.3683,243.4414,101.3301,90.2322
267.9067,237.8450,101.1182,90.1161
268.3539,239.4926,101.4784,90.4516
270.1011,234.5512,101.8597,90.8400
261.7395,228.2581,102.5622,90.6191
254.4692,218.8164,102.6262,90.5311
253.0125,220.2393,102.3955,90.8892
245.2603,226.8038,103.2555,90.3109
234.5375,229.7643,103.1642,90.2251
233.7309,225.0051,103.4981,90.0427
253.3631,222.0009,103.9279,88.7893
275.4446,221.8604,105.8490,89.7813
275.7271,234.5166,105.0533,88.7865
252.0329,240.2652,104.6034,89.4621
251.0451,241.2807,104.2706,89.2838
256.9705,230.4228,104.3411,89.6744
265.3972,214.6799,102.9704,91.2523
265.8300,213.1030,102.0263,90.9550
269.2885,217.2371,102.3441,91.0609
277.6209,221.4549,102.0132,90.8287
276.9662,222.9346,101.2112,90.0932
268.9245,221.9048,101.5621,90.2636
269.4436,217.1674,100.6946,91.2100
270.6565,218.6983,100.6418,91.2941
273.0652,226.7343,100.5138,91.5000
266.5273,242.7426,100.4544,91.2831
263.4058,247.9622,100.4741,91.6111
270.6676,239.1910,101.0134,90.6537
282.7951,221.4854,100.3366,91.4710
280.8476,219.9014,100.7581,89.9013
273.2529,226.9881,101.1871,90.1596
264.1653,239.8799,101.8890,89.2224
262.8348,236.6273,101.8390,86.5238
264.6463,213.9607,101.5905,86.4673
269.0548,206.3966,102.8239,87.6416
272.1296,211.2977,102.4670,87.8421
272.5118,225.9048,101.1839,88.1182
266.0170,237.1550,102.3168,88.9973
258.2307,238.3682,102.4734,89.7577
263.4023,232.1552,102.8698,90.9684
263.6208,228.7947,103.3537,91.5162
257.6093,227.9974,104.2387,90.6323
246.6911,238.0084,103.3022,90.7948
244.4181,251.5983,103.0275,90.3484
247.3854,249.4888,102.2585,89.8193
247.4458,238.5301,101.9852,90.2398
247.9235,235.2505,101.9490,90.4826
246.3525,240.6071,101.5796,90.2157
246.8500,255.2420,101.2082,89.7938
249.5098,260.6532,101.8032,90.0375
249.7591,263.4612,101.4033,89.7329
248.6785,262.8789,101.2093,89.6220
245.6497,257.0994,102.4003,90.3569
237.5787,250.4554,103.3277,90.2333
237.1900,246.2190,103.0943,89.9844
237.4322,229.2625,102.5331,90.1026
237.7385,220.6711,102.1838,89.9570
237.0740,221.2687,102.2451,90.1117
236.4379,224.5717,103.4825,89.7565
243.8157,221.3442,102.9373,89.4157
246.4892,210.4270,103.5660,90.5412
249.5288,207.7599,103.2027,91.0744
248.8265,213.8191,102.4153,89.9135
249.2324,231.6870,101.8579,88.6622
252.8583,243.9062,102.1886,89.2418
251.4040,240.5319,102.8675,90.1326
250.0456,229.4596,103.8521,91.0498
261.9939,224.0451,103.9339,91.1106
262.1824,224.5935,103.5980,91.1641
258.8694,235.1038,104.5124,90.9524
249.7558,239.4576,105.4049,89.8208
248.1588,238.7403,104.7192,89.7605
249.6889,227.5924,103.6512,90.5861
250.3419,223.6570,103.6013,90.5928
236.0808,235.5318,104.4668,89.6248
234.0253,252.4119,104.0121,89.1205
234.5862,254.3423,104.1315,89.0312
248.4098,251.7064,103.9646,89.0422
265.4245,244.0698,104.6205,88.8435
276.7540,228.9382,104.6175,88.6354
254.9311,235.5783,109.9736,87.2116
237.7445,248.4814,108.1076,88.3947
256.6996,255.3326,107.4203,87.7013
277.8569,250.4288,106.4668,87.5379
268.1606,245.6436,107.3803,86.2384
252.8554,230.1730,108.5676,85.9404
231.6162,228.9586,109.2531,87.5448
229.7877,232.4176,108.2370,88.0244
234.1827,230.9949,107.6377,88.4770
235.6425,228.0336,106.4290,88.8867
230.2516,227.5627,106.3872,88.9499
228.9856,228.3301,105.9711,89.4537
234.6834,234.2544,105.9440,89.4862
235.1380,242.2444,104.7006,89.3954
249.0309,251.6659,105.4649,86.2938
296.9604,252.2983,108.7025,85.5142
309.9859,245.2186,109.2310,85.8845
286.0808,239.3185,110.7499,86.0922
233.0148,253.6167,115.4522,84.9267
211.8730,270.0895,114.7433,85.3247
214.3439,272.6043,113.6791,85.9993
236.3619,264.0920,114.3820,86.2505
248.2448,259.5995,111.3294,86.9539
238.3601,261.8702,110.5827,87.4626
218.9523,261.2535,110.2528,87.7106
209.1124,265.0156,109.8667,87.7469
214.9894,268.6127,109.8574,87.6947
228.5363,267.5730,110.1774,88.3846
238.8344,261.5307,107.2470,87.8435
240.7987,252.4445,105.9768,88.1535
232.7748,250.4570,105.4884,88.0297
231.7770,247.4686,104.5274,87.5560
241.6143,237.3773,103.9792,87.7980
244.7253,229.3850,103.8798,87.5487
241.5258,225.8016,104.0373,87.5042
241.8003,217.2334,102.3439,87.1052
247.4500,213.5112,102.1621,88.2444
246.7403,216.4238,102.1645,87.6222
240.0302,227.8904,102.2071,87.4834
230.9998,282.6832,102.8402,84.9980
228.4236,288.8323,101.6075,82.2189
232.2475,275.8437,102.7605,80.5579
239.9847,255.8594,104.2769,78.6131
244.3641,239.2057,105.5492,77.4601
252.7857,217.7644,103.8739,77.1732
243.5921,209.0676,104.6781,75.9180
240.9450,188.4505,103.5621,75.4092
243.6426,176.3137,103.4453,74.8565
252.1039,162.2760,102.1828,80.0328
258.1033,167.9707,102.1531,79.8487
264.3302,180.4948,102.2920,78.9476
270.7031,200.6293,100.5547,79.6268
271.8218,238.8209,100.3546,79.4738
274.6643,239.4894,100.6584,77.2123
269.1743,217.8827,101.0717,77.0117
271.3097,202.9544,100.6892,79.9618
287.0686,198.2230,100.8008,80.9361
307.5600,208.2317,101.2488,80.0761
313.5679,217.2538,100.6645,81.3568
304.6496,219.7339,100.7795,84.0617
288.5328,223.6190,101.5958,84.9958
288.6512,229.1685,101.9116,83.4797
293.9983,242.6988,101.5528,82.0420
300.6302,256.2715,101.5654,82.0184
308.5123,275.9802,101.2546,83.4982
299.8368,271.6598,101.5908,82.8956
289.5981,249.3832,102.8030,80.6526
284.9995,238.8736,102.9597,75.2013
283.3415,213.9141,102.9275,74.1191
282.4383,207.0001,102.0255,77.8843
283.5703,210.8633,101.2919,77.5131
287.8582,229.0784,102.2887,76.4252
298.7163,231.6655,101.7707,79.1879
302.8107,234.9750,101.8392,81.3926
300.3904,241.8978,102.3995,81.2255
294.2207,251.6713,102.1137,81.2779
289.7189,252.9798,101.8710,81.9739
288.4485,242.8883,100.3360,80.9229
287.6096,230.8513,100.0433,77.4881
289.8626,217.4740,100.1113,76.8642
294.4304,206.1808,99.2628,78.9366
294.0783,201.5468,99.3869,81.1484
296.9635,201.4657,99.5549,82.2283
302.1495,207.4737,99.7596,81.9700
317.2213,217.4300,99.8048,81.9104
324.1975,233.3176,99.6752,81.6273
316.3838,245.8558,101.0049,82.5686
275.7554,254.5250,102.2566,81.1925
256.8535,254.0581,101.0265,81.7904
234.6864,247.4419,100.7777,81.9935
224.2337,232.0186,100.9343,81.7247
223.2263,205.8469,101.0311,80.2719
236.3973,180.8566,98.8595,82.3915
251.7817,184.7758,99.2770,82.1271
270.3014,198.5244,97.6946,83.4702
275.6836,208.7914,96.7092,82.9289
278.3997,212.2003,96.9282,83.2733
285.2308,214.3631,97.0848,83.6871
289.7291,215.5899,97.5859,83.4486
287.9685,218.5571,97.5578,83.1371
287.2230,218.1553,97.1530,83.4785
