1
113.9474,55.7134,108.2651,97.8033
109.6247,54.5048,110.4224,93.7321
106.9797,46.6676,112.4999,90.1324
103.2628,39.7005,113.5614,88.1357
103.1876,32.3681,113.7117,86.9505
103.8352,29.4443,112.4166,86.4920
106.0693,24.2854,111.0741,87.4326
114.6072,17.9631,109.6011,87.5950
121.6489,17.9983,107.9201,87.5246
130.2654,16.2987,106.0555,87.8500
136.1669,15.9589,103.4032,88.5298
147.0600,17.0631,99.7388,89.3416
156.1539,17.9372,96.4337,90.5699
161.2618,24.9753,92.1069,91.2166
171.7892,31.7610,88.3740,92.0800
177.0476,34.9273,83.5405,94.2724
184.4478,40.1934,79.9358,94.9360
186.8271,46.3122,77.9286,93.7037
190.7342,56.4824,78.2145,92.2635
200.8000,63.4782,82.2245,86.3190
200.9151,69.9249,84.6484,81.3877
202.9707,75.2039,88.3810,76.0590
203.3918,87.2054,90.1265,72.7584
200.7027,95.3637,90.3819,71.8105
199.4110,106.9280,87.8653,76.7321
204.6731,105.9327,87.7035,76.1322
197.4061,110.4275,89.3450,74.8781
202.6352,134.3338,86.6378,78.7391
186.7446,137.6274,84.5720,82.5663
188.3718,134.0495,83.9497,84.4579
190.8783,133.5389,84.2409,85.4791
180.8940,128.6386,85.5003,81.9161
180.7554,129.5901,85.7776,80.0132
180.5619,119.4511,83.5540,82.0178
180.4482,120.4619,81.1741,85.2109
181.1377,123.3145,79.7951,84.7458
182.6043,124.6394,76.8619,87.2778
185.5779,122.0371,73.4983,89.8989
186.6689,121.9565,71.3162,90.0600
186.5937,131.7127,71.4667,88.3071
186.6548,134.7764,71.3443,84.6923
187.2935,136.0235,72.5220,79.7431
188.3636,137.1955,72.7790,77.3991
189.3367,138.4124,73.1975,74.9652
191.7564,140.0159,73.0246,74.0915
192.9654,146.1662,72.9233,73.3748
192.7930,156.8482,73.2682,72.7459
192.2961,166.9067,74.2621,71.0245
191.6597,175.9131,75.5348,69.0264
195.5162,180.0166,76.9256,67.6475
200.2411,189.4679,76.5782,66.9494
204.8912,198.3971,76.3139,67.1629
206.9685,205.2633,76.6760,66.9806
215.0319,209.7972,76.3764,66.9568
219.5132,218.7177,76.4377,67.1639
227.2852,222.8732,76.7156,67.8938
230.7711,229.7387,76.5725,67.8205
238.2247,233.2259,77.5753,67.6646
245.8947,240.3152,78.2368,67.2015
254.2851,239.9923,77.4770,67.8472
263.0964,241.1030,78.1528,67.9132
273.3070,238.5084,78.4213,68.5047
283.5966,232.2024,78.6544,69.5543
293.1782,226.7966,78.1544,71.0342
302.9912,219.2021,77.3183,72.1307
308.3602,208.7906,78.3462,71.7753
309.8942,196.7226,80.0054,69.9122
315.0325,184.6118,83.8862,68.1784
317.0934,166.0556,79.7644,74.2010
318.4389,146.9028,79.4976,76.1427
339.8881,122.7733,75.8135,80.2858
346.7265,108.9442,74.4266,80.9060
376.1912,71.7603,79.0842,77.0129
367.9255,56.5537,83.3247,73.0119
351.4301,56.2973,84.3270,73.5247
384.7271,57.0054,84.8116,74.5929
361.7220,55.6248,85.6596,74.8450
368.8200,8.0373,84.0945,74.0245
381.9045,10.1924,82.8136,74.6921
394.3976,2.9358,82.6231,74.3278
429.5837,16.2555,86.3751,69.9256
416.8935,10.2798,92.0914,67.1288
405.2596,10.0532,97.8615,65.0822
389.9594,10.3507,102.9316,64.4874
375.9790,9.0606,107.3205,64.4484
365.3231,7.5982,109.8453,64.6893
352.1072,10.1703,111.7476,64.9961
340.7552,18.8349,112.3804,66.9794
326.5697,23.9773,112.7328,67.9020
315.6166,25.9784,112.0579,69.5451
300.8210,30.7149,110.4064,71.4330
288.8394,36.9403,108.7455,73.2177
271.6910,40.3447,105.9680,74.9647
261.5817,44.0407,103.4758,76.0892
252.6860,46.3411,101.5302,77.1275
243.9138,48.9961,99.4261,77.4314
238.0426,49.6561,97.2696,78.8911
231.9265,49.0260,95.6499,80.1513
225.9912,49.4525,93.6912,82.0642
224.3392,51.3587,91.4627,83.7843
218.0880,47.8479,90.1694,85.2876
212.5799,50.1938,87.3714,86.1215
207.9171,50.0431,85.7685,86.4230
203.0290,51.5990,84.6978,86.0228
195.2460,48.0441,84.1328,85.0672
187.2110,55.2847,81.5510,86.5733
181.4887,59.2293,82.4063,86.6262
171.6922,74.7567,83.3672,87.5120
182.3608,75.5560,88.9383,83.2225
174.2805,73.8927,94.2556,78.4166
167.5729,76.2271,99.5216,73.7478
136.7021,76.8111,106.8413,69.8588
94.5186,64.1906,105.4188,70.1932
52.1231,61.3193,99.4072,75.9358
45.9640,55.8047,92.4395,81.4548
49.2475,45.6623,85.8725,88.0540
48.4654,35.5530,81.9588,91.8389
48.9999,24.6424,78.1541,94.5090
48.1437,12.7739,74.4343,96.5176
2
0
0
0
0
1
72.8547,142.8959,89.2965,82.2489
77.1108,132.0770,88.8869,82.2792
87.9375,120.4465,86.0988,83.9800
98.6206,110.3969,83.4811,85.3307
108.7304,102.3543,81.8704,85.4655
123.2754,94.3694,79.1309,85.6249
134.6130,90.8620,77.2084,84.8574
149.4822,88.1190,75.5365,82.6890
160.4026,84.5399,73.6246,79.8827
172.7808,85.7495,70.6206,77.4635
185.5718,88.0870,68.3526,75.1199
194.3554,90.0907,66.5970,73.3712
195.5677,95.6305,64.1723,71.1060
199.1475,100.6470,61.2721,69.5917
201.2571,108.8571,59.1127,67.5902
207.3050,116.7124,56.9879,65.8390
209.0649,124.7212,55.4011,63.3526
213.5673,132.8742,53.8727,61.9993
213.0417,138.3846,53.1002,60.0966
210.6533,140.9126,52.5317,58.6043
209.3221,143.4450,51.6951,58.7880
209.7787,148.8546,50.7818,58.4026
210.0580,153.3372,50.2233,58.0295
212.9758,159.4610,49.4988,57.7074
213.8160,164.8550,49.5053,57.0419
216.6483,169.9730,48.8712,56.8670
216.5496,173.5969,49.0688,56.2751
216.5634,177.0006,49.0410,56.0995
216.3598,180.7068,49.4482,55.3066
216.2848,181.5181,49.5983,55.3330
220.2997,184.7885,49.8276,55.3996
223.8023,188.9762,51.1052,55.3069
225.8173,190.6471,52.1015,55.3160
227.2358,190.7409,52.6474,55.1283
226.7377,190.1034,53.6437,54.7061
225.4986,187.9864,54.4155,53.8214
225.1761,187.2365,55.0607,53.6168
229.1948,186.4682,55.5802,53.4419
