1
243.4806,166.0103,118.0297,112.7649
232.3711,182.8775,121.0132,108.4690
213.5099,202.0627,125.2155,102.2957
206.7863,211.5237,123.2884,103.1771
213.8697,207.6609,121.4126,103.8715
213.5475,193.0608,121.1004,108.3599
210.1269,196.8920,123.0532,108.5761
172.0206,220.7370,134.1721,98.3866
141.5280,250.2570,137.2300,97.3404
153.1196,240.2722,132.0322,98.6180
224.3369,238.7124,135.3306,91.9100
217.1715,216.9793,129.6615,96.6898
210.9444,203.3321,126.4871,102.8119
204.3743,205.3054,124.0881,103.9402
187.8382,211.7558,124.0041,104.6788
187.4850,216.1372,124.6912,106.3588
199.6910,217.9239,125.3554,101.9898
209.5889,201.3958,127.3672,95.7297
209.7979,172.3552,126.5892,90.6130
195.9268,156.7829,124.5494,92.2958
199.0359,174.4553,124.4214,91.1551
227.4947,203.2854,127.7366,88.2948
252.0831,235.9744,129.4123,88.1914
264.0383,245.2547,127.5629,96.0396
253.1370,247.5060,126.2524,99.8602
238.5797,249.0447,125.7467,103.8488
231.9879,250.3992,124.5404,106.6786
226.9371,244.6794,123.5683,105.4197
221.5267,227.6104,122.3115,105.2137
221.6699,212.9616,120.7655,108.8635
230.2323,208.3666,120.5682,108.5219
240.3466,198.6447,120.5893,105.6731
237.3624,188.9182,122.5685,98.1991
224.9356,172.5534,123.6104,95.1626
218.4845,145.4677,122.3057,91.8174
226.1556,129.2738,121.5558,94.9828
240.8481,133.8393,120.9385,98.6326
248.8937,136.1278,121.5777,100.2454
250.0317,150.1364,123.2826,95.3099
260.0075,180.6138,124.4735,94.4882
262.9836,213.9637,123.0849,96.5657
269.2858,233.0515,121.6671,100.3103
273.4396,237.0533,121.2470,103.2946
268.9491,235.7008,120.3007,104.5349
261.7723,225.0644,119.1567,103.5996
262.6391,214.6460,118.4204,105.1338
263.0991,205.6823,119.0262,99.0901
263.4248,177.6042,120.4132,93.6145
266.0983,173.0009,120.3385,93.1041
268.1146,187.0055,119.4880,95.6031
264.0189,187.6806,120.6991,99.7460
262.4637,180.9788,120.5342,102.8842
265.3452,181.6630,120.7703,104.6278
272.3246,187.7115,120.1904,105.3304
280.9941,200.5445,120.0924,103.0374
278.5730,212.3159,120.0200,102.4157
256.7171,216.0119,119.1360,103.2364
227.9840,212.0612,119.6881,102.4962
200.0860,209.0378,120.3833,104.4691
205.0783,206.1194,118.8934,105.1172
227.8091,206.9743,116.6746,105.7276
253.3945,211.6702,118.9736,104.4071
293.2483,214.2720,122.3947,101.7091
321.1388,218.1034,123.7699,103.5943
325.0907,220.6272,122.2183,105.5494
312.7910,212.4114,121.4255,104.8506
290.2863,192.8641,124.0755,102.3134
260.6027,173.0776,126.2863,100.6823
238.0053,160.0050,124.0688,104.1925
237.9999,172.1277,124.0814,102.9412
245.8533,186.7009,123.3629,103.0135
251.3363,199.6756,121.9544,103.4383
266.3030,216.2135,121.6857,101.9649
291.1368,227.2248,122.8044,101.6825
306.9566,233.7734,121.0788,103.0199
303.0180,244.0616,122.0541,103.6261
295.9533,246.9504,121.6025,106.8959
282.9398,256.1721,121.0853,102.4380
260.2034,250.1388,123.3964,97.5517
233.9891,239.2381,123.4127,96.5232
210.4796,231.2867,122.1802,101.0863
209.1793,232.2383,121.2263,105.5366
217.3766,234.6105,121.7132,103.2606
233.3280,224.4753,124.2374,96.8090
247.1661,197.9359,125.7473,91.7450
259.7715,173.1772,126.4928,87.9677
282.1726,157.9907,124.2273,90.6955
310.7924,155.4023,124.7866,93.1230
323.2683,165.0804,123.2815,93.2536
324.4269,178.1970,122.9137,96.3192
309.8969,187.1184,123.3240,98.4122
287.7906,201.3690,126.3072,96.0729
263.0461,216.1083,129.4663,94.9697
243.9321,227.6509,126.8959,98.5985
230.8361,231.7944,124.1396,101.5605
219.9561,223.8080,122.9978,99.1666
210.0264,209.3822,120.8347,101.8423
203.3952,202.4745,119.9372,104.4583
212.1640,199.6978,121.7211,103.3350
227.7999,188.4408,124.0457,98.5781
243.5199,171.6135,122.7270,100.1324
257.9514,182.0814,121.7929,98.6796
275.3677,199.0433,123.1954,95.4877
293.2319,217.2554,121.7060,97.5056
304.6814,225.1032,120.8914,100.2869
291.9129,221.7297,122.4354,95.4248
262.3220,205.4124,119.5231,96.3780
214.0628,209.6767,126.2489,91.3379
173.2346,221.4785,128.4124,90.4018
159.5624,236.5662,126.3994,94.8559
160.5028,239.9307,125.1063,99.0167
173.0621,231.6341,127.6849,94.0832
193.9905,209.5456,130.3587,88.8782
215.1277,193.5704,130.1311,89.8986
228.7363,187.2059,126.7244,91.5754
226.8605,202.7188,124.2274,92.0306
222.9596,212.7839,122.8345,97.0747
220.4445,206.8399,121.2932,100.5600
228.3869,195.2391,120.9430,104.2390
237.9685,202.6187,121.1919,101.8264
233.3630,217.0603,123.2312,98.6132
220.1364,228.2936,124.1538,98.4835
205.8644,226.3250,122.4676,101.0273
198.6765,216.8009,121.1496,98.7915
197.3094,203.7661,121.7933,96.7072
192.7533,193.3369,120.3545,100.1816
196.9400,211.8961,121.3937,96.4717
203.7569,228.9300,121.7017,97.3014
205.7196,249.8346,120.6428,101.5535
199.5027,254.2975,119.8249,101.0658
197.2247,238.7245,121.6215,94.6024
198.8068,219.9539,121.8077,91.7430
192.4558,205.1137,121.6188,89.3484
172.0746,188.2958,120.5385,92.2591
162.0148,195.1940,119.4618,93.0145
169.4937,207.1140,119.0804,94.5509
182.5701,208.1759,119.1352,98.6124
203.6440,211.8728,119.6018,97.8439
223.8459,220.9689,120.9823,97.0665
246.9072,233.0195,122.2693,96.2723
270.2739,243.5391,121.8669,97.8936
293.5464,246.9058,122.2625,100.7323
283.4263,246.8398,120.9246,99.6103
250.0832,235.8452,121.0439,97.9314
209.0402,227.6171,121.5656,96.9019
177.1977,222.7771,123.1736,97.2274
139.8955,228.7389,122.3470,98.1519
108.7873,228.6718,123.5821,99.7932
111.3420,225.5388,125.3846,95.9112
149.5478,209.3238,126.6832,96.0666
203.7831,204.7533,125.3765,95.0092
224.8924,191.4419,122.4660,98.7101
225.2140,192.1019,120.8927,100.9913
232.7542,210.0223,120.3373,96.8888
240.0507,220.8257,119.5409,96.0794
234.6281,223.0496,115.6716,99.1565
207.6512,224.5629,116.0597,98.4546
177.4250,228.7173,117.8747,99.1722
175.8106,227.6561,115.6005,102.0263
199.6237,226.5041,118.4872,99.9960
237.2762,224.1873,124.4341,97.7019
266.0274,218.3616,124.3924,100.1914
267.0090,216.7596,121.9332,103.0885
257.5577,215.1795,120.2230,100.1516
250.1049,204.8890,118.9021,99.5281
246.1053,197.9996,118.2514,100.2081
252.3857,191.8794,117.6829,101.0080
267.1324,201.5000,117.5545,100.1914
273.9595,204.1485,117.0055,101.9571
268.0086,204.3975,116.1827,104.9590
243.1939,210.6176,117.6454,104.9436
206.6534,225.4172,121.6570,105.4605
185.8213,238.3391,121.8484,108.9448
174.6108,245.8103,120.6722,108.8662
180.9523,241.0649,119.5511,110.3090
203.3092,235.7663,117.9297,110.8945
209.5186,236.2153,118.1342,108.5981
194.4940,231.8760,116.5973,107.8967
175.5657,230.0315,116.7586,106.7845
173.3233,220.0206,116.9771,108.4902
191.7696,218.8038,114.5825,107.0309
228.1693,218.0934,116.2376,103.6821
264.8525,212.0499,121.1915,99.1167
279.3919,197.6361,119.3944,101.4575
251.7996,194.6333,120.3415,102.3148
219.3709,190.1723,122.8461,101.7461
196.4874,180.2930,120.6308,104.6480
180.4946,184.2324,120.4111,106.7660
165.6045,187.8230,120.9637,106.6274
170.9487,188.0273,119.8433,106.6624
195.5384,192.7919,122.2237,104.3667
248.8238,197.2933,124.1957,101.9482
276.4588,198.7259,127.4870,100.1841
287.9838,195.0101,124.2617,100.8833
273.6987,195.6636,121.3302,103.5254
254.4561,197.5645,120.2069,106.1015
232.1775,205.7600,121.0952,106.9774
210.7735,209.5994,118.6386,108.5072
172.6946,207.1991,120.4867,106.2563
147.1957,195.0109,120.8816,103.7207
138.9702,185.8697,120.2542,105.0645
161.1259,189.1529,118.1611,103.1848
184.4270,192.1495,119.0822,105.3609
192.3810,195.8382,118.7642,105.4563
189.5330,190.5542,117.8528,104.9613
196.7537,180.1608,117.4595,106.0480
207.0052,170.7870,117.9867,107.2329
214.1616,177.3504,118.1395,103.2775
214.4877,185.7559,118.4387,102.7447
208.6091,194.6900,119.2360,103.1073
199.1504,212.3107,118.8414,99.8417
210.9370,239.3376,119.5250,98.5901
220.7477,249.9051,117.8113,100.3978
211.6714,252.6045,116.7435,103.0366
192.1200,247.4211,117.5437,100.9613
181.2471,225.4496,119.2365,93.9213
177.4210,196.2649,120.1893,88.6716
187.0723,174.2550,119.6459,89.7714
201.4971,173.6755,117.9237,91.3619
218.2568,183.9211,118.1980,92.8063
237.3478,193.8265,117.3163,94.7915
241.8778,191.4049,116.4946,97.9666
234.3370,193.8832,116.3491,98.3823
213.0636,197.4204,116.9946,100.6012
190.7851,203.2527,117.7840,102.5156
183.6624,216.1982,117.2617,101.0043
187.2920,216.2792,116.5701,103.2853
185.3846,212.1472,117.0528,101.5866
183.5865,198.1045,118.5713,95.9460
194.6243,177.5288,117.8852,95.5072
217.2112,171.6837,119.9839,95.2948
256.5669,175.3770,123.9094,94.7800
289.0866,192.3159,122.8949,94.6913
293.0511,211.0864,119.5877,95.2057
292.9435,221.4146,117.9079,99.1953
294.3239,223.3571,117.7937,101.3144
299.0993,218.2882,116.5158,102.6368
291.4297,223.3490,115.1900,104.0028
266.9172,227.4483,115.4463,103.8866
242.0978,227.6008,115.0551,104.1083
231.9954,236.6464,115.7228,103.0550
219.1578,238.9792,115.9736,104.7709
206.3066,234.3903,116.5323,101.8381
209.7898,219.4370,117.0144,100.8620
212.5383,207.0924,116.9058,103.1854
220.0631,204.9156,115.9368,102.3981
234.0253,202.4734,115.5601,101.7985
251.1644,198.4270,116.3155,100.8335
255.2943,186.8277,117.0601,97.1834
259.4885,171.0339,116.4837,97.9796
271.3370,187.9881,118.5085,93.3233
279.4539,219.3478,119.2498,92.8929
276.5178,251.6559,118.5938,95.2522
260.4307,259.0250,117.7018,98.3234
250.5229,247.2140,118.7137,92.0667
245.5369,207.6535,119.1105,87.6073
238.8300,178.6896,118.6257,88.5406
235.4389,166.1099,117.9510,92.9515
222.4016,169.2105,117.9781,96.9196
205.3168,170.1106,118.7326,101.4288
217.7809,172.7993,115.7104,101.6222
239.9542,168.4694,117.9441,99.0411
262.0406,153.7898,119.4136,98.6541
276.7404,143.9476,118.8241,100.0020
275.9200,161.1678,119.6569,97.6841
258.8611,177.2696,121.3545,98.2434
242.3140,186.9171,120.8374,99.6698
235.1325,187.3833,118.4981,101.8540
239.0905,182.4526,117.4210,102.8397
245.8290,187.6741,117.2241,102.7390
239.1691,202.6381,117.7371,100.9560
213.0793,208.4636,118.6130,102.0135
200.2821,209.5503,117.7980,104.0574
210.1639,207.2182,119.0858,101.1183
225.2447,194.2349,119.1993,98.2207
236.9631,183.0319,118.2967,100.8443
238.5898,193.1139,117.3107,99.7858
237.5600,199.9913,115.5208,100.5707
235.4481,200.4718,116.1137,103.4096
230.1301,208.4494,115.8948,102.8805
210.3631,222.0828,118.9228,100.0060
205.9396,236.4211,117.1138,99.2939
215.3026,239.7625,116.3028,99.3391
221.7330,229.9092,113.8878,101.8543
216.0223,225.1791,113.3988,102.4064
213.3408,220.9208,112.8737,102.6900
223.5851,220.7359,114.6215,99.7669
241.6938,202.7804,119.9911,91.7563
263.4105,176.8887,121.1124,91.0875
276.7353,161.1495,117.3300,96.9292
277.0344,175.2098,115.8996,94.3474
272.2368,193.9882,116.7642,92.9035
265.5290,224.2628,115.7780,92.0286
261.4742,232.4127,112.0620,94.0780
243.0323,230.4598,113.0887,92.8456
218.9559,232.4376,114.2066,93.9879
216.1454,245.5959,113.6339,93.3373
227.8317,249.0518,112.0939,96.6099
236.6793,248.9749,111.6483,95.8939
235.3867,239.0138,112.3487,90.0603
241.9232,221.2894,111.1940,90.8873
254.2707,223.2155,110.2968,89.1847
278.1508,224.6849,114.1657,88.2422
300.3246,214.5703,113.0027,93.0007
294.4164,213.8534,112.3293,92.9931
282.9990,204.1120,110.9194,96.3379
270.6609,215.7445,111.0360,95.2295
265.6489,232.8719,111.4231,94.1966
257.8330,244.2385,110.5680,94.8254
253.0211,248.7283,110.9108,93.9860
263.9558,237.1103,110.1971,97.6638
268.0019,229.3842,108.9425,97.7190
262.6992,225.7193,110.0773,95.7588
256.6759,211.9803,109.8983,98.5577
256.5967,204.9653,108.9377,100.4229
261.0432,206.5559,108.4396,99.6010
267.7396,200.2357,108.9679,98.1815
269.1615,187.6209,108.6452,100.7405
271.4543,203.3687,108.8858,96.9439
278.3160,220.6634,109.8822,92.9902
287.6211,234.5423,109.2352,91.0251
290.7091,234.9203,108.1363,92.3627
279.6784,233.2424,105.7838,94.0315
253.3265,238.3125,108.1457,94.7607
228.6771,243.7231,108.8966,93.3553
213.6190,236.6781,110.1452,88.5160
201.8853,215.3755,112.2883,82.2943
200.7852,190.3801,112.0193,80.6324
211.0931,172.6064,110.2547,85.2826
223.1080,184.3889,109.5359,86.3240
239.8946,187.3972,107.9763,90.4167
247.6552,191.3946,107.4505,90.7385
254.5269,198.9651,107.7100,89.7108
265.1976,215.2681,110.8007,85.2014
281.3988,241.8341,114.4255,81.5017
291.0338,255.2995,112.0519,86.3513
284.4113,260.0414,111.7452,84.0230
273.1767,238.1060,113.0035,78.5336
265.0330,218.4877,110.3266,81.1104
249.8511,205.8598,106.6609,84.3196
224.9985,211.2044,109.3159,84.0478
215.7825,228.1176,109.9845,83.4486
228.1269,237.1519,106.8831,86.2802
243.4893,236.8599,108.6388,86.2673
265.3851,232.0767,107.1173,89.8034
275.4288,234.2622,107.6724,92.4762
274.6997,247.8471,108.4230,90.2048
272.7169,259.4932,107.8172,91.6742
271.6445,259.9141,106.4558,94.8444
273.0685,254.3137,105.7215,97.1157
274.8560,249.8552,104.7659,97.1466
278.0487,240.0229,104.0371,97.1391
278.8654,229.0336,103.6899,98.8400
273.2084,232.5818,104.3524,98.7880
262.7182,240.0649,104.2838,98.4493
254.3253,242.0623,105.5017,98.1651
250.5673,239.0337,106.8577,94.0893
253.3510,227.4408,106.0889,91.1545
251.3039,216.6549,104.7479,94.7052
244.8363,219.1239,105.1614,96.2572
250.3874,227.5505,104.5593,95.3713
263.6792,229.2555,104.2256,95.4373
278.6155,225.1074,104.2678,94.0542
290.4957,214.8531,106.1023,90.5251
293.9367,202.2829,105.3925,89.1230
289.5905,193.2657,104.9666,92.8456
284.7921,200.1093,105.0651,93.3621
280.8290,210.9999,105.1267,93.0160
264.6970,212.0500,103.7268,94.8220
239.1920,209.9866,106.5314,92.8869
224.9048,196.7452,105.0391,92.1871
221.4243,206.1942,105.6272,89.4958
228.8366,231.8190,108.1484,84.2237
250.0082,252.0266,108.8678,83.4768
273.4601,280.6220,106.4532,87.2746
293.1989,279.2460,109.9508,81.1676
310.7264,256.8148,110.4406,79.9999
313.1478,242.4032,107.7975,81.6225
299.9819,230.0836,104.8844,84.8251
274.9458,235.3610,107.4440,86.9874
251.9041,240.5158,107.0005,89.6592
226.5004,239.2374,106.8774,91.4523
241.1264,239.3333,104.9160,90.0925
273.8755,241.2829,107.7611,89.6582
294.7693,241.1471,111.8434,87.6464
318.2701,233.8093,112.9957,90.0788
336.5999,232.2627,109.9146,90.5196
344.1037,239.9087,108.0524,91.5160
348.5253,238.2723,105.3649,92.8746
350.7352,229.2876,103.9503,94.5250
340.0243,232.7740,105.4350,94.7942
317.2898,249.5438,107.1802,92.1634
297.4885,260.8002,107.0533,93.4931
293.9273,260.2480,107.2460,91.2498
305.0282,246.0752,106.4180,91.5878
315.3571,241.6814,105.3511,92.2337
327.5365,254.3503,105.6035,90.5582
345.7925,258.5366,104.2114,92.8405
354.7927,257.7767,106.0173,87.0747
338.7551,235.0888,106.9529,86.0471
315.7509,203.8984,107.4632,85.2760
289.3689,174.1753,105.2403,86.2145
282.7986,182.8922,103.9860,82.5073
279.6174,198.8066,104.9652,80.1671
269.7859,221.9663,106.3957,79.1066
245.8634,239.8929,108.2713,81.9584
227.5458,241.9045,106.3659,86.8077
217.6264,244.0831,104.8349,89.7329
218.3168,245.9664,103.8203,91.8093
231.4760,247.7492,103.8229,91.7282
244.2743,245.0618,105.0317,87.3693
247.5261,221.3629,106.7787,81.5719
239.3725,195.2602,106.7020,79.9261
232.3168,180.0780,104.8703,82.4413
228.0089,186.3600,104.9290,84.6540
208.2337,198.6558,107.4456,84.6119
193.2578,208.5275,105.6789,87.6978
185.9853,212.4472,104.9692,88.8466
185.1018,219.5351,105.3277,87.7695
178.8163,232.8131,104.0663,87.3178
184.6117,234.8885,102.1680,90.6011
205.2505,236.6519,102.3993,90.6153
227.5359,236.8135,105.0516,89.1760
258.7655,226.6586,106.1142,89.5264
280.4012,221.9708,109.3632,88.8074
305.7876,226.4633,109.6845,89.2498
308.9779,242.2035,108.1833,89.1540
290.4300,245.9186,105.8278,91.3349
249.5271,245.1252,109.8994,87.8128
213.7109,223.6140,109.1560,87.4282
188.5526,220.9797,109.7457,87.3531
177.1125,229.8837,107.0720,87.9590
199.4143,231.7712,106.8021,89.1954
219.9391,228.8725,110.9676,85.2613
232.5724,215.1426,112.4097,82.8603
251.0322,203.1287,110.9371,83.4746
273.9922,202.5168,110.8576,84.5588
311.4766,206.2924,112.2214,85.4622
330.5481,208.9109,107.6269,88.2841
327.2831,206.3756,102.3810,89.7842
304.9943,202.2598,103.1118,90.3209
266.1891,189.9560,108.3343,87.8339
235.0952,170.7244,108.1901,83.1023
246.0218,152.8448,104.7257,86.1557
267.4336,147.4309,106.2636,87.4917
286.4242,137.8360,108.1795,86.2458
300.1142,122.9025,104.9574,87.3039
299.8051,136.0240,104.2896,82.9332
300.7914,163.5524,104.2583,80.1268
303.3513,203.0118,104.4837,78.0010
304.3678,231.9047,102.7016,79.2695
304.8411,233.3004,100.6861,83.3004
302.1970,226.6281,101.1487,81.6796
295.7603,209.9498,100.3801,83.9161
289.9009,201.3765,100.2942,83.0294
287.1589,188.1582,100.6468,78.7490
285.8249,156.7143,101.2804,74.8138
285.5671,122.2316,102.7934,71.2713
301.3943,96.5627,101.7738,74.3516
324.6181,107.8667,103.8410,73.9053
332.6195,144.8928,102.6873,75.4100
319.5058,171.9442,104.1056,78.0271
300.0845,192.9921,105.5094,78.9088
290.1402,207.6884,104.7795,81.4263
280.3211,221.7155,103.2336,84.4975
273.3507,230.4419,101.7853,87.1954
266.4648,233.3397,101.0876,89.1669
271.9252,236.1924,99.5642,90.8786
282.1798,236.4848,98.8588,90.8245
289.2324,227.5633,98.9032,89.2735
295.6508,217.1236,99.5210,87.7923
306.8080,202.6269,101.0893,87.2426
313.8956,192.0394,100.0309,88.1318
321.4178,193.0741,98.7983,89.3641
332.0642,203.0072,99.9408,88.0596
332.4269,219.8451,101.2685,86.1007
317.5658,236.7025,103.7241,86.3868
295.9474,258.5054,105.7214,85.9616
273.3673,264.4185,105.0961,87.2314
263.0562,263.3692,103.1440,88.0485
259.1360,259.3485,100.7096,88.5956
244.4123,246.7924,103.3826,84.5448
235.4668,214.1684,104.7390,78.5031
254.1899,194.6300,103.4714,79.8450
273.8141,184.3088,103.6979,80.5696
292.1719,183.8245,103.5397,84.7501
307.8423,197.8505,103.8537,86.1442
322.9088,218.4495,105.1205,85.7284
338.9894,244.0948,105.0641,83.7834
344.2191,260.8909,103.1452,83.7058
341.7257,265.8586,102.5534,86.1573
327.7336,269.2776,101.4286,86.9854
304.5210,269.9392,102.1374,88.3886
260.9241,270.9586,101.8547,89.0555
223.0907,272.9301,103.6817,86.7266
210.7411,264.8657,104.7655,81.5216
215.7545,241.3031,105.4046,76.6631
217.0293,216.5674,105.5834,73.8775
229.8006,198.5665,103.4760,78.0454
249.7361,192.9947,103.8184,80.2280
283.1325,191.6407,104.0649,81.6938
306.3915,190.4122,102.5731,84.9928
315.6147,194.5095,101.6060,86.6996
319.6387,206.6652,101.3407,86.0169
324.2962,221.8348,100.8104,84.7394
316.1377,233.2379,99.9543,88.8147
288.6121,234.6685,98.4671,91.6454
248.8485,232.9102,97.1643,91.0892
205.1339,233.4756,97.1088,91.2099
182.1240,230.9608,98.5345,91.8004
196.2880,230.6559,95.4605,92.4740
228.1284,233.6363,99.2483,91.4435
249.4113,232.1216,100.8677,93.1243
254.9190,224.6283,99.9944,92.7979
271.4477,226.3450,100.9609,92.1087
325.2929,221.4628,102.8757,91.1588
359.2281,215.8401,103.9427,90.6501
348.6920,204.5450,103.7279,91.4952
289.1754,208.4308,107.1093,89.5936
217.5289,213.6521,108.7586,88.3385
168.3058,217.9475,108.8658,88.2657
158.1469,215.5529,106.8499,88.6336
177.5928,202.2202,113.2940,83.5516
208.1680,174.1623,111.6366,85.2782
214.8622,160.8205,106.8113,87.2837
218.2310,174.4726,105.3622,85.8723
229.9291,199.6722,106.0979,84.5425
235.0409,228.2189,104.2315,86.1168
231.3936,246.8742,102.7688,87.5385
240.6185,261.7043,101.1097,89.0967
248.0968,266.2979,98.9086,89.1168
239.6840,256.6972,99.0437,90.0372
219.0676,255.6090,99.4158,88.3876
223.4490,270.1560,101.5209,85.7681
252.8611,282.8732,102.2492,86.9729
272.0815,286.8973,102.0374,88.2715
269.8691,281.1849,102.8514,83.9213
269.1352,262.1996,104.6073,79.6725
275.1570,214.2005,104.7121,79.4633
269.4839,175.3463,105.2355,76.3383
253.1036,163.9094,104.3476,77.9805
232.7945,172.2494,106.6080,76.7773
224.1947,187.2581,105.7740,78.8618
219.9704,224.7983,105.8695,79.0706
221.3079,251.6325,105.5202,80.8128
232.7065,261.4378,101.7454,84.5080
238.9380,254.3248,102.7642,86.3032
244.6423,240.1476,101.4872,86.8232
243.7761,229.8392,100.7279,89.6475
260.1565,227.1298,97.4763,90.5959
278.8002,219.1170,100.3147,90.9597
281.6493,209.7760,100.4642,89.0291
269.1313,197.2065,101.3032,87.1665
278.6871,184.1642,100.0839,88.7079
293.7788,181.7982,99.9103,87.4555
293.5710,198.1165,102.1016,87.3085
278.2490,238.6185,104.9829,83.4828
269.6479,254.7031,103.2724,85.5443
285.8899,265.5135,99.6085,86.4933
288.4740,261.0593,99.8389,86.2592
277.9288,251.8891,100.3968,84.0744
269.2640,239.8251,99.3649,86.0598
271.7263,241.5995,100.1576,87.4698
272.8460,237.4327,99.9487,87.7441
267.0215,229.6705,100.0325,88.4887
258.5384,220.1050,99.7415,89.8614
255.3228,221.4707,99.2759,90.1098
250.2131,225.2473,100.0706,91.2471
239.1698,227.3937,100.0553,91.9619
238.4966,223.4058,100.7476,91.6960
260.4253,219.5035,99.6899,90.5551
282.3378,221.5631,101.8768,90.3576
278.0755,233.1435,102.2729,89.9016
256.3080,237.4043,102.7217,91.6084
252.9630,239.3823,102.4615,92.0529
259.4226,230.1925,103.1792,90.0058
266.4785,216.9969,101.3939,89.9158
266.3671,213.4819,100.6890,90.4342
273.8670,218.4049,99.8314,91.4067
280.3834,221.0942,100.0400,91.7597
280.2570,223.4381,99.5700,91.1881
271.4663,221.7731,99.2395,90.5184
272.7157,215.5221,98.3207,91.4050
275.0773,220.2993,98.6510,91.5826
275.9861,229.5510,99.5203,90.2667
268.0571,244.5246,101.0364,89.6636
264.1151,248.9417,100.7759,90.1639
271.4308,242.3289,102.5162,87.1181
283.6692,227.9018,101.5779,86.4418
284.4627,216.8594,100.7824,90.2790
274.3645,228.4529,102.2886,89.5200
264.6448,239.4201,102.0238,89.2682
264.0114,239.4682,101.9817,84.2161
265.5306,226.0203,102.1965,79.5369
271.6738,209.8633,100.6415,82.4667
273.5411,221.7733,100.6489,80.0822
274.2684,233.2046,100.8076,81.3914
269.0254,238.1260,100.6950,84.9442
261.4253,240.8466,100.5756,86.3740
265.0040,233.9412,100.1523,88.5761
266.9377,229.1439,100.0413,89.5246
260.1936,229.9897,101.0287,90.4331
249.5589,240.8858,101.4921,89.7479
246.2370,251.8356,100.5775,88.8835
248.9796,250.5920,99.7818,88.0383
250.4191,239.0455,99.4983,89.2585
249.5702,235.2459,100.4886,89.8100
248.0086,245.4141,100.7519,87.1271
248.8541,256.3723,100.9884,87.0124
250.2460,261.6834,101.5591,87.7826
249.1299,264.7301,102.3084,88.2546
247.6987,264.7382,102.0611,88.4547
249.3136,256.9417,100.9677,90.1855
241.2761,248.3795,100.7910,91.4609
239.8532,246.1244,100.4681,89.4667
240.5375,232.7220,100.6189,86.9476
239.5997,220.6651,100.7011,89.0053
237.0827,221.0234,101.3202,89.7424
239.5549,224.6080,102.8610,89.3139
245.6408,221.4392,101.6921,88.7649
249.9236,210.0296,100.7319,90.6070
251.3976,207.8124,100.6732,89.9569
251.9561,218.9402,100.8102,86.7680
252.9754,234.4356,100.7537,86.0384
254.1447,245.7029,100.9029,86.6196
253.2704,239.9959,100.5878,88.4125
253.4171,229.3896,101.3358,90.8280
262.4514,224.7967,101.1893,91.0971
264.7468,225.4384,99.8131,90.9331
261.8055,234.8763,100.9104,90.5399
253.3008,239.0163,101.5562,90.5153
249.7157,239.7748,100.2065,90.1533
253.8685,228.5455,99.2754,90.2021
252.0529,225.0172,100.5750,90.2605
240.2007,237.7016,102.9660,86.6139
234.6572,250.8109,102.3989,87.4329
235.0404,253.9231,102.2669,88.5914
251.9491,253.7043,102.2292,88.4513
267.1514,248.4603,105.3842,83.8511
276.9390,232.8887,103.8701,85.5095
256.9801,239.4108,109.9621,82.1768
240.7634,249.0159,107.3988,84.7189
259.5712,256.1594,104.6452,85.6189
280.2368,254.5808,104.9741,83.5292
271.6377,246.5059,107.6335,79.2151
256.4030,233.5419,105.9164,80.4889
237.2121,231.5972,104.2213,83.6107
234.1434,232.4687,103.2096,86.3249
237.4598,232.6863,102.1812,86.8385
238.4674,229.0194,102.4072,87.2832
233.7000,228.7569,101.3168,87.5692
232.0477,229.4809,101.1614,88.3878
239.5778,238.8266,101.9502,86.5120
240.6365,244.6936,101.1939,87.0129
250.9022,255.1249,99.8021,85.0218
296.1265,257.7867,105.8548,82.5620
314.0903,249.5942,103.8733,82.9170
289.6674,250.4397,107.3786,80.1486
257.2840,261.9125,107.8784,78.4957
217.7402,274.1193,109.5967,81.2967
220.2202,274.7323,108.7410,84.5804
241.0613,269.8156,111.4432,83.3433
252.9774,261.6659,107.6476,85.7428
242.9808,262.2373,106.7143,87.3298
226.3239,262.8498,104.4001,88.4295
212.7773,264.0721,104.2753,88.9741
221.6507,266.1823,104.3514,89.1986
239.7877,268.0909,103.6581,88.4789
243.7010,261.8392,101.7802,87.0669
242.9083,253.0206,101.9339,87.8946
237.3554,252.2547,100.8565,86.8013
234.5426,248.3287,101.8140,85.5852
244.0984,236.8648,101.7531,86.5070
248.0788,230.8319,100.7407,86.3825
244.3706,227.4951,100.8423,86.1768
244.6255,218.9179,99.4839,85.9901
248.0926,215.5754,99.3527,86.4191
250.2725,221.8567,100.2857,85.1921
238.8661,258.1451,103.2578,78.9827
229.5525,286.9184,103.5419,78.6095
228.0549,292.8133,102.9406,76.8596
231.7273,282.1088,105.8442,71.6913
239.6232,261.6863,106.5222,68.4035
246.5037,250.0670,107.9998,65.7594
254.8182,231.0668,105.9175,64.0849
248.4226,217.8246,106.9943,61.7280
242.3785,205.9736,105.8127,61.1804
244.9552,188.6864,105.2928,59.5598
251.6560,171.5690,103.3416,67.8205
257.4494,183.5328,104.2753,66.1244
265.9718,195.6001,104.2209,66.3886
265.7868,216.7724,105.5607,65.6049
272.5187,243.3644,103.4658,69.7010
274.3419,249.1186,102.4837,67.7523
271.9345,233.1086,102.5795,64.2971
271.2201,218.2804,102.7485,65.6778
289.4437,210.1391,100.1090,69.6363
308.6232,218.6320,103.5972,67.8283
313.7011,227.4151,102.6748,70.9968
304.0706,226.7020,101.6425,75.9111
291.5010,226.8030,100.8600,80.0825
291.0569,237.2073,101.2792,77.4386
294.9128,252.5654,102.8813,75.4233
303.6259,278.3705,104.1254,74.1941
311.0663,285.5932,102.6660,77.2279
302.2398,281.0413,104.3920,72.9089
290.7319,265.2694,105.0841,69.1567
286.4349,246.9087,104.5185,65.1994
285.5262,226.0253,103.6497,63.2203
284.2528,209.5462,101.6727,70.6640
285.4376,221.6649,100.9913,68.5194
292.8883,233.0657,102.1313,68.5858
306.3245,236.6254,101.2342,73.5721
306.7804,239.0931,101.1519,76.6073
302.4893,247.4338,102.0149,75.4281
295.7910,254.6197,102.0765,77.4437
292.4425,255.0122,100.5667,79.4459
290.7130,250.1492,100.2772,75.8614
289.1946,239.6288,100.1799,71.3270
290.3325,224.1865,100.7172,70.7269
293.9968,210.7038,99.5698,72.9022
294.7905,204.9283,98.7926,76.1842
298.5082,204.1422,97.5610,78.6462
306.8473,212.9309,99.9328,77.4595
325.3055,225.9448,100.7797,76.6933
328.0268,241.7173,100.6384,75.1870
316.5082,249.8360,99.3549,79.1633
286.6316,251.9981,99.9526,81.9586
263.9870,252.3687,100.4287,83.1960
248.2750,243.0349,98.2947,85.1908
229.0466,230.1829,99.2715,80.7187
224.6186,206.5786,100.0510,75.7803
242.0675,183.4276,96.1790,78.4499
262.5862,184.6173,96.5557,79.1739
275.7723,196.6709,95.9669,80.9046
277.5269,210.9246,96.1894,80.4575
282.7279,212.7937,95.3023,82.2134
287.7455,215.4440,94.7803,83.3745
291.0956,216.3734,95.1551,82.9516
291.3715,219.0859,95.3568,82.5039
291.2411,219.5695,95.6430,83.0864
