1
81.3910,145.7122,27.0825,25.7140
82.1153,144.3726,26.4654,26.7304
82.8519,141.3042,26.6676,27.0031
82.8682,141.1611,26.6350,27.2893
81.6591,139.6331,26.5056,27.7977
82.4705,137.7265,26.5930,28.1905
81.0241,138.4619,26.8978,28.4451
82.2638,135.5932,27.9044,28.0823
80.6575,135.1040,28.4718,28.1789
80.4699,131.3736,28.8471,28.5028
83.4486,128.9663,29.2117,28.8016
82.8644,128.8679,29.4664,28.9983
82.4289,124.4907,29.4168,29.4665
80.6328,122.2184,29.2999,30.3019
80.0223,119.1719,29.5822,30.7635
78.5118,116.5327,29.7523,31.2904
78.7653,113.2818,30.2066,32.0248
68.9109,115.6479,29.3372,33.1722
69.3329,111.5951,28.4932,34.3902
75.8803,105.0220,29.2472,34.6768
74.2242,101.3497,29.5421,34.9811
75.6913,98.5393,30.6686,34.5105
74.7889,95.9600,31.4475,34.5392
77.1332,92.9616,31.9533,34.3028
79.0063,92.6472,32.3801,33.8884
80.9687,89.6309,32.6294,33.6598
82.7006,88.8613,33.3412,33.1111
84.8587,85.5401,34.2574,32.4280
84.9436,83.1172,35.1376,32.0236
87.3181,80.3330,35.6755,32.3050
86.3173,79.4797,36.6070,31.8713
84.9955,79.5299,37.0950,31.7708
84.6427,75.4019,36.7169,32.4410
85.0825,71.3737,36.9258,32.8774
85.1040,67.9200,36.8829,33.1919
83.4933,65.6422,36.7948,33.3349
80.9482,65.0885,37.4688,33.3382
76.5995,64.3430,37.2494,33.7146
79.3474,59.1421,37.3396,34.0617
79.2830,55.6928,37.4683,34.2156
78.7281,54.4691,37.4496,34.4057
78.3752,52.3945,38.1554,34.0297
79.1399,53.1589,38.8986,33.6372
77.4354,53.4657,40.0245,33.0236
77.5665,53.7992,40.9112,32.3564
74.8869,53.8051,40.5112,32.3448
75.4802,55.6279,40.4702,32.1358
76.2977,55.7671,39.9768,31.8572
76.3127,55.4073,39.9466,31.4475
76.1976,54.6177,39.0545,31.9044
77.3280,53.6921,37.9099,32.6395
77.7771,54.9789,38.1219,32.2865
75.9306,60.9272,38.4913,31.4682
75.7870,65.1079,38.7785,30.8092
77.4877,65.0697,37.5653,31.9797
77.0461,68.6044,36.2599,33.6646
80.7439,69.1138,35.4702,34.8478
82.1626,72.5197,34.8475,35.7876
82.8855,75.0052,34.5141,36.3783
83.6013,75.2966,34.1987,36.9119
84.7440,75.3642,34.1526,36.7767
87.5431,76.9587,34.1384,36.9381
88.1519,76.2224,34.0399,37.2915
89.7463,75.1237,34.2204,37.2430
90.8650,75.7536,34.2333,37.1083
91.3413,77.7168,34.4038,36.5516
91.6400,78.6651,33.8065,36.8895
92.4113,78.5851,33.3768,37.0495
92.6234,79.0395,32.9528,37.2494
93.7732,78.4809,32.8631,37.2617
93.8839,78.9417,32.6417,37.4439
93.4798,78.2375,32.3469,37.7491
93.0321,78.2100,32.1392,37.8042
93.8028,75.9745,31.6984,37.8729
93.2912,78.7409,31.6270,37.8127
92.2312,79.3038,31.5621,37.7793
93.3885,78.2177,31.4294,37.7698
92.8887,78.1360,31.3403,37.9332
92.9363,78.1121,31.2451,37.9809
92.9858,77.5901,31.1461,37.9361
93.0640,76.4519,30.9897,38.0393
94.1736,73.7678,30.9418,37.9792
94.1973,74.7814,30.8945,38.1200
95.3748,73.0962,30.7102,38.2344
94.9631,71.8033,30.4495,38.6519
96.6606,71.1129,30.3133,38.9465
97.3772,70.8471,29.9687,39.4779
97.5042,70.0746,29.7146,39.9318
97.8377,70.8063,29.0478,40.6563
98.1260,70.4554,28.4710,41.3581
98.2765,69.7426,28.1701,41.6886
97.6000,70.3549,28.4282,41.5589
98.4362,70.1511,27.8530,41.9667
98.7530,69.8768,27.2193,42.5153
99.4202,70.3382,26.9766,42.6839
99.2716,68.3593,27.2738,42.2816
99.7098,69.5488,27.4864,42.0807
99.4691,69.7621,27.9677,41.6541
99.5942,70.7763,27.7175,41.8078
99.1004,68.6008,27.6159,41.8018
99.6388,69.1837,27.6265,41.7234
99.4572,69.9616,27.9898,41.2541
98.8024,70.6626,28.2140,40.9376
99.6999,67.5233,28.5877,40.7098
99.4292,68.8656,29.1291,40.1995
99.5055,71.4056,30.0648,39.4727
98.4925,73.9986,30.9981,38.6571
97.5600,75.9590,31.7680,38.0220
96.0226,79.6959,32.6469,37.1359
92.7863,76.7950,33.6275,36.3475
89.7596,82.0518,34.1722,35.7497
99.8377,97.1155,33.8351,36.4522
95.3361,85.3295,32.8780,37.8903
97.7424,71.1815,33.6342,37.2283
94.7727,75.3431,33.9958,36.7143
94.6783,71.9416,34.1845,36.8373
98.1599,72.1625,35.0492,36.3954
95.8008,72.6386,35.2671,36.5683
100.0577,73.0415,34.6719,36.8938
99.8546,73.8947,35.0780,36.3142
99.7322,74.5233,35.3228,36.1812
98.9054,74.6148,35.8503,35.9984
100.5357,74.7901,35.9843,35.6476
99.4557,74.9053,35.8881,35.4173
98.9737,75.0322,35.7293,35.1636
99.0224,76.2167,35.6318,35.0274
99.1306,77.5583,35.4154,34.5696
101.8829,79.2126,34.3193,34.5673
100.9870,79.7795,33.9415,34.5182
100.9934,80.5703,32.8505,35.0929
97.7557,80.4345,32.9069,35.3645
95.0505,80.1735,32.9425,35.8864
98.0404,83.5444,32.3811,36.7303
91.8027,87.3966,32.8903,36.6408
95.0517,90.4503,34.0543,36.0062
97.8927,91.8926,34.9916,35.3281
97.3436,88.3696,36.0898,34.6223
97.0486,88.9892,36.6798,34.4967
97.6059,90.9317,36.6860,35.0948
98.1457,88.3583,36.7368,35.7201
98.7293,88.0626,36.7106,36.3116
101.4730,84.3825,35.8230,37.9220
102.6273,84.8490,35.8367,38.1502
104.8685,82.4808,36.0145,38.2265
105.2778,83.2390,36.3648,37.8792
107.5635,84.0389,36.4700,37.4486
110.8793,80.7855,36.8226,36.9712
110.8345,79.1990,36.9121,36.6577
111.6944,80.6209,37.5096,36.1311
114.3177,80.8725,38.0613,35.6280
113.5954,80.1835,39.5058,34.6853
115.9542,79.3636,40.6270,33.9895
115.5780,79.5972,41.3794,33.5224
116.8594,79.9818,42.3503,32.7533
116.5049,80.7784,43.0594,32.3403
115.1392,80.8577,43.4220,32.1818
114.7938,79.9959,44.1128,31.5308
115.9578,78.3695,44.1589,31.2221
116.5828,77.8652,44.0917,31.0481
116.5333,76.3569,44.1907,30.5282
115.4339,73.0282,44.0460,30.1551
115.3977,73.1970,44.1184,29.8174
116.0798,73.1783,43.9130,29.8549
116.6455,73.8773,43.9382,29.6133
117.9342,73.9686,43.6663,29.4307
118.5866,73.9830,43.5072,29.4018
118.6325,73.3741,43.4154,29.4769
121.8085,70.8414,43.9193,28.8291
122.4558,71.4606,43.7640,28.7300
123.7573,72.0444,43.4320,28.6981
125.1807,72.4763,42.8452,28.9642
127.2346,73.3675,43.2397,28.3074
127.0569,72.0119,43.5950,27.6568
131.0146,72.2014,43.4848,27.2777
128.8911,71.6311,43.3038,27.3113
129.1608,69.1127,42.7643,27.9286
130.5912,68.8265,42.1177,28.5009
131.8912,69.1970,41.7317,28.8669
132.3761,69.6075,41.8691,29.1530
132.7942,70.7283,42.1468,29.1395
131.7357,73.5757,42.0280,29.0343
132.5152,73.4756,41.5833,29.2345
133.0392,74.2581,40.5354,29.8914
134.1314,74.5982,39.4569,30.3172
135.6310,75.0421,38.6505,30.5258
137.6757,75.5505,37.8236,30.5966
138.4307,75.6229,37.3897,30.4517
138.8551,75.9735,36.5408,30.8175
140.9739,78.2667,36.5425,30.4704
139.7103,78.6542,35.9070,30.7495
139.6798,77.2847,35.9680,30.3418
151.3960,57.4528,35.4882,30.3600
149.3491,56.9829,35.4374,30.2634
148.9471,56.6508,35.2074,30.9276
148.0057,58.2193,35.0084,31.9546
147.4983,56.7293,34.9690,32.8260
145.4486,56.7558,34.7983,33.8405
2
0
0
0
0
1
131.1211,94.7870,38.8238,23.8698
127.7816,93.9727,37.6610,25.4984
129.7548,93.1109,36.6845,27.2221
126.7511,96.2850,35.6665,28.9031
129.4849,93.0147,35.2761,30.3664
129.7971,93.3690,34.6516,31.7238
129.2505,96.6007,33.6548,33.6206
126.7043,104.2910,32.3904,35.1912
2
0
0
0
0
1
113.9334,84.6252,30.2932,31.8746
111.0644,85.0144,31.1364,32.0752
110.8442,84.8339,31.5768,32.4362
110.7039,84.6172,31.8574,32.8696
111.1554,84.4304,31.9737,33.2431
112.0600,84.9162,32.2186,33.2985
111.8466,84.9727,32.6454,33.1855
113.7515,85.0458,32.9824,33.0393
114.3206,85.6213,32.8839,32.9280
115.4447,85.7180,32.7084,32.7347
117.2056,85.8109,32.2784,32.5488
118.5828,86.2181,31.5658,32.7553
120.4285,85.8747,30.9132,33.4421
121.2068,85.7167,30.3699,33.7581
122.8335,84.9793,30.1451,34.2234
123.8331,84.7057,30.1722,34.7707
125.4330,84.4270,30.0386,35.3280
129.8547,82.2069,30.4523,35.6541
131.3149,81.6461,30.6525,35.7354
131.7123,80.0072,30.9024,35.8791
133.1346,80.6876,31.2107,35.5692
135.6190,78.8093,31.4972,35.1213
135.8802,78.0325,32.0235,34.5775
138.2463,78.4217,32.5347,33.7992
139.0465,78.7115,33.0234,33.2195
140.7174,78.5637,33.8543,32.4719
144.3860,76.2612,34.8728,31.8547
148.0285,76.0418,35.9923,31.2429
149.0098,75.4625,37.2041,30.2853
151.1871,75.8572,38.1567,29.4958
152.9054,75.6603,38.9729,28.8263
155.0185,72.7488,40.0702,28.2612
156.7785,71.9498,40.8384,27.7151
156.5016,70.5327,41.3923,27.3253
156.7271,70.5614,42.0178,27.2680
156.3734,68.4162,42.7253,27.2188
156.7410,68.3044,43.0847,27.4423
155.6465,67.9338,43.0661,28.1834
153.5502,66.9672,42.7950,29.0009
153.7172,65.5164,42.4610,29.6515
154.9121,63.5328,42.3335,30.2254
154.5359,61.5754,41.9472,30.7242
155.2444,61.2977,41.6714,31.2796
155.9601,60.6180,41.3857,31.4930
157.9156,57.6213,40.9100,31.7612
159.2542,57.4387,40.5170,32.1263
160.9864,55.0127,40.4790,32.4100
161.4758,52.6765,40.6461,32.4979
164.2018,50.4588,40.9446,32.3331
164.6830,49.3774,41.1343,32.1920
166.4662,47.6277,41.0255,32.2335
167.6424,44.7393,40.9763,32.2522
168.3884,44.0583,40.6356,32.4632
168.0472,43.4108,40.1685,32.6089
168.2482,43.3252,39.7665,32.7800
168.2195,42.7570,39.8240,32.7753
169.0977,42.6343,39.2095,33.0207
169.8131,42.5507,38.9151,33.1879
170.4253,42.4231,38.8253,33.4429
170.8405,42.3481,39.1322,33.5930
170.8450,42.4905,39.1234,33.3083
171.9402,43.1477,39.2124,33.1335
171.4761,43.8228,39.0022,32.9217
172.0467,43.9132,38.9927,32.7408
171.4436,43.9921,39.0704,32.5830
171.9661,44.0960,39.1526,32.3753
171.3060,44.6917,39.3475,32.3090
171.3581,45.2922,39.2434,32.2351
171.2059,45.9450,39.5477,32.0539
171.1407,46.0301,39.6781,31.8836
170.9854,46.1419,39.9888,31.6600
170.8949,46.2296,40.1699,31.4846
170.8320,46.8373,40.2956,31.3955
170.6879,46.8230,40.5839,31.4242
170.0388,47.3996,40.7504,31.4027
169.9099,47.9736,41.0082,31.3884
169.9506,48.0138,40.9266,31.3081
169.7520,47.5065,41.3239,31.1877
169.0758,47.5021,41.5371,31.1965
168.9529,47.5742,41.7829,31.0524
168.8030,47.5558,42.0828,31.0890
167.9422,48.2881,42.6554,30.7735
168.3282,48.3759,43.0359,30.5980
168.1895,48.5717,43.3132,30.2063
168.1232,48.7683,43.4458,29.8131
168.7073,49.5080,43.4263,29.4824
168.2596,48.5799,43.1788,29.0529
168.8833,48.7338,43.0634,28.7450
169.0009,48.8675,42.8283,28.4775
168.4731,47.8103,42.7666,28.3576
169.1930,48.4078,42.4411,28.2768
168.7480,46.7242,42.2231,28.3199
168.8763,47.2411,41.9665,28.3916
168.4980,47.7466,41.6202,28.4834
167.9908,47.7965,41.5356,28.3835
168.1158,47.7013,41.2855,28.5740
167.5280,47.6972,41.3655,28.5823
166.9666,48.1423,41.3915,28.7889
166.8271,48.0024,41.6704,29.0688
165.6388,46.7148,41.8279,29.4248
165.0235,46.9624,41.9407,30.0473
164.9209,47.0953,42.1458,30.9114
164.9479,46.6434,42.0918,31.8153
164.9933,46.2475,42.0010,32.6071
164.0025,46.5668,41.6375,33.1409
162.2392,47.5353,41.6369,33.5554
161.5977,48.0984,41.7374,33.6116
160.7352,49.3688,42.2777,33.4406
159.8466,50.0319,42.8645,33.3048
158.5647,51.2341,43.0340,33.2947
157.8739,51.8283,43.2159,33.3059
157.3214,52.9906,43.1184,33.3864
154.9715,53.0137,43.0089,33.3401
154.2722,53.1469,43.2074,33.0738
153.5121,52.6501,43.5290,32.8687
152.9188,52.5931,43.5155,32.9828
150.4689,51.7545,43.6078,33.4581
147.7786,52.4006,42.9335,33.3769
149.4576,53.1565,43.1736,33.0645
150.3846,56.3968,43.7156,32.5737
151.7495,56.4840,44.5803,31.2010
149.2199,57.0336,44.8846,30.1019
151.6073,57.3251,44.8102,29.5188
149.8399,58.1318,44.8522,29.0698
149.8289,58.8429,44.8741,28.8050
150.3582,59.0008,44.9689,28.4892
148.1012,58.6403,44.8848,28.0608
148.1272,58.1961,44.8327,27.8081
147.0204,59.4000,44.7742,27.6724
146.5838,59.3412,44.5145,27.7900
147.1552,59.3923,44.5028,27.6877
146.5524,58.8650,44.5793,27.6133
146.6570,59.4533,44.3700,27.5657
146.1591,59.8932,44.2407,27.8110
145.6002,59.9190,44.2312,27.7594
145.2384,59.8178,43.8285,27.9617
145.2491,58.8934,43.8071,27.5634
144.7028,59.4375,43.7831,27.5918
145.0678,59.0754,44.1699,27.1991
144.5846,60.1847,44.0203,27.2124
144.1087,61.2032,43.8582,27.4033
143.6198,63.4520,43.7213,27.3647
143.5560,64.5593,43.8489,27.3741
144.2331,68.3332,43.6088,27.6250
144.7301,68.9337,43.7294,27.5388
144.1227,72.3160,43.8293,27.4645
144.5262,72.3537,44.1375,27.3891
144.4522,73.5542,44.2855,27.2254
