1
164.9991,63.9436,93.0598,67.8884
133.2880,89.2914,92.9025,70.9290
106.9316,103.2144,94.3827,72.3381
81.9558,107.1261,92.0300,73.2321
62.6311,108.3074,88.5490,76.1185
52.5411,118.4926,85.4843,79.1294
58.3540,126.0948,82.3278,80.8127
67.2844,134.4036,85.3401,81.4473
103.9019,144.4735,88.8866,80.4727
127.5432,139.0540,94.2094,78.5174
165.5702,131.8634,94.3369,78.2412
207.2024,128.7758,89.5477,80.3002
236.7414,130.8425,85.8679,83.4265
258.3091,135.3083,89.1631,84.6322
280.3743,132.7039,95.2400,83.1555
302.6740,129.1977,99.3758,83.9396
297.5525,136.8950,100.7852,84.5537
301.9413,136.8435,95.2371,88.7097
320.0489,139.5893,92.7351,91.8288
350.7471,142.8926,96.4337,89.2354
367.0580,150.3885,94.9972,87.8093
370.3172,164.5961,90.9231,84.8399
373.0134,175.4453,87.4960,82.3758
374.0761,168.5028,86.1363,80.7399
369.3965,152.6284,82.9409,81.0601
354.9824,138.8602,81.2154,81.4829
327.1419,130.0054,82.1848,78.9891
300.8413,126.5821,85.1328,77.6545
273.6920,127.4984,85.1901,78.2759
266.7294,133.1509,82.9753,76.9568
259.2011,138.9986,80.1965,76.0289
243.3468,142.4183,82.6749,70.4137
227.6748,145.5592,81.8543,68.6819
213.0993,144.7446,80.2489,67.4126
200.0535,137.6955,79.2779,66.6030
187.3779,138.5304,79.8031,66.2912
174.3767,139.2664,78.7979,65.6552
163.0908,135.9793,76.3102,64.6297
168.6842,134.1625,75.9444,64.2567
180.0320,126.0437,76.5201,63.1717
185.1578,129.0487,72.7849,61.2222
188.0801,136.1154,68.8591,60.3951
202.3086,142.0620,65.7962,60.3542
215.8039,143.0946,66.1557,60.5651
227.3495,143.8446,67.0739,59.4224
249.1391,143.4805,67.4146,57.2782
269.0667,146.8576,65.4349,57.7045
289.1431,148.4188,63.9493,56.7886
296.7982,150.7842,64.8538,55.7848
306.2687,149.4922,62.5988,54.3974
306.0199,147.9530,60.6562,52.6644
317.7536,142.1718,59.8081,51.6056
319.7920,144.0575,57.1725,51.8229
331.9723,160.9814,54.0631,56.3539
330.9543,166.3743,52.4186,58.5958
338.8516,167.5343,51.7310,60.7297
342.3606,161.9351,50.0659,62.7737
334.5721,158.8111,49.1326,61.6918
332.8680,156.8776,49.2044,60.9232
328.9402,147.7412,48.8854,58.9470
327.3635,150.6242,48.2940,57.7570
325.6012,151.2674,47.4816,56.8374
339.5071,159.0705,48.4780,56.8196
339.0959,161.1791,47.7339,56.6644
342.4584,161.0842,47.5007,56.8794
344.7827,163.2835,47.8385,56.9466
345.5865,164.4680,48.2745,56.9555
337.0464,165.5599,49.3110,56.8275
319.9037,166.6292,47.6161,57.0443
316.0368,167.3817,47.8837,55.4387
316.5864,167.5922,47.8923,53.8430
316.2654,163.6048,48.1862,53.6922
322.4355,160.3822,48.8941,53.6675
323.2674,160.2719,49.4731,54.0319
313.9917,161.3986,50.4881,53.8236
318.4772,163.4069,50.2600,53.4865
318.8132,167.2282,49.8052,53.0853
317.7904,171.2496,48.0698,54.3409
310.7973,173.8659,44.3242,57.0189
295.5563,173.9287,46.2230,56.4155
274.2841,173.8629,46.5743,56.0726
252.9227,172.4247,48.2772,54.6350
237.4046,172.7243,48.2467,53.9774
227.2349,169.7869,49.2891,54.5530
228.4755,169.1436,50.1326,56.0261
241.6084,163.1208,49.6366,56.3312
258.3959,155.8942,49.9760,54.7717
271.8034,152.6370,53.7555,51.4436
287.7821,162.6643,54.6565,52.2023
311.3203,166.7666,52.9677,51.7508
321.5281,164.4818,50.6054,53.3175
331.5772,162.6085,51.1693,53.0224
339.3964,156.7836,53.5249,49.9585
338.3037,156.4019,53.4795,49.7974
342.2618,159.8199,51.6761,51.0774
355.8315,166.2824,49.8461,52.5066
368.2676,172.3643,49.4224,51.1077
369.7596,173.5824,49.3047,49.4531
383.2161,175.3888,49.2333,49.4866
387.5115,185.0285,49.2656,52.1123
372.7274,183.3864,49.0272,55.1573
356.4210,181.4478,49.6054,55.9439
348.8093,185.3549,48.9113,58.7332
2
0
0
0
0
1
167.4326,199.0261,42.1470,62.4891
166.5529,205.1676,45.1464,64.0766
174.0418,205.4724,46.5846,65.9803
191.5679,209.8481,47.3895,68.2965
216.9161,215.8210,48.6568,69.6899
241.4161,219.4081,49.2753,70.7706
262.4198,216.3237,52.1370,70.5707
293.9568,217.7936,56.4156,68.3341
307.1136,211.2185,59.6260,65.8549
316.3994,213.8992,60.0839,64.7273
315.9939,215.5868,55.9442,68.9560
300.2921,208.6790,54.6439,69.8430
304.1811,213.5255,54.8483,69.6515
329.3316,200.9506,55.0776,70.9206
335.9761,193.2613,55.4095,71.5336
336.2009,192.4340,55.2680,71.8280
332.4221,187.3496,55.1038,72.0557
336.6599,188.6770,55.0803,72.0898
332.9875,195.2450,55.0663,72.1233
330.9174,194.4193,55.0053,72.1920
327.7870,204.1273,54.8251,72.4490
327.0288,209.0672,54.7398,72.5506
315.0794,209.6108,54.6725,72.6353
306.5820,200.6683,54.4404,72.9958
300.0461,194.6190,54.3812,73.0886
295.6762,183.1572,54.4645,73.5283
301.4300,188.7546,54.8121,75.1119
299.5212,181.7987,54.9058,75.5324
297.4559,179.9589,55.0847,76.3124
292.9244,182.4902,55.4972,76.7147
292.2457,174.9730,55.4153,76.9197
284.0563,167.0081,55.7053,77.0633
277.3116,164.0994,56.0941,76.9666
271.0875,156.7450,56.1689,76.8342
263.0678,150.1113,56.3620,76.7179
287.5094,152.7232,53.2469,78.3513
293.1519,176.0086,52.3373,80.2140
290.1745,167.1239,50.3176,84.7835
289.1760,150.3609,48.9191,85.8117
289.7231,154.4463,46.8818,84.7398
286.3040,158.0901,47.4096,83.4198
282.5050,163.1402,49.4881,81.8553
271.5643,155.4426,50.7814,78.1360
272.7592,150.9500,51.7210,74.5023
281.1887,152.8535,50.6836,75.3391
288.7168,148.9723,51.3451,74.9700
326.3188,141.8299,51.9145,75.1414
334.8145,137.3446,55.1267,70.2195
366.2459,151.3280,60.1148,63.8761
376.8676,140.6483,59.9869,63.1466
379.9435,137.7928,60.5620,65.3260
380.4839,146.2842,62.2055,62.9970
382.7393,158.7270,64.4711,63.2394
374.7045,180.0548,68.2877,61.6659
365.3882,178.5004,69.9985,59.0895
368.9602,174.8767,71.4626,57.8177
360.9814,169.3760,71.9859,58.7731
355.9890,168.1471,73.3187,61.3238
358.3514,166.0449,75.4782,63.4750
364.2138,168.6272,77.2740,65.1440
362.5840,161.7753,80.2581,66.7708
351.0667,155.9143,80.1915,69.3321
353.9444,149.5885,76.2979,73.6341
383.8486,158.9229,77.9258,75.7271
416.5222,164.2786,79.7904,77.2622
