1
324.7731,112.9155,75.7619,14.8866
314.0808,114.8733,78.3214,15.0050
304.1392,114.7074,80.2312,15.3368
298.0511,114.4153,82.4982,15.9210
291.9890,114.0390,84.4124,16.6736
285.9363,113.6288,86.0186,17.4939
287.7292,112.3551,85.5093,20.0413
280.2719,107.8263,81.4609,24.3581
272.7003,100.8999,77.3484,28.5832
265.4552,94.3200,73.9810,32.0025
258.9207,85.2633,70.6902,35.3921
258.3414,76.7548,66.9069,39.2306
258.0270,67.8758,62.5641,43.7310
258.7011,59.5645,57.8811,48.6821
265.2391,52.0678,53.1881,53.6160
262.4656,41.1188,48.6434,58.6945
262.9459,29.9308,44.3059,64.1854
266.7274,20.6023,40.1454,69.2317
270.2739,16.8782,36.4669,73.2656
270.1120,15.1707,33.3835,76.6805
271.3150,12.1399,30.9774,79.3433
275.6163,11.1147,29.1552,81.3938
280.1848,10.8980,30.1681,80.1354
280.3928,8.0155,33.1359,75.7489
280.9093,6.0085,37.1477,71.3551
280.4022,6.2727,41.5365,67.4521
279.9152,7.8576,45.9188,64.2822
277.1398,8.9011,49.7403,62.1952
270.3501,12.9672,52.7595,61.1032
271.3110,15.3381,52.6296,59.9452
277.4534,15.6677,49.2043,61.0579
283.3835,16.8264,46.0136,63.9421
283.4023,12.9597,45.9758,66.4981
282.1736,14.1870,48.4333,65.8074
279.8354,14.6024,51.3159,64.9766
277.6036,15.6005,53.9513,64.8085
270.7346,22.7039,56.4795,63.6796
268.5343,26.2084,58.9888,58.5621
267.4951,30.5383,61.0671,53.6047
266.4365,35.3964,63.1844,51.1082
258.0018,42.0803,62.0800,52.1194
254.8693,47.0037,59.3616,54.8493
246.4917,54.7596,56.3360,57.3200
244.0919,61.9754,53.9763,58.9970
241.4169,69.5580,52.2116,59.8399
239.3386,75.5652,51.0774,60.1705
236.3412,81.6606,50.0704,60.2328
234.1515,86.9174,49.2441,60.1305
230.3031,93.1124,48.3394,59.7826
229.0873,97.3938,47.3704,59.7216
225.3383,101.5077,46.4500,59.9120
225.2700,100.5917,46.5866,60.0724
226.1263,103.0991,48.2265,58.4103
225.5096,104.2093,51.1375,56.1899
226.3105,109.1572,54.6048,53.0530
227.0513,112.3659,58.2092,50.0263
226.9563,118.5016,61.8059,47.9745
227.5871,124.5091,65.7203,46.3119
217.8975,134.1304,62.2502,48.1613
222.0906,131.4501,59.0695,51.7866
222.4792,131.5302,54.8026,56.8609
212.4538,142.8514,50.2359,62.3530
204.7391,151.9215,46.1898,67.2291
205.5303,158.9661,42.8291,70.9240
205.8512,165.6856,40.4095,73.4842
205.7987,171.3923,38.7401,74.4930
206.0906,171.3030,38.1562,74.6716
206.8356,169.6830,38.4196,74.4047
209.7566,171.5522,39.5936,74.1744
212.9763,178.1557,38.4666,75.1339
215.9046,178.8025,36.1411,77.3713
217.8286,189.5909,34.0510,80.4048
219.1857,198.7424,33.1020,81.5178
220.4406,207.0632,32.3564,82.5194
222.4773,216.4812,31.8138,83.1030
226.1055,226.5125,31.6139,82.4454
228.0129,231.9727,31.3010,82.0312
233.5724,239.5709,32.3584,80.7507
237.9701,244.1094,34.0033,78.6338
236.8679,250.2882,36.2077,76.7082
237.6095,257.4478,38.2230,74.6346
240.4838,264.2730,39.4906,73.2621
240.3298,269.7612,39.7985,72.8194
240.4080,271.4637,39.6422,72.9232
244.6351,274.7246,38.2008,73.4143
247.3578,277.9792,36.2269,75.5836
250.9419,285.3260,34.2585,78.2231
253.4237,291.2144,32.7694,80.3439
254.6858,295.7441,31.9866,81.7334
255.7653,299.8399,31.5752,82.2793
257.8353,302.0653,30.9312,83.0724
259.0646,304.5273,30.2203,83.3918
259.4643,306.8904,29.4209,83.8839
258.4846,315.0146,29.6483,83.2237
259.1527,323.3753,30.0387,83.7697
258.6304,336.0656,31.0833,82.7716
257.3160,343.7115,31.9659,81.4493
251.9613,351.2023,32.2170,80.4120
251.0436,359.0053,32.3198,80.3995
249.4003,368.7757,33.8722,78.2015
245.3936,377.6226,34.9654,76.0784
241.0176,385.6541,35.1248,75.4818
242.2836,389.5281,34.3055,76.2967
237.5125,396.8696,33.5870,77.0048
237.0587,402.5211,32.7870,77.6557
237.3534,407.6382,32.1974,77.6395
235.8806,408.5734,31.7585,77.4614
234.9395,413.5962,31.9587,75.8255
235.0975,416.6573,31.6427,74.6888
234.3824,418.5125,31.4331,74.2582
233.6609,422.1157,31.2461,73.5714
232.8852,424.9355,31.1809,72.7818
232.0142,428.6359,31.3188,71.7975
230.4649,430.5759,31.2328,71.1021
229.7113,434.0541,31.1593,70.4685
231.7556,431.7710,30.2112,71.8942
236.1798,434.6519,29.2333,74.0028
236.4577,445.5080,28.6774,74.5100
236.5632,455.6891,28.4665,74.7452
240.0208,463.7040,27.8874,74.5554
243.6996,473.6665,28.3840,73.4808
245.4702,480.3543,29.5359,72.6202
248.7733,488.1554,30.7927,71.1712
249.9058,495.7902,31.6756,70.0672
249.2911,500.0538,31.3315,70.9808
252.3977,503.3133,29.8604,72.3652
253.0806,507.8565,28.4945,74.3015
254.0888,516.8475,28.0562,75.2571
254.0553,523.4561,28.1233,74.7117
253.9244,528.4669,28.3851,74.1543
253.8722,531.7930,28.4895,73.7983
253.0078,536.7065,28.6475,73.3963
251.3358,541.5931,28.8556,73.0302
251.2872,544.9483,28.9530,72.5853
248.7838,550.8215,29.2746,71.7708
247.8923,555.9148,29.5019,70.9182
247.0826,559.3424,29.5740,70.2527
250.7307,556.0226,28.4340,72.2751
251.6264,566.3399,28.1907,73.3117
251.4864,575.5864,28.4707,73.5205
256.4656,587.8430,29.4777,72.5047
265.5431,590.9564,31.7311,69.4177
275.7537,585.8309,36.3503,65.5835
296.2389,570.5051,41.4512,61.2845
309.3753,560.4227,47.3850,57.2945
325.1576,549.5031,52.0466,54.4338
339.9088,538.8788,56.0791,52.2078
350.8909,530.3732,59.6905,50.4638
362.4299,521.4373,62.6105,49.2705
373.4175,513.0101,65.2579,48.5371
382.9062,506.9765,67.7270,48.0938
391.9001,498.9261,69.7305,47.8383
401.4813,498.6990,72.6893,46.4490
413.7972,496.9727,74.1645,42.4426
418.8549,493.3204,76.7840,42.4701
434.1601,493.5650,74.0508,45.6978
448.0874,499.4469,70.5391,48.9142
444.2077,502.8640,67.0580,51.4473
450.4587,502.5601,62.0046,55.7795
456.9691,501.8896,56.4006,60.8289
466.1490,510.6238,50.9615,65.5102
468.4843,515.2148,46.2909,69.1425
473.0830,514.0412,42.5204,73.2986
474.6542,522.1567,41.1857,75.1452
474.6925,528.3611,41.1090,75.4227
471.1603,535.9039,40.9129,74.8584
468.6322,541.1695,40.5587,75.1480
467.9524,546.4191,40.1166,75.4589
473.8527,545.3158,39.1082,75.8668
473.5811,546.8317,39.6514,76.4098
474.2090,562.2452,42.0049,74.4575
478.7568,576.9116,43.8062,72.3673
483.6398,589.3647,44.9340,71.0641
489.4444,599.9017,46.0306,69.9564
493.5719,607.9750,46.8597,68.3443
499.4918,613.9305,47.6642,67.2715
504.5906,624.1180,51.8941,61.3236
501.2288,622.7753,53.2735,58.6650
512.2059,609.1676,48.9423,62.9704
527.0936,587.5441,45.5508,67.5207
530.4788,566.9193,44.0973,69.7814
544.4864,545.5906,41.0290,73.2363
551.4185,526.2601,39.6353,74.4859
558.4355,507.6650,39.8100,74.3778
566.5699,508.7928,43.0938,70.3447
572.2982,495.8872,47.5988,64.2328
581.0363,496.9876,52.9539,60.2758
601.2343,510.7369,55.3309,57.7282
617.9230,524.3428,57.5608,55.4414
633.4426,533.6891,58.5522,54.5436
647.2401,546.6362,59.4494,53.5800
659.9601,559.7410,60.7002,52.2819
673.0939,567.2542,61.1028,51.4797
685.3507,578.1085,61.3879,51.0270
695.7321,584.5027,61.8464,50.6175
704.5462,593.4011,61.9067,50.5097
714.9916,600.4311,62.2328,50.5941
721.0167,607.4142,62.6037,50.8232
728.8628,613.6891,62.9659,50.7603
734.9642,620.0218,63.2819,50.6137
741.1444,621.9337,65.2482,48.5807
744.9774,626.7656,68.3089,44.2803
745.6733,632.4070,72.2059,40.0492
746.4253,635.1909,75.9506,37.9805
751.9619,633.9454,77.2611,38.7025
758.0861,629.9054,77.6183,41.3801
767.6326,625.7542,77.0466,44.1262
775.3486,619.0334,76.7391,46.2245
777.9720,613.5989,77.2566,47.4861
778.0316,612.5338,79.0880,47.6659
777.8080,611.7470,81.5158,47.2588
782.7723,610.7428,83.6468,47.2572
797.9661,611.4069,83.8811,45.9290
804.8965,607.8150,86.1987,40.9790
809.2374,606.4138,91.3132,35.8979
820.8417,610.2656,95.4776,32.1048
828.0235,612.5248,98.6302,29.5326
836.6472,613.3840,100.8188,27.8140
842.7771,613.8663,102.1560,26.8496
851.5487,614.7281,102.1008,27.0690
860.0512,615.1861,100.6678,28.0996
868.2856,616.3887,97.8186,29.5857
879.6524,615.1549,96.3491,30.1202
886.1608,612.5557,96.7873,29.5521
893.2010,611.5687,98.0499,29.6082
903.9810,610.1264,97.7946,30.5561
913.6057,606.6256,96.1014,31.7055
921.8692,604.4304,95.1568,32.2004
927.2566,602.4989,96.0423,32.1765
932.7065,600.5077,96.8759,32.2479
938.4570,599.4011,97.1873,32.4924
943.4064,598.1322,97.1770,33.0524
955.1962,601.4551,95.4623,32.3698
964.5385,599.4543,94.3353,30.5190
968.9215,599.1184,96.9747,29.2898
978.0936,600.2516,97.7873,28.9391
987.3082,602.2540,96.6439,28.7755
993.3748,603.8245,97.8207,29.4374
1002.5274,604.9843,96.8889,30.9788
1011.8377,605.3544,95.7791,32.1841
1018.6867,607.2433,95.7448,32.3102
1024.2085,608.5414,96.4237,31.6677
1027.3318,610.0076,97.9840,30.6871
1039.4532,613.0718,95.2548,30.4260
1046.6423,613.3412,94.2625,31.7993
1058.3833,610.8765,93.8607,34.8056
1072.8528,609.2656,92.5319,38.0275
1080.9548,603.1974,90.4031,40.1098
1080.2732,602.7784,91.7664,40.9479
1076.1133,602.7172,95.9837,41.0703
1077.9431,599.0587,105.0114,39.9291
1089.1776,596.3991,109.2335,38.5754
1098.1152,593.9650,111.7003,36.6629
1118.4091,595.2145,107.2805,36.4246
1122.5531,592.3510,98.9925,42.1515
1148.5996,598.1212,92.6210,48.0288
1159.6694,619.9759,85.7900,54.6192
1171.1835,635.2776,78.1445,61.3734
1181.6786,650.6328,70.3132,67.9468
1190.7747,663.7690,63.0071,74.3330
1195.9937,676.9657,56.8911,80.3546
1204.6672,688.5566,52.4647,85.1675
1214.4646,698.9181,54.3907,79.5091
1221.4573,718.5753,59.2996,73.7846
1247.1929,724.2538,64.3316,68.7057
1272.8766,721.6026,69.5237,63.5340
1298.3728,724.7670,75.0925,57.2053
1352.3040,709.5768,69.0847,62.6416
1378.1582,666.6237,65.0739,65.5955
1402.0112,629.2175,64.6968,66.3279
1424.2726,600.5458,65.5676,65.8976
1444.0955,577.1949,67.3281,64.9820
1465.1609,554.7009,68.9517,64.1322
1482.7495,535.8134,69.3973,64.1888
1500.6179,519.6906,69.4170,64.8845
1516.8824,502.3326,68.6083,65.7657
1520.1262,483.9787,64.2366,66.5014
1528.6090,467.6755,61.6827,68.2259
1520.2212,444.5310,64.1423,67.4764
1502.0457,426.9087,65.2594,67.4874
1489.9108,408.0035,66.5347,67.6700
1479.4619,392.2795,68.4114,67.4164
1463.7390,376.3897,67.7722,69.2500
1454.2708,360.9810,65.1307,72.0159
1445.4678,347.1234,63.3047,73.8219
1438.4041,334.8784,62.3269,74.5750
1430.7627,325.0561,62.5331,74.8358
1423.8883,314.1191,63.3152,75.0985
1416.8423,305.4366,64.3407,75.0413
1391.2302,302.4010,71.6973,67.9523
1358.3779,314.4173,78.0287,61.5117
1336.4124,311.1404,78.0871,61.4846
2
0
0
0
0
1
1089.5994,352.8708,79.8642,14.3041
1068.9927,353.5434,82.1516,14.3490
1052.7102,353.3824,83.4141,14.6710
1036.9058,354.0337,84.6422,14.8151
1022.9081,354.6963,86.2392,14.9566
1007.3160,353.8497,87.5928,15.1581
996.0180,354.4683,88.9891,15.4354
983.7662,354.3696,90.4060,15.6328
972.1907,354.2318,91.6796,15.9084
969.8884,355.9711,89.9411,18.7727
960.3243,355.4599,86.4213,21.4129
957.5798,355.9464,82.1950,25.2974
965.4844,366.3163,77.8129,29.0442
973.6979,372.1645,74.4930,32.0933
983.1805,375.9052,71.9777,34.4819
990.5876,379.9648,70.3662,36.2645
997.6885,383.3809,69.4252,37.7206
993.6140,387.0232,65.8929,40.4484
1005.3193,387.2034,60.7713,45.0759
1012.7103,391.2969,55.9631,50.1874
1007.8098,392.1058,54.0669,51.9116
1007.1879,397.5221,56.9795,47.7544
994.1105,392.2382,60.0656,48.4358
967.2964,375.7961,64.2134,47.1953
946.3295,368.1996,69.4110,44.8950
920.9413,361.3809,73.6546,40.6352
899.2197,352.1039,79.6977,36.0367
874.0149,350.8235,85.3606,33.2278
850.7421,348.1600,88.1816,31.2674
829.8728,342.8853,91.5547,29.0285
810.6990,339.4479,95.0559,26.7331
796.3202,336.3899,98.0405,25.4853
783.3465,334.6328,97.9547,27.1400
774.2457,328.9070,95.3725,31.0340
759.8087,324.4710,91.5196,36.0556
742.1058,319.7219,89.6660,33.7878
724.9172,313.8525,93.7438,30.3768
704.5451,313.8188,96.6900,28.5544
684.2052,313.2419,97.5123,27.8102
667.9470,310.1201,99.6968,26.4708
649.3672,306.9593,98.8287,27.0882
635.6927,304.0983,97.6658,29.0087
620.4410,298.3319,95.5256,30.9403
608.0034,293.7675,95.3683,32.3670
595.1372,289.4124,95.7579,33.2794
581.0599,287.3034,96.3094,33.5541
569.1407,282.9658,96.3339,32.3068
560.6694,278.0339,97.5797,30.3979
551.4279,276.7569,98.5601,29.0625
540.5540,275.2110,99.0353,28.2866
531.7189,273.5255,99.3705,27.8053
524.4547,272.5494,98.5241,27.8356
515.9297,270.6187,98.3796,27.8759
506.0016,272.3308,95.3254,28.2702
486.7584,270.1068,92.5969,30.8448
457.6262,278.0137,92.5140,30.0885
427.9296,286.2601,94.0261,28.5327
400.7197,290.4631,94.5091,27.5661
378.7108,295.8218,96.0054,26.0926
355.9110,300.2035,97.3893,24.6985
334.9505,303.4957,98.9300,23.6205
317.8453,302.5236,96.4089,25.5647
305.1258,294.4441,90.6009,30.6953
288.6350,282.2915,84.7112,36.4903
278.5079,265.3924,78.7778,42.2304
273.1968,248.0043,72.4460,48.7498
268.7518,232.4621,66.1403,55.1414
265.0721,217.9781,60.1438,61.2136
261.1328,205.7585,54.6446,66.5415
260.7817,192.0206,49.6282,71.1437
257.0010,180.7945,45.8236,74.6523
256.4574,170.2031,43.1435,76.9988
253.6326,161.7710,41.3005,78.8779
251.4478,151.6232,40.0623,80.4805
250.0703,144.4601,39.0745,81.7067
249.6506,139.6774,39.9139,78.1665
249.3156,139.0618,44.2538,72.0579
253.0362,125.7777,49.5424,65.8921
256.4379,120.3142,55.4320,60.4994
264.4430,118.7196,63.1502,54.5623
272.8868,117.7940,70.3452,49.0035
280.9782,115.4991,76.6262,44.2334
285.7028,113.7558,82.2661,40.1754
291.8563,112.3761,87.0547,37.2364
297.4806,110.6234,91.1472,34.9888
303.8409,108.6129,93.9190,33.2001
310.5807,105.2774,95.9909,32.0954
315.4781,104.6952,97.9163,31.3064
321.6552,103.0303,99.3259,30.7037
327.2230,104.6637,100.0411,29.4120
340.4312,102.5956,97.1604,29.6257
347.2118,101.8929,95.1462,31.0310
357.7821,98.4371,93.2240,34.0990
373.0955,99.0802,89.9013,36.7134
381.9867,104.3427,87.7147,37.8852
388.9799,108.3442,87.2988,37.6367
397.5804,111.4720,87.4518,37.1659
406.3771,113.4394,87.1576,37.0752
413.6018,117.1004,86.1220,37.4183
422.1005,118.7241,84.3834,37.9855
429.2829,121.3441,83.2634,38.4219
