1
765.4130,236.8511,155.3931,89.8045
755.3652,245.7640,158.7362,86.0542
753.3910,246.7006,162.1260,82.6929
757.7333,248.1712,162.2732,81.8623
754.7191,248.4982,162.7313,81.4459
756.8309,247.8933,162.2843,81.0819
761.7606,248.3531,164.6271,81.1556
756.1624,247.8712,165.8831,80.2198
763.4769,247.3147,171.9985,80.4221
765.6212,247.4715,173.3987,80.5337
766.6685,244.8917,170.5577,82.7007
771.6133,243.9589,170.2829,82.6574
768.6379,242.4776,168.2359,81.7216
769.8629,240.0350,165.8035,81.4599
770.4391,238.7974,163.3429,81.8676
775.4164,236.3240,161.2863,82.0854
782.4338,236.6901,160.3721,81.9339
784.6333,235.0915,159.7020,82.5099
790.2690,233.3003,162.2745,84.4020
791.1513,233.2444,163.9816,85.9226
794.7034,230.4588,164.9712,86.5319
796.6862,227.7201,165.3081,87.6736
799.2122,228.0367,165.8124,89.7965
800.1957,225.8087,164.3432,92.0188
801.8492,224.5517,163.1115,93.6400
805.5521,222.5711,160.8411,92.4695
807.3036,224.6404,158.8200,91.4835
807.9954,220.5035,157.3812,92.5389
810.8030,220.7273,154.2984,94.8492
815.5753,222.0445,150.2876,97.4029
822.1543,220.8491,144.8786,102.2748
825.5916,215.5574,140.9511,104.2375
829.0062,216.1920,136.7329,108.0228
832.0974,216.6228,133.2907,110.6457
833.7487,216.9176,130.0776,111.7700
834.8792,216.1440,128.1702,110.8925
836.8583,216.8378,126.3334,111.2903
836.9526,217.8584,125.1095,110.6769
839.8350,217.2291,123.1714,109.4481
844.1868,215.8826,121.3353,107.6796
846.2352,215.1825,119.0643,105.8234
846.8631,216.4546,117.1445,104.6667
848.1028,214.5295,115.0591,103.1164
849.6027,213.0444,112.7330,101.1379
850.4206,213.2009,111.2808,98.9567
849.3068,213.7268,110.9884,98.7587
851.1415,214.3337,110.0064,99.1273
848.2542,212.6189,110.7286,98.5281
849.1291,212.6273,110.2832,98.8688
849.3287,210.6490,109.9404,98.5292
849.9028,210.5050,110.1298,98.4358
861.2138,207.0344,104.0158,100.6285
857.5777,204.2887,102.3373,99.1462
856.2970,202.7990,103.1514,97.6287
854.7400,203.1073,103.5413,96.6341
864.3830,200.7102,99.7882,95.2430
864.5181,202.0750,96.8285,97.0706
878.2516,200.4922,88.7710,99.6421
881.7643,203.1553,84.1349,104.0846
882.8361,202.6779,80.7546,107.3434
883.5721,197.6010,79.1716,107.5934
884.9469,196.6040,77.2857,108.2983
885.2189,197.0995,76.0029,109.3667
882.5922,202.6316,76.6007,113.5252
892.8445,204.0046,71.5559,118.8626
889.4004,208.3416,70.2691,119.0853
896.6127,207.0018,66.7494,121.0533
894.3920,209.9760,65.4504,118.6175
900.7896,203.0918,62.2622,120.0394
898.9855,199.3137,60.7966,118.0994
903.8526,205.6748,58.5793,120.0274
901.4414,206.0963,58.4139,118.3303
904.2136,209.3883,56.8077,118.8559
903.2288,211.2990,56.3400,118.9980
903.7741,212.2392,55.8171,118.7173
902.2751,209.9847,55.8974,118.2156
902.6469,210.0765,56.1086,116.7738
903.2398,211.8508,56.2356,116.0479
902.3431,211.2864,56.3443,116.6156
901.7480,209.6459,57.1898,117.2396
898.5303,207.2703,59.3956,115.4578
896.0191,206.3368,61.2768,115.2763
895.1581,204.8907,62.4406,115.8427
894.2349,205.5058,63.3270,117.0846
894.0868,205.7418,64.5051,118.4368
892.8856,205.8417,65.7653,119.3200
894.9493,206.0679,65.3877,121.3867
893.8093,205.2800,65.6894,121.8615
895.5978,205.0548,65.7690,121.9403
894.6588,205.8408,65.9107,122.2028
894.8577,204.8463,65.4337,122.5716
894.8463,205.9121,65.4653,121.8050
896.0668,206.9526,65.1527,121.6135
893.7244,205.9804,65.5251,121.2157
896.2603,206.7692,65.2103,120.7114
895.0051,204.8318,65.0730,120.6400
894.5659,206.8949,65.4255,121.1684
893.6511,206.3320,65.7718,122.0208
893.4929,205.7769,66.0102,123.1544
892.2646,202.4278,66.6166,123.6064
893.9796,204.8218,66.6030,124.9489
891.6107,202.4190,67.4826,124.8604
889.4589,203.4248,69.4484,124.4138
882.2559,204.6337,74.0253,122.5854
877.3935,209.2052,78.0700,120.8533
869.1816,209.2622,84.6394,118.7152
866.1926,211.5794,89.0636,118.2102
860.0547,212.7875,94.6123,115.7116
856.4743,214.8674,99.7584,114.1088
853.7703,214.0849,104.1292,112.6481
851.0681,214.0284,107.3655,111.6799
850.2805,215.5984,109.1789,112.0281
850.1824,216.1627,110.0341,111.2322
847.5773,215.8259,111.8445,110.9373
849.4971,215.2917,112.1650,110.8624
846.2730,216.6366,113.6554,110.6055
841.3759,215.8863,116.6674,107.5817
836.0440,216.8335,121.1813,104.2542
834.7927,222.8507,124.4687,101.1122
830.4379,223.6735,127.7639,96.3287
832.4201,224.6915,129.1725,93.0848
831.0926,223.0647,130.1155,90.8113
831.7467,224.2935,129.9052,90.3204
832.1447,222.9568,129.8712,89.6457
833.8253,221.3146,128.5621,90.0489
834.6937,221.6517,127.6038,90.2659
835.2712,214.2094,127.0490,91.8248
837.2963,209.0887,125.1523,93.2002
835.0307,205.6967,125.0225,93.2820
837.9163,206.6245,124.2643,94.6693
837.6368,206.4510,123.6294,94.4639
834.7700,205.1343,124.9261,93.6284
835.4567,206.3292,125.4697,93.4239
834.4965,206.9182,126.2372,93.7566
834.2662,204.4065,126.8394,93.0176
836.2839,205.6185,126.3286,93.1029
836.0106,205.4191,126.0255,92.5339
837.9819,206.2531,125.0238,92.5024
837.5287,205.7391,124.8746,91.9792
837.7178,206.4839,124.5569,91.1017
837.9791,206.4175,125.1412,90.6677
838.0720,207.1310,125.1857,90.0500
837.8354,207.3498,125.4968,89.9462
835.2408,207.4080,125.8232,89.3816
836.3181,206.8552,125.7033,89.3617
837.1767,206.4725,125.7059,88.7272
840.8002,205.5459,124.4766,87.8757
843.6948,202.6298,121.5998,88.0286
843.4501,197.7550,120.5119,87.1758
844.1638,193.4736,119.2467,85.9339
841.7523,194.2897,119.4689,85.5714
837.4621,190.5925,119.8981,85.0588
838.6481,192.6508,121.5194,86.9756
837.3899,192.2042,121.8317,88.5814
835.7859,191.1352,123.2617,89.4401
829.8526,189.0507,122.5778,88.8555
829.5711,188.7858,119.7662,88.0214
829.0627,186.7095,118.2518,85.2633
832.1364,188.7355,117.0188,84.8180
829.3381,188.4979,114.0654,84.3152
829.3386,188.1093,110.7746,83.6028
828.7711,188.0254,110.2382,81.8768
828.2679,187.2342,108.9624,79.5307
826.4875,188.6643,106.3822,79.0723
824.2145,188.6188,102.4435,79.2112
824.8676,187.8330,99.7487,78.3873
825.0494,189.6176,97.5318,78.1094
829.3140,192.6342,96.3105,75.7867
835.9929,204.8652,94.4898,76.9261
840.4644,212.0242,99.8771,73.7153
837.2164,219.5808,106.8498,71.0562
831.3030,220.2672,113.2497,67.6350
831.3097,224.1393,118.1909,66.4846
828.4748,222.8019,121.1801,66.0932
826.0613,221.2459,123.0325,66.0392
826.5385,225.9904,125.4005,66.5165
827.2192,224.3971,127.3400,66.2127
829.9194,222.5055,129.4339,66.9797
826.5992,226.7148,130.8489,67.6297
826.6705,231.0238,132.5100,68.5892
825.0358,227.0111,134.5746,69.0590
813.6946,228.9645,136.5215,68.5954
809.3103,226.9630,139.5350,67.2159
803.6238,229.4777,144.5732,66.7906
797.9099,230.6171,148.9896,68.2388
799.8602,229.1488,152.2848,71.2158
795.4613,227.3647,155.7762,74.0519
794.4077,228.3006,156.6446,77.9460
794.5389,225.9342,157.5537,80.9757
796.0181,225.5261,157.8617,84.4588
795.4595,229.3609,159.4980,86.0575
780.4305,231.6798,166.4783,85.0885
773.5441,234.2437,173.2392,83.9514
775.7921,235.1879,177.9864,83.3130
774.5718,228.8041,181.0895,84.3675
779.7281,225.8631,181.1999,85.4055
773.4442,224.7384,183.2805,86.9781
775.9242,223.8573,183.7352,87.4159
772.7630,225.6588,184.8378,87.6847
765.0957,226.9073,188.1002,87.9038
757.1637,226.9870,189.5964,88.7328
773.7108,222.7629,188.8721,88.8549
781.0358,221.6005,184.4317,88.3600
783.6929,221.5972,181.0356,87.5282
781.4683,223.0784,179.1379,86.8642
783.2400,220.9294,177.4512,85.8772
776.5117,220.9125,179.3447,85.0953
775.4910,223.1017,180.6217,85.4220
773.7203,222.2633,182.0659,86.2292
771.2537,221.9582,184.1868,85.5549
770.7682,223.5949,185.4272,86.1514
767.0702,225.4026,187.2919,86.1943
766.9564,221.9992,188.9102,86.4607
765.3196,220.8674,190.7892,86.9487
765.1513,222.7610,191.7338,87.3936
763.9708,222.9657,193.0159,87.8901
762.1287,223.7826,194.7365,87.1645
758.5742,224.8199,197.6928,86.0462
759.2065,227.2332,198.8092,84.2263
756.9044,229.1284,199.6188,84.4202
756.0908,231.1897,201.0793,83.3409
751.9006,235.3881,202.7722,81.7540
749.4502,237.4886,204.6957,80.2526
748.9863,239.1642,207.3968,79.1878
744.1716,234.8031,208.4202,78.4263
749.7441,242.0527,210.1331,76.6355
752.6571,244.4776,207.6032,75.3494
752.0398,236.5190,208.0463,76.4664
741.7557,231.3616,209.3719,76.6337
743.0975,241.9863,209.4839,75.5368
741.7355,236.9092,209.6024,75.4174
735.3110,241.7807,205.2720,75.2580
739.2758,237.1730,203.7390,73.4703
731.3123,243.1819,201.5823,72.5315
728.2077,242.2609,198.5253,71.8426
732.9399,242.8339,196.4377,70.9847
708.2006,235.7188,193.0697,70.2338
708.0333,228.3494,191.1814,69.8562
705.6041,232.2206,188.7141,68.5598
707.7717,236.6794,181.8071,69.6094
700.9643,227.5706,175.4202,71.6517
711.9788,234.0254,172.6022,70.8531
694.5526,238.5410,165.1436,73.5084
694.1193,240.0955,155.9410,75.5821
672.3623,266.3285,146.3905,83.7839
653.2538,279.4176,137.5310,95.0963
649.5439,283.7458,134.4839,102.5743
648.1265,282.6675,132.7638,107.5597
2
0
0
0
0
1
425.7066,202.3583,142.9101,97.0335
426.4200,201.2513,141.5502,98.0530
425.6330,200.8662,141.5986,98.5180
423.6011,200.0734,141.9128,100.7422
424.0754,199.9725,142.9769,101.2082
423.9785,199.0916,145.1482,102.7323
424.2390,197.6689,146.3201,102.1095
423.0287,197.9520,147.8492,102.5676
423.4614,199.1331,150.4095,102.5017
423.0241,199.9270,149.9484,100.7010
423.7362,200.8547,151.0401,100.4440
420.2295,200.3290,152.4082,99.8226
416.2162,201.7343,155.5495,97.6989
411.2078,201.2675,162.2454,96.8067
407.7164,200.6840,166.5912,95.2369
403.8338,201.9902,169.5450,96.2097
402.5810,200.1898,170.3973,96.3982
402.3116,200.2598,172.0364,96.3205
401.5971,202.4004,171.2350,95.9835
400.2370,202.1387,169.5688,94.8777
396.7712,202.6478,168.3112,94.1364
397.0424,202.2593,167.3755,94.2822
395.3195,203.5637,167.6998,95.1664
393.2108,202.2667,168.6779,96.2531
391.8479,200.7045,169.6090,96.8497
392.8924,199.3436,170.3915,96.9553
388.4780,199.7887,169.8137,96.7757
390.9240,199.6153,168.3064,97.7694
389.7821,198.7420,163.0959,97.4656
394.2375,201.0019,158.6425,98.0561
395.8721,200.9785,154.8846,99.7927
395.5415,200.5065,151.7287,99.8372
396.9563,196.4425,149.5185,98.8550
399.7819,196.6270,148.7309,100.5626
397.5240,199.6786,146.5944,104.2387
399.8211,196.4759,144.0182,107.2780
400.1516,195.6043,142.9743,106.1038
397.8643,197.1650,140.4333,107.2257
395.7944,199.8370,136.5269,106.2268
397.1328,203.3386,135.3811,102.4970
396.1688,205.8266,134.1313,100.7267
395.8506,207.8096,132.7245,100.3271
394.6399,210.6854,130.8825,100.8837
391.3375,215.0698,128.8235,103.6076
391.6227,218.4659,125.6990,109.4314
389.2956,217.9686,124.9939,113.2652
387.5346,218.1555,124.3070,114.8857
385.9560,219.8895,123.4187,117.3404
382.9934,212.4649,122.6948,118.1712
383.5060,215.2333,122.8940,117.5888
382.8179,213.4722,123.5339,114.3538
382.9581,213.4352,124.1192,110.0929
381.6210,215.5236,123.6646,107.1501
382.1344,217.2350,122.7922,105.5745
381.3540,218.3925,122.5879,103.3972
380.9526,221.0584,122.0267,102.7779
380.5193,221.9473,121.8822,102.7810
381.6609,220.8652,121.7004,102.7639
378.8688,221.5082,121.7223,101.7471
378.9235,220.6697,121.7379,101.4643
376.8846,220.7476,121.5329,101.2802
375.6755,222.8753,121.2005,101.4622
375.5728,223.4299,120.7259,102.7645
374.7892,223.6494,120.8538,105.5068
373.8741,218.6875,122.0078,107.5409
372.8957,219.3005,121.4554,110.9966
371.3154,216.9214,121.1955,110.9205
372.4339,219.5966,121.0555,111.5523
371.2830,219.1335,120.7984,116.2702
372.9005,219.1273,121.1099,119.2680
373.8336,214.5336,121.8511,119.7032
373.6949,214.8563,121.8638,120.7050
372.5975,214.8839,123.1372,120.3282
362.6725,213.2614,130.6986,113.7992
357.6430,217.0911,138.6065,108.0438
356.4978,219.5497,143.8541,104.3823
354.2858,218.3546,148.0137,102.6310
350.8960,217.1258,148.8492,103.2723
350.2415,220.0959,149.0608,103.2436
348.8946,218.9585,149.1327,103.3404
350.4742,220.2037,149.0756,103.3979
349.8587,218.6867,149.2417,103.4211
347.5365,220.0951,149.0716,103.4272
343.3159,216.1572,149.3432,101.8189
337.3926,217.7744,154.1177,99.3904
342.7786,218.3132,154.3516,97.3425
344.6201,218.1165,154.6176,96.0311
349.1314,215.0923,151.4954,95.8718
343.1978,216.3391,153.3127,93.7142
345.7253,216.4008,153.2139,92.4488
345.8475,213.6478,152.9946,92.7630
341.0672,213.5455,153.9259,92.6144
341.2868,215.0550,153.7477,93.2121
333.9298,218.1184,156.1736,91.7935
330.6213,215.2573,157.7413,91.0326
330.2436,215.4559,159.5710,90.9869
327.0248,218.4607,161.5715,90.8432
324.1777,215.0130,164.2886,91.0024
324.2671,215.6505,165.3351,90.6185
326.9606,214.5884,165.5546,89.7994
326.2708,213.7261,165.5279,88.4817
327.3211,214.1733,165.0761,87.9142
325.5079,212.9061,165.6797,88.0344
326.0908,208.9108,166.0611,88.1558
322.5399,208.7709,167.1873,89.5597
322.5706,208.6316,167.9752,90.4886
321.9027,209.1838,167.3004,91.2737
320.5439,211.4758,167.3860,91.0964
321.4942,214.8985,167.8858,90.2535
323.4526,213.4820,170.9218,88.6464
320.5697,215.3271,171.1325,88.5790
313.9828,218.2057,172.6419,87.2568
308.9706,218.3870,170.5682,86.7241
308.7933,222.9231,171.3352,87.5837
306.6999,225.6277,170.5788,88.2592
300.9328,222.7154,166.8311,88.3191
306.7748,223.4430,165.8629,87.9470
300.6840,223.0385,161.9509,88.4814
286.4554,225.1256,159.0349,90.0132
282.2562,225.4505,158.3173,89.8255
286.1515,223.8690,157.2283,89.7472
279.0013,222.1108,158.2080,88.9214
279.0992,222.8257,159.6857,86.2864
276.1088,225.9456,159.6721,86.3223
270.5503,223.4440,162.9442,84.6538
269.4162,221.7328,164.7804,84.0181
266.6407,216.8952,164.3776,84.3081
256.5237,215.7949,163.2346,84.5275
249.7218,213.5019,161.2456,84.1782
257.9289,216.3171,162.0702,83.9593
256.2388,218.7104,162.4464,83.3582
251.9310,216.0612,161.0788,84.2312
254.9206,218.3049,164.9523,82.7066
241.5695,214.1323,166.4873,81.4243
244.1934,218.7058,166.4703,79.9209
246.8906,219.4476,165.1184,79.3965
248.3518,217.0147,165.5155,78.9306
239.6086,222.5755,163.8796,77.7523
226.6187,225.1895,163.0313,77.0150
223.6837,220.2891,166.8038,75.8848
214.2657,219.3049,171.8122,74.6057
216.6409,223.7426,171.6598,73.5855
198.7544,227.6285,176.5252,71.8082
189.8257,227.8746,179.8641,70.3010
185.4355,228.6228,179.8463,69.9961
180.4940,229.1505,180.8175,69.8129
173.7308,231.7908,180.8980,70.9439
159.0119,236.2169,183.0844,71.5139
158.1118,234.8424,181.0085,73.1795
173.3185,227.0769,179.6688,73.1332
164.7686,231.9258,177.5743,74.1461
167.1583,229.6527,179.3137,73.4509
162.2648,229.6405,180.0214,73.8751
158.6260,229.0325,185.0102,73.0362
159.0500,227.2189,189.6854,72.3225
147.9723,230.9176,196.7871,72.5992
141.4703,235.2917,199.7263,74.1229
140.0862,233.6674,201.0078,76.0830
131.7648,233.0597,204.4802,77.9873
131.2144,233.1137,206.2603,80.3213
134.8173,232.7885,206.8771,81.7098
133.7948,230.9195,207.8868,82.2657
130.9269,229.4651,209.2677,83.0909
127.5961,227.6575,209.4159,84.3056
127.3939,230.7646,210.2076,85.3433
126.7375,224.2429,209.2428,86.4701
129.8028,226.0894,208.9022,86.7350
126.7962,224.4624,208.1488,86.6513
123.4775,224.9895,208.5499,87.6386
126.8794,227.5476,207.8518,87.4192
130.9866,221.7468,206.9126,88.4414
123.3699,223.6264,206.4653,88.5366
125.8739,225.7249,206.2447,88.1535
127.0868,220.5819,207.3682,88.5334
126.1344,223.0739,208.1098,87.8303
127.4699,221.7663,208.6093,87.6162
129.4203,222.4105,211.0518,87.7617
127.1314,217.5898,213.1629,88.6710
129.4550,219.6935,213.7349,89.2243
129.5364,221.5632,213.6692,89.0438
128.8308,221.5043,213.1050,88.4711
129.3261,222.5324,212.3991,88.4981
127.5005,222.4926,212.5941,87.8449
130.2484,223.2573,213.1739,87.4841
129.2918,226.4819,214.3920,86.3182
121.1020,224.9904,213.0267,86.6228
123.5828,226.5961,212.5925,86.5754
122.8751,228.8091,213.7597,85.7326
122.8323,228.9767,213.7416,85.5694
115.0718,227.7236,211.2117,86.1712
114.7679,231.3780,208.3410,85.3858
109.7607,230.5797,205.0971,85.4133
101.3996,232.1880,202.7303,86.2399
94.6321,231.2996,203.7464,86.4294
93.3088,233.3497,201.7835,86.7116
88.0386,235.5705,202.4585,86.4701
84.3403,235.1716,204.3039,86.8180
80.9744,235.1679,205.9521,87.1129
75.8980,233.3429,207.2959,86.8318
76.0874,238.0175,204.7993,89.9307
72.1015,239.5280,198.5858,92.5108
71.0160,238.4336,188.3669,95.9641
77.6775,235.7566,181.8796,97.8783
75.2453,236.6664,173.9019,99.6440
87.8803,234.4607,171.5947,99.6603
83.2268,232.1607,164.7260,99.8908
83.3551,232.1370,160.6131,99.7170
82.8347,232.3783,153.6745,101.4300
82.4815,232.1706,149.8484,103.6001
81.5053,233.5475,149.0667,103.4235
81.3053,234.3659,150.6844,102.5200
81.4975,234.7397,152.2827,101.2466
79.4093,235.8112,152.0804,100.9518
81.2546,234.5164,151.9387,100.6242
77.3746,235.1031,151.5838,100.4281
75.3684,235.6461,151.2177,100.2710
77.8087,234.5759,152.0488,99.3242
74.4385,234.0488,151.4069,99.1696
63.6726,234.7846,153.5139,97.5183
62.1298,233.7286,158.0550,96.5640
55.0427,233.4395,160.4928,95.5262
36.3392,234.5150,168.5421,94.6264
28.7906,232.8663,174.0231,94.7663
31.4836,233.5301,177.5349,94.5888
22.9025,232.5179,182.2471,93.8972
24.3744,232.4470,183.7855,93.5767
23.4173,232.7578,186.9092,93.0382
20.6256,232.1126,188.2846,92.4879
21.7838,232.1815,187.8621,92.4487
20.6614,231.7586,188.6549,92.4176
21.0093,231.0870,189.8057,92.9882
20.3529,229.7980,189.6301,92.6288
17.8134,229.4135,190.3678,93.0981
16.6067,230.4156,189.6430,93.2964
17.8718,227.2151,191.0914,95.3448
15.8915,224.4030,191.0500,98.1101
14.5742,221.9229,190.6110,101.1173
14.9078,220.2050,190.7734,104.0319
15.3479,218.9914,190.6386,106.0343
10.1762,220.0578,188.9010,108.5942
14.5433,217.6591,188.4932,110.6257
13.5643,218.5353,188.4572,111.1071
14.8705,217.4073,188.1462,111.7195
11.3990,218.3455,187.1362,111.6972
13.2509,216.7589,184.8629,112.3620
15.8878,216.8503,184.8767,113.1261
12.7323,217.1061,184.3049,113.6609
9.7319,214.6337,183.2188,115.7846
13.5745,209.0603,181.9677,118.6060
8.7958,206.0505,184.1008,120.5032
7.2884,206.5851,184.4975,122.0582
5.4893,207.8735,182.6794,121.7134
6.5353,212.6473,185.4438,120.8713
6.8172,215.2080,187.4903,118.5882
4.6267,215.4862,187.0563,116.5254
5.8069,215.2477,187.3435,114.4524
4.5241,216.2981,186.2458,113.0106
9.4316,219.4782,188.8182,113.0547
8.0387,217.3180,190.4121,111.3494
7.6865,215.4689,190.7448,112.0108
8.1025,210.3758,190.6610,115.5195
4.4855,205.1374,188.9468,121.3357
2.8979,199.8959,184.5546,127.1426
8.9667,196.4964,181.8064,132.2220
8.0949,190.9247,180.0521,134.6190
9.2810,191.4557,180.5535,136.8951
8.4515,192.1434,179.7876,138.1075
9.3408,189.6537,180.3934,138.8298
8.6178,190.5001,179.9511,139.7277
4.8032,190.7867,180.4276,140.2130
9.5951,191.3067,182.3024,141.3988
5.6299,190.0718,182.3372,141.3142
3.9836,189.0679,181.2900,141.7488
3.2083,189.0794,181.1906,141.9325
9.7626,190.6919,182.6947,141.7418
6.3951,189.3835,182.6935,142.0322
4.7728,187.6615,183.7607,141.8448
4.2041,187.7385,183.0963,142.1529
2.4849,192.3704,181.3432,142.1181
8.1500,189.5364,182.8188,142.7161
5.7939,188.0519,182.8523,142.1590
5.0175,188.6762,182.0303,142.3606
3.6950,188.6513,181.0299,142.8597
12.3174,189.4707,179.3759,143.8734
10.1498,186.9504,177.9758,143.7623
22.6746,187.6838,175.9508,144.9970
15.5695,189.1589,175.6201,144.9226
21.3489,184.1458,173.9917,145.6534
14.7223,186.4956,171.8550,147.7782
10.5080,188.7357,171.8359,147.5102
8.7081,185.3769,170.4708,148.1085
19.5791,184.7518,170.2384,149.1764
15.0542,182.9258,170.2734,149.0057
10.2348,186.7358,170.0824,149.1797
20.1079,185.8990,169.6597,148.9501
13.0046,185.6432,168.2704,149.0967
9.7515,183.0777,167.8389,148.9444
5.6957,188.3398,166.2970,149.5392
18.0521,183.4174,168.4086,149.4841
13.0285,186.2409,166.9546,148.7000
22.2874,182.3581,167.9364,148.6566
15.5196,185.3689,168.2182,148.3363
10.4370,187.1906,166.8357,148.7631
22.9992,188.2351,166.1461,147.6720
37.1219,198.6312,164.7033,141.1184
40.5042,204.6186,165.3745,132.9542
39.8160,220.0662,165.0118,126.3018
50.4742,225.2234,161.7490,121.5878
55.7742,225.5246,158.2619,119.2418
57.6006,225.4507,152.9977,117.2973
57.9360,225.1460,148.0643,115.9806
59.1594,226.5670,144.6678,114.7709
61.9911,226.8601,142.6926,113.9168
62.8871,227.1305,139.6340,112.4705
60.6192,229.2949,137.4014,111.9223
57.9471,229.6129,134.5242,110.8552
56.1006,229.1760,132.8387,110.7883
58.9802,234.0182,130.8380,112.5589
62.2451,227.9787,128.6983,112.1795
63.6505,224.5950,126.2667,111.8018
63.2661,228.6928,122.8974,113.0853
67.5810,223.1286,120.7928,111.3122
68.1401,226.7573,119.0482,111.7781
67.3357,222.7566,116.9136,111.3982
70.9736,226.2029,115.2226,112.1278
70.9219,222.1978,113.3316,111.4414
68.6391,218.3627,113.0187,108.5150
70.5407,222.6061,112.1350,106.8992
74.0121,224.4115,114.5653,106.9614
75.9973,224.2433,117.9307,107.1932
77.1308,225.2717,124.4371,107.8882
74.3233,223.8774,130.1830,108.3025
71.7870,222.6496,133.9673,107.8852
71.6750,224.1282,135.8951,107.3814
70.9417,225.3883,136.9949,107.1494
71.5066,223.0981,139.3385,105.1994
70.4730,225.4598,140.9817,103.8473
66.8324,227.2018,142.2772,104.2443
62.9299,226.5012,143.7911,105.1933
62.3301,226.1060,145.8108,103.8324
59.3381,228.1164,147.8962,103.0092
59.0981,229.1392,147.9035,102.5631
59.1577,227.9953,147.0956,101.3880
60.2769,227.4611,148.5442,99.8554
62.2916,228.3816,151.0217,98.1782
68.2455,231.1954,156.2581,97.9854
67.0471,230.2099,161.9415,97.1807
70.5877,232.0748,163.7883,97.3901
68.4470,230.9197,165.4428,96.7024
63.5839,230.5446,165.6633,96.1342
70.5111,231.4848,167.1220,96.7342
69.6885,231.9540,167.7432,96.9998
71.6554,232.6121,167.3558,97.5330
71.6458,230.4375,167.7014,96.7741
72.3174,231.4163,166.4744,97.1907
73.3160,230.2679,165.7840,97.0689
77.1440,231.6204,166.8430,96.5947
73.5571,232.9666,166.8124,96.4109
74.1508,231.0834,167.2714,95.8790
73.4748,231.8956,167.3692,95.8107
73.9476,231.5391,167.0198,95.8112
74.7966,233.0046,167.7173,96.2205
72.5062,230.1114,169.2208,95.7275
73.3514,233.0438,169.4369,96.0640
71.4358,230.7151,171.2131,95.4214
74.4890,232.4669,169.9908,96.4374
75.6163,232.3847,168.4631,96.1547
78.0105,231.8935,167.1987,96.4057
75.4555,230.0202,166.4091,95.8203
78.1955,231.0886,164.2036,95.6144
79.7451,230.6229,165.0136,95.4588
80.9328,230.1784,165.5075,94.8717
82.6288,233.1258,164.6611,94.8254
76.2941,230.6484,166.8205,94.3514
76.5676,231.4016,167.0283,94.9789
76.3467,231.4059,166.9285,95.4627
77.0172,230.7613,167.0364,95.7296
77.8061,231.2230,168.0687,95.3077
78.1414,231.0801,169.5444,93.9673
80.1319,231.4846,171.4142,93.2789
84.3596,234.1329,173.4261,92.4960
81.8072,232.7378,177.4448,91.2600
89.3043,235.8097,178.3913,91.7270
87.2609,231.3317,178.0045,92.8835
82.1170,232.6539,180.2709,93.2024
83.6288,233.6608,180.2290,93.5796
84.8813,233.6773,180.9121,94.1405
79.6075,232.5316,182.0798,95.3640
76.4845,231.9583,184.3193,96.4149
74.4210,231.6220,185.2621,96.3443
71.9886,229.7419,183.9872,95.7015
77.7340,231.4432,184.1202,96.2148
82.4760,235.1586,184.2073,96.8641
85.6031,236.6836,185.0950,96.7026
80.7109,237.5537,185.9776,96.1895
80.8984,239.4966,190.9424,93.3856
81.2526,240.6558,192.1461,92.2479
93.8838,241.4476,191.7648,91.3079
91.3698,242.4129,190.4887,90.3258
95.4908,241.4536,189.1098,90.3722
89.6998,244.2319,189.5534,90.2188
96.5993,242.5133,188.7092,90.1227
95.5703,243.2936,188.3765,90.5680
95.1850,244.0217,187.8969,90.0578
98.1649,243.7010,187.5835,90.5038
94.7616,247.1852,189.6072,91.7314
91.3427,244.0092,192.1738,91.6765
78.3779,244.6709,198.7356,89.7690
68.8402,244.4123,205.2201,88.2730
63.3592,244.1080,209.5506,87.4302
58.1352,244.5824,212.6929,87.1418
48.5300,242.8154,217.7766,85.3815
50.1900,241.7897,218.6276,85.2958
50.4590,241.9107,219.8231,85.1988
49.6365,239.9044,221.8459,84.5323
52.1185,238.9910,225.8413,84.3796
64.0755,240.2187,227.3849,84.9159
59.8951,238.7515,229.2697,84.4977
65.2693,238.7723,231.0923,84.2171
74.7430,239.5870,233.9791,84.2796
99.4435,236.9069,231.9885,85.0848
96.9201,238.2623,230.5842,86.6514
99.4775,237.4224,228.7372,87.6854
99.4546,236.9562,227.9965,87.8467
95.7177,236.6181,225.5192,88.6454
110.4911,234.6068,225.7185,88.3974
110.8033,231.7789,224.9359,88.7397
113.7410,229.1682,224.9127,88.9678
114.0339,228.7920,225.1219,88.6641
110.7399,224.3397,225.5937,88.1729
116.7495,230.7783,227.3043,87.1215
109.3082,230.4474,229.9834,88.1811
106.7526,226.9039,225.8762,90.2756
101.4046,223.3155,218.9962,90.2606
93.2169,229.1110,215.1776,92.5162
94.1396,225.5200,209.5791,89.9508
99.7730,223.6920,202.0408,88.9754
99.0378,227.7900,197.8331,88.6522
109.9680,224.8505,193.5884,86.5463
115.0599,224.9562,189.3779,85.2553
121.2255,222.6864,185.7173,83.9079
126.2367,225.9289,183.4373,83.5886
127.1987,222.2744,181.3121,82.8010
128.9259,224.9089,180.5420,82.7784
130.7327,224.8910,179.5785,82.6645
132.6328,225.2343,180.9557,81.7870
135.2253,224.7066,183.2279,80.6740
135.5020,224.2098,182.9309,80.1052
137.0293,223.9383,184.8189,79.3211
137.7295,223.1992,185.7070,78.9208
140.4047,223.6653,186.1739,78.4622
141.2588,226.0222,185.7288,79.4434
143.0045,225.4988,186.7272,79.8457
146.5854,218.7292,189.2694,78.4914
153.2925,223.5957,191.4681,78.5278
159.2445,218.1878,198.0845,77.0153
161.6424,220.1280,203.0670,78.3608
161.9820,220.1933,208.4179,78.8753
160.5154,218.2385,211.3117,80.1599
159.8997,218.1825,216.4133,79.9070
162.1598,218.9578,220.8703,79.7523
168.5340,223.3929,227.6778,81.3713
167.2879,219.6483,230.1172,81.3285
164.0367,225.6183,237.0306,82.6354
171.7300,222.6354,242.5587,83.7244
175.4957,221.1215,247.5751,83.6448
176.7773,220.3177,252.4455,82.7244
179.2194,219.5068,252.4151,85.1013
185.8191,217.7723,250.1469,87.3968
184.4657,215.8620,252.1653,88.4998
191.8305,215.1596,250.5325,90.0579
198.1651,214.5868,249.0507,91.5807
199.0103,214.6836,246.8958,94.6582
204.3766,214.9745,245.8457,96.0214
204.1693,215.4880,245.1770,97.0869
203.3800,213.7392,243.4531,96.5357
207.0690,215.0006,242.8069,95.4651
207.1746,213.8134,242.2457,95.6809
208.0598,215.7906,240.6344,95.7750
203.4206,213.6589,240.9526,96.2059
209.7101,214.3322,243.6324,96.3190
212.3200,214.3161,245.9747,97.0279
216.0082,213.6733,246.6449,97.6163
218.0532,213.1261,248.1083,98.2027
217.8569,212.1020,248.5745,98.5383
218.4834,210.9551,248.6271,98.6125
217.9128,211.3059,247.1537,98.8167
215.6937,210.6296,249.2093,99.1889
219.0802,210.5700,247.2101,97.9955
218.1240,210.5612,246.0809,98.3621
218.6310,210.6551,245.9481,98.6028
220.4467,210.5348,244.9078,98.3354
221.3789,210.5612,243.8589,98.0774
223.7167,210.4003,241.8932,97.1601
224.2558,210.7713,241.3684,96.6889
224.1798,210.9570,240.6031,97.0222
226.7538,211.2468,239.5847,97.1505
224.8911,210.7171,240.6017,96.6235
223.9604,211.1741,239.9239,96.4759
221.7627,210.8140,241.4019,97.0324
222.7980,210.1246,241.1340,96.8783
226.1440,207.5602,240.5644,97.0572
222.2088,208.3793,241.0455,98.7983
223.9083,207.8343,239.6362,99.4589
224.1601,208.4030,240.0869,99.9109
226.2973,208.1487,240.5850,101.2907
229.3750,207.6701,239.8634,102.0338
227.2418,206.0851,240.1785,102.6210
225.7418,206.1957,240.0214,102.8412
227.0742,206.9138,239.3980,102.9350
227.1774,205.6440,240.1065,103.1603
229.9372,207.8264,239.1401,104.7635
222.7590,205.9358,241.3858,105.1598
224.3856,205.4220,240.8081,104.7467
225.8132,206.0547,239.7672,104.9305
222.8530,205.3195,241.1760,105.6141
227.3491,205.5746,239.3786,107.2103
224.8964,206.0677,239.7838,107.8276
227.8358,206.4878,238.1191,108.7419
226.2402,205.4837,238.2214,108.9994
226.6716,204.3258,239.4579,108.9587
225.4791,202.8551,238.4182,108.8601
226.9216,204.3596,238.0081,110.6025
230.1032,204.1384,237.9144,113.0750
225.2880,203.2573,237.9222,114.0802
227.2378,200.9798,239.4898,113.4445
229.8281,201.2422,238.0152,115.0432
224.7899,200.9656,237.9676,115.5805
228.9504,200.2025,237.4626,116.4301
228.3229,200.0045,236.5212,117.0500
229.9412,201.4339,235.6386,117.3025
227.3978,202.5007,237.3495,117.3684
226.4332,201.0204,238.1855,117.4751
227.0438,202.5175,239.9760,116.5659
229.7632,201.9344,239.4551,116.6440
230.0612,201.1273,238.7265,116.5225
232.8414,202.8534,239.3621,116.9489
231.0429,202.0667,237.7942,115.8284
241.9401,202.8972,233.7408,116.8276
245.1564,202.1748,231.2953,118.9630
247.2874,203.6923,228.8046,120.8323
242.8648,202.0067,230.4367,121.2245
237.1250,197.1579,232.9941,120.0265
240.5432,193.6963,237.7675,114.4659
240.3571,197.9394,241.2680,115.4214
238.0960,192.1761,245.4882,112.4279
241.0115,194.7142,247.8411,112.3359
236.5190,197.5260,250.6124,111.8472
238.6559,200.4476,249.8560,113.8859
230.5052,201.0269,251.6962,114.5427
233.3003,200.0249,254.6921,114.0001
230.0888,199.9219,259.6713,114.3799
230.4494,194.8970,259.4853,116.0087
232.0658,190.3980,264.7206,113.7510
240.1629,199.6716,259.4204,120.6534
229.2594,197.3377,257.9899,122.6246
225.0837,185.3458,254.1133,127.9540
228.0119,183.0972,248.2897,132.3166
235.1892,180.6513,240.0243,136.3093
236.6285,177.4148,236.0328,138.6952
237.8164,176.9894,232.8289,139.1444
240.1800,176.8863,230.6217,139.9833
241.0884,175.6799,229.4616,141.1670
243.7480,175.4332,227.6568,140.9626
243.1708,174.6301,227.7886,141.0232
246.1547,175.2894,227.1632,140.6635
243.2199,174.3279,224.0707,141.4244
244.7536,173.5624,221.4884,142.3176
248.2345,173.0363,219.2875,142.8130
249.5636,173.3911,219.1908,142.6821
249.9729,172.2106,217.3760,143.4598
250.9101,171.2283,215.1611,144.3606
255.6534,170.3617,212.6099,144.0386
254.7636,171.3361,211.2406,144.0396
257.7049,170.1720,210.6175,144.0406
252.2636,172.1663,211.1020,143.9440
249.7736,169.4742,213.5594,143.9739
252.3936,171.4624,213.8316,147.0580
253.3795,170.5454,214.1753,149.2329
252.3462,172.5013,214.7861,150.3708
250.7446,171.6130,216.0150,149.3396
246.6798,170.9176,217.7452,149.9869
251.2556,170.8751,216.2416,150.7513
255.6617,171.1091,213.2554,152.1336
257.8641,172.1085,211.1057,151.9991
252.4715,170.9072,212.6788,151.7393
252.4151,170.4145,212.8909,151.7867
250.9004,170.7322,215.1623,150.0221
248.3208,170.5234,214.0341,151.5777
251.6394,170.9435,215.6494,150.3905
250.2601,170.7955,216.2817,149.4012
248.2355,173.3173,218.7205,148.5939
243.5487,172.1091,218.0413,147.4006
245.6624,172.8337,218.6006,148.5905
247.8630,170.7834,218.7077,149.0893
248.6629,170.4522,217.8642,150.0302
251.5693,170.7957,216.9216,151.6653
247.7571,169.2380,217.6912,150.5023
247.9140,171.1042,216.0966,151.5951
246.5354,171.7892,216.4053,151.6003
247.9128,170.7138,216.9078,152.0201
246.1098,171.1689,216.1009,152.2628
243.0045,172.9841,217.2063,150.1401
242.2383,176.7171,217.6633,149.9202
245.8226,172.9446,216.1286,148.9107
247.6384,174.0222,215.2583,148.2449
248.4012,172.5605,213.6941,149.1463
246.2993,171.1666,213.3808,149.7428
247.0039,170.1191,213.0149,150.2615
248.2915,169.9141,212.1679,150.0946
248.3611,168.8599,212.4752,149.8212
247.6739,170.7252,213.5629,151.0998
248.2389,170.9969,214.4348,150.2466
247.4380,170.8633,214.0916,151.0095
245.0864,170.1967,214.3403,151.1948
250.3091,171.9935,213.5924,151.0435
246.2498,169.9438,213.3687,152.3894
251.2811,171.9922,213.9662,152.7618
248.4289,169.8049,214.1722,151.3660
245.9103,171.0368,216.0884,153.6497
250.1313,171.4913,216.0291,155.6168
244.6005,171.2946,216.4959,154.7984
241.6883,172.0448,221.5111,156.8720
243.9428,171.3966,221.2842,156.9870
240.9473,170.5330,219.6111,157.4244
250.3806,174.8640,216.0820,158.3044
252.2393,171.0592,211.9322,158.6676
250.0297,170.4243,211.0790,158.0349
252.0553,171.4250,208.7811,156.5546
248.0854,171.9512,210.2059,157.9950
247.2290,174.1356,210.7180,159.2831
243.7912,173.2151,213.3162,161.8616
247.8955,178.2017,213.9913,163.4886
241.9293,173.2371,215.7908,163.5444
248.4381,172.8346,216.6461,165.2602
248.6718,173.4140,216.2082,164.6573
255.8835,177.0767,213.8878,163.2764
255.4754,182.1326,216.2350,159.7795
256.9100,181.6203,218.7000,152.9021
260.0422,187.0418,219.6607,151.2610
254.2880,186.6755,222.7611,147.7202
259.4916,188.5767,222.0750,146.1753
255.7133,189.0663,221.7926,146.1503
260.5450,190.6623,220.1902,145.6945
259.4610,186.9493,219.1140,145.6919
262.1667,188.6437,218.6670,147.0907
262.0979,187.2454,218.1897,147.5172
260.7769,193.0198,218.0509,148.0112
259.7317,188.1597,219.0098,147.1102
258.3947,192.8895,221.8715,145.7775
257.3644,195.5070,225.4222,142.9243
265.8226,199.7980,229.6357,135.6920
263.9073,201.1997,237.5594,127.3313
264.7024,204.4473,243.6440,120.4941
263.9185,203.7121,248.5868,114.4256
262.0382,206.7919,249.0516,114.4160
263.8241,204.6890,249.6112,113.4916
264.8558,205.5489,249.8072,112.7791
266.0020,206.0179,247.9917,113.4579
265.4675,205.5305,248.5873,113.3814
266.2067,207.2957,248.9034,113.9512
276.8199,193.6779,241.6339,117.5598
281.9442,201.2605,238.6339,117.6018
278.7750,210.7456,238.3288,117.7926
279.6593,208.9332,239.0997,118.5575
281.7882,211.4467,237.5734,117.2937
280.1797,208.6471,236.4698,116.7756
293.1523,211.9965,233.0129,115.6959
301.3614,213.5718,229.0260,113.6269
308.3826,211.0978,226.5240,112.6133
316.5184,212.2349,225.6641,112.6331
319.8280,208.9392,226.7420,112.1352
327.1524,205.2427,227.9210,111.3913
329.2462,205.0353,227.9277,112.0403
332.2597,206.2295,227.0341,112.6083
334.2428,207.7884,226.3113,112.4427
338.2070,205.0241,223.7015,112.2260
342.3909,200.7756,219.9151,111.4468
345.7545,204.2602,219.4883,111.1697
345.9716,203.7811,217.5661,109.7492
347.5362,202.9999,215.1965,108.8024
354.7836,198.2199,212.5174,107.2528
358.0072,198.6641,210.7179,104.2808
360.5762,199.6006,209.0983,101.8091
362.2075,199.9436,207.3397,100.5889
365.3819,199.9165,205.8105,101.8771
367.8837,206.4433,204.7187,101.7899
374.9629,211.8209,200.5264,103.1024
380.4796,215.1422,195.5053,106.8488
390.7253,213.4959,191.5658,110.8452
390.7862,211.5726,188.3883,113.6628
400.7122,221.1222,184.2339,116.8406
422.1530,229.9652,176.2261,117.0213
435.6151,238.8217,174.1976,115.7458
452.1558,245.9067,171.5939,114.1661
457.0668,246.2159,169.5793,112.1768
462.2873,243.9713,168.5205,109.9638
469.4248,249.7838,166.2830,109.6611
470.1533,236.7302,162.9556,108.5327
486.2627,246.6032,157.0976,111.4097
490.2498,255.2372,152.3577,112.8866
509.4796,249.2573,150.9520,110.0532
517.4642,234.6908,146.7141,108.4365
531.0184,184.9552,133.6249,120.4842
527.4744,170.9749,126.6134,122.0207
529.8591,169.5589,120.5539,122.1339
533.8990,168.5648,115.5256,121.1475
530.3143,170.0450,110.6705,123.6627
2
0
0
0
0
1
722.8906,231.5186,145.8288,69.8914
724.4474,230.7247,146.1898,70.5186
721.3806,230.0988,147.9622,71.8678
724.0621,227.7768,150.7581,75.0964
727.6467,226.9460,153.9247,77.8783
722.3578,225.9932,154.8295,80.9389
724.5444,225.0500,154.3383,83.1532
726.4150,225.4421,156.9017,85.5001
725.1368,228.1814,158.0274,87.8937
724.1048,227.7630,158.2825,88.4746
727.5159,224.2751,163.7335,87.1988
733.6192,224.6802,170.3566,85.5752
738.9393,225.2727,174.2052,85.2378
744.8494,227.1781,175.4242,85.6044
747.3518,228.1512,174.7793,84.9349
747.3697,229.8409,174.5894,84.8031
746.9171,229.8942,174.5995,84.5426
746.4490,228.7023,174.0001,84.3350
750.9675,225.6039,173.7580,84.8873
754.5073,224.7625,177.8720,85.2786
758.0335,224.3163,185.3149,85.3196
755.8855,224.0800,192.7577,86.3115
751.7471,222.3762,198.8049,86.8329
742.8761,221.3312,202.2687,87.5996
746.3078,222.8594,204.4919,88.2496
750.4302,223.5210,204.9254,88.5461
750.6411,221.3452,204.9494,90.0293
751.6939,221.2163,205.8480,90.8207
751.0043,218.7164,205.7711,92.4151
756.5421,223.3634,201.6508,96.6154
