1
288.2943,74.8779,65.9664,222.1400
286.5219,76.7678,69.6781,217.5359
282.9312,79.0894,72.0127,214.1717
278.0750,82.6998,73.3099,212.3090
275.5743,86.0058,74.1649,210.8628
273.5442,88.5302,74.6479,209.8156
270.7393,89.2135,75.1733,210.3544
270.5716,91.3393,75.5117,208.4173
267.4925,90.5064,75.5860,206.9061
263.4349,94.6453,76.2412,206.6347
263.7773,93.5635,76.3739,204.3601
262.0374,93.5256,76.0274,204.0623
263.7867,91.4550,76.3300,203.9513
262.5342,90.8152,76.4836,203.6615
261.7323,94.3344,76.8171,202.9520
262.5410,91.5588,77.5862,204.4708
262.5087,92.5394,77.9941,205.4129
262.9154,95.3066,79.1176,205.0285
263.5631,96.4467,80.6947,203.3700
259.9818,101.4522,84.7987,199.4052
261.3471,102.9959,87.4654,195.5293
261.2911,102.6035,89.4644,192.3267
227.0018,117.6530,94.2891,186.2679
224.1962,120.5640,99.5755,179.4804
223.2303,119.9868,101.7264,177.0567
221.3805,120.2366,104.9352,173.1293
221.7382,122.6063,106.5928,170.3916
223.2306,113.1931,105.6871,170.5184
228.0564,106.5590,102.6617,174.1650
233.5031,100.6420,102.3950,175.3939
237.3293,114.9066,98.7669,179.1595
241.6024,107.3315,97.1099,178.1782
246.4343,103.1050,97.4055,175.5963
251.1384,100.1408,95.1843,177.0670
252.5078,115.4501,93.6649,179.4125
253.6204,110.7728,93.5124,179.4076
252.7384,119.2444,94.4460,177.9618
248.8337,125.5134,95.9560,177.2375
248.2246,124.5169,95.3389,177.0264
250.2412,127.6933,95.0646,176.9432
253.4363,127.5670,96.7275,175.4625
259.5958,124.2678,96.5596,176.2462
270.7642,112.4701,91.8474,183.3950
280.5983,99.7339,89.1256,190.5871
287.9570,96.0385,86.0198,196.7384
288.9756,93.1951,83.3853,201.6642
289.5337,92.5974,82.0147,201.6145
288.8888,92.6647,80.7651,201.4427
289.1655,87.3241,79.2536,203.1971
288.3124,80.0340,79.9787,203.9245
286.0343,82.7626,79.6535,203.0400
286.1206,76.0291,79.0181,203.8850
261.1040,91.7312,80.3102,201.8476
266.0305,93.5014,79.8976,200.8481
265.8081,97.9973,79.8035,200.6277
271.3105,99.1025,79.7749,200.4871
272.2941,99.1049,79.1353,199.6545
273.8604,100.0282,78.6225,198.3694
275.4261,100.4422,80.2819,193.8714
277.3008,100.2077,80.8113,191.6387
272.7539,110.0954,83.3778,186.3942
308.5711,104.3747,84.3668,183.4802
307.8207,106.8602,85.3801,179.6900
313.5292,100.8428,86.1072,178.4989
318.7533,92.9111,83.2538,181.1913
323.7728,100.2253,80.0764,183.1716
327.4590,91.1783,77.6079,185.5924
326.4403,95.5061,75.9605,186.3785
329.0169,93.6760,74.0837,188.5761
328.7205,92.2810,72.8508,189.3488
325.8088,90.4534,72.2267,190.8589
325.2020,89.3350,71.5566,192.1782
323.3272,87.5959,71.4350,194.4156
319.6539,82.4672,72.5188,197.8637
314.1223,86.8303,73.7182,200.5280
309.3817,85.6622,75.2009,201.3543
302.2352,87.7965,78.9221,198.8901
299.9677,90.7253,81.7265,195.8644
297.8759,90.5100,86.1973,191.8553
292.7502,91.1471,87.1994,190.9017
293.2088,91.6463,86.7612,189.0582
296.2822,86.3059,85.5903,186.0110
299.9168,86.6127,81.8754,187.6059
302.7662,86.6704,79.0654,188.5987
302.0344,86.3849,77.1140,189.7728
303.2452,83.4115,75.9471,190.9880
304.8505,83.6214,74.8756,190.7562
303.4796,81.9909,74.2233,188.6969
305.2482,80.1631,75.3071,184.9601
306.5686,84.5100,75.2452,184.7130
306.9889,84.1161,75.8054,182.1360
308.6901,84.7956,76.1487,181.3631
310.7698,80.7307,76.3826,181.2819
314.1737,84.4262,76.6435,180.7356
317.4460,75.5102,75.4091,182.6918
319.6366,80.7838,75.0713,185.6183
316.0146,73.8842,74.7315,190.0614
310.5644,68.5151,75.3289,195.5265
309.7532,72.9913,76.8158,199.0248
305.5659,64.6190,77.4651,202.9296
303.6276,58.4845,77.5016,208.2907
304.7929,56.2912,77.9130,211.0024
301.6196,55.2948,78.0550,214.2364
293.6461,54.5316,79.2939,216.3168
288.8795,53.3528,80.0397,219.7022
281.0658,55.7152,81.2888,222.4273
271.1399,59.2215,84.7971,220.9483
271.0363,57.7994,85.7570,221.2963
269.5811,58.7172,88.9978,217.8227
274.4510,59.9030,90.9212,215.9957
275.3073,58.2261,91.9854,216.2218
272.9505,61.2595,92.9503,215.8147
271.0627,73.9540,94.9002,209.4580
270.9999,71.8106,94.2636,207.8190
270.0503,73.4990,93.4300,204.1271
265.2227,77.0680,91.5038,203.4759
268.9022,71.8121,90.5265,203.1742
264.1788,79.3070,90.4704,201.4283
263.3485,74.3241,88.2287,203.7100
263.4677,69.9737,88.3950,204.5799
269.1880,68.8000,87.2429,205.9433
271.9202,67.0064,86.8834,203.4147
272.4821,70.5819,88.1542,200.1126
279.1436,69.1621,86.9684,201.2136
290.3936,68.0341,84.1954,202.6706
291.3404,73.1117,81.2346,203.4747
298.7025,64.2678,79.6049,206.4328
304.0408,74.8290,79.1170,206.1061
307.6298,72.7455,77.7092,207.9190
309.0442,80.1932,78.2110,206.4948
307.3787,68.5757,78.9082,209.8569
305.6508,60.8707,80.4227,211.1145
305.0630,77.2087,84.6114,207.7713
301.4581,70.5378,86.7751,205.0991
302.4876,86.7088,89.6311,201.1849
300.1541,74.4076,90.3820,200.5086
298.3398,94.4540,93.0182,195.9196
298.5416,91.9102,94.1022,193.8221
296.1659,88.7318,95.0997,189.1526
294.6296,106.8656,95.6101,187.6931
293.4384,94.1206,94.6279,187.1469
291.2008,105.6897,95.7239,185.1295
292.5665,98.1620,93.8289,184.4601
296.4779,109.4705,95.1134,182.0528
296.2131,99.5673,93.3686,183.7846
297.7657,105.5158,96.3013,180.1089
300.3858,107.1156,96.0773,180.1099
299.6585,97.7356,96.2459,178.1084
302.5889,102.0969,96.7961,178.1542
299.7276,92.5731,96.0929,176.8943
299.2049,95.9545,95.6025,175.8295
293.5517,87.7813,92.9867,179.2301
292.8306,81.8399,90.6598,180.3505
293.6285,92.1228,89.8899,181.1933
289.7976,83.1424,88.3322,185.3711
283.5459,83.7072,87.9524,186.0720
279.2392,80.7581,88.1339,186.0874
271.1495,71.5933,88.3567,188.4603
266.6108,65.4152,88.5690,186.8661
263.6948,62.3672,87.6761,187.0267
261.5233,61.4359,85.5550,189.4288
261.7395,59.5454,84.3633,192.4890
259.7571,59.0824,83.2305,193.8960
256.5045,61.2400,82.6448,194.2633
252.8106,74.2376,83.3193,196.0358
252.2024,68.4388,82.2211,196.1148
250.5604,67.0193,81.4175,195.2097
250.0020,67.7105,80.6094,193.8394
249.0192,68.4512,79.9485,191.4745
246.2834,71.7126,79.3576,189.4445
246.7248,72.4697,78.5709,187.3901
247.5218,76.1419,77.8554,185.5993
244.4778,83.7818,77.8309,185.9876
242.9299,84.9595,77.3133,186.6328
241.0675,84.4303,76.8905,187.0498
243.6136,85.5203,77.8607,184.0795
243.3138,84.3675,77.6476,184.4857
242.2135,85.5743,77.4076,183.6803
244.9731,86.5970,75.7918,182.8110
247.1226,84.6503,74.9841,182.0465
246.1680,79.1923,74.6567,179.1821
253.9435,79.9243,73.0934,178.8397
252.8048,73.2654,72.0477,177.1731
254.2247,76.7653,70.7626,177.6777
258.7504,71.7227,70.6769,174.1323
258.3380,70.9943,69.7850,171.0247
261.0894,72.7191,69.5063,166.6298
268.3117,83.1990,68.3018,165.8418
270.0158,75.7390,68.1650,164.9259
272.1992,73.6448,68.6208,163.0354
278.7331,95.6112,67.6994,166.7229
283.4637,90.7895,67.8296,168.2192
284.1843,90.3971,67.6376,167.5596
286.7921,105.1722,69.1779,170.3466
288.8451,97.4512,69.2893,174.2819
293.1109,93.1998,70.6857,175.8131
296.1972,108.6934,72.9282,178.6222
295.4647,105.6071,73.9853,180.5598
297.3271,105.7216,75.3545,183.7266
300.2010,104.1898,76.6581,185.7984
300.2873,103.9834,78.6818,185.3277
298.6072,100.0345,78.8899,187.0397
296.7629,93.4657,78.5947,190.8019
296.4859,89.7762,78.8744,193.9699
296.0742,85.2835,80.2303,194.4426
294.0510,77.0593,79.4126,199.0564
291.0721,74.2685,79.0442,203.0233
288.3785,72.4335,79.2921,205.1331
277.9876,76.1017,82.6201,203.2961
272.7418,72.3794,85.6939,201.0288
268.6984,78.6061,89.4252,199.6687
263.6458,82.2867,93.4118,193.8639
260.0440,78.4411,96.7557,189.7336
261.9470,83.7157,96.8701,188.4316
269.9039,75.6698,95.0366,190.2930
269.6430,83.3521,93.0431,189.2716
274.5347,75.1138,91.7120,191.0875
274.4897,72.7746,88.5306,194.1164
273.9431,74.8433,86.1264,196.3542
273.8322,69.3184,82.9753,201.0636
274.2768,60.8111,82.7612,204.1055
273.5677,58.9206,83.8110,206.0665
274.4614,59.4784,84.2902,207.7020
275.2965,62.5411,85.8183,206.5706
273.8969,61.9794,86.2473,205.7448
274.4269,62.1694,87.0645,205.6740
280.0454,65.3946,87.3093,202.1879
280.6379,64.3648,87.2856,200.9796
280.4705,64.4028,87.5587,201.8397
282.8491,64.2832,88.8494,200.6793
284.5304,69.1781,88.5467,197.4353
285.6020,69.1109,91.3856,194.7997
287.1732,69.2843,92.9164,192.9715
286.8377,69.7399,94.0361,191.7349
287.9847,70.5666,93.9072,191.1589
294.8936,74.2676,93.6562,186.6230
293.1593,70.5079,93.8449,186.4342
291.8094,68.5574,93.3353,186.3216
294.2448,66.0870,91.2127,187.3301
297.4691,73.6729,87.5845,187.1295
301.6304,62.9208,84.8049,187.0187
306.6939,60.5746,81.7146,190.6929
308.7473,59.6843,78.8587,193.5738
310.5145,48.2469,78.8442,195.2297
310.6101,45.1114,78.3592,194.3831
309.3380,43.5758,78.5629,194.8024
309.3352,44.4771,79.9818,194.0591
316.3495,57.6533,80.0052,194.9905
320.4062,57.1961,79.4945,192.6768
317.7724,53.9573,79.9132,191.9428
319.4970,62.9467,80.1719,187.7527
320.1461,62.6543,79.4851,183.1720
321.7696,66.1522,78.5877,180.8098
327.3380,68.7517,78.0042,177.9642
325.9467,63.3282,78.6660,177.1633
325.7707,71.3250,78.7116,173.9813
325.0660,73.1044,78.6481,169.8724
326.0516,75.9622,77.7905,167.6922
324.6301,66.0367,77.4979,166.6924
326.7917,75.7123,76.3201,166.0164
327.4330,76.9966,74.7156,165.1576
322.0357,78.7662,77.0195,162.2378
318.8487,80.3970,79.0068,159.1557
319.4582,79.0031,79.8349,157.8969
321.7209,81.8007,80.6129,156.5466
322.3357,80.9105,80.0046,151.5499
322.4939,76.8053,78.6868,150.7417
325.1319,74.3969,76.7087,149.9357
329.1699,83.0969,74.1640,150.0800
329.1490,75.5644,72.3668,150.5091
329.1826,81.8643,70.3330,152.7340
329.1960,70.4409,68.5318,154.9605
331.1556,69.9978,67.0325,157.9226
332.1640,68.7699,66.4329,159.5453
330.1967,73.0442,66.1702,158.1528
328.6086,75.7352,68.6115,151.8523
327.0143,71.9613,71.4266,146.7642
325.4605,77.9805,74.2670,142.9507
324.6851,79.8046,77.4284,137.6281
324.2951,80.9190,79.7810,133.9084
323.9977,83.2590,81.5658,131.3333
321.1765,88.3875,84.7722,128.8487
324.3494,77.4562,85.0374,128.6477
322.2446,85.5568,85.1115,130.2757
322.3821,77.2756,81.5875,133.6898
322.1849,72.4241,81.2178,135.2722
320.5516,68.9614,81.1517,135.7009
315.8538,81.4562,78.9726,137.5040
315.1690,74.2249,76.6372,137.7810
314.1884,77.0873,75.2620,139.2750
309.6497,69.5507,76.0058,137.5839
304.5449,80.4082,76.2840,136.7581
298.0255,81.7682,76.3224,136.4972
294.5271,69.9930,74.0206,138.1675
292.6491,74.3304,69.8593,142.1659
291.9722,62.7104,65.5537,146.9971
288.9158,59.6507,62.9549,151.0468
285.8096,67.7020,60.4988,156.3135
282.5100,71.7547,58.7358,160.8518
277.9103,63.5991,58.7062,161.0762
277.8663,65.8947,58.5679,158.8786
275.5844,69.8171,58.0839,157.5946
272.5644,69.3241,57.8285,156.9984
272.2227,74.2752,57.4142,155.4267
274.0066,72.9261,56.5232,154.9269
274.5421,71.9627,55.6198,155.7050
274.5764,71.7935,54.9740,155.9875
275.0196,71.6520,54.3267,156.9501
272.8212,67.7878,53.7845,158.8678
273.3564,67.4769,53.6645,159.4138
272.0910,66.8791,53.2282,160.7591
272.4955,63.6803,52.7172,160.2010
272.2996,67.1913,52.7762,157.9718
273.6257,65.6414,52.6518,157.8909
274.5816,62.4563,52.3659,157.6132
275.2385,63.4452,51.8927,158.4296
276.7258,61.5401,51.8639,158.2018
277.0363,62.1746,51.7501,160.5713
277.0577,61.6076,51.7269,161.2666
277.9491,57.5552,52.1352,161.0697
281.7024,53.5729,52.3148,161.0469
281.5688,59.7836,52.5625,162.8470
284.2751,57.8326,53.4545,161.8596
284.0817,67.5111,54.7386,161.7488
283.7671,67.6708,55.0590,162.4592
282.5451,70.3968,56.1800,161.8629
280.1194,80.1545,58.8360,158.5379
280.0963,80.6690,60.3221,157.2653
279.6084,79.1308,61.5732,155.9625
280.9010,82.1146,61.6673,154.8384
282.7144,90.6044,62.7499,153.2371
283.4735,97.8031,63.9422,151.8272
283.9926,108.0118,67.6745,147.3036
282.1063,91.4790,68.7340,147.0950
280.8572,100.6275,70.0078,145.4214
281.7166,90.6035,71.5431,144.0594
281.4177,83.6753,73.8184,142.0730
282.6486,80.9939,76.4290,139.0841
283.6747,93.9753,77.6080,137.5056
283.3757,87.8633,80.7586,134.7509
285.7805,83.2531,82.3541,132.7704
291.1263,94.2122,81.8912,132.2450
292.0891,89.6487,82.7060,130.5357
295.7464,97.2193,82.4149,129.2321
298.0486,101.5189,80.3478,130.5464
299.4722,101.9488,77.1443,133.9616
301.3717,104.1324,74.9552,135.2367
300.1708,101.1177,72.6443,136.2361
299.5413,99.7493,70.6775,136.8632
298.1234,84.4821,68.5810,139.5638
296.7561,74.8467,64.6352,148.4398
295.8734,74.0354,62.6756,152.8268
292.9568,70.6136,60.6621,157.3970
287.5359,73.6516,61.1047,159.1703
287.6686,72.1411,61.3733,158.1284
286.8018,73.1921,61.3747,158.8155
289.8259,71.1018,61.3794,157.7702
286.6189,67.7424,59.9854,161.3701
285.4539,73.2917,60.1887,160.7271
283.3310,70.7805,59.7461,161.3112
283.4112,72.9922,59.7298,160.5071
282.6418,69.3614,60.1489,160.6534
279.3370,70.7813,59.6953,161.0923
278.6040,73.0781,60.2907,159.7489
275.1469,76.2411,60.5573,158.6912
275.4609,70.6841,62.5195,155.8757
276.3091,78.3337,63.7635,154.7244
274.0566,76.9316,65.5674,152.4253
268.5888,84.1211,69.1487,145.4545
268.0806,83.3763,71.5433,141.4333
272.0119,84.5063,70.8806,140.4879
280.2291,92.5306,69.6860,140.4341
280.5916,83.7328,67.8554,143.5654
286.2732,91.1788,66.8350,143.5454
289.8573,96.0566,66.3271,142.5956
288.4295,91.0774,65.3667,143.0510
290.6532,84.3732,65.6797,144.9250
296.4193,96.4516,65.2364,148.3379
296.3394,88.3800,64.9934,151.2551
299.5419,89.3319,63.8547,154.6712
301.3951,84.0473,64.2540,156.2420
301.6320,89.2056,64.8350,154.9675
302.6866,92.6042,65.1163,155.7585
304.3860,89.3995,67.5126,156.1578
302.6383,97.0749,68.5088,153.8189
302.5869,99.8974,71.3173,149.9016
307.6978,99.5724,71.1743,150.9208
308.3889,100.6115,71.3306,150.6628
311.2427,101.7818,70.9525,151.4363
315.4748,97.0783,70.4243,154.3299
317.3909,101.8761,70.4789,155.5346
319.0727,100.6142,71.4152,156.7969
319.0795,105.3159,73.4376,157.0945
319.8565,106.9072,75.3387,156.8580
323.0599,104.0601,76.1620,157.6164
328.3951,103.2607,76.2028,159.0543
333.4526,101.8824,74.6511,163.0635
333.3445,105.8865,75.1984,160.8503
330.5849,106.1867,75.5082,156.2226
330.4881,106.3152,74.7286,153.5101
330.4549,109.2345,73.3537,152.4671
327.7214,109.9325,72.5477,150.3539
327.4525,109.5524,71.1486,150.6578
327.8918,112.2132,70.9950,149.0170
330.3948,115.5379,71.5306,145.5968
331.6058,115.5432,70.0434,144.4990
333.0460,114.5421,68.6113,142.9276
329.5163,111.6279,67.8348,141.2265
328.9716,113.0838,67.1325,141.2835
326.5412,113.0686,66.3517,140.8688
322.5427,111.6430,65.2576,139.5789
320.6023,114.0131,65.8350,137.9291
319.0087,116.3509,66.2736,136.2676
316.0189,115.6516,66.0210,136.1100
314.0930,116.2020,66.5155,134.6085
311.9078,114.0798,65.4890,135.4411
309.4375,108.7679,64.1902,137.7480
307.9068,107.2134,63.4773,139.1569
258.4432,98.3150,61.5492,138.2572
261.1279,106.8645,59.3554,139.4868
262.6622,101.8830,57.7993,138.3809
266.1368,109.7844,56.4423,139.6784
272.9590,113.2741,57.6278,140.8478
277.2089,108.8409,58.1677,142.3547
280.2469,109.2019,61.6506,140.6884
283.2761,109.5724,63.8500,139.1506
285.8756,108.6366,64.2236,140.1035
285.9679,116.4937,63.7926,141.2197
285.3970,111.0195,64.0396,139.9321
284.6035,110.9432,64.7817,140.7957
283.3014,110.0464,64.9806,141.8252
279.2512,119.2819,66.1247,140.5131
279.4563,113.4807,66.1357,141.9273
277.2747,119.3470,66.8497,140.9333
274.1297,111.4381,67.1785,141.4914
273.8860,110.2025,68.0367,142.0078
272.5404,109.2383,68.9059,142.1976
268.3922,104.8290,69.8130,141.9376
267.3135,103.4183,68.6843,142.4681
265.4578,99.5833,66.5347,145.4483
266.9745,92.1787,64.1011,148.1497
265.0559,94.2110,62.7206,147.9047
267.4638,89.9172,61.5610,149.4282
271.5892,85.5686,62.3547,147.0826
275.0403,82.4680,62.6759,146.9740
278.6147,92.6270,62.8965,147.2858
285.5125,101.7233,64.6628,148.8574
287.5555,95.6572,65.6900,148.7586
287.9684,95.0639,66.0749,150.9416
284.3419,108.2276,67.3642,148.3824
283.3095,105.1584,67.8713,149.8116
281.9738,102.9912,67.9963,151.0009
282.0917,101.8827,70.2444,149.4946
282.4405,116.5988,71.5406,150.0166
279.6457,109.7637,72.6604,152.5024
274.8480,107.9449,72.7921,155.9704
272.7159,115.1535,73.2950,155.4216
269.8310,109.2196,73.5569,157.1991
249.7077,109.4666,72.9392,156.3527
252.0288,100.4857,73.4733,156.1559
251.6956,105.6160,72.9910,155.2863
249.6922,106.1270,75.2875,153.9939
249.0258,106.1380,75.9688,154.6811
248.5947,106.2410,79.4215,151.4364
249.5274,106.9775,82.2319,150.0953
249.1060,105.7632,86.5154,147.4370
251.0279,106.3090,89.6259,145.1721
251.3243,100.5966,88.4679,145.8020
254.6094,105.4933,88.2451,145.5551
254.0638,98.9283,87.0161,147.3280
255.4161,97.4499,86.9730,146.9249
255.5697,97.4824,88.1613,144.9952
255.2003,98.2275,88.3776,145.5775
255.8862,97.2372,86.3762,148.4938
255.6653,97.6571,86.3997,148.8957
257.2671,97.6457,85.7133,150.4389
261.0165,95.4333,83.9726,152.9584
263.8658,94.6753,83.9282,153.0618
264.0936,97.3736,79.6507,158.3394
267.1984,88.5632,78.0490,162.3912
267.7264,93.5917,76.2756,165.6092
271.3137,86.1218,75.8685,167.1671
273.1183,93.7667,74.9558,167.0641
274.4432,89.5565,74.8050,165.8988
275.6487,82.6845,74.2111,166.0531
275.2930,82.9020,73.0845,167.4571
275.6675,81.0252,71.8910,169.4303
275.0364,80.4671,71.1738,170.8395
275.4718,87.8168,69.3359,175.1906
276.6155,89.9409,68.5840,175.2886
278.0988,79.9459,68.1605,177.2305
278.3032,79.9201,68.1722,178.2833
278.5543,81.5965,68.2477,177.6543
279.6269,81.6642,68.7385,176.6117
281.0498,84.7607,70.7670,171.9303
281.7598,87.5561,71.2992,170.5037
282.3724,86.6300,71.4634,169.2890
289.4831,91.0516,71.4644,170.6117
286.7733,88.9925,70.9389,168.4310
291.5528,98.3294,71.3489,168.6012
294.8492,98.7582,70.5996,168.0588
293.9314,97.6475,69.9714,168.5857
295.5471,100.4342,70.0282,167.5993
295.0201,96.6347,69.0772,167.2298
297.1595,101.9474,68.1763,168.2430
298.8423,101.1183,67.8795,168.7778
295.7825,96.9024,67.3341,168.5228
293.8369,91.5642,67.3346,169.4309
293.4160,90.3276,67.9289,167.3846
290.0598,87.5618,68.3183,169.2100
286.9198,87.3379,70.1612,168.0753
284.7623,87.5953,71.2528,169.1096
280.8680,90.1824,73.5804,170.1630
278.8719,87.2810,74.5017,174.5471
275.5972,86.1374,76.5508,174.8486
274.5363,92.5203,75.4805,171.3912
274.4159,102.8851,74.0593,169.0200
273.6142,109.6367,71.9308,169.1856
272.5870,101.0271,70.1698,169.8965
272.2646,103.8816,68.6764,171.7372
272.6200,97.8926,67.8147,170.8460
275.3246,109.2768,68.1076,169.2630
280.2982,105.5978,66.9663,171.1783
279.6899,101.1319,66.7294,169.9884
280.4354,110.9473,66.7457,170.6651
277.4904,118.1506,68.4382,170.3433
276.8305,117.4713,68.7236,168.0788
277.3195,113.0832,69.5251,167.5128
271.3795,130.4929,70.6330,166.1220
270.8636,123.9968,70.5155,163.9199
274.0450,130.3439,69.2947,163.0982
270.2960,131.9803,68.5242,163.0163
271.7027,128.9059,67.0601,165.5262
272.2901,123.7096,66.0729,168.9226
269.0134,115.6829,65.3474,171.0114
266.6083,121.7016,66.2807,171.3693
262.4807,116.5082,66.4506,172.7809
258.8175,110.1280,66.1247,176.2637
259.5558,104.6623,66.3338,180.2855
258.1237,104.4807,66.8882,184.2425
256.7966,94.2861,67.6609,188.8408
258.7834,93.4396,69.2643,192.1290
259.6054,93.7316,70.1457,193.7521
262.9926,95.4611,71.5421,194.3225
234.7017,86.9114,71.5606,194.8466
241.2740,90.2985,72.0722,197.5032
245.6542,95.8577,73.2926,195.8609
250.4438,94.7980,74.1926,198.0771
254.5452,97.8438,74.8767,199.0684
255.5844,94.6502,76.4179,199.8412
255.0419,91.0050,77.8169,201.9793
255.2168,92.1944,78.9495,203.5859
251.8508,92.3619,81.1020,203.1654
253.1443,92.8995,83.4465,201.0952
255.9068,91.2019,84.5719,201.0095
259.9897,97.0541,85.5812,200.3181
261.5588,96.4941,87.7931,198.1818
263.3047,104.6946,91.2541,193.9025
273.1566,92.6601,90.3507,195.2219
274.5540,88.0599,86.9736,197.1958
278.9290,90.9998,86.7507,197.8686
279.4883,87.1019,84.9489,199.3899
279.7771,84.3521,83.6871,200.4429
281.7508,83.8552,83.1542,201.5969
279.1653,78.5697,83.1316,202.5342
277.8742,78.9477,83.2494,206.5316
277.6714,78.3390,82.6696,209.4642
279.3799,78.7206,81.7343,210.1875
280.7740,78.9542,80.8369,211.2800
277.8965,78.3430,80.7078,209.8121
277.4432,86.4612,80.7409,208.1128
277.6194,82.9049,80.6316,208.2470
277.7542,86.4705,80.9210,207.7533
273.8265,88.6722,81.2810,207.7214
269.1935,90.7122,81.9826,206.2457
265.0006,89.5820,82.7362,205.7958
262.3351,84.9744,82.6475,205.2270
259.7278,82.4274,82.3508,206.0193
259.5729,87.0195,81.0589,206.3501
260.7146,87.0836,79.8705,209.7967
261.9832,85.1446,79.2900,211.2301
269.1716,86.1692,79.4564,211.2242
282.7063,85.8701,81.2642,208.8481
290.6769,77.9808,80.7180,210.7882
297.5933,79.0295,81.4135,207.3828
299.8251,75.7836,80.4021,210.1366
300.1208,75.3178,79.8264,211.7491
298.4850,73.6882,80.3326,213.2922
297.8496,72.5997,84.2299,209.3643
295.9189,71.6229,86.7799,207.3447
291.8742,68.1344,88.7890,206.3585
291.4359,67.3936,89.9670,206.8585
291.5353,67.1027,90.9793,207.5432
293.3172,68.2791,94.0966,206.0095
258.6601,63.6322,91.4027,204.7467
2
0
0
0
0
1
379.1612,75.2432,81.7754,188.1540
385.5686,75.5999,78.4882,189.7144
393.3369,78.5110,75.7703,192.0120
400.8618,75.5607,73.4946,196.2276
409.2567,73.3741,73.4456,199.4425
412.8362,73.3362,73.1122,202.6670
414.1718,70.7050,73.1749,206.0931
414.3542,78.4295,74.1801,207.8468
412.7868,75.8071,74.0806,207.3610
412.2992,79.9841,76.1754,205.9968
387.6465,81.9133,79.9160,200.2854
397.6614,87.8289,83.1689,195.9525
372.2204,90.2524,85.3159,188.7798
379.6199,90.5611,83.7924,188.0383
382.9385,92.2675,82.9585,186.0147
383.1910,89.9766,81.3864,187.5421
386.5295,88.6927,79.8259,190.1604
386.6096,87.4530,79.0058,191.7737
387.5981,89.4890,79.0145,191.8042
388.5025,87.2629,77.5899,191.3724
390.8956,87.0868,76.1251,193.1702
392.5352,81.7531,74.5812,197.0775
392.2651,78.4925,72.9119,199.8307
393.2060,76.4597,71.5609,203.5773
392.6216,74.3079,70.5134,205.0133
388.5495,73.7053,69.9366,204.6183
387.0009,74.1822,69.7790,203.8258
386.7119,72.6423,69.4148,201.2469
388.9228,78.4918,68.7349,201.3394
389.3405,78.6060,67.8908,202.0272
388.5193,80.2507,67.8504,202.1377
388.1996,84.5766,68.8610,200.5019
388.4207,86.1296,69.4761,198.8550
385.9711,84.5575,70.0500,197.6483
384.7102,85.4381,69.7055,198.2767
383.6516,85.9265,69.4191,198.8190
382.3756,82.6720,68.9300,197.5075
377.5883,79.4049,69.9024,197.9669
378.0540,73.7617,70.4852,199.4461
375.0559,74.6998,71.0112,199.8090
375.4214,80.9640,71.4008,199.8328
375.9820,81.1283,72.4130,199.6003
373.5926,83.9974,72.1233,200.9449
374.1708,89.6561,72.5480,199.2507
373.1154,88.0466,72.8126,197.4544
375.0033,92.2310,73.0194,195.7605
372.3732,87.7689,72.9675,194.0161
375.0991,92.6021,73.7674,191.8962
372.9929,95.7798,74.2453,189.4129
367.6133,94.0005,73.9909,186.4456
366.6517,96.4930,73.9789,185.3448
363.1060,98.6039,73.0159,185.6250
365.7474,94.9151,71.5272,186.0253
365.6327,94.8317,70.6079,185.7580
364.9588,97.3696,69.7838,184.9813
364.0671,98.9189,69.7987,184.9430
365.3404,95.1954,69.7377,184.4942
364.2936,100.8117,70.3010,183.4014
362.7177,93.6682,69.8790,181.9396
365.4717,99.5566,69.0442,182.3256
361.3156,94.6323,69.3269,182.8410
358.7093,102.6835,69.7107,181.4591
356.5863,99.5288,69.8290,179.3467
353.9986,104.1437,70.1218,179.4645
351.5144,107.4311,71.1764,172.9785
350.8200,110.9601,70.9861,170.1450
349.5243,113.6629,70.5639,166.6754
345.1412,117.3584,68.9586,166.6118
343.5693,116.3451,67.6671,165.6933
341.1881,114.1929,65.6287,166.5654
332.4036,116.3290,66.3081,166.1972
333.1284,108.0347,63.7669,169.0246
329.8017,109.4283,64.1541,169.9948
324.1779,111.9000,64.7593,170.0150
323.3181,111.3142,64.9886,169.4589
318.0289,111.4999,65.1957,169.8230
314.6625,110.0731,64.8985,171.2166
311.5037,109.7848,64.6473,173.5343
310.2536,109.3979,64.0889,174.4696
306.7268,111.2757,63.6721,172.5531
306.8853,112.7284,62.7668,171.3492
306.0091,113.7376,62.1099,171.1980
304.7862,111.8000,60.6908,172.9655
305.4027,110.8782,59.5874,174.7274
303.3708,109.1115,59.1037,176.6132
299.5609,109.1315,58.7347,176.9346
299.5716,108.0488,58.6361,176.6721
297.3137,107.1420,57.7950,179.1396
299.3235,101.4290,57.0481,182.1272
299.1371,99.4491,57.0497,184.1140
301.3750,98.4266,57.3541,185.3701
308.4476,93.3818,57.8233,188.6938
307.2631,91.9775,58.7531,188.1157
311.1803,92.4495,59.3633,189.5315
310.3447,88.6732,60.2719,189.7743
310.0738,87.1714,61.1316,190.6706
308.9116,87.3259,62.4714,190.9352
308.4905,93.2781,64.7914,188.4771
308.1104,93.2449,66.4993,188.6362
305.1473,97.0584,69.3504,187.1606
303.3866,101.0233,71.6814,187.0616
301.7661,100.2223,72.6301,187.2911
300.9613,105.2764,74.7208,185.5374
300.2316,111.7644,75.7456,184.8733
299.4329,115.1834,76.5879,185.4705
