1
536.5605,201.0026,23.2397,21.6809
533.8242,208.5904,24.4314,21.5311
531.1321,216.2423,25.4070,21.5333
529.8646,221.5224,25.7412,21.6084
527.5782,229.5777,25.9744,21.9007
526.6298,237.6013,25.8792,22.1874
526.2514,242.9651,25.8206,22.2824
528.2391,249.9315,25.6103,22.4611
529.1234,253.5248,25.5324,22.6582
533.2101,256.5644,25.5284,22.6162
538.2671,258.2306,25.3621,22.4586
545.9561,260.2133,25.0311,22.3818
554.6151,263.4896,25.0175,22.2743
563.2010,265.8828,24.9959,22.4762
574.6295,268.9514,24.9459,22.6696
586.3041,269.8341,25.2547,22.5194
598.0059,270.6985,25.4684,22.4162
607.1003,273.3335,25.6804,22.2268
616.1304,275.5359,26.0580,21.8736
625.4997,278.1609,26.6419,20.9981
634.4615,279.8223,26.7034,19.7739
642.6163,282.2211,26.7104,18.6322
648.9301,285.3356,27.6809,17.3469
655.6767,285.9998,28.7964,16.2081
660.2203,286.5841,27.3555,15.8146
664.0942,285.3493,25.6160,16.1012
666.8454,286.0601,25.0872,16.2334
674.2505,288.5888,25.3387,15.1845
679.2361,289.0400,25.0627,14.6212
683.8813,288.9197,24.5474,14.1875
688.5109,288.2728,24.2097,14.0460
691.9963,286.7582,23.8758,14.3683
694.9111,285.0628,22.8135,14.7353
698.5435,282.7196,22.1234,14.8493
703.1434,280.2408,21.4276,15.0732
707.5761,276.5255,21.1519,14.5903
713.1974,272.9903,20.3890,14.7002
720.6282,268.7253,19.6221,14.8716
730.1268,263.4440,19.6267,14.4517
736.8994,258.8308,19.7465,14.2612
746.0444,255.8999,19.7230,14.1100
757.5400,250.4974,19.4679,14.1166
769.1385,245.4684,19.2518,14.2007
780.1675,240.6045,19.4400,14.4075
793.9945,236.4007,19.7723,14.4514
808.0380,231.7008,19.7439,14.6470
2
0
0
0
0
1
920.0734,206.2599,16.1220,11.6755
933.6198,201.7413,16.0831,11.8859
946.2266,196.3900,16.7907,11.6444
960.0863,188.7068,16.8426,11.8640
974.3607,180.4252,16.4001,12.2268
986.7585,174.3157,15.8192,12.5956
998.8795,169.6646,15.2715,12.8219
1010.7966,167.1452,14.9054,13.0207
1022.6978,164.8103,14.6330,13.1419
1032.8115,163.1563,14.5285,13.1906
1042.7062,163.9893,14.5356,13.3533
1052.4838,169.2129,14.8159,13.4815
1060.2919,174.6416,14.8275,13.8101
1066.7089,174.4980,14.7682,13.8906
1071.3870,169.7617,14.6391,14.0159
1075.7026,162.3957,14.4819,14.1492
1079.0060,154.0573,14.4033,14.4229
1081.4800,146.9121,14.3451,14.7954
1083.1704,140.4210,14.4567,14.8374
1086.4207,135.7724,14.6479,14.8039
1088.4288,130.3455,14.7486,15.1561
1090.2471,124.9216,14.8657,15.4241
1091.4836,120.4226,15.0211,15.1964
1093.8860,118.9907,15.0739,15.0796
1096.9651,116.3962,14.9169,14.8243
1098.5046,110.0422,14.6493,14.7574
1100.9231,99.3369,14.2403,15.0322
1101.4016,86.5850,13.8541,15.3300
1104.5499,79.7546,13.8980,15.4234
1108.3805,76.3131,14.0404,15.3165
1111.7013,72.1448,14.1896,15.1083
1116.1562,63.9897,14.4134,14.9605
1121.8989,58.7668,14.5496,14.7501
1127.5018,54.9496,14.4723,14.7660
1131.7450,53.2035,14.6123,14.5238
1137.4880,50.4237,14.6935,14.4123
1143.4121,46.1962,14.7052,14.3505
1149.4375,45.0999,14.7851,13.9758
1155.3909,44.4004,14.8457,13.7933
1161.4674,44.2693,14.7423,13.7196
1167.7397,41.7179,14.5391,13.5935
1172.1957,39.4168,14.2929,13.6119
1178.5934,39.7033,14.3810,13.4636
1184.9808,42.0445,14.6185,13.2805
1191.2163,45.2110,14.5348,13.2727
1198.9281,50.2044,14.4502,13.3092
1204.2279,55.5243,14.4869,13.3709
1210.6663,66.6665,14.2087,13.7609
1218.8311,79.9238,14.8633,13.6667
1225.3000,95.1500,15.6718,13.3561
1229.5660,110.6144,16.5413,12.8137
1234.3362,125.8338,17.5995,12.2395
2
0
0
0
0
1
2
0
0
0
0
1
1255.0505,309.5991,16.9804,10.0000
1251.2000,312.8006,17.8487,10.0000
1247.9209,315.4592,18.2825,10.0000
1241.4530,319.5415,19.4746,10.0000
1235.6146,323.8666,20.0068,10.0000
1228.4069,329.9810,20.9774,10.0000
1220.6754,337.1172,21.5837,10.0000
1211.8851,345.7047,22.1884,10.0184
1204.1455,354.6769,22.0618,10.3748
1194.1006,365.5898,22.0038,10.6152
1185.3367,374.8322,22.4265,10.5825
1177.2190,382.5434,22.6773,10.7183
1167.8757,392.1886,22.3586,11.0167
1158.8595,402.2217,22.0909,11.2996
1149.6659,414.4945,21.8515,11.5162
1140.1083,426.5511,21.7307,11.8694
1131.5240,437.1178,21.5288,12.1243
1125.8224,442.9290,21.7082,12.3394
1121.4546,446.0358,22.1657,12.3423
1115.2853,451.4542,22.2040,12.8119
1110.1448,455.5675,22.0008,13.2458
1104.7057,459.4854,21.7340,13.6147
1100.9731,463.4201,21.9734,13.6449
1097.1169,466.9186,22.2311,13.9130
1093.7623,468.1623,22.1233,13.9304
1092.4171,466.0922,21.5768,14.5412
1090.4116,463.8703,21.6508,14.7333
1088.8617,461.2282,20.9229,15.3220
1088.3597,458.2491,20.8267,15.9498
1087.0223,452.9649,20.7896,16.2500
1084.6931,450.1526,21.0016,16.5099
1082.1069,449.3371,21.9336,16.3384
1076.2217,448.9594,22.6964,15.6624
1070.9326,447.7159,22.6205,15.5119
1065.2750,444.6970,23.0204,15.5425
1059.1344,445.3436,23.2861,15.9963
1055.6404,446.6599,23.7303,15.8077
1049.4093,446.7197,24.1297,15.5659
1042.2103,444.4481,23.6608,15.9836
1036.4382,444.8181,23.8488,15.5276
1032.7666,442.7697,24.4606,15.0760
1027.2236,441.7631,24.4978,14.7844
1021.4847,435.3775,24.6013,14.7058
1017.4548,432.2206,24.5019,14.7373
1011.5436,429.2996,24.1033,14.7676
1009.5951,425.1499,23.3127,15.3494
1005.5065,423.0385,23.7977,15.0480
996.2681,419.6795,23.7523,14.8853
994.4755,418.2538,23.9092,15.0047
991.1817,419.5598,24.1264,14.5844
988.0365,418.4509,24.0870,14.6454
979.1791,418.8582,24.0955,14.8071
975.0541,419.9215,24.2960,14.3416
970.8967,420.6323,24.5614,13.8255
967.8298,420.6017,24.5273,13.3536
963.5314,419.2415,25.1161,12.8915
959.5465,415.2688,25.0453,12.9290
955.1933,411.1532,25.6869,12.2894
952.4040,408.2351,25.9302,12.0342
950.7006,405.1219,25.8696,11.7177
946.0984,400.2936,26.9090,11.1199
943.5118,394.1148,26.1284,12.1819
941.9033,387.8380,25.9919,12.7142
942.5776,382.6436,25.6721,13.1901
941.0334,374.3566,25.8643,12.8806
936.3602,368.3936,25.9089,13.1015
934.9188,364.6512,26.2838,12.8640
935.3707,361.2643,26.9984,12.3924
935.1801,356.8441,27.5970,12.1285
934.0214,353.0821,28.4068,12.0020
927.1362,350.8671,28.9576,12.0966
920.0399,351.1579,28.1957,12.8351
918.6202,350.2565,27.4863,13.3795
915.3666,346.8886,27.6413,13.8274
911.7509,341.8948,27.7645,14.2987
907.5174,337.7671,27.1225,15.2053
903.6803,334.1618,27.2795,15.7940
899.7172,331.6437,26.7565,16.4128
897.0268,330.5828,26.0686,17.0898
891.3406,327.5237,26.8558,16.9105
882.9263,326.3004,27.1482,16.8415
877.2541,326.6591,28.6756,15.6796
870.2839,327.2070,30.4799,14.2546
872.2535,327.7775,31.7274,13.9777
874.1081,327.7480,31.6878,14.1261
2
0
0
0
0
1
804.6529,334.1196,26.3800,10.0000
799.0585,337.7905,25.7832,10.4745
791.2880,340.6467,25.9183,10.4245
785.2863,340.9034,25.8134,10.7972
779.9341,340.4423,25.2300,11.4825
773.1207,339.9381,24.8513,11.5902
768.9659,337.7618,23.7213,12.5218
763.2114,333.0188,23.4095,12.5802
757.0682,330.2070,23.5800,12.6419
750.5442,325.2788,23.2744,12.7070
745.0470,318.8076,23.6814,12.3796
740.9496,313.1112,23.9627,11.7468
735.8387,305.1146,24.1267,11.3825
732.0758,298.2331,23.5572,11.5789
727.4008,289.6491,23.7562,11.5244
722.2747,283.3209,23.7017,11.6101
718.0710,276.9280,23.0876,11.7229
713.3696,271.1477,22.6822,11.7806
710.1172,266.5709,22.0291,12.1346
705.5873,262.4385,21.4778,12.6193
703.1816,257.8995,20.1529,13.6497
702.3372,254.9207,18.6237,14.5772
696.8140,250.3384,18.4687,14.5755
694.3912,247.5280,18.3123,14.5163
691.6113,244.7915,18.2653,14.3298
689.2939,241.8849,17.6407,14.6648
687.8466,240.3810,16.8767,14.9574
682.7984,239.0108,16.9992,14.9639
679.7759,236.5773,16.7956,15.4854
677.4985,233.5369,16.8709,16.0126
673.8698,231.7340,16.5994,16.4098
670.7888,230.8638,16.8280,16.8618
666.2796,227.6888,17.8040,15.9722
659.5035,225.9946,17.4513,16.3181
655.0497,225.0623,17.5260,16.7234
648.4394,223.6666,17.7220,16.7906
641.8516,222.2875,18.2880,16.6174
635.0704,222.1741,17.5793,17.4380
630.0363,222.5046,17.3899,18.3110
622.5602,221.9047,17.8263,18.2226
615.9692,217.2117,17.7229,19.0874
614.3030,216.1102,19.3135,18.0866
609.4459,213.2375,19.6804,17.6307
604.8367,211.8185,20.0592,17.5513
2
0
0
0
0
1
529.5134,211.0572,21.0285,19.3305
524.8197,211.1914,20.7943,19.6977
519.8846,212.0918,20.8718,19.8520
515.0352,212.2254,20.8995,20.0756
510.1765,212.4501,21.1237,20.0111
504.0133,214.2294,20.1744,20.2740
502.6477,214.6660,19.9454,20.4633
498.9381,215.1025,19.7899,20.4529
492.9057,215.7653,18.9965,20.8363
490.1356,215.7694,18.3638,21.3425
487.5485,216.8613,17.4651,21.8816
484.5744,217.2234,17.3659,21.2985
482.0783,222.9004,17.4682,21.4649
479.2383,225.2605,17.8537,20.9054
475.4599,229.5628,17.8444,21.5295
472.1790,232.0728,18.3160,21.0446
469.4641,234.6839,18.0403,20.7130
467.4693,238.6961,18.1500,20.2880
465.5070,242.3620,18.1322,20.2478
464.1360,247.1053,17.8696,20.7258
463.0382,251.5948,18.1407,20.6028
461.3234,255.7598,18.4806,20.2296
460.7206,258.8463,18.8559,19.9365
459.1227,260.8765,18.9193,20.1150
458.7749,262.8368,19.0524,20.0578
458.6801,264.8317,19.2143,20.1235
458.9370,268.5723,19.3328,19.7138
458.5169,271.9969,19.4055,19.6637
458.9341,275.9001,19.1115,19.3939
460.7150,279.4516,18.9122,19.0139
460.8578,283.5446,19.1329,18.5784
462.4315,287.4273,19.4261,18.2060
463.6425,289.6335,19.4640,17.7893
465.6839,291.5451,19.6688,17.3584
467.0491,294.6110,19.4395,17.0051
468.9183,297.6006,19.8430,16.3538
471.2662,300.2434,19.6290,16.1349
472.8930,302.5207,19.5126,15.7551
474.1211,304.4647,19.8815,15.2687
474.9505,305.1590,19.6673,15.2553
475.6420,308.0110,19.9173,15.3980
476.1338,310.9294,20.5412,14.9004
476.8128,315.4572,20.3326,14.4521
477.4146,319.8186,20.1702,14.5595
476.9423,319.6099,20.1360,14.8314
473.4399,325.3653,20.2877,15.2728
476.6204,322.1847,19.6697,16.1559
476.5838,315.2256,18.3894,17.5867
472.0521,321.6711,18.3248,18.7695
475.1691,317.0454,18.2794,19.3202
480.5993,310.3139,17.9869,19.6132
2
0
0
0
0
1
449.0942,329.6618,18.0627,14.3189
446.5894,330.1654,18.0758,14.0862
444.8485,330.3746,17.9763,14.2385
442.6152,332.1863,18.4905,13.6796
442.2408,331.7688,18.7280,13.2075
441.4811,332.6000,18.5292,12.8998
441.0278,333.0993,18.6800,12.5976
441.9556,333.3769,18.5559,12.2616
442.3990,333.9789,18.7561,11.9043
444.0542,334.1575,18.8870,11.7676
446.9589,334.2069,18.6446,11.7963
448.5738,335.4489,18.3862,12.2479
449.7416,335.4534,18.5994,12.4078
450.0889,336.6365,18.3220,12.7731
450.3601,335.7215,17.8747,12.9793
449.4343,337.2893,18.3264,12.7626
448.5446,339.2169,18.1482,12.7825
447.6324,340.9434,17.9446,13.0004
445.0019,341.1738,17.3284,13.1834
440.8574,341.3301,18.0937,12.5759
434.5452,341.3835,18.8431,12.0966
430.4556,341.4104,19.4356,11.6409
422.5962,341.4353,19.5636,11.7604
417.4936,340.4979,19.3660,11.9564
411.2671,338.1725,18.7352,12.8856
406.2763,334.9610,18.8260,13.0074
401.1958,331.8779,18.4958,13.3433
394.6292,327.8702,18.3791,13.5208
389.4604,324.1185,18.5047,13.4991
383.5279,320.2838,18.2639,13.6292
377.5946,317.1606,18.4929,13.4775
373.6614,315.2355,18.3582,13.3936
369.4701,311.8523,17.9916,13.3587
367.1810,308.1667,17.9091,13.1286
363.1814,306.2283,17.8986,13.2511
361.1718,302.9854,17.2888,13.5978
360.5125,300.6046,17.2320,13.4147
358.6204,296.9246,17.1224,13.2834
356.7371,295.0293,16.8889,13.1161
354.4347,293.2850,16.6075,12.9822
