1
287.7996,154.8851,89.5320,196.1304
284.3707,153.5170,90.8375,198.3851
286.2957,150.2390,90.1256,200.6219
283.5136,144.9344,89.0358,204.5929
281.6130,139.8327,86.8818,209.4023
280.4008,149.3433,86.7886,204.2837
278.3608,147.5194,90.5054,202.9241
279.4398,138.5684,89.9156,207.9819
281.1133,144.2613,89.4112,208.2478
281.2047,138.7422,92.4878,209.9856
280.0996,149.5366,94.8642,206.2632
272.8868,142.6259,93.8646,209.7657
272.5961,135.6477,92.7231,213.6790
273.0725,140.8880,93.8538,212.4432
273.1140,141.0169,90.7331,213.3676
267.1278,134.2473,88.4477,215.8175
263.8717,141.2497,84.9755,213.2410
263.6076,139.2585,82.9018,211.5239
263.3396,141.0542,80.9549,208.0107
261.3169,143.5885,83.6046,205.7810
260.0178,144.9699,84.5193,204.2210
258.4184,142.4132,83.9197,205.4654
260.4367,133.2049,86.5142,208.8028
257.8869,134.1765,86.1514,207.6640
254.8712,129.4385,84.9349,208.2311
253.1310,137.4072,81.8541,204.8352
253.5005,138.7933,80.4842,201.0931
250.0470,139.1068,80.2711,197.3087
248.3189,137.3535,78.2222,196.3844
249.6738,141.2316,74.8416,193.9124
246.6262,138.0758,73.2364,191.2123
236.3135,142.5769,74.1984,188.0571
230.5582,139.7735,73.2125,188.1435
2
0
0
0
0
1
293.7841,155.6432,72.4942,122.2237
304.8770,136.6198,66.4085,134.8740
310.9341,128.2791,62.5179,143.0648
314.8944,126.2556,58.4244,145.2269
315.2504,126.2273,56.4928,151.0705
317.6236,125.5958,56.7784,151.1387
322.3175,126.6561,54.0004,154.2509
324.3558,123.1468,51.1691,158.1514
325.3586,121.2625,50.7524,159.0944
326.2511,121.6516,50.7899,155.4434
329.0916,122.7372,50.2571,152.0468
327.5922,123.0988,49.2885,151.3978
328.7466,124.4453,47.4208,151.6564
327.9939,122.3622,45.8728,150.9562
329.0728,124.3177,45.7887,151.1847
329.3228,126.3045,45.3349,153.2950
330.2592,130.1075,45.1344,155.4919
329.5457,137.4185,44.2675,157.3631
337.0989,139.9991,45.2855,155.8087
335.0379,136.2188,47.2376,154.7566
334.3427,134.2510,47.5556,154.5361
337.9727,134.5598,48.1994,152.8544
339.2649,133.1202,48.7552,153.1483
341.2592,132.7996,48.5816,155.0907
340.1798,134.3003,49.0433,153.6447
343.8426,137.7488,48.5311,156.0780
346.0246,136.7487,48.5134,156.0376
348.9755,138.2716,50.2234,155.0340
350.7983,141.1330,50.3171,153.6571
353.5696,142.6440,49.8675,152.5864
356.1421,141.9026,49.7113,151.1143
358.0874,139.7202,50.0718,148.8440
358.0915,138.7559,51.3115,144.7979
357.9849,136.7977,52.2048,138.6654
359.6660,138.9636,49.8293,139.9065
360.9872,140.0554,48.5253,140.0670
361.5998,139.8836,46.3709,141.3486
361.9048,141.8533,45.4252,141.7186
364.3468,141.6885,44.9209,140.2570
367.3700,140.4243,44.2048,141.1622
369.2099,140.9515,44.0312,141.8229
368.9798,136.9814,43.3764,142.1515
369.2377,139.0749,42.9066,140.9770
373.5879,142.3321,47.7137,134.9002
370.0269,138.3012,46.8180,134.4054
371.6847,137.7609,46.3440,135.4037
372.0676,137.1889,44.6898,136.7287
372.4010,137.0877,44.1832,137.1219
376.2819,143.1367,45.6054,136.4628
376.9632,138.0394,45.3133,136.9350
379.9977,137.5463,44.7038,139.0438
381.5667,140.5810,43.9696,140.3147
384.0248,139.6527,44.3249,142.4750
385.5886,138.7330,44.2297,144.5285
386.1331,137.3804,45.0854,145.7744
387.0808,137.6234,45.8977,146.7003
389.5515,135.9601,45.4286,149.1519
391.5872,134.8019,45.4339,149.8262
392.5359,133.9225,45.3184,151.1068
391.8181,133.7132,46.1282,151.4782
392.9780,131.7041,45.9837,152.3393
393.3339,127.6554,46.1581,153.3414
395.0788,123.3669,45.8074,153.6176
394.6995,121.3419,46.6211,148.6313
396.3763,121.4172,45.9775,146.6181
396.8690,121.2992,46.7178,144.8474
397.8305,121.3026,47.6366,142.3280
396.1312,123.4423,48.4194,139.4218
395.4945,125.0485,48.2797,138.1438
394.9249,129.0911,49.7105,142.9600
392.6801,122.0368,49.2153,140.1672
392.6656,122.2791,48.4212,139.9516
391.5539,121.4754,47.3014,138.3066
390.6449,121.8564,47.4840,138.5320
389.0327,120.1298,47.2506,137.6225
388.3756,120.0643,47.0439,137.2087
386.8508,119.7747,47.3148,138.7108
386.0962,117.2374,47.6074,139.9977
386.2273,118.5027,48.1818,140.1538
385.3902,119.0877,48.2075,142.1530
383.6841,117.7513,48.7467,144.3806
382.4788,116.0539,49.0539,145.9384
381.1609,116.6444,49.9543,148.7946
380.5017,112.8171,50.9744,148.7509
381.3785,117.7332,52.9712,145.8094
378.3076,116.5653,52.3429,150.0257
377.5398,115.3434,51.4967,154.2509
377.0855,111.9229,50.8571,156.5852
375.7637,109.2032,50.2473,158.4047
375.7203,109.0996,49.9360,155.7353
376.4067,114.8628,52.0415,155.8900
373.9468,110.8749,52.0867,158.4602
372.2224,109.5697,52.7042,162.7285
372.0106,109.8048,51.7447,164.2934
371.1407,110.5659,51.1578,167.7423
369.9247,107.8821,51.1037,167.7270
369.1258,107.7676,50.5613,169.4823
369.9081,120.8653,50.5530,173.8942
366.4226,111.0278,50.1482,180.4721
365.8313,113.1321,49.5721,184.4617
367.2234,110.4832,48.0246,184.8043
366.1406,108.1460,48.5241,185.4134
367.2259,110.8701,49.5455,185.9293
367.5918,109.1683,49.0009,186.4444
365.3174,111.1511,50.8714,185.9487
365.4277,111.8873,51.4509,187.7854
365.9017,112.7869,51.8356,186.9836
369.1665,113.1933,53.4022,184.3466
369.1582,115.7048,55.7155,181.7865
369.6782,115.6178,56.6159,179.6900
372.0586,120.9287,59.9496,179.5777
367.8060,123.2132,60.4520,182.7512
371.1638,124.7715,60.6468,183.1419
370.6723,125.1875,62.3260,182.2475
367.6213,129.0658,63.7799,177.4037
373.8952,131.4381,66.5499,170.5283
365.0181,132.3913,67.4065,167.7421
364.6425,134.3498,64.3212,168.3054
363.7136,133.3745,61.0124,168.2454
361.6606,131.5434,58.0596,167.4483
359.0980,133.8716,57.2531,165.4730
359.1533,133.2324,55.9511,164.7743
357.5100,136.5835,56.2650,163.1650
359.2055,135.5870,54.9704,161.7891
362.2520,136.3455,54.1192,159.9566
361.0772,136.3643,53.9101,158.0247
358.8941,138.7624,54.1424,155.1210
360.0182,138.8984,53.4578,153.4049
359.5186,138.8665,53.1865,152.4380
358.3030,140.5599,53.2804,150.3685
359.4855,138.4251,52.4416,149.2352
355.4731,141.9535,53.6353,148.3383
356.5514,139.0620,52.8875,148.6917
355.9654,138.3290,51.8442,149.1395
355.1541,139.5564,52.2047,150.3532
357.3596,138.2006,51.8436,151.8249
359.7040,138.1335,51.5942,153.0203
358.6775,141.7698,51.5927,150.7670
354.2146,145.1314,51.2437,147.9854
360.4588,138.2215,51.2779,147.9394
351.6580,143.1980,51.8941,147.3602
348.5346,142.2939,51.8767,148.4035
347.6151,138.3543,50.3475,150.4962
343.2811,141.1649,50.7278,150.9467
344.7433,142.9210,50.2173,151.2674
343.0002,136.2049,49.1720,155.6208
342.1891,135.2565,48.8021,159.8940
341.4044,132.5943,47.3603,163.1451
338.6659,131.9879,47.4011,166.3155
334.3863,131.4485,48.0716,167.8897
333.2596,129.1455,48.0635,169.2265
328.3007,130.1700,49.8272,170.6157
323.5729,127.3322,51.5027,168.9654
323.4331,126.7407,50.9012,167.1266
322.6840,127.4937,51.5281,168.2388
317.4587,127.2502,54.0535,167.8055
316.3414,128.0569,55.0555,169.6722
316.4373,128.1894,56.9239,170.5360
317.8513,125.6873,58.5346,170.8006
316.6322,124.0618,58.6788,169.2782
315.6960,126.8757,59.2785,169.5043
315.5544,127.8170,59.3440,170.8630
315.6229,131.2660,57.5751,171.5531
317.4307,136.3363,56.1498,170.6808
318.0859,132.3880,56.0977,171.1700
320.3595,130.4799,56.6893,171.4204
319.6520,129.7141,56.7073,167.3696
322.9002,134.6624,57.3482,167.5916
323.7055,134.1957,56.7182,169.1482
324.6167,134.5950,55.7389,169.6602
325.6660,134.5577,55.4357,170.3901
325.9662,133.4796,55.3907,171.0293
327.5751,132.0206,55.2521,171.0564
329.1448,130.1704,56.1956,171.0699
330.8373,132.8573,56.9328,170.5283
333.1850,128.6511,56.4485,171.4126
335.7444,130.1506,59.9322,169.4408
337.8855,130.5827,61.9095,167.9007
341.1774,131.3701,63.0514,165.5477
344.0980,129.6734,66.3879,165.1396
346.9185,127.8144,68.9107,164.8893
352.4719,125.1476,67.9498,165.4989
351.5832,125.1445,68.8753,167.7137
352.7272,122.5910,67.7849,172.8691
357.0942,119.2988,66.4169,178.6988
357.0448,116.9052,67.3487,183.0773
361.3113,112.6386,65.7355,187.8223
359.1246,129.9147,65.5059,180.6095
365.4016,131.4479,64.1801,177.9463
364.7197,114.1369,62.9907,183.6449
367.0725,108.9901,62.2660,187.0645
368.6535,112.6351,59.9356,190.3600
369.5075,121.8273,56.8111,189.7758
371.9837,107.7072,55.5763,193.7149
372.4858,108.1078,55.7571,196.2996
372.1163,104.3308,55.4313,199.1773
373.2481,100.8302,55.6387,202.8058
372.1009,98.4305,55.2413,207.4198
371.8643,98.3765,55.1620,210.3601
374.1583,96.4184,55.6779,213.1798
372.8440,96.0440,56.0737,213.5972
373.3101,95.1169,55.6731,215.8632
374.3611,97.5114,56.2203,214.9990
374.9690,96.7965,56.1034,215.1129
372.2065,102.1301,55.9506,213.7563
372.3906,98.6825,55.4450,214.4137
373.4861,101.4730,55.1029,215.2050
376.6206,100.8614,54.9216,215.2004
376.0688,107.5117,54.8883,213.1494
374.7041,105.0131,53.8914,213.8691
372.2936,102.2308,53.5579,214.1451
371.7040,107.2657,53.8314,213.0641
377.9444,117.1802,54.4680,207.8636
374.8124,107.3615,53.6784,208.8736
374.0053,103.0301,53.0488,209.4200
374.5703,107.3996,54.1641,208.7430
375.9279,105.0039,52.7709,209.4846
376.3980,101.3289,52.1128,210.4713
375.5845,101.0157,52.6474,210.6022
378.4111,108.0933,53.5708,208.1925
377.4589,102.2064,53.8419,208.7422
376.3740,106.9207,54.2278,208.0005
376.6869,109.7531,54.0979,207.4059
375.9362,106.8873,53.4632,209.0063
377.5504,120.1326,55.2662,202.7965
379.1161,122.8588,55.7719,197.7521
379.4478,123.6474,55.4313,195.1205
380.3718,129.7569,56.3374,191.5758
379.2899,134.2049,56.0996,188.0303
380.5312,141.0401,58.9775,182.6150
384.3784,137.1138,60.4326,181.6530
382.1900,148.3235,60.7738,175.3317
384.4673,137.8223,60.9030,177.9957
388.6934,131.7150,59.3190,181.6424
387.4786,152.2571,62.9967,173.3350
403.4812,123.2191,59.5933,180.0457
406.4544,117.0211,58.0612,182.4994
403.3279,120.5846,58.7800,183.5611
403.0173,118.6172,58.7122,184.1440
402.0406,115.9550,57.6626,186.3368
400.4829,113.7362,57.2577,187.1794
402.4141,124.7886,60.1333,182.6840
399.4739,117.7952,60.4069,182.1220
391.6836,108.6741,61.6228,181.7269
385.0249,111.9749,60.9565,182.3430
376.7498,120.9105,61.1498,179.3577
369.8588,121.9560,61.1838,181.3140
362.7996,132.3762,62.4053,180.2546
358.5598,131.6300,61.6115,177.7141
354.0878,122.1496,59.9411,182.5402
348.9779,123.3393,59.2074,184.5567
344.4769,136.8514,59.5113,178.3385
340.4628,128.8371,58.6914,180.3196
338.3840,126.5157,59.1444,182.7746
335.9201,125.6485,59.3678,183.4066
331.2979,143.6134,63.6985,176.7652
327.5134,135.0852,63.4871,178.7915
323.4570,127.6956,61.7616,183.2892
319.9711,119.5758,58.3923,189.4246
323.3311,104.9941,58.5173,187.0541
317.0809,116.8478,57.7178,190.2274
314.9566,117.3895,56.3284,194.2052
313.9517,117.5703,55.2809,195.8656
313.3965,122.2736,55.3536,195.5336
314.7017,112.8783,54.5408,197.1205
314.3439,119.4231,54.6174,197.0264
313.8004,113.6364,54.7286,199.8907
315.6964,113.0525,55.3378,201.6306
316.4289,113.9558,55.0751,203.6400
317.0043,114.7011,53.7267,205.9416
317.2241,113.8265,53.3815,207.6185
314.0822,110.0483,53.1287,208.1871
311.1044,112.6924,52.4866,209.3506
312.4463,115.8313,51.7530,208.4344
313.4062,109.9945,50.7374,210.1545
314.4132,108.6763,49.7884,213.3947
315.9473,104.3938,49.9062,215.8928
318.6668,102.9563,49.7290,219.4018
318.5932,97.3933,51.7778,222.3110
319.9745,92.5641,51.9675,225.8276
320.6313,87.4270,53.0707,226.4613
317.7341,99.0258,55.6167,220.2852
307.9274,114.7297,60.5719,211.2204
305.9558,111.2466,62.2637,207.5996
297.6932,99.3203,64.1253,208.1650
299.4055,85.5432,61.4152,212.4091
299.9649,88.0163,60.9273,213.9665
299.8533,83.6577,59.7511,215.1958
301.1680,89.6934,60.3923,215.1350
299.2368,92.8791,62.5416,208.3007
297.9311,97.8103,62.6192,208.8118
295.1976,103.3786,62.0622,215.1014
288.8447,110.5531,63.0031,216.7642
283.4471,106.3444,63.9146,221.6262
282.0681,98.4496,63.4179,229.0713
279.3531,89.2583,61.1407,235.5851
273.3443,88.2683,60.0454,240.1639
271.4285,90.3528,59.6240,243.3209
270.2036,91.9475,57.7382,245.2622
271.3025,85.9436,56.3639,250.6162
270.8165,75.8845,57.0489,255.2981
273.1961,69.5881,58.6331,258.9738
273.8792,61.5684,61.3434,259.2275
273.6927,57.0940,64.8839,256.5783
277.1501,54.6063,68.0052,251.4392
280.5305,66.5252,70.4262,249.8019
285.3584,67.3763,69.5068,245.4237
292.0579,82.5404,67.2775,243.3122
301.3998,72.3412,66.0422,248.0592
299.2185,78.7530,64.2919,249.3710
302.7264,81.0537,64.0082,248.5308
305.3237,92.6443,63.6174,246.2871
308.3717,83.4687,62.8302,249.4613
308.3755,78.0336,61.5338,254.3602
308.2312,79.9993,61.7380,256.8177
306.8661,68.2041,62.6701,261.4182
305.4702,59.7816,63.5712,265.9567
303.1623,59.0043,62.3216,270.1088
300.6583,47.6167,63.9266,271.9135
295.8204,45.0287,65.2872,270.8801
294.8040,41.0533,66.1286,269.3522
298.4252,41.2347,66.6633,273.7526
297.5003,43.8814,68.9837,275.2437
298.1878,57.4330,70.1446,276.9050
301.0489,56.8301,71.3682,279.1205
296.8310,60.3607,73.7067,274.9713
