1
651.7080,277.2241,26.4668,139.0660
652.5815,277.9886,29.0106,138.6846
654.0844,279.9521,31.0105,138.6333
652.0615,283.6405,33.3300,138.6580
645.5844,287.5546,35.6673,137.8859
639.4561,289.9749,37.4897,138.2171
639.1638,290.8892,39.0547,137.0641
643.9455,289.1321,39.7144,137.7567
643.1319,290.4944,39.9134,138.8963
639.0068,291.3189,40.6433,140.5147
630.5856,293.7032,40.2781,140.7374
624.1514,303.8556,40.2991,141.2691
626.6160,313.0844,39.5088,141.9447
621.2986,316.3989,39.6741,140.3692
616.1506,318.7861,39.0889,139.1622
621.2025,317.6847,39.4490,139.4154
626.9020,313.0738,40.0277,138.8625
632.7713,306.9153,39.9654,138.7099
636.4850,304.6886,39.5902,139.0177
631.9274,305.5851,39.6231,137.5662
627.2164,306.0457,39.5709,137.2155
630.4526,310.1841,40.7589,134.3889
637.6922,306.9872,40.7643,132.8245
644.4277,302.9423,40.0301,135.0962
640.3669,304.6650,39.3981,136.3675
645.6300,302.1143,39.2657,136.6540
646.9055,302.2020,38.5767,136.6268
648.8590,299.2841,38.1234,137.1862
653.5363,292.8645,38.0883,137.8831
655.6677,286.0627,38.2876,138.5446
656.8027,282.1438,38.3639,139.2271
659.8876,277.7984,38.7880,139.3238
664.0316,270.1779,38.9948,139.9158
663.2040,265.7224,39.1355,141.3816
654.7382,263.2956,39.0252,141.6973
647.8477,261.1795,39.3166,140.6349
645.9055,257.7404,39.5347,141.7634
640.6760,252.5816,39.7653,142.1406
644.2589,251.8643,39.1259,142.3637
640.9682,249.5016,38.9961,143.0265
635.9728,249.2890,38.8518,142.3869
627.3905,250.4200,38.4797,142.8003
617.7474,249.8824,38.3509,142.7491
622.5513,249.7095,40.3727,141.7993
628.7732,238.1901,41.5222,143.4724
633.4510,236.4021,40.5510,142.4513
629.4120,236.1633,40.4274,141.5338
625.0761,237.0238,40.1851,140.7408
630.7294,237.0935,41.3289,138.9198
637.9207,238.7245,43.1480,135.7294
640.9818,239.2962,44.9696,133.4945
639.9681,239.3947,46.5064,130.6320
637.7750,239.4814,48.6194,128.7643
636.6724,241.1482,50.5617,127.0779
635.5359,243.9512,52.8015,124.7450
639.0833,244.9338,55.9999,122.2894
643.7185,246.9909,57.0613,120.7311
648.2382,246.9916,57.8151,119.6721
646.1337,243.8036,58.5217,121.1659
652.3442,243.2197,58.2633,123.0112
658.7585,243.5403,57.5979,124.0193
667.5619,240.7284,56.7352,124.2865
674.3739,237.7904,56.0056,124.4165
673.0106,237.1607,54.9475,125.7906
671.2578,236.3927,54.4094,126.2482
680.1558,232.7467,51.3825,130.2249
687.7415,232.7830,49.4504,132.1218
685.7574,226.9837,50.1598,134.3336
694.2047,226.8708,48.1834,134.8831
692.1321,224.7225,47.7383,135.6934
689.5288,221.6712,47.1053,135.2105
687.7486,217.3949,47.5781,136.2356
695.7697,211.9644,46.4802,136.7798
694.0436,209.1980,46.5238,136.3061
698.1414,208.6268,45.8535,135.7008
696.1507,204.1566,46.1315,135.6895
698.1674,201.0222,46.0816,134.3987
698.9757,198.1293,46.1795,134.0949
700.7902,201.2093,46.4794,132.0604
709.6432,199.1811,48.4677,129.4547
729.4188,199.2175,48.7244,127.8217
740.0084,195.6887,49.0968,128.4867
749.0603,188.3258,47.9637,128.9596
739.3810,197.6198,48.3569,129.6483
736.2568,201.7928,47.5249,131.1426
741.0191,207.3905,48.4011,131.6149
748.3362,210.7686,48.5818,132.0042
741.5934,215.6183,49.6206,131.3467
739.3045,219.7041,49.8903,131.9669
738.3875,218.4100,49.8647,132.1637
734.4015,221.5028,50.0186,132.3778
734.0278,223.9239,49.6678,132.4210
731.9700,226.9403,49.3387,131.8002
731.3336,225.1042,49.0939,131.8242
735.0338,219.9587,48.8918,131.7134
732.9651,216.1148,49.5644,130.8334
722.5571,213.9271,49.2063,129.8745
724.2507,213.0581,49.5622,130.1989
730.6133,208.7593,49.4120,131.4196
733.5278,208.3667,48.7449,131.1824
733.5045,202.6452,47.9857,131.6918
733.1588,197.2630,47.4647,132.0216
734.9717,194.2576,46.3226,131.2831
741.9646,195.9413,46.4146,130.7102
749.5076,192.3969,45.4178,129.4363
748.9815,194.5549,45.0436,128.9305
747.7787,193.2986,44.7491,127.8415
746.5276,193.2017,44.4628,127.2025
752.2581,190.8553,44.1830,126.2941
757.8185,192.2188,43.7731,126.0873
756.8687,195.0083,43.7500,125.4944
760.4323,197.8457,42.9142,124.3163
761.8514,200.7835,43.2812,120.9954
765.3445,199.6265,43.9039,118.2486
765.8573,198.8377,44.3230,117.7190
760.7479,197.1174,44.6884,118.2124
758.2338,196.7235,45.3144,118.6813
757.9268,201.3721,45.9340,119.3304
758.8116,203.8227,45.4611,118.6994
756.6755,201.7303,44.2291,118.5109
760.1476,197.4527,44.3014,118.5610
765.2238,190.3685,46.2118,117.8515
770.0402,197.5457,49.0400,118.7116
771.9832,205.1545,52.6113,118.4557
760.6982,207.4515,54.6710,118.5628
764.1953,208.8431,57.4886,117.6509
765.4177,210.8100,57.5340,120.2944
762.4396,211.1745,55.6502,124.7031
759.6417,214.8353,53.2994,129.2909
764.6730,215.8663,51.2115,130.5646
770.2314,213.5644,49.1765,133.1116
769.0651,209.7557,49.2818,134.6703
774.0224,212.3334,50.6752,134.8968
781.7141,208.0607,51.3045,134.1903
787.5062,206.4485,50.2531,133.6200
794.4642,214.2168,49.2503,132.6127
812.6222,206.8272,47.4979,135.0487
820.5039,203.9478,49.1161,134.5304
824.5284,215.2941,52.3293,137.4851
830.9333,221.7879,59.1521,136.0788
852.3321,216.4396,61.8290,136.3898
866.1414,207.4003,63.1798,137.1520
878.8472,201.3679,60.6076,138.9141
886.8115,192.4832,58.1226,143.5681
886.4837,193.1900,55.9367,152.1015
879.6652,193.3739,54.6666,157.4458
874.2507,189.3246,54.5811,161.1080
870.4133,188.3488,56.0291,164.4700
868.4259,189.0603,58.7665,160.6657
871.1300,185.4221,60.4389,157.3901
865.3722,184.4518,60.5927,157.4574
856.9453,184.5048,59.7899,156.3970
853.8141,188.6696,61.1437,158.5376
860.0598,186.5372,59.2516,165.8717
864.8954,185.7332,56.8278,172.1774
867.2016,189.7510,55.3803,174.4267
857.8218,194.3317,59.4330,173.4541
847.9586,204.2126,60.6864,173.2650
831.5275,212.9440,64.0564,169.4087
837.3811,225.1011,68.8634,162.0972
846.1399,235.1536,73.7283,156.5734
855.2004,248.6082,79.1362,148.4364
853.4796,248.7583,79.0820,145.1227
854.9946,240.1871,80.2068,145.7400
832.1636,235.1035,83.8309,142.9777
833.5135,239.5636,84.5651,143.6419
832.4717,247.6311,83.2900,146.1893
842.3354,241.4857,79.2761,150.9140
838.7334,240.2029,77.4838,152.4750
846.4809,240.7861,78.6235,153.0255
841.7665,229.6399,79.2069,154.5194
838.2209,225.8075,77.4121,152.6206
854.5497,229.2466,76.3333,148.8209
854.7957,233.8777,76.0160,144.0765
849.7911,229.0182,74.8555,141.1045
830.9159,224.0314,80.3313,137.7940
826.7944,226.3579,76.5445,143.6491
792.5212,250.0927,74.1012,149.2871
800.5415,246.7466,70.0422,154.7838
830.2326,236.0823,65.0551,161.5156
859.1075,246.7587,68.6760,155.8758
853.4821,228.6606,71.0858,151.1637
854.9705,218.0501,71.8034,149.5834
855.5458,214.9204,73.6574,151.5258
849.1785,216.8960,74.0852,153.1411
820.5280,253.1755,74.8142,153.1717
831.6792,262.0031,79.1686,146.4809
843.5634,265.8868,81.8877,142.3135
862.1896,289.5216,80.8016,139.1544
846.1572,295.8922,81.1790,135.4904
834.4349,303.9845,84.1767,132.8011
832.5621,308.9371,85.7151,134.1400
837.0801,317.3550,87.2302,136.6639
818.8453,332.2367,88.5320,137.8199
766.8630,341.5735,85.4792,144.5134
763.7596,334.0653,77.6237,158.1015
758.2758,307.2607,70.8913,178.1369
751.4668,289.4510,67.5707,192.1377
754.8879,270.8071,71.3290,191.2289
689.5837,194.3346,88.5487,173.1272
656.8005,189.1889,105.9011,156.8419
634.7538,200.7180,118.1740,145.2766
601.6058,228.8286,123.5735,137.2106
586.5041,214.0467,122.2804,132.8006
590.0446,219.2494,116.5856,133.5119
588.8812,232.7559,111.8357,136.6153
596.1074,237.6929,107.8721,138.9762
595.8790,236.4806,98.4228,145.5386
605.1818,238.7483,90.2417,153.6045
607.5506,262.6191,89.4409,149.8906
616.1671,278.8539,89.4230,145.0997
615.2752,289.2885,92.0128,138.6241
634.0671,306.7845,100.8774,127.4369
657.1741,324.8490,100.1850,122.6808
648.8162,320.4559,104.9367,116.2122
659.3013,324.7993,108.0164,113.5099
654.8759,314.5177,111.0758,113.0541
657.6452,302.9043,107.1674,119.7852
657.1185,289.8321,106.3829,122.6108
654.6344,286.1635,100.7727,132.5417
656.7296,281.2888,93.5331,144.6077
666.3390,260.8620,83.5152,161.3229
667.7723,231.1145,76.7336,170.1046
666.0394,198.7687,71.9591,179.3656
658.7472,171.5102,67.9175,189.6440
646.5247,153.0064,65.3944,193.0513
633.2110,157.3079,65.8152,194.9187
621.4477,161.8995,66.7955,199.2935
616.4556,161.7995,67.3291,202.2174
612.6989,172.2747,66.4141,207.4376
611.2545,178.3958,67.3676,217.1584
599.9498,205.4829,67.6326,224.0502
598.9328,221.7429,66.6788,232.0338
598.2757,269.5247,70.1114,227.8427
592.9906,286.8318,75.3975,222.1546
586.0406,308.2727,77.3581,227.2751
572.1647,331.7217,78.4659,226.1129
577.6344,338.0001,78.2680,220.5798
583.2135,344.9852,78.4176,218.7185
