1
527.1462,58.1488,19.0682,19.7578
526.4250,66.3469,18.7320,19.4258
523.6007,80.3623,18.4818,18.8100
524.1771,89.3796,17.9609,18.7890
520.7985,106.3455,17.9224,18.3104
520.2401,114.8465,17.3243,18.8028
518.6923,127.6161,16.7590,18.5963
509.7024,142.9980,18.1066,17.7606
511.4042,155.0283,17.4060,18.3097
519.6050,165.6836,17.7524,17.6908
529.4803,170.7179,17.9669,17.3938
540.2765,177.5839,18.2453,16.5711
534.8856,173.2789,18.2675,16.5581
2
0
0
0
0
1
606.8708,255.6804,13.2201,13.8343
611.1420,262.1992,12.4834,14.2696
612.3811,268.2025,12.7713,13.8811
617.0951,266.0333,12.6874,13.5979
621.2408,265.1186,12.5221,13.3111
624.8519,267.3823,12.5937,13.3178
627.0610,266.4021,13.0643,12.9241
629.5633,268.4061,13.7605,12.5958
635.1442,270.7899,12.9467,13.2999
635.6137,273.2764,12.6360,13.4604
640.7029,270.0780,12.2215,13.7682
642.0131,270.2570,12.1355,13.4973
642.1761,268.9036,12.2328,13.1837
644.0428,269.3843,12.7325,13.1840
644.9635,269.8841,12.3992,13.1127
646.4092,272.6733,12.0650,13.1136
646.8177,275.4055,11.6748,12.9226
646.6849,278.4944,11.4334,13.0730
652.0471,277.5329,11.9254,12.7216
652.2542,277.4438,11.7371,12.7633
654.0811,277.1337,11.9312,12.7953
