1
294.7574,154.2884,46.0116,150.5704
294.4402,152.4995,48.2268,151.6405
295.1900,153.6079,49.3576,151.7283
295.6563,153.3282,50.1871,152.4214
296.3577,154.4164,50.6511,152.0991
294.9017,153.0704,51.2281,153.3630
297.1600,153.4955,50.9373,152.8123
295.1504,154.9095,49.9930,151.5337
298.1139,155.5912,49.5148,150.4182
297.4682,156.6813,48.8291,149.0832
296.7871,156.9086,48.3764,147.6666
294.3026,158.3802,47.3308,146.6271
293.5296,157.0221,46.5217,146.4784
290.9829,157.4197,45.6434,145.1483
288.3841,159.2404,45.3450,144.0190
286.2993,156.6163,45.1370,143.7615
284.3410,160.1147,44.9343,142.8442
282.2014,158.8675,45.8488,142.0675
279.1490,162.0071,46.9252,140.8629
276.2015,161.2814,47.7446,140.9099
273.0139,160.2932,48.8983,141.6497
271.3303,161.6800,50.6291,140.9731
270.4373,161.4861,51.6389,140.9032
270.0615,164.4955,52.4993,140.0495
270.5019,163.2089,52.9202,140.3823
269.1425,161.8564,53.2354,140.9019
267.6541,163.7282,52.9593,140.5917
265.8079,164.7793,52.6144,140.5251
266.1310,167.3329,52.8901,140.1217
264.6838,167.9738,51.5818,139.4037
263.5187,168.0075,51.2339,138.8730
261.9833,172.5743,50.9622,138.2628
261.1614,173.3853,50.5240,137.0379
259.3455,173.7085,49.6679,136.3573
261.2396,175.0440,49.5124,135.8481
257.5181,176.3809,49.4580,134.3318
255.3662,173.7087,49.9084,134.3046
254.2433,175.3968,49.7769,134.2335
251.0298,174.3284,49.1940,134.8892
248.9203,176.5080,49.2484,134.5242
248.1876,172.6032,49.2118,135.0911
246.0562,170.8190,49.2736,135.0362
245.2671,172.7494,49.6137,135.2395
250.2013,174.4506,48.0927,136.5545
247.4029,170.2664,48.3640,136.9714
250.6661,171.3029,47.3222,138.7200
254.3595,171.9734,45.9764,138.3378
255.0350,166.0183,45.8968,139.5212
251.9855,166.1132,46.7070,139.7724
250.3174,166.0460,47.3449,139.7379
248.2293,168.2391,47.8779,140.4947
252.4585,163.3314,45.8063,142.7309
246.3640,163.4170,46.9031,143.3834
249.7828,165.7244,46.4347,140.5228
251.7517,159.7980,45.0581,142.6015
253.2194,155.1203,43.5768,145.2012
251.2160,150.9505,43.6873,147.7840
251.9119,146.9926,44.6197,150.1813
249.5531,144.0259,46.4560,152.8211
245.9906,144.0333,50.2552,154.1095
239.9840,143.0154,52.3911,156.1933
238.2186,141.5890,52.3480,156.8355
241.2712,144.5488,52.0871,155.8281
241.0798,142.2863,51.9727,155.6379
239.4757,140.4688,53.0789,155.0719
240.0297,143.5671,55.1314,152.7471
239.4790,146.3374,55.4127,150.4666
239.1942,145.1165,54.6647,148.8600
239.8728,147.6425,54.8629,146.3491
240.2857,150.0877,56.5670,143.8347
241.2469,149.4269,56.1886,142.2543
240.6760,145.8418,56.8337,143.3201
236.7879,148.6194,56.7609,143.7100
239.8436,145.3893,56.5204,144.5589
239.0704,147.1518,57.7361,143.7905
235.9146,145.8115,58.1917,143.1313
236.9736,146.4474,58.6724,142.4822
233.6027,146.8206,58.3605,141.5039
236.9080,144.7180,58.5688,142.8272
234.7995,147.5385,59.9999,143.0835
234.0382,146.3535,61.6961,142.8358
234.0815,146.1886,62.2833,141.7353
235.0361,145.7334,62.1446,141.6476
235.3936,145.1014,63.0144,141.7315
236.2773,146.0575,62.6157,142.1082
235.3337,144.9545,63.1451,142.5235
236.2088,146.2460,63.6895,143.2233
237.0968,145.0134,62.9902,143.0763
236.2092,144.3031,63.8108,142.4650
238.0645,143.9633,64.5113,143.7799
239.4796,144.7533,64.3859,143.6421
241.0182,142.8821,63.7919,143.8737
242.5167,142.7759,62.8934,144.2174
242.7396,144.4252,63.1864,143.8490
244.8681,143.6716,61.9281,144.8695
247.5437,142.5208,60.6630,146.3873
250.5631,143.1685,59.9481,147.5239
248.1605,141.0507,61.1428,148.5170
254.9648,138.3418,58.9898,150.2551
251.9434,139.8530,60.5081,151.2775
258.8539,141.6415,58.1973,151.0903
258.5453,138.3667,57.9682,152.0960
256.5593,140.2539,59.1369,151.0664
265.7928,139.9368,55.9120,152.0715
272.3015,141.6883,52.5501,155.4700
262.7704,158.7125,56.1510,158.4216
266.4684,196.7294,59.3608,152.6176
269.9224,198.4516,62.4102,148.4986
2
0
0
0
0
1
282.6065,153.5074,54.7155,145.6530
283.4314,156.6087,60.1341,144.7140
286.5065,147.6703,64.1902,147.6851
287.9817,141.0623,69.7307,145.2305
295.0908,133.4479,69.3731,147.7323
316.8258,120.0826,70.4722,151.9787
2
0
0
0
0
1
277.9535,150.3293,46.1173,98.6973
276.5298,152.9298,47.3385,103.0613
274.7391,154.3744,48.4808,107.7392
273.8080,153.7033,48.4267,113.4321
273.0366,153.5305,48.6099,117.9800
271.3546,152.9209,49.8778,120.1406
268.6737,152.3774,51.1452,121.9445
266.8038,151.4286,52.6401,123.9016
265.1672,151.2648,53.8560,125.1602
264.3393,151.9271,54.5960,126.5694
264.0885,152.6333,55.5812,129.3294
263.9183,151.9967,56.0582,132.5708
264.1425,151.9700,56.6231,135.2976
264.4369,150.9369,56.8605,136.2921
263.2217,150.3041,56.7520,138.6935
262.5962,150.6886,56.7991,140.2977
261.4394,149.5345,55.6429,143.4244
269.6138,150.6560,53.1786,146.1359
268.2141,147.1396,52.5899,148.5052
266.7672,145.7190,53.2307,150.4533
271.8800,146.5922,51.3456,149.2053
271.9063,148.8033,51.7800,149.3754
273.2518,148.5475,51.9272,150.3029
271.6201,150.3009,52.3678,150.8970
270.5193,147.5389,53.5918,149.4867
272.7321,150.8797,54.5570,150.0066
273.2239,149.3037,54.1106,149.7511
275.3036,153.7178,54.1788,149.2709
278.1826,159.1320,54.6133,147.6709
278.7897,155.2042,53.4046,149.0445
276.9429,150.1648,53.0738,148.8349
275.4763,152.3217,52.3671,148.8869
275.7326,155.0618,51.8332,148.9068
274.2540,158.1810,51.9938,150.4855
273.0139,155.7124,51.9548,150.7565
271.3837,150.9638,52.8676,150.1949
269.1882,156.8026,52.5721,150.3889
271.9296,158.6462,53.5122,151.3480
268.0119,157.4001,54.0324,152.3533
272.4090,160.0171,55.7017,152.6087
268.6266,159.3100,56.0025,155.0754
271.8189,159.4946,57.9718,156.1061
269.3192,159.2424,58.7218,157.6673
274.5602,159.3086,62.0677,157.3880
271.8281,158.8599,62.4396,159.0385
269.7825,158.9526,63.0844,159.6641
276.0849,160.0335,66.9738,157.9264
274.0658,165.6552,69.5803,156.5370
277.2917,163.4028,70.6428,155.0488
276.7805,164.8135,72.4327,152.5836
276.2061,163.4674,73.0106,153.4095
274.1751,164.5257,73.4361,154.3601
275.6296,163.5355,74.5048,154.4181
272.9729,164.5726,75.5990,154.6767
271.1886,164.4273,75.8542,156.3776
277.8459,164.3085,74.0686,157.6827
279.1848,167.0082,74.1744,156.9828
277.0634,167.5189,74.3271,157.7041
283.5061,164.5521,71.5852,159.7741
279.7097,165.6118,71.3482,160.5625
287.2409,163.9004,67.7930,161.6282
283.8636,160.0164,66.3832,162.5312
280.8577,158.9251,65.7166,162.3163
289.5458,160.9899,62.8520,163.3497
285.9874,160.2665,60.5317,163.1547
290.0192,159.7875,59.9969,162.9447
287.6121,161.4384,60.2268,163.6205
292.8490,163.1318,61.3587,161.8445
292.7010,166.5957,63.3722,159.5513
291.9630,169.7389,65.4066,158.8582
286.1278,166.5703,66.0411,159.5300
281.4123,168.2677,67.3124,159.2136
285.5854,165.0662,68.5031,160.5086
280.9544,162.2355,68.3960,162.3485
279.0306,162.3842,69.4998,162.9729
280.9809,160.1267,71.8590,164.3190
285.6348,148.4979,75.1297,168.6883
292.3822,140.1190,77.7823,176.1364
302.5477,130.3389,80.8502,181.4554
309.2782,132.6104,80.6537,181.6504
304.8274,134.1005,80.0900,181.7771
301.9578,135.3083,79.7277,183.5695
300.0378,133.3921,78.0883,184.2758
297.7269,130.9194,78.5303,183.7844
299.1013,132.8306,80.0740,183.5032
300.6547,134.7137,82.1957,179.0009
296.6330,136.8733,83.9460,175.4993
296.7755,141.5686,84.0873,172.1069
286.8857,138.5721,85.7266,168.0998
282.6424,137.0740,85.9208,164.4959
275.3253,136.3073,86.2260,162.7943
270.0713,138.7537,86.3063,162.9942
265.3647,143.1043,89.3920,159.4874
254.9006,138.5486,91.3981,158.2010
246.5319,135.2131,88.9562,159.0495
240.8018,131.2147,84.6576,161.8873
237.4584,130.7614,81.4688,163.7368
292.6557,161.7464,83.1850,157.4533
295.7391,172.4006,83.7002,154.9187
295.8347,166.7413,81.5408,151.4039
299.8539,170.8674,78.3894,149.3052
299.3773,168.6996,76.1343,148.5045
297.0705,167.7129,73.7944,150.7119
301.9851,167.2733,71.0324,151.9762
305.4739,165.8328,69.2991,152.5590
305.2949,165.5582,68.6155,151.1713
308.2239,168.4643,68.3539,148.7101
311.6467,169.8296,67.7322,147.4967
310.4891,171.6508,68.3797,150.0754
317.2809,174.4033,68.8430,149.1543
315.8026,172.0261,69.0079,150.7433
314.7516,172.8542,69.4688,153.5359
321.8412,172.0521,69.8176,154.6546
327.6012,172.1873,68.5942,152.8645
325.5122,171.4359,70.2897,152.5160
331.9196,174.5201,69.0261,151.0286
333.1513,176.9985,69.1263,149.3390
335.3572,178.7530,68.7974,147.8517
333.7667,175.3278,69.1803,149.1717
334.7946,175.7180,69.5687,151.7580
337.7031,177.6443,69.3874,150.8841
341.2543,176.5595,68.0528,149.2915
342.9838,178.8252,67.5453,148.2737
338.9705,171.2329,66.9759,151.0401
339.1598,167.7616,65.5556,153.1914
347.1718,168.3616,64.5921,152.2099
349.4728,167.4502,64.2276,151.2138
352.0481,167.6605,63.7904,151.5406
351.9305,166.3533,63.2580,150.7324
358.5190,168.9642,63.1883,151.4506
361.2821,169.6332,63.1429,151.2959
362.5462,169.0005,63.8217,151.0525
366.7399,168.6667,64.4234,150.8521
370.8278,170.9390,64.3873,150.8941
370.0554,168.9737,64.9983,153.0528
376.0293,168.3511,63.8909,154.9012
380.8796,168.3009,63.4762,155.6758
381.9954,163.2529,63.9669,155.1332
384.5821,167.0322,63.4268,153.0227
383.2640,165.2934,64.5616,151.2907
383.0294,170.0944,64.1797,152.3238
388.5216,167.0732,62.5851,150.0552
388.9054,168.9637,61.9928,149.2025
388.0830,169.4086,61.7972,150.0616
391.9604,172.1664,63.0593,150.2708
390.6880,176.1942,62.8970,149.8523
390.7930,177.5830,63.0960,151.1689
391.8170,178.6839,64.4080,151.6306
392.7791,181.8516,67.6262,150.8148
393.0640,182.7923,71.1540,150.5449
398.5856,180.9807,75.9444,149.5112
393.1434,185.0918,80.0541,149.4641
399.2518,182.8947,84.1286,150.5876
404.7448,179.1551,88.1790,151.6100
403.3520,178.2878,89.7981,154.4884
406.4103,174.4964,88.2210,158.1206
409.9816,170.1708,85.6997,161.2340
418.4683,167.9799,82.0776,164.6794
418.8146,166.1525,80.2372,164.8332
418.5739,162.9159,78.2367,164.6889
420.1909,159.9182,76.2769,164.9605
420.8028,158.8224,74.6287,161.9229
420.9826,160.1980,72.8968,159.2175
421.6615,163.0215,71.0928,159.1984
422.6822,161.4894,70.1413,157.5224
423.4935,164.3762,68.0912,157.8207
424.0395,163.4206,66.4374,157.4850
424.1823,166.3677,65.8817,158.5122
421.4312,164.7729,65.7620,158.1983
418.3228,166.4357,65.9782,158.6084
415.8098,164.3634,66.2241,157.5255
413.8105,164.4629,66.7336,157.0066
412.1793,169.4984,67.5309,158.4062
410.2944,167.5155,68.1026,159.4452
405.2740,167.0492,68.2460,159.9898
402.2037,166.4464,66.8922,161.8931
398.2487,165.8715,65.4231,162.4080
395.5065,164.9978,64.8281,162.0004
394.0710,165.0480,64.7988,162.6201
391.5711,162.8294,64.6706,164.2906
389.4900,161.2814,64.5566,163.1829
390.0479,164.7667,64.2861,162.0552
389.8081,166.6074,64.5903,161.0142
388.7628,162.8947,64.4724,160.8629
389.8734,162.7100,64.5553,162.6933
390.0742,161.8766,63.8399,165.4376
390.0130,161.6602,63.2780,165.1434
391.4180,162.4977,61.7675,166.3376
392.6296,159.1299,60.6771,167.3526
393.5883,153.4726,59.1556,168.6334
395.6496,154.9985,58.4037,167.7773
395.9001,153.4810,58.2307,166.1134
396.3903,150.7122,57.8650,162.7296
395.4890,148.1073,57.0180,161.4397
395.2599,153.4950,55.7022,160.0211
395.7981,152.8083,54.7212,159.8130
397.2252,154.1295,54.1279,160.4935
397.5458,157.5288,54.2416,159.9559
397.9578,155.6389,53.9626,158.7364
397.8485,156.4639,53.2985,157.4689
394.8304,151.3275,51.9055,156.8348
395.9970,151.6888,50.3669,158.8341
397.8338,153.3169,50.5275,160.5222
397.9755,154.1277,51.5032,162.7776
397.7361,152.0686,52.2265,162.2096
401.1430,145.9555,51.3795,158.1627
403.5752,148.6347,49.9479,159.5563
405.1604,148.8429,49.4680,159.0840
407.0978,154.9565,50.6536,156.2645
406.3905,151.3100,50.0195,159.9374
408.3212,152.1780,51.3801,158.5739
408.9077,153.4251,51.7936,158.9758
409.1434,146.6419,52.0552,160.1430
409.8455,146.1334,53.0981,161.7402
410.0670,141.9248,54.0369,163.5444
409.5656,141.4587,55.2419,166.0625
410.4168,140.3453,56.5556,166.6811
412.0422,139.6336,55.9354,167.1305
411.7993,139.0258,54.9092,167.7346
411.6385,139.6712,54.0750,168.0223
411.9527,140.7764,54.3453,167.4113
406.5400,139.6107,54.9031,166.5975
408.1548,138.7402,53.9069,166.8546
405.7519,138.1427,54.7101,167.2726
400.0248,137.1253,54.8558,168.3009
400.6539,136.9087,55.5341,168.8763
394.6110,134.6822,55.7496,169.6826
390.2323,132.6732,55.6104,170.8921
390.2648,132.2266,56.1899,172.4343
385.2233,132.5188,56.2491,174.0944
385.1291,129.7390,57.4414,174.4194
379.8480,131.5326,57.4274,175.8609
379.4001,129.5738,58.5262,176.8383
375.5032,129.2768,59.6479,178.1395
373.4843,128.0490,59.5785,179.2332
371.5784,127.7470,59.1900,180.1360
370.3910,127.3289,58.5376,180.6695
369.3872,125.9811,58.4537,180.5226
367.4711,126.5222,58.0268,180.8288
367.2753,124.6919,57.9495,180.4025
364.5429,121.8915,57.4517,179.4668
362.3972,118.8712,57.4897,178.8346
364.8174,119.9839,57.0522,177.7480
361.9521,118.2334,57.1866,177.6187
364.2256,116.6081,58.2167,175.7349
364.7173,119.3155,58.4059,176.1270
362.3876,120.4384,58.7273,176.5014
360.6036,120.8500,58.4733,177.8329
360.0334,120.9830,58.5262,177.9810
359.8562,121.2288,58.8462,177.0232
356.8356,119.7078,58.9687,177.2233
357.7197,120.7433,58.9587,175.4327
354.9400,123.4545,59.6927,174.0286
355.1697,122.4449,60.0536,171.8050
352.6254,124.8152,60.2719,171.6514
351.9951,122.4186,60.9589,170.9704
351.8552,126.4653,60.8716,171.8048
350.7196,128.7512,60.5805,172.1547
348.5949,126.3481,60.3522,171.2222
347.5359,124.8885,60.0014,172.3927
345.6907,126.8245,58.8321,173.0745
343.7153,124.2005,58.5016,173.7605
341.8684,125.5033,58.1868,174.2956
339.4857,129.1124,57.9089,174.9877
345.3964,132.4612,56.4100,172.9639
342.3720,137.4369,54.4312,171.1409
340.0236,135.8910,53.4709,171.6028
337.4344,135.3113,53.3285,170.6217
333.3988,126.7710,52.6678,166.7192
330.3848,129.8663,52.1116,164.5778
327.8463,125.8151,52.0045,162.8786
325.5565,125.6653,51.6942,161.9265
323.2750,124.6337,51.1858,161.3552
320.1524,127.5010,50.4736,162.7923
317.1626,128.2409,50.2693,163.0222
314.2451,128.4389,49.6048,163.6340
311.3330,130.7043,49.0617,163.7095
309.3800,130.6864,48.4922,161.9897
305.6999,131.5899,48.1086,161.7846
302.3228,133.5800,48.6833,161.4775
299.4885,134.3296,49.0546,161.7536
294.0657,131.5160,49.3553,161.3796
291.9675,133.8738,51.4823,160.9144
288.7979,134.1226,52.0263,161.9620
287.4748,133.9900,52.6867,160.6714
288.9043,135.1330,53.9294,159.9676
289.4078,135.5047,55.4654,158.1999
283.3637,135.0861,58.4245,156.0154
281.9128,134.5710,59.6181,154.5240
282.0391,137.1293,60.2218,154.9060
274.3378,136.4188,60.7117,152.3388
277.0883,135.6828,60.0508,150.9910
274.7162,138.0531,60.0083,150.6765
272.2912,137.6937,60.1446,149.7570
279.4515,138.1461,59.4745,149.1133
282.1600,137.2581,58.5951,149.2232
279.3720,138.1856,58.8655,148.7359
278.2239,137.3266,59.2777,148.5163
279.6114,139.7990,59.8918,149.6073
274.7506,140.9791,59.8210,150.6977
273.3617,140.6915,60.5239,151.5914
272.5890,141.7409,61.0408,152.7182
271.1754,144.1342,61.2653,153.5969
268.9195,144.4841,62.1445,153.5199
266.2657,145.2189,63.5760,153.0177
265.1178,145.4122,66.3083,151.2634
263.9190,143.7483,68.9778,148.3919
262.1682,144.4286,70.1557,146.0314
259.5129,144.9019,70.5910,142.8154
256.7123,145.0286,71.0254,139.1987
253.9661,148.8965,71.7499,138.4520
252.3835,151.0332,70.9520,137.6278
251.4704,152.0553,69.9944,137.3574
251.5106,151.3544,69.5224,137.9072
251.3435,154.4574,69.0341,141.2296
251.3682,152.9770,69.4431,142.5451
251.1583,154.7827,70.3032,144.4021
262.2653,155.3826,67.0694,145.8430
261.2723,156.5285,66.6568,148.5052
258.9150,157.3395,68.2226,151.6453
257.7129,157.1294,69.5843,154.6355
268.9624,154.4368,66.6926,156.3300
266.0011,152.6058,66.4240,158.3750
262.4517,150.6249,67.8575,158.9504
271.4799,147.1238,64.3744,159.1044
268.5869,151.4293,63.4149,162.1924
273.7340,144.3586,62.0106,158.8595
274.0485,142.7306,60.3779,153.6957
271.7251,137.7735,60.2461,149.3005
272.2626,138.7546,61.4315,145.5001
272.0949,138.3694,61.7495,143.9363
272.0553,134.0926,63.4415,141.6146
267.5644,122.8444,64.9588,138.5412
271.3522,114.3461,66.1569,135.9539
266.2881,115.7186,65.0887,135.2109
267.0637,111.9799,64.9802,133.9851
265.4039,112.2730,63.1876,138.2315
264.3578,113.7955,63.3725,138.7834
262.1891,110.1327,62.3814,140.7419
260.3492,113.3096,62.9994,140.1957
257.5762,113.9270,62.5591,142.9850
256.2065,112.5606,63.3461,144.7490
253.5928,100.9744,64.7914,145.6534
241.3512,74.5941,65.2307,144.0356
242.0850,80.2855,65.8429,141.4737
240.7981,71.6265,65.7606,139.4306
239.0547,71.8577,66.8753,134.5859
236.5618,66.0036,65.9606,132.1084
236.1197,65.7036,65.5391,131.1251
237.9961,76.7504,64.7752,129.9749
241.1206,79.3839,64.1569,128.1670
244.4568,83.1240,63.1665,128.8259
249.6101,87.7200,63.2579,127.5311
253.4311,103.6912,62.1062,127.3776
257.2898,115.2853,62.1938,128.3454
257.2755,120.5305,62.9657,128.9314
256.7375,122.2209,63.0210,129.8052
252.6076,123.6556,63.5771,129.7552
250.7876,122.6255,64.5420,128.3150
252.5065,121.9220,65.1692,127.6721
248.7341,112.2220,64.9150,128.2547
246.3819,109.3093,64.6829,129.4287
248.6855,112.5227,65.0651,128.1575
245.9239,109.2065,64.9531,128.4778
241.5389,103.0964,64.6942,129.2082
242.1976,99.1878,63.5680,131.0271
238.4441,95.5853,63.6892,131.7370
239.3308,84.8791,62.5592,133.1646
239.7537,92.0305,62.8205,131.2740
238.0685,93.5106,62.9159,131.8644
237.0830,80.2822,62.9168,131.8988
235.7741,78.7003,62.2883,131.8482
236.3157,79.2117,62.4985,130.9247
237.8461,82.4124,63.1488,130.5605
239.2914,83.0855,63.7158,130.6354
240.0677,85.0955,63.9855,131.8161
239.3436,82.1204,63.8926,133.9300
242.3287,82.5866,64.1073,136.1402
241.3105,77.4229,64.3151,137.9705
243.1264,72.1582,64.6116,139.7878
245.0261,73.5989,65.2506,140.4476
245.4892,68.0735,65.1175,139.7153
244.6527,77.4196,66.8483,139.2753
246.5642,84.1629,67.6700,141.7757
245.3291,79.3660,68.5636,143.2000
244.5965,74.5243,69.2218,143.7741
247.3721,70.7579,68.8015,143.4053
245.2733,78.8836,68.6786,143.8971
240.2842,65.9980,69.2036,145.3432
242.8317,74.2192,69.0428,145.6770
246.8596,72.7511,67.4689,146.3018
249.9500,82.1404,66.3227,144.8867
249.0888,87.2982,66.2159,144.0202
244.5149,78.5311,66.7177,146.1081
247.1687,69.8041,66.7825,147.3139
248.1864,69.5074,67.4022,148.9568
249.3167,80.3327,67.1601,149.7796
248.0192,76.6353,67.5805,150.6594
248.0700,73.8569,68.3144,150.1190
248.2176,71.0145,68.3566,149.0373
241.0035,67.6004,68.3745,148.3220
244.6670,64.7063,67.7332,148.1646
244.0110,67.9258,68.9163,145.0286
237.0616,66.2402,69.3145,144.7584
238.3726,62.3623,69.1210,145.2081
238.1860,73.1207,69.5539,143.5869
239.7825,72.7195,68.7428,143.1076
243.5869,69.9460,67.8612,141.6497
242.2516,68.3641,69.4937,138.4722
239.3675,72.6592,70.9419,135.9573
238.9196,69.6676,70.6169,134.7104
235.5162,69.3171,72.0570,134.7376
227.3750,65.0552,72.3912,136.4795
226.9702,61.5785,73.7966,135.9144
231.3096,66.8972,74.0597,135.7324
226.0166,69.4168,73.4048,137.8353
230.0852,73.6338,72.4722,138.7354
223.2291,58.7778,72.6909,139.1935
224.2769,60.0215,72.4270,138.7083
224.0961,62.2663,72.0295,139.0808
225.2377,61.5385,72.2926,137.3201
219.6764,58.9383,71.6686,139.0198
225.1793,63.0715,71.1347,141.0622
224.3861,57.8384,70.8810,139.4345
219.6311,58.2219,72.0637,141.0087
222.8821,63.2562,71.5143,142.1688
214.7112,52.0400,71.7908,141.2819
219.4810,57.1878,69.9072,142.4660
221.8808,56.7857,68.3251,142.3645
215.6667,51.1509,69.0068,141.4031
222.7431,54.0652,66.9298,142.1955
221.8195,51.5315,66.3903,142.6283
222.5500,49.1566,65.9083,142.5483
223.7854,49.4262,65.2162,142.2768
221.4413,45.3417,64.9505,143.1798
223.8535,42.6329,64.7050,141.9787
222.2768,40.9135,64.8013,142.1501
221.3759,41.4386,64.3375,142.7672
218.2598,35.3560,65.1462,143.3302
213.8318,34.9575,65.1237,142.2571
217.3354,34.3037,66.7079,141.0677
215.3535,35.0434,66.9986,140.4561
215.4377,37.6039,66.8132,141.6272
213.9375,36.2540,66.5147,142.4683
214.9357,39.0056,66.3997,142.3848
214.5193,33.5202,66.4055,141.0544
214.2813,37.1368,65.6063,140.6674
211.7213,37.0548,65.4278,141.0975
205.6801,35.9583,64.8755,141.7005
209.0310,32.4610,64.4547,139.9357
212.1318,32.4026,63.3736,139.4614
207.6168,28.3659,63.4414,139.2794
204.9159,29.5354,63.5576,139.7680
214.1299,29.5714,61.7524,142.3559
210.1529,27.5384,61.9080,142.8536
214.6270,30.8976,60.5446,144.5945
210.4140,26.3358,61.2896,146.6388
207.5514,28.2445,62.2432,147.7576
204.7776,25.4513,63.6595,149.8159
211.5128,17.3774,62.4469,148.6997
211.9158,21.5785,62.7738,149.2945
213.1034,21.4376,62.9648,149.6847
212.3969,21.8962,63.5773,147.4721
215.3605,23.0401,63.7592,144.6397
215.1191,22.1379,64.4694,143.2144
217.9085,25.4349,64.2032,142.4274
213.3553,24.2507,63.9852,141.2771
217.0937,30.7572,63.5704,140.4964
216.4613,29.7956,64.4685,139.2725
215.6171,31.2746,64.5847,137.0102
214.5976,27.4529,65.5776,131.8237
212.8018,31.8074,67.2233,126.3587
211.1751,33.2880,65.9738,123.6068
210.5045,32.1046,63.8722,123.6585
211.6251,32.5271,64.5781,124.5849
212.9538,29.0841,64.9729,124.1471
213.4195,28.3636,64.9062,124.9840
212.6073,28.3822,63.8845,128.9347
211.5107,28.0951,64.1953,131.2786
210.2449,27.9076,64.8519,133.7221
209.1115,30.9506,65.8088,135.4405
216.2107,32.1749,63.8169,136.8207
215.4602,26.7344,63.8182,137.0281
216.5526,29.7506,64.2720,136.5232
218.3825,34.0446,64.0100,136.8137
218.6700,37.6412,64.6860,138.0769
221.4285,40.9050,64.4894,139.0235
219.0607,42.9056,65.2343,139.8384
222.6343,47.2145,65.2246,141.6703
220.4359,48.6616,65.4348,144.0130
222.9686,52.2262,65.8625,146.0527
223.6006,52.1582,67.5003,144.8755
226.2533,50.7199,67.1541,143.9014
225.6741,52.6121,67.1247,142.1853
228.6115,56.2169,65.9326,140.0354
229.4172,57.2002,65.1989,139.6144
231.3800,56.1627,63.8149,137.8368
234.3991,56.3250,62.9643,137.1736
236.7365,56.2842,62.1986,136.8303
237.0362,52.5027,62.1872,136.8918
235.6426,54.4623,62.9562,138.8719
240.3643,55.0096,63.6400,138.6145
243.9090,57.1232,64.3286,139.7694
242.7135,54.2157,64.9858,140.5495
244.6505,51.3783,66.7549,141.5985
244.3959,56.0735,66.6712,141.4114
240.3431,56.1645,67.3497,142.6381
246.5087,53.9122,66.8236,145.7859
245.5517,53.5742,67.4123,148.4912
243.4603,54.0644,67.4082,149.1049
250.2779,53.0140,65.4512,150.4919
252.6935,49.0378,64.0924,151.5529
253.1599,36.4736,63.6164,155.2647
255.2217,37.4238,61.5867,160.1318
257.3987,35.5859,60.6485,162.9303
259.1573,28.0271,60.9642,165.5513
260.3733,31.6432,60.2955,167.1199
261.3294,30.1479,60.6606,167.2196
263.4143,26.7850,61.0535,167.9796
267.7976,22.7699,63.2437,168.0387
267.3796,22.3911,65.7827,167.4471
269.2575,25.4862,66.3164,166.2922
272.7091,22.7439,67.8808,166.0985
270.7103,24.0815,68.0813,166.0738
271.8470,25.2474,69.0022,165.2131
274.4845,25.7926,70.2084,164.5828
278.3564,27.3930,70.0582,163.6976
279.1501,26.1410,70.1391,163.1883
281.3335,28.1554,70.5612,162.6838
294.1469,21.9440,72.0792,165.1174
299.4443,18.4464,72.6107,167.5420
302.7440,18.1622,73.2722,169.4606
292.1758,25.4624,73.4620,169.0375
299.2212,19.2787,74.1273,170.0821
307.1287,17.2263,74.4331,171.8611
311.7657,12.8832,73.5790,174.7072
314.9376,15.5002,73.6197,174.6496
319.7539,15.7152,72.2416,175.2945
326.0023,13.2311,69.8985,176.8379
324.2531,18.1229,69.9191,175.4531
327.0063,15.6580,68.9489,175.1844
317.9117,16.0398,71.5004,178.1079
325.6351,15.3873,71.0793,177.5336
327.7120,17.5532,70.6866,175.7830
313.9528,21.5671,72.2207,174.0338
318.5724,15.6716,72.4574,173.8935
307.4363,26.3185,72.0857,172.8496
311.1570,21.5555,72.4811,172.3803
308.8652,23.5772,71.2957,169.4360
311.5179,26.6653,71.0158,168.1202
311.2509,28.2545,69.5565,164.8891
309.4592,26.4112,69.5751,164.4825
308.5151,29.6204,68.9186,163.6765
308.2653,31.0426,70.0136,162.3619
316.0480,26.0349,71.1620,160.4972
316.9915,27.9684,70.3332,160.3115
317.4923,28.5409,71.3123,157.9623
317.2351,29.7078,71.0624,156.9446
314.5683,31.7001,71.5155,156.7043
315.3570,32.3665,70.6093,157.3010
312.7462,32.9950,69.2857,157.9860
314.6299,35.5260,67.4551,158.6808
313.2220,36.2130,66.0367,159.0289
312.9325,38.3251,66.2705,159.7908
312.2277,42.2614,68.0727,157.9353
312.2639,44.1485,68.9839,157.8750
320.6328,46.0580,69.0527,155.8735
325.2676,39.6143,68.9937,155.8333
326.4143,41.0949,68.5562,155.5988
331.6500,39.5381,69.0139,155.5280
330.8983,38.9892,67.6709,154.9340
335.4534,39.3289,67.1078,155.1480
334.0417,39.5092,65.8940,155.3338
333.8676,32.8858,65.8387,155.4806
334.0002,35.7002,66.4637,155.9529
331.6772,32.4919,67.7029,158.2665
333.1347,35.9845,67.7101,158.0757
333.0021,36.9336,67.8858,158.7959
332.3338,35.1329,68.6455,157.1042
333.3286,37.3400,67.9294,157.2414
330.4438,35.3328,67.9531,157.6036
336.3316,37.0653,66.7487,157.0703
338.2064,34.6701,67.0265,157.7301
338.9902,37.9898,65.9886,156.2080
339.7071,39.1991,65.1297,153.2648
343.0726,41.3056,64.7863,151.2752
339.1498,40.3773,64.6832,150.8812
336.9203,38.1714,66.0536,151.5563
335.0245,35.3642,67.6663,152.2353
332.1423,31.7596,69.6688,153.1225
339.7400,31.5323,67.9506,153.6284
334.8187,26.8350,67.6273,154.7969
340.1929,29.0680,66.7035,153.3176
335.4006,24.5114,66.0324,154.0525
341.5726,23.2272,64.6104,154.2097
335.1496,19.3848,65.0152,154.3621
340.8275,19.8730,64.3603,153.0751
342.9718,18.7460,63.2367,152.2620
336.8563,17.3780,63.2692,152.3056
340.9381,18.6104,62.7706,151.1634
342.5281,15.1393,61.9420,151.5223
343.8495,14.0962,61.8561,150.4924
344.3831,15.0178,61.3015,150.6887
338.9639,14.3363,61.7481,150.5695
345.5196,19.3524,61.3136,148.4105
340.9493,17.7850,61.1139,148.5393
346.7490,20.8596,59.6730,147.4111
344.0193,15.8176,59.2473,149.1893
341.8766,20.6031,60.5021,147.7478
347.5150,22.5002,59.0275,148.1255
345.1158,19.6686,58.6992,149.2193
350.7237,23.3201,57.4663,149.5909
346.3678,18.4431,57.2872,150.1969
349.4387,19.9474,57.0350,149.9026
345.0653,19.6364,58.5861,149.0068
349.3105,22.7442,58.6736,148.1376
344.3869,18.9879,59.2170,149.8668
347.8980,25.0375,60.2596,148.6404
344.6509,20.2526,61.1806,149.4630
343.6457,27.3520,61.7614,149.7531
350.0735,24.3733,60.9563,149.1065
346.4593,22.7372,61.9082,149.2635
345.5049,27.4306,62.4178,149.0529
352.7054,22.2996,60.6175,149.9433
349.3111,25.7420,60.5836,148.8472
353.1635,22.8874,60.0841,148.3363
356.2195,23.0297,59.8945,147.4013
356.7683,21.1870,59.9475,145.5390
357.3646,23.5907,61.3458,143.6812
358.1816,22.8748,62.2128,141.3312
357.0435,26.5878,61.2331,141.8844
357.2010,27.6966,60.5725,142.3738
360.8574,28.8969,60.9158,141.4097
357.4104,29.0943,60.6376,141.0036
356.7736,29.1366,59.9991,142.3077
360.6393,28.8671,61.4885,142.5381
357.6442,29.9242,60.6915,143.9377
360.1398,31.1717,60.1132,145.1547
359.0576,28.6261,59.1228,145.4791
361.3195,24.5282,59.2009,144.7268
363.2083,21.6840,61.2057,144.2335
365.2736,19.4820,63.0109,144.1470
367.8505,25.4539,64.4603,145.7461
363.2589,25.4552,65.5359,148.0613
360.4563,26.8686,66.2128,149.5823
358.5264,22.7894,67.6458,150.3908
365.2679,23.7253,68.3201,153.4902
369.2753,22.9806,67.7837,155.1409
375.7992,16.4183,67.1080,155.5085
371.8555,21.5161,67.8679,155.5895
373.7988,18.4343,67.0179,155.4314
374.8822,16.5802,66.1661,155.2901
377.8679,18.4936,66.5454,154.5259
354.2732,24.1523,71.4060,151.8178
362.2616,22.7256,74.6437,150.6881
353.5898,22.2194,77.9066,150.5431
363.1187,19.8291,80.3545,150.9902
357.4032,19.2988,82.4996,150.9745
372.7133,16.2354,82.3890,151.4730
2
0
0
0
0
1
332.0020,35.4623,30.6467,126.9870
329.1714,36.2321,33.6621,125.1009
325.8554,36.6877,35.9309,123.5334
323.8928,38.9087,37.2565,121.6625
323.0812,39.2514,37.8655,120.7532
320.5257,38.1792,38.7111,120.2194
320.5007,40.4575,38.7411,119.7672
318.7442,40.6170,38.9354,119.4706
315.6619,39.6873,39.4991,119.2558
317.1222,40.0511,39.9268,119.1707
313.7706,41.5619,40.4124,117.5661
312.3077,43.2810,40.3089,116.3280
310.7520,46.6327,40.2554,113.8866
307.9774,48.2211,40.2356,112.2156
306.4002,46.4730,40.4574,112.3695
306.4533,48.1467,40.2928,111.6512
303.3281,48.3183,39.4117,112.4286
304.2212,45.7203,39.2081,112.6277
302.5324,47.0424,38.5162,112.3091
301.5759,47.0761,37.8692,112.8396
299.3305,46.2203,37.0482,113.8106
298.5799,47.2340,35.9972,113.4740
298.0482,51.5360,35.1706,112.9850
295.9713,49.3793,34.6726,113.9588
294.7668,46.2627,34.5463,116.0345
293.2623,44.4541,35.3378,117.9581
291.9166,45.4519,36.5175,118.8289
289.8535,44.4521,37.0584,120.4029
289.4845,43.6250,38.2148,121.4531
285.8240,42.8152,39.3918,123.0449
282.5428,41.4974,40.3982,124.7856
280.1961,41.9860,42.2190,126.1645
281.4856,42.9453,43.3419,128.1057
279.7189,44.7357,45.0014,129.2780
280.3702,42.1135,45.7992,129.6419
278.1822,46.7930,45.9726,128.9712
279.9083,45.3954,46.0641,128.7563
280.6694,43.1916,46.0999,129.3654
280.3226,45.1867,46.4000,128.7430
281.4347,44.4586,46.3271,129.2135
283.1676,43.5683,46.2704,130.7967
284.0813,43.3357,46.7250,131.7965
284.9936,39.5205,47.3579,133.7573
276.5055,42.5385,47.0028,134.8170
277.8366,42.0197,47.2859,134.5575
279.1317,40.5176,47.2048,134.9018
281.4419,39.3365,47.1104,136.0883
280.5692,39.2736,47.2784,136.5025
277.7477,38.8878,46.7489,136.3895
275.9744,35.3595,45.1026,137.1672
275.4006,36.4614,43.5893,137.0519
276.8515,36.0562,41.8985,137.7562
279.8479,35.7165,40.5402,139.1576
280.1642,31.7218,39.7590,140.9616
279.8458,28.4770,38.8630,142.7349
282.0247,32.1069,38.2422,142.7866
280.2586,27.5749,37.8111,144.4123
280.8054,30.3149,38.1504,144.4618
282.4564,25.7900,38.4205,146.6141
281.5350,28.8296,38.6001,146.4487
283.8360,30.2791,39.3414,144.1205
285.5942,30.6835,39.4456,143.3792
287.4757,30.3115,40.5021,142.0569
291.4470,32.5259,40.8778,141.1108
293.5188,36.5908,40.4419,139.4318
296.7233,34.2075,40.4980,138.8945
299.5703,33.4363,39.6943,139.3901
302.0324,32.1671,39.5072,139.9651
303.2255,31.6102,39.3904,139.6015
305.9909,34.3448,39.8188,138.2101
306.1838,35.3832,40.0099,136.2793
308.3881,37.3230,40.0181,134.6767
310.6655,41.1830,40.6727,132.6465
312.0277,40.2134,41.7809,131.2291
314.9573,41.2676,42.3506,131.0562
318.8796,40.8470,43.5627,130.5514
316.9185,41.3626,44.8013,129.2526
321.0185,40.4363,45.2517,129.4041
321.4697,40.9786,46.2913,128.2992
324.1570,43.5781,48.0619,127.5733
321.3640,42.1986,49.0850,127.8908
325.5263,42.5806,50.2644,127.1763
324.3317,42.4771,51.2896,129.0769
326.4213,43.2335,52.4115,128.7003
325.9951,42.0774,52.9447,129.7056
329.8289,42.7108,53.1045,129.4128
327.7893,44.0304,52.6948,129.7827
330.6201,44.5201,52.6307,129.3524
329.6927,46.4625,52.0615,128.0411
329.6664,47.6514,52.0940,127.0539
330.0708,49.0269,52.1434,125.6834
327.7336,51.1379,51.5999,123.8729
324.7405,51.8083,51.3284,122.5765
326.1040,51.9153,50.7442,121.4837
326.8602,50.1971,50.0782,122.0985
328.8143,50.1708,50.2724,122.7744
328.0480,49.9339,51.0304,123.3158
327.7413,47.2687,51.1662,124.6254
330.4984,46.7892,50.6156,125.0676
334.4401,49.7699,50.2863,123.8947
334.7267,45.9863,48.8381,125.7377
336.4248,42.2326,47.9235,127.4546
333.8304,42.2379,48.3555,128.4299
331.9133,42.2801,49.7172,126.6699
327.3960,43.8665,51.0940,126.5165
338.1249,42.0352,50.7179,125.9987
334.9600,42.6299,51.8277,125.1316
2
0
0
0
0
1
384.0797,65.5673,28.9399,107.0096
384.9479,67.3845,29.5956,106.3284
387.2310,67.7905,30.2426,105.5599
387.9006,68.2405,30.8624,105.1857
390.6409,68.0251,31.4205,105.1411
392.5019,66.7636,32.3242,104.3490
394.4444,67.4249,32.9594,103.9762
396.8962,64.5165,32.7160,104.3693
398.1827,66.8972,32.9613,103.9988
396.2735,66.4074,33.7821,105.1576
398.8481,64.5892,34.2638,105.7261
399.1241,66.2592,35.1898,104.5053
398.1559,65.2598,35.7827,105.2226
397.0508,64.4041,36.1645,106.1184
396.8841,64.2680,37.0274,106.8411
393.9966,66.1609,37.4977,106.5892
395.8454,67.0153,37.0225,106.7299
393.6735,67.2233,36.7835,107.3265
393.3168,69.4191,36.6383,106.8829
391.3857,70.4893,36.4074,106.5725
390.6195,73.1445,36.1662,106.1230
389.1681,70.7990,35.8912,105.9324
390.2966,72.0768,35.7320,105.8410
389.7080,74.3504,35.4590,105.0778
390.1864,77.8852,35.0232,103.9968
390.8657,77.1235,35.2166,103.8256
387.0246,84.0300,36.5920,100.8826
390.0040,85.7791,35.9501,99.0414
393.2825,88.1057,35.6690,98.3369
392.4338,90.5854,34.4166,97.8477
390.6849,91.8717,34.0985,98.1961
389.2512,90.9940,34.0119,99.7994
387.5717,88.3515,33.5273,102.0616
385.8944,87.5813,33.7931,103.7066
384.0161,87.5724,34.0776,105.1820
382.0122,86.4093,35.0967,106.8519
386.2121,88.7507,33.5058,110.4215
387.5857,90.4953,33.0933,110.5844
385.0889,93.8314,33.0441,110.0147
383.8455,95.1850,33.7326,109.6684
384.9662,95.9050,35.2751,109.3308
384.0411,97.2738,36.7539,109.5412
384.1233,98.1401,38.1955,109.6244
382.8372,100.2007,38.6490,108.0655
380.2666,99.4900,39.2445,107.3639
382.1512,101.0369,39.6503,106.2921
380.6328,101.1512,39.7245,106.7373
383.9737,103.3637,39.4584,106.3429
385.4670,102.9394,39.8797,106.1084
386.1538,103.2796,39.7926,105.9075
386.3793,103.9185,39.6387,106.1960
386.9662,102.3060,39.5914,106.3726
386.3200,105.8438,39.7603,106.3860
388.0458,103.1208,39.9555,106.4657
387.1998,108.5344,40.0799,103.9931
387.4565,110.1754,39.8562,102.7467
387.0419,107.9999,40.1610,101.7519
383.5451,109.0927,40.1604,102.0723
385.6757,111.5305,39.6956,102.1498
385.1784,112.6442,39.5180,101.2449
384.8757,115.2429,39.0330,100.6767
384.1601,118.4485,38.8256,100.3462
383.4374,119.1370,38.4306,100.4155
383.7784,121.9783,38.2255,100.1977
384.3335,124.4000,37.9636,99.5296
383.6739,128.1090,38.2076,99.3652
382.2996,129.1186,38.0999,98.8694
382.6997,133.3347,37.8624,98.6898
382.9340,133.9372,38.6829,98.1645
380.8906,136.4566,38.7873,98.8793
382.3148,138.7958,38.2531,97.4145
381.3541,142.9481,37.2404,95.7681
380.1099,143.2058,36.8509,94.5465
378.8680,144.2549,36.1144,94.1930
378.5123,145.4516,35.0245,94.1253
375.8999,144.7865,34.6626,94.6875
375.1905,142.6485,34.6318,95.4175
374.5675,141.1237,35.1557,96.2104
373.7166,141.1900,35.0659,96.3714
370.2676,140.9778,35.5328,97.5773
369.8936,145.2256,35.7173,96.6994
367.8812,142.1603,35.9643,97.4133
369.5978,143.5249,35.9549,97.4106
368.1487,141.1732,35.8041,98.1435
365.8946,140.6751,36.1417,98.4438
365.0371,140.3031,36.0502,98.2140
363.1255,139.6725,35.7679,98.9251
361.7752,141.7001,35.7172,99.2690
359.1295,134.8407,36.3760,100.5557
361.1523,134.5747,36.3988,101.6333
361.3282,131.1530,36.4649,103.4978
360.1560,129.4426,36.5958,104.7897
358.7225,131.5966,36.5069,105.9958
361.2486,129.0961,36.8090,106.6870
359.5565,130.4703,36.7619,108.0493
360.9255,128.3470,36.9184,109.6486
362.7193,128.4607,37.1000,110.5875
363.1468,128.7969,37.8249,111.5520
364.2715,129.2758,38.6639,111.5998
363.3515,132.4873,39.0740,112.2552
364.5935,129.5199,39.4328,114.3392
366.4666,131.2908,40.4673,114.9728
366.4138,133.4477,40.5965,116.2277
367.9433,134.2081,40.9177,116.8361
369.3496,135.8513,40.7026,117.6427
369.5031,136.5009,40.8864,118.8667
370.3733,136.3559,41.2086,119.6054
370.5894,137.6974,41.4333,119.9596
370.6465,137.6763,42.0404,121.2049
373.9379,135.7606,42.8515,123.0243
374.5402,136.7435,44.0677,122.8569
374.9625,135.6113,44.9853,123.7383
376.4799,137.5075,45.9232,124.2295
375.1114,138.9342,46.0563,124.4781
375.9381,136.9763,46.1898,125.1327
376.5726,135.1840,46.1771,125.8843
379.2794,134.2891,45.7268,125.5954
380.2973,134.4727,46.3498,125.2959
374.1859,131.6763,47.6934,128.1436
380.8120,135.5144,48.2790,129.7047
385.7367,138.3248,48.8393,128.6436
380.5947,132.1950,49.9540,130.6081
388.0041,134.4683,49.8469,130.8852
392.0148,134.2622,49.9748,131.6958
394.0262,136.6292,50.7650,131.9618
394.8226,135.1356,50.8919,132.1527
396.0680,132.1821,50.9221,133.2166
398.0594,135.8544,51.1732,132.8875
398.6959,134.7034,50.5527,134.2602
399.1608,137.7976,50.7263,133.6536
400.7820,138.7026,50.5531,133.9776
402.0779,138.2257,49.8468,135.0461
397.4362,132.8399,49.4301,137.6947
399.0938,133.9397,48.6806,138.4940
399.3132,130.7523,48.4651,139.8821
397.4250,126.3976,47.6141,142.9151
397.1387,123.0156,46.9110,147.1421
397.0638,122.2905,46.7829,149.9563
397.3192,117.5948,47.2697,153.2384
396.0988,116.7400,48.1679,156.0413
395.7563,114.5417,48.6949,159.6766
395.1253,113.6907,49.4636,161.9635
393.1391,111.4077,50.3997,162.9315
396.0465,109.6996,50.6407,164.2950
393.9176,107.7276,51.3855,165.7831
396.0850,107.5568,51.8127,167.2454
399.7953,103.0887,52.5155,169.5698
400.5453,107.4783,52.9353,169.5701
402.3247,108.0859,53.5656,170.4641
403.3693,110.4048,54.8226,170.5364
403.9656,109.3411,55.2303,171.3446
404.8102,107.9402,56.2554,171.8911
405.2974,110.0997,57.1724,171.3695
404.7731,109.7403,57.4420,171.6948
404.3764,105.8330,58.3397,171.6351
403.8163,104.6145,59.1722,171.1469
402.5368,106.9257,59.8785,171.4889
403.4989,109.8131,59.9076,170.7123
402.0154,112.9755,60.0313,171.7193
393.3949,110.7060,60.5133,175.2800
399.6706,111.6282,60.6827,177.5214
392.1732,111.5988,62.2226,178.6672
400.1429,109.3441,62.6616,180.7101
392.2493,106.5641,64.0144,182.0732
397.4258,110.9176,64.7428,182.3415
406.1386,108.9726,65.6500,182.0504
412.3788,112.4475,66.3873,180.9594
410.2387,117.8859,67.2787,179.8113
414.6865,115.2239,67.5965,177.9069
414.0831,118.0638,67.9405,176.1976
415.6671,119.4422,67.4261,174.7992
414.3996,115.8220,67.5349,173.5654
415.8046,113.3237,67.8457,172.9947
410.5133,106.8181,68.1856,173.0393
415.7795,107.8488,67.5391,172.5686
411.6360,100.3656,67.2586,173.0672
415.1381,103.9999,66.4382,173.2511
416.2239,104.1648,65.5431,174.2420
417.2487,104.9549,65.1171,174.9489
416.4748,107.8442,63.9521,176.7037
412.6669,102.0151,63.5329,175.7108
415.5469,108.7157,63.3719,175.9050
414.0893,110.9047,62.1794,175.8469
415.8921,114.3456,61.7180,174.9992
410.0792,110.7041,61.1640,174.2827
404.3361,107.8748,61.2201,173.6311
409.2594,116.7108,60.6375,172.8794
403.9258,113.4957,60.7354,173.8725
409.2619,115.6684,60.0685,171.8199
404.9626,117.6816,60.5393,170.9742
410.5380,121.3211,59.4934,168.4295
414.1867,123.3386,58.8589,169.0441
409.4496,123.8987,58.4638,169.6241
415.7708,119.6493,58.4006,173.4478
420.2770,123.4899,58.4981,171.3356
423.1160,123.1630,57.9959,170.6492
418.2100,124.0413,57.9926,170.8462
424.1639,121.9295,56.6860,171.3606
427.3704,121.8220,56.3389,170.2116
422.8058,120.2436,56.7553,171.2760
428.8777,115.6875,55.8967,175.3806
431.0909,117.3271,55.6336,175.2836
433.2463,119.3689,54.9919,175.0865
427.6949,117.5565,55.3014,177.0148
431.6996,122.1469,54.6864,177.6493
432.2813,119.7785,55.1403,179.8023
433.4610,120.4012,54.4986,180.7747
434.2452,114.0173,54.6122,182.8714
429.6598,113.0361,54.6191,182.4494
433.6170,113.1129,53.9766,180.4268
428.3569,117.8044,53.8951,180.7584
433.2459,117.2126,52.1524,183.0857
428.8884,119.2331,52.8893,181.6440
432.6473,130.2988,51.6873,178.7870
433.5229,132.9291,51.1266,173.5381
432.3376,140.7191,51.1862,167.2868
431.4667,148.3414,51.7239,160.5864
428.8308,149.4754,52.1397,156.1249
425.2857,147.0005,51.8582,154.1966
428.0468,146.7591,50.2873,156.4109
424.9364,141.8190,49.9739,156.9897
422.4433,143.5835,49.5178,157.3459
419.4300,139.6439,50.0428,158.5423
416.7573,137.8895,49.5595,160.2027
420.4702,136.5779,49.9685,161.6677
416.4232,129.9084,50.0364,162.1039
413.8196,121.0354,49.2124,166.5352
410.1149,120.0002,49.2985,168.8199
410.0100,118.7528,49.2225,171.6219
406.0610,111.1108,50.0857,175.1454
406.6685,108.4762,49.8732,177.4939
407.8951,104.5333,49.4540,179.1812
407.3200,101.7353,50.0344,179.1582
408.1950,97.4742,50.5638,178.7081
412.2118,97.9703,51.0605,178.7575
413.4446,92.7269,51.1319,179.9160
411.7107,83.1519,52.2450,183.9096
411.4034,82.2613,52.2231,185.9818
411.0441,79.1097,54.3095,184.8067
413.3138,75.4550,54.7529,187.8061
416.1901,74.2721,55.6106,187.7476
419.0475,68.6717,55.9337,188.7449
417.6976,77.6434,57.2111,187.6450
416.0850,74.9432,58.7978,186.6311
415.8022,71.4599,59.0268,188.5123
415.8233,70.9363,59.2204,189.6232
414.9530,69.1785,59.6952,191.4462
413.6912,66.0715,59.9714,193.5755
415.1067,65.1395,60.2047,192.3918
414.6627,61.0591,60.3925,194.0775
414.2596,62.7293,60.1728,194.2988
417.7972,63.4722,59.1354,193.0297
415.2061,62.6116,58.1502,192.6879
416.6931,62.4241,57.8558,192.3461
417.8564,66.3002,57.9225,188.8606
417.6974,63.6090,58.1911,188.5836
417.7483,66.1385,59.0021,186.6914
418.7312,65.2209,59.1341,186.4177
418.6193,63.7834,59.3593,187.2295
418.0291,65.5175,60.1343,186.1040
418.9612,63.8196,59.9549,186.7670
420.8789,65.8374,59.5670,185.3927
420.4764,68.0020,59.8417,184.6958
419.5296,70.4907,59.8873,183.7061
422.4443,73.6419,59.1348,182.1165
415.4756,69.1451,59.7253,181.1867
419.3818,77.5332,59.6895,182.7582
421.4091,76.5251,59.4134,182.3713
420.5834,78.3248,58.5056,182.3031
421.6742,83.5568,57.9140,180.2689
423.5612,78.5667,56.9426,181.1059
422.7172,86.1983,56.1306,180.9922
423.5638,85.4367,55.9477,180.1775
423.4603,83.1005,55.7416,180.0733
423.9766,92.0368,55.3351,177.8318
426.6627,90.2387,55.4816,178.1527
425.8124,99.1264,55.4913,177.3777
423.2098,104.1270,55.8170,175.7733
423.7100,105.0474,56.1377,175.6026
423.5679,105.8686,56.0653,174.8257
423.8722,106.6920,55.6473,175.0121
423.3392,111.5456,55.0195,175.0723
421.2484,118.8471,55.1199,172.4165
418.2036,128.0572,56.0832,168.8254
418.8679,128.9216,56.1140,166.7922
418.0937,133.9511,56.6490,163.4847
417.9000,134.7277,55.9332,162.7520
417.4225,140.4826,55.6605,161.9549
417.5159,140.0828,54.8612,161.5109
417.1579,147.3288,54.4912,160.3643
417.9517,147.4826,54.2281,158.9928
419.0735,147.1571,53.6682,157.3141
417.0410,144.7679,53.4308,156.1408
419.1596,145.3938,53.0913,157.8103
420.5562,147.2715,52.9673,157.5560
421.2313,145.6528,53.0605,157.7750
419.7100,146.9879,53.0466,158.9140
420.4008,143.9513,52.7191,157.8330
420.8959,142.8573,52.9041,159.0941
420.0450,144.3792,52.9892,159.3679
421.7832,143.2082,53.0173,159.6337
421.5570,144.2767,52.8656,160.3788
419.6919,144.3910,53.5536,160.2635
416.5291,145.5823,53.4813,160.6077
414.5354,146.4786,53.7809,161.2025
420.4215,145.4794,52.8643,161.8690
417.6925,144.5993,52.0603,160.1926
422.0247,148.2433,51.2945,159.3789
419.6652,144.1413,51.4843,160.6390
417.5650,145.7854,51.6110,160.5554
423.5286,144.7299,50.2493,161.8733
420.2227,139.0659,50.3934,162.5337
423.7462,137.7157,49.4931,165.0972
426.0112,138.9103,47.6534,165.8112
425.3580,137.7431,47.3003,166.8504
424.7310,137.4658,47.1805,167.9170
426.2879,134.0433,46.4711,169.5127
425.5074,135.9008,46.4700,169.5899
426.6227,134.0619,45.9057,170.6999
425.0191,133.8031,46.3655,172.1519
426.1286,131.3411,46.0986,173.5448
425.0499,133.5766,46.2328,173.3886
425.0597,134.7846,46.1935,172.4135
425.0610,135.5942,46.6801,171.7955
424.7908,129.2750,45.9716,173.1461
424.0802,123.7498,45.3705,176.7611
422.7487,123.2659,45.6451,178.0443
420.1437,122.8304,46.0151,179.9929
421.9500,120.4551,46.4265,181.5903
420.2088,119.3556,47.2858,183.5772
419.6915,119.9127,48.5582,184.3582
414.5122,117.3274,52.3460,183.8370
414.2276,116.4404,53.6952,183.5744
413.7824,115.5707,54.9165,183.6100
412.6048,113.7820,54.9845,186.0675
411.3427,112.4540,54.7499,187.5160
410.4857,112.5360,55.4294,186.5289
408.9408,115.9169,56.5919,185.0767
407.9289,115.5821,57.3729,182.3790
406.1007,116.2014,57.8740,181.3020
406.0202,116.3591,57.9878,181.2370
405.4135,116.2333,58.0681,181.5324
405.9752,115.2046,58.3587,182.0009
406.0806,113.6343,59.1911,182.7739
408.1860,109.4980,59.7592,184.8727
408.1601,110.3745,61.5083,187.5671
407.7127,110.7274,63.7360,184.9682
406.0252,112.8135,65.5057,182.9241
406.1733,107.6725,66.4317,185.5963
400.0870,111.0230,68.8506,184.5783
399.9774,111.1175,70.4215,184.1271
394.6582,111.7429,73.0410,184.7879
401.7035,110.8799,74.0306,186.9189
396.5966,108.2744,75.4367,189.5703
399.1869,106.7694,76.8120,191.8164
397.6373,102.5862,77.0019,194.8769
398.5102,98.6430,78.1776,198.7001
396.7333,94.5817,78.4369,201.7717
395.7272,95.9668,79.2930,203.8593
396.7004,96.2448,79.7393,205.0758
392.5386,95.5181,80.1425,206.2245
391.8275,98.4026,80.0708,206.1071
391.6345,101.1215,80.2555,206.6844
381.9917,102.0677,81.7218,204.5738
391.1349,103.6015,81.4876,202.3652
389.8826,107.4967,81.8085,199.2505
394.6414,109.1177,79.2252,199.2148
388.7205,110.4879,78.8260,197.0506
385.7938,108.5197,78.9074,197.7086
383.8239,109.3620,78.8808,197.0320
392.5727,110.9621,75.5672,195.5993
387.9813,115.7973,74.3202,191.9086
385.7199,113.2898,73.9319,191.0428
389.6907,113.5609,72.3723,190.5432
384.5630,107.2474,72.1551,193.0111
377.3481,103.4546,72.8043,195.1643
381.0501,106.2791,71.3478,195.5889
387.8957,114.3304,69.5134,193.0785
391.0612,120.3656,68.0262,189.8945
393.3470,123.0737,67.2171,184.6725
394.6045,130.2322,65.2617,179.9334
395.5926,130.1593,64.2031,175.2646
397.0300,125.2579,61.8347,173.2881
397.0742,124.8118,60.2008,172.6130
394.4224,125.5853,57.9971,170.2548
390.5645,126.9320,57.5635,168.8033
392.6562,123.5649,58.0278,167.5426
393.4503,121.8470,58.6759,167.8158
388.8063,123.0121,59.0936,168.4319
392.4974,121.1051,58.2990,169.6671
384.3174,119.0114,58.7565,172.7013
389.2204,118.3401,58.5013,172.3577
389.0424,113.2690,58.7587,170.7611
387.8389,112.7963,60.3905,170.2897
384.9635,115.7589,62.6359,169.0084
376.2658,119.9809,66.6401,164.7107
366.6133,119.3427,71.9681,160.4427
365.7616,120.7229,72.4563,161.2844
368.6584,117.4722,71.7502,162.7755
365.5960,118.8471,72.1319,163.5388
361.1277,113.4644,71.9892,166.1562
357.3327,117.4447,73.1749,165.1870
353.8479,118.4476,73.9436,164.3200
352.6667,120.9001,73.2173,163.7750
351.0541,127.9320,71.7399,161.1725
348.7492,119.9526,70.0732,161.3801
348.2219,118.1758,68.2165,164.6005
346.5256,117.3083,67.5134,166.0278
344.1887,111.5333,67.6686,167.6352
341.2743,119.4408,68.4007,164.4907
337.6680,118.7540,68.5742,166.1461
334.7252,119.7884,69.2953,166.5658
345.9600,116.9970,69.2106,167.0170
338.6453,125.0555,70.5642,165.1949
326.5839,132.8813,69.0909,163.8273
327.9100,132.6889,69.2587,162.4864
327.8614,132.3292,68.9369,163.0852
349.3769,133.0876,71.6661,163.4444
361.1741,130.4868,71.2050,166.1032
364.6122,134.7506,69.5190,164.5525
362.5992,135.9591,70.1966,164.6398
369.1956,141.8918,68.1637,162.3894
367.0564,141.9487,67.5551,162.1176
371.9231,145.2441,66.2491,160.6665
369.3518,147.1980,64.6726,159.7624
366.7191,148.7264,65.2197,158.9371
373.6635,152.7521,63.3550,157.0210
372.5883,153.8034,62.2576,157.4373
370.6910,151.1878,62.8451,157.8463
369.5321,151.2647,62.7749,158.7724
375.9593,153.1045,60.7141,159.6872
378.9567,155.0383,59.7924,159.2757
376.7477,154.4610,60.5019,160.3752
380.7257,156.4537,60.1155,159.9929
384.5657,157.0420,59.1301,159.5288
386.1358,160.1757,58.2143,158.5770
389.3887,162.4292,57.3197,157.2109
386.4091,165.9095,57.2646,154.7938
390.7740,167.4245,56.6547,153.8837
391.5750,170.3477,56.9230,152.1562
392.6626,171.1249,58.0857,150.4257
392.9352,171.9154,59.0912,147.8955
393.2248,175.9355,59.3878,146.8248
393.3225,177.4595,60.0251,145.3648
392.5019,179.5584,60.0484,143.5698
390.2747,181.1112,60.4880,142.4078
388.8826,180.6769,61.1017,141.3115
389.8888,181.3724,60.6528,141.4854
387.1134,183.5326,61.9041,140.7461
388.6693,182.5467,61.5108,141.6626
385.7129,183.3047,62.9488,140.8232
384.7014,182.6710,64.0669,141.6587
382.9765,180.4939,65.2114,143.0733
382.7963,180.4353,65.4534,143.8249
383.0523,179.0136,64.9505,144.5892
381.6329,176.2913,63.9473,145.7344
380.6733,174.8320,63.2356,146.6613
380.6425,173.7327,62.9908,146.5481
377.9040,174.2475,63.8816,145.8724
375.1134,181.6253,66.9760,141.6411
367.9820,181.8027,69.3553,138.2428
369.7032,182.7758,69.2060,136.0520
370.2053,179.8242,68.0396,135.1802
360.7944,178.7504,68.3933,133.5955
364.9146,175.1151,68.1842,133.5257
358.1167,171.9186,68.4712,131.8558
363.0303,170.3809,68.1696,129.9603
364.6173,170.0664,67.2469,128.9095
359.1513,168.8357,66.5574,127.9198
364.1570,166.4630,63.6953,127.8043
368.2138,164.0325,61.0618,127.7684
365.1146,159.2724,60.2016,129.1447
364.1167,152.8673,60.1119,132.1864
360.2258,145.7818,60.8528,135.6904
355.5980,142.8378,62.6858,137.3435
365.5740,137.3434,60.0724,139.4818
365.3174,138.1821,59.5021,139.3740
364.0237,135.2648,59.5771,139.7551
370.9158,131.2415,56.9918,140.1093
374.2770,130.0214,55.1134,140.6059
378.4413,128.0842,53.8320,141.0102
379.2433,128.3771,52.9538,141.0601
374.9368,132.0864,53.6408,140.1244
370.0803,125.9101,53.8228,139.9253
366.9028,126.9835,54.0466,139.7567
360.3000,129.2425,54.3500,139.6477
349.6809,130.0892,54.4112,139.6367
349.8298,131.3934,54.4835,139.5642
348.8573,135.6313,54.8231,139.2370
349.3821,134.6920,55.2532,138.7143
352.5936,133.4877,55.2975,138.6738
350.6891,133.3470,55.7847,138.1889
351.7134,130.4175,57.3170,136.8428
354.7800,131.0339,60.7949,134.2708
355.2948,132.3125,64.2543,131.5923
357.0155,131.8707,65.4203,130.1120
350.4977,134.5330,67.5434,128.1651
349.3607,138.0580,68.2247,127.5386
348.4516,137.9890,69.5619,125.9966
346.5116,139.6112,71.0418,123.5728
346.2288,139.9693,71.9288,121.4224
345.0782,140.0031,72.8263,118.9351
343.7805,141.9606,73.3120,116.8130
346.6635,139.0706,72.1932,117.4689
344.3164,140.7125,71.6381,116.4307
347.8158,137.1839,69.1065,117.3800
347.7777,140.8909,66.8804,118.3831
351.5799,139.8268,63.6914,118.7250
351.2454,141.6226,61.2216,119.0065
350.7024,144.6160,61.1868,118.3618
352.2843,146.0611,59.5490,118.3844
351.6226,146.6976,59.5015,118.7789
351.7332,148.9365,59.6170,118.6979
350.5075,148.5446,58.1764,120.0150
351.7622,149.0219,58.4544,122.5403
351.3560,148.8488,58.5761,123.6566
351.0851,148.8125,58.4048,125.0339
350.4214,149.6971,58.5638,125.3840
349.6134,151.5058,58.5570,125.2277
348.9073,153.3774,58.8181,124.9411
347.7926,154.2981,59.1421,124.7818
347.7176,155.5917,59.7885,124.7199
346.5124,156.2783,59.5469,125.4467
344.8413,156.3430,59.5094,126.1405
347.6055,163.6341,58.1583,125.7209
346.6076,164.2719,56.7735,126.9346
350.1456,165.0022,56.0931,126.6361
346.2738,165.5669,56.1160,125.9624
348.9785,166.6704,55.8910,125.2420
347.2070,167.2316,55.8382,124.8443
346.3460,168.4904,56.0059,125.2424
346.2822,170.6071,55.3849,125.3671
348.2064,169.6460,54.3853,126.2246
346.6452,170.2225,53.8017,128.8313
345.7323,169.9805,53.2429,130.0933
345.5833,171.1167,52.9387,130.9572
345.9700,169.7043,52.1158,131.5020
343.8978,170.6998,52.1547,131.2842
344.2914,167.4305,51.8972,131.4395
342.0867,166.8893,52.2466,130.6038
342.1375,164.1519,51.9731,130.4180
341.1061,167.1328,51.9774,130.7965
339.7378,168.4328,51.5982,130.4240
338.9068,169.3620,51.9116,128.3054
337.7993,172.9516,52.1990,127.8783
336.1316,174.7705,52.5229,126.8759
334.9245,175.8244,52.8049,127.3756
331.9292,174.0516,53.0303,126.3441
331.2554,176.7439,53.3001,125.3047
328.2444,176.7125,53.3820,125.0689
327.3016,178.4693,53.0310,126.0780
326.1160,179.9791,53.6483,124.2535
324.3131,178.0538,53.4609,124.5731
322.6003,184.6257,53.4113,124.0466
321.2808,182.4826,53.7030,124.1055
319.5406,182.9317,53.4696,124.1229
319.1593,184.1453,52.7137,124.0366
316.4373,182.6487,52.0696,124.4647
315.8516,184.9074,51.6796,123.8920
312.0580,182.9555,51.7287,123.9771
310.0952,185.6811,51.2338,124.0151
307.5759,187.0699,51.0831,123.1884
304.4418,189.2154,51.2095,122.6053
301.6375,189.9574,51.5106,122.1485
300.6333,189.6085,51.5786,121.8924
297.3991,187.6325,52.4482,121.9068
293.9127,186.2365,52.7365,122.6280
291.1896,189.3941,53.0170,122.0033
289.0693,189.2584,53.2895,121.5638
285.9567,188.9978,54.0379,121.5197
284.1135,189.7718,53.9558,121.7883
280.9685,187.5461,53.9670,123.0308
279.1020,189.0592,53.5066,122.9867
276.7769,186.8562,53.2910,122.4785
274.7986,189.9598,52.8639,121.8098
271.6151,188.2746,53.2074,120.8608
269.6303,190.4432,53.1401,119.3305
266.0901,193.2441,52.2036,117.9701
265.6573,196.8617,51.3735,116.2498
262.7787,197.6646,50.9408,116.5391
260.8654,197.0894,50.7146,117.0981
254.9166,197.3369,51.1490,116.7616
253.7665,199.1555,51.8182,116.5692
251.5448,197.8704,52.1429,116.2620
249.7229,196.6730,51.4471,117.7205
246.1464,194.9591,52.4025,117.0384
241.0302,197.1532,53.2936,116.0759
241.1374,198.1965,53.3835,115.8683
239.4877,197.6691,53.4425,115.7132
233.9902,197.0698,53.6749,116.2924
232.8372,199.2131,53.3741,116.6625
228.8521,196.0995,53.7958,116.1516
227.4097,198.2713,53.5143,116.5732
225.7242,197.1304,53.2367,117.0179
224.9462,198.6897,52.6299,116.7665
