1
624.6085,663.4022,58.5264,29.1865
616.5782,657.9656,59.6065,30.5267
603.1776,654.7077,61.1930,31.4393
575.3997,652.2407,63.4747,32.0539
553.5207,646.9373,64.1994,33.7572
536.6116,639.6732,64.4921,36.0944
523.8272,635.9843,64.9700,37.1994
505.7624,627.9432,66.0308,38.9353
480.5997,627.9025,67.1807,39.0167
461.0089,622.6945,68.2369,39.4868
436.7574,609.9847,67.9832,41.3688
411.1325,585.0701,66.2453,45.0474
390.6415,564.5021,65.3552,47.8005
376.0785,556.7206,66.0554,49.1507
355.8899,542.0247,64.8169,51.4018
330.0905,513.2279,63.4278,54.1804
318.6488,497.6125,62.2526,55.8006
310.5345,491.8861,63.6139,56.1029
291.7656,493.1357,67.2329,53.6036
271.6620,490.6102,69.4419,51.0550
251.1361,499.2655,70.7605,48.8808
228.9740,514.0514,70.0554,47.4524
201.8691,537.1805,69.0071,47.2428
191.2974,551.4822,66.4557,47.8020
186.2837,561.7398,63.9298,48.8067
174.1969,575.5328,61.5327,49.5629
173.0189,586.9248,58.6478,51.2367
179.3142,597.2772,54.7045,54.7446
189.9863,616.6964,52.3200,57.2729
198.0011,649.5952,50.0940,60.4927
210.6636,694.7467,49.1233,62.3883
223.4719,722.3447,49.8014,61.5346
225.0701,726.6465,50.1067,61.6854
232.5902,735.6641,50.8899,61.2317
251.8000,755.6290,53.0381,60.1058
266.8829,775.0526,54.9289,58.6582
284.9615,788.0129,56.3308,57.7770
295.2199,804.8887,55.5803,61.7609
299.8372,798.8809,57.4292,60.8457
312.5027,804.8253,60.0343,58.2691
332.0904,810.9851,61.8448,57.1274
352.6188,823.5712,63.8718,56.3068
368.9420,842.1500,63.3831,58.8737
376.2879,848.3929,62.1663,61.7876
377.9237,849.2692,60.8466,63.9391
376.8004,845.4610,61.1282,63.6957
375.7977,845.4797,61.1680,63.6583
374.5163,850.2495,59.7995,65.9128
374.2226,848.6741,60.3869,65.1053
373.7653,847.8786,59.3256,64.7203
377.3213,853.8336,58.0727,66.4816
378.2164,849.3879,58.2429,65.5709
381.2451,852.3567,59.9814,63.5314
384.9804,861.1214,58.3453,65.4508
386.1013,861.1014,60.0010,63.5420
385.4533,863.0394,61.2970,61.6114
381.6905,864.8913,61.0804,61.7787
380.3665,865.0203,61.7936,59.5860
381.3032,865.5231,61.8316,58.5802
380.1971,866.4219,62.1478,56.7827
373.7636,867.3228,63.7800,54.9809
374.2409,871.2475,62.8255,56.4764
374.3111,870.5574,62.6851,55.9785
375.3195,868.0311,62.5362,55.4271
372.4612,868.3989,62.6822,54.6915
374.4948,872.8181,60.4625,56.9372
377.1476,871.8930,58.8540,56.9388
378.1352,872.2028,56.8789,58.1427
379.6922,872.6460,55.5762,59.0676
380.6009,872.3854,57.3691,57.7834
382.6282,872.9886,56.9415,58.3904
384.8625,871.2982,56.1053,59.9551
387.5163,870.1698,56.2801,60.3844
392.2010,869.3309,57.9325,60.2254
391.3741,867.0791,59.5862,59.1469
385.7924,863.9506,59.5307,57.9246
391.1925,868.9192,57.9788,60.9351
389.5594,869.3077,57.4998,60.1580
393.2338,873.5529,59.4149,59.0788
400.2515,878.6115,62.1740,56.4257
402.3730,880.7552,61.6651,54.0054
408.5547,884.1021,63.8664,50.9527
408.5530,885.3453,65.6752,48.4664
408.3537,886.1388,66.0738,46.8794
407.8823,886.8810,67.0167,45.3950
407.8623,887.0879,67.0566,44.9811
403.2855,892.4635,65.6755,44.7647
397.3520,892.4788,67.1541,43.0027
401.9334,887.2525,66.6127,43.1095
399.0701,886.2502,67.1855,43.3962
395.4094,886.2717,67.5815,43.3530
394.7501,887.1929,67.1636,43.2472
383.7413,888.4238,68.4388,42.5140
394.5719,889.6133,69.3369,41.8704
391.5417,889.9410,70.1835,41.2149
392.9840,889.1573,70.7778,41.0430
393.9639,889.2173,70.5633,40.9228
392.7578,889.1864,71.2354,40.9847
392.7418,883.0998,71.2674,42.6512
391.6614,885.5173,71.6484,43.1556
390.0358,882.7424,71.3117,45.1174
388.9515,881.0334,69.8366,46.7136
387.3270,879.3818,69.4327,48.1902
386.8169,877.6681,70.4529,49.7730
392.7161,881.2444,71.8587,48.2793
392.8009,881.3107,71.6891,48.1468
392.0138,882.2185,73.2632,46.3311
394.1000,882.4641,76.5765,45.8399
394.3596,883.5114,77.9698,45.6579
395.6749,884.0793,79.1997,44.5220
402.6269,883.9911,80.7288,44.6984
402.6581,884.3709,80.6664,43.9389
404.4770,884.4358,80.9104,43.8091
407.6319,886.4726,82.3694,43.6199
408.8123,884.3518,80.0088,43.9406
411.5739,883.7157,78.3478,45.2128
413.1252,882.9586,81.0301,44.7987
408.1482,882.2386,81.1795,44.2778
410.4175,881.9774,84.4577,42.8459
408.7489,880.6994,87.7951,41.4463
404.3043,874.7830,88.6749,41.2654
404.8866,875.9796,89.5224,40.8841
411.8784,875.7740,89.6621,41.2951
427.7578,874.3069,88.3061,42.2025
444.8001,867.9746,86.5884,42.7295
454.2401,863.6407,83.7644,43.3694
465.4351,856.5593,81.1412,43.6953
484.1791,849.4754,78.6397,44.2573
512.5522,848.7051,77.4679,43.8817
534.5159,843.6859,77.0711,44.4570
548.7342,845.2719,77.0821,45.0779
556.3333,845.6448,75.2344,46.2392
557.1303,851.9357,73.6403,48.8519
557.7353,849.5199,72.4304,49.8452
559.1957,852.9690,71.4270,52.5339
562.4882,847.6508,72.6277,51.4915
560.8754,846.1523,73.9058,50.5935
561.2739,845.4321,75.0609,50.0817
562.4234,834.8976,74.7228,49.5809
562.5886,836.0643,74.3925,49.1948
568.5602,834.1627,74.0658,49.1259
569.1243,834.3226,74.8677,48.8060
580.8037,838.6776,76.6870,47.8433
582.2896,838.5632,77.6111,48.0719
589.6201,839.0392,78.6745,47.1200
594.7369,838.6199,76.3023,49.9239
603.6287,836.5953,74.3343,51.9963
604.7247,833.1876,72.1422,54.8483
605.1728,830.5208,71.2460,58.1868
610.0059,809.5025,71.7583,59.5089
611.5884,808.7667,72.7233,60.9807
615.5316,809.5245,75.3547,61.5685
621.0305,811.9250,79.4315,61.0746
629.7958,812.4177,83.9807,60.0893
627.4896,814.7685,86.3320,59.9096
640.2377,812.6694,86.0653,59.5205
645.6488,810.6642,86.6589,58.9646
644.9279,808.3835,85.8179,58.9604
650.0901,805.9243,84.5740,59.3385
662.2021,797.8679,80.6685,61.9056
673.6979,793.9067,77.8404,63.1069
678.8851,792.0184,76.3324,62.4501
685.5200,783.0286,73.9769,62.9671
694.0970,768.4566,71.9067,64.0981
698.6844,753.3031,69.1548,64.4322
708.2866,739.4885,68.8811,62.6137
723.2681,726.1153,67.9006,62.4476
739.8045,705.8768,67.6643,61.8791
752.3561,685.7352,64.9960,63.4110
767.1158,666.9894,65.8085,60.4602
768.8735,659.2930,66.2692,59.9485
770.0406,661.9805,65.9221,58.5478
775.6142,664.6806,66.5307,57.0661
774.7541,666.2791,66.3059,55.8141
774.4540,668.0263,66.9061,54.2410
774.5099,670.4081,66.7941,53.2879
774.7411,670.7122,66.3317,52.6798
774.7274,674.7392,66.3592,52.1101
776.4968,681.7114,66.5450,51.2018
778.1335,683.8446,66.9723,50.6360
775.1273,691.1269,63.7467,52.7000
781.1118,690.1010,62.7681,52.9202
775.0008,696.7784,60.4283,54.1269
773.4945,704.0386,58.0309,55.8366
770.0339,706.8278,55.9865,57.4307
771.8195,709.3716,52.4154,61.2732
771.4823,708.9485,53.0897,60.3305
770.6223,710.0698,53.0245,59.8731
766.5518,710.6228,52.2800,60.5443
763.4492,713.8979,49.6074,64.6475
761.3639,715.8803,48.3918,67.8642
755.2043,711.8522,49.7648,68.6229
746.3018,716.3918,48.9853,68.8359
729.2355,720.8908,51.6872,65.3846
711.8384,729.5105,53.3526,62.8691
695.0596,741.2534,55.8218,59.4994
680.1449,748.6942,56.5977,57.3288
670.5545,754.3643,57.8373,54.9590
670.3199,755.0399,58.3066,53.6079
670.0495,754.7043,58.8474,52.5170
669.9059,748.1501,59.1346,51.6009
669.6321,748.6446,59.6822,50.6119
669.5153,749.0844,59.9159,49.7324
669.2503,749.5458,60.4457,48.8095
662.7190,750.4153,61.4816,47.0706
669.0594,755.5955,60.7407,46.9444
669.3385,754.7700,60.1826,46.9030
668.5255,756.7251,58.4424,48.0423
666.4338,757.5726,55.9260,49.6971
666.2053,757.8723,54.7204,50.7603
662.9626,758.6371,54.5625,50.8914
663.7585,758.7188,54.6311,50.7281
664.5088,759.7007,54.7895,50.4231
663.6693,755.0748,56.4686,48.0793
661.7390,754.6626,58.6840,45.6136
661.9625,755.2962,59.8763,44.3463
665.7709,753.2332,60.4431,43.5620
658.4366,752.2573,62.0518,42.2489
659.5528,746.4440,63.0897,40.7947
659.3129,741.4517,61.9431,42.6467
662.2608,730.8596,59.3274,45.7901
656.9064,726.5257,58.4724,47.8501
655.8148,716.5981,57.3110,50.9825
648.6431,693.3107,56.3123,53.2356
641.2910,689.3400,57.2165,54.2769
638.2626,681.1617,59.7622,53.0770
622.1788,672.5715,61.7339,52.4954
608.1382,660.2535,62.8540,51.9674
589.1392,640.0980,64.7284,50.7366
562.4715,632.8432,67.2437,48.9109
526.8434,626.1699,69.2069,47.6695
488.2702,627.3316,71.2106,45.3461
467.6111,633.1779,70.5722,44.5989
454.3481,638.1104,70.0660,43.7446
420.2534,645.5823,70.6051,43.0430
387.3144,652.2939,70.7515,42.0553
361.0961,664.0001,70.3265,41.5498
341.6688,673.5723,68.9956,41.6246
322.6373,691.0830,65.5705,44.6338
310.5541,715.3392,62.0944,47.9509
301.2342,743.0962,58.2519,51.2371
297.3657,762.7924,55.6487,53.2051
295.1651,789.1231,53.1935,55.3957
299.6820,801.4784,50.9995,58.0448
307.0046,797.3259,48.3687,61.2009
314.3023,797.8298,49.2762,60.1931
326.2994,802.9331,51.1087,60.3171
336.6166,805.0021,53.2664,59.6856
347.7587,811.8771,55.8749,56.6039
367.0530,824.3151,58.0266,54.7549
386.4512,826.7447,60.0757,53.4475
394.6798,829.5580,61.4886,53.1819
413.1389,846.7644,58.8587,58.4714
428.6042,850.9127,59.3392,61.2611
426.0799,847.5921,58.6905,64.1039
425.8109,844.0767,57.2951,67.2681
422.5721,836.5532,55.9326,68.5947
421.4185,837.5372,54.3227,70.5439
417.2797,839.1539,54.7513,71.2349
402.2901,834.0086,57.0135,67.6670
380.2273,840.2267,59.9438,63.0775
362.1161,835.0588,63.2339,57.9159
341.0497,829.8943,67.2186,52.9856
322.0262,823.9413,69.3620,49.7744
299.9752,810.5129,70.4584,48.5839
277.4258,796.8340,70.7551,47.9403
255.3415,775.0191,70.2701,48.7772
225.6976,749.4940,69.8104,51.2825
199.4852,725.1614,68.9966,52.4130
180.3999,699.2411,67.1095,54.6588
158.7288,675.1718,66.4044,56.8349
149.0943,663.1884,68.2196,55.5908
139.2326,661.1232,70.4179,53.8794
138.7217,659.3354,71.4398,53.5488
137.8643,659.8492,73.1546,52.5211
137.2154,664.2754,74.4524,51.5587
135.7438,664.8710,75.4193,50.3675
135.6026,666.1649,75.7017,49.7507
136.2427,666.0267,74.4215,50.0272
135.3240,664.5792,74.3085,49.0214
135.6384,663.9150,73.6797,48.4177
134.0349,659.3207,73.0617,48.0439
131.9772,653.9843,71.4862,49.2319
128.4541,649.5637,70.9606,50.5013
125.9916,637.5602,68.2616,53.5422
122.6504,629.7983,65.3706,57.5780
124.3987,610.1796,63.8092,60.0461
116.4778,596.1285,64.0490,60.8448
104.7476,573.0865,63.9094,61.6954
106.5390,552.6335,62.3046,65.0204
109.7831,544.8331,59.8263,68.5910
116.7935,524.6053,59.9535,70.6450
116.1091,505.4051,59.2674,72.0565
116.9466,482.5965,59.6580,72.2296
125.8251,450.6935,58.4978,73.7971
134.2449,419.4904,58.2976,73.8063
139.4263,389.3223,58.3188,73.9157
144.6732,363.9789,58.2190,74.7112
162.3207,348.0849,60.5323,75.1589
173.7890,336.0417,63.2009,73.6400
184.1285,329.6006,64.0560,73.6019
188.2850,330.9485,64.4091,73.0724
184.2880,333.3152,63.7472,74.8311
171.1935,350.6019,65.9496,72.9665
162.2302,353.5398,68.5677,71.4647
152.5956,361.9447,72.4010,67.8856
143.8524,368.3583,76.6337,63.8941
141.4215,369.7381,79.2848,61.1346
138.3227,371.0006,81.0689,58.6096
132.0835,373.3627,82.5847,56.0779
129.6195,379.8937,83.1652,53.8843
2
0
0
0
0
1
207.1803,327.2730,44.3843,44.5363
211.2174,327.4933,46.1124,44.0957
216.3337,328.8880,48.6643,42.7268
225.2546,330.5240,52.3996,40.8934
228.8915,329.1203,53.9241,40.7679
236.0387,320.9964,51.5307,43.6272
242.0567,308.5078,48.4782,47.6429
251.0583,300.7779,45.6119,50.9931
255.4416,295.5072,42.9283,53.9308
257.3607,294.6731,42.1361,55.5989
263.3565,286.4232,42.4282,55.2084
276.8230,277.1543,44.6467,53.8005
282.7366,270.6956,45.2088,54.3284
287.5142,265.0258,43.4830,56.2729
288.1255,256.8880,42.2603,58.4389
288.3810,245.9136,41.7494,59.8389
285.0419,233.7871,42.0537,60.1898
285.7547,233.5745,42.2320,60.6150
292.3304,225.9635,41.9857,61.3187
288.5464,220.0420,44.6946,60.2041
287.1903,222.3677,47.4069,58.8476
284.8419,223.7508,50.4329,57.7522
281.0377,223.6980,54.6357,56.1550
281.8946,224.6604,56.4113,55.9750
282.1650,223.5908,57.6405,56.3443
282.9911,223.2743,57.7833,56.9773
281.4779,224.1135,59.0024,57.1062
280.8880,223.0381,60.1822,57.4285
279.9124,227.4456,60.2814,57.8736
278.7498,226.3274,60.7460,58.2493
277.1421,225.4059,62.0875,58.2185
276.8582,224.2234,62.6552,58.6892
276.6985,222.9881,62.9747,59.2491
276.3174,221.6964,63.7368,59.9080
274.6098,222.9582,65.2051,59.3313
274.0876,222.9710,66.2496,59.3056
273.5338,222.9574,67.3571,59.3330
268.0498,221.9128,68.3546,59.4279
267.8512,222.9403,68.7517,59.3840
270.0083,221.5620,68.4706,60.1241
265.6897,218.0488,66.9875,61.0783
266.2426,217.1414,67.8982,60.8769
260.9571,216.1604,68.3331,60.8118
260.1879,214.1868,67.8386,60.6931
253.4656,214.9744,69.1432,59.1179
252.7343,216.6795,70.6057,57.7261
249.6738,218.3586,72.6899,56.3863
245.2461,220.8578,73.4307,55.4451
244.1834,223.4776,73.5316,54.2547
238.6579,227.8297,74.5493,53.5772
238.2695,231.0770,75.3261,53.1154
228.5112,238.4819,76.7066,52.4114
214.3825,246.8460,76.6233,51.8779
200.6668,262.9159,75.8554,51.9659
186.7881,278.3792,73.5509,53.1054
165.5399,305.2022,72.3094,53.1374
161.3056,314.4280,68.9594,54.3836
158.2186,319.0381,67.3773,54.8586
158.5431,316.3610,68.6510,54.4454
163.2167,308.3081,70.9155,53.1334
174.1939,299.3660,66.4976,57.3781
181.2534,290.6225,62.1260,61.2189
193.9564,279.7250,58.0866,65.5321
202.1961,268.8593,57.1742,65.8589
216.4952,261.1106,57.6207,63.9294
239.6351,239.0418,57.2658,62.1422
259.6959,227.0328,58.5052,59.8394
287.6447,207.5252,60.3812,57.8541
317.2925,194.8855,62.5272,55.2054
356.9435,187.4970,64.7644,53.3040
387.5109,184.0897,68.6299,50.8329
409.8655,190.0371,68.9464,50.1945
450.0979,208.4381,68.9095,50.8009
478.5631,237.7363,66.4934,52.3581
486.3353,243.7251,64.0277,53.4590
493.8776,248.1940,63.7296,53.7628
507.9644,251.1102,66.9823,51.6277
529.3130,244.7192,69.0200,49.4981
563.4230,237.4850,69.6231,49.0858
600.2272,208.3039,68.6493,49.7127
608.8198,203.0049,66.3281,51.0208
611.4455,202.2592,62.9208,52.5121
612.8937,201.9556,60.0245,54.9353
610.8387,202.4780,56.8945,57.5105
610.4061,200.4310,54.1567,59.8029
610.3245,197.4113,50.7316,62.2540
604.1360,193.9884,48.8926,63.7689
599.7195,193.3615,47.1036,65.0226
591.6775,185.7879,45.5865,66.0890
579.7596,181.2312,46.6560,64.6949
566.3589,175.0786,48.9883,63.0178
536.5088,167.4669,52.3554,60.6370
508.9778,158.0972,54.0710,59.8160
486.5768,156.1755,57.6357,58.2806
477.8147,155.6902,60.5563,57.4258
478.1589,157.3121,59.8680,57.8977
492.9346,157.3617,56.2797,61.5074
501.8221,162.3173,53.3404,64.5775
509.9046,164.8999,52.0143,64.9769
522.2652,172.9298,54.8864,61.7939
539.9993,176.7819,59.8251,57.7630
559.0364,187.7753,64.3403,54.2933
594.7070,201.5534,67.6619,52.8692
630.7899,214.3400,69.3836,51.9251
657.2118,227.9498,69.8915,51.3814
672.0590,248.8444,66.8565,53.3897
688.8136,280.6404,63.5981,55.9712
709.9911,304.6752,62.6475,56.8342
731.1437,306.4345,65.4874,55.1965
747.2291,326.1243,67.4951,53.7931
762.4221,338.0051,65.7140,54.8226
773.1056,366.2533,63.3099,57.1107
772.5136,392.8226,58.8066,60.8449
768.2415,425.8986,54.1614,64.4086
758.4652,467.2085,51.3280,67.6018
752.0717,508.6861,49.1667,68.7301
747.4922,547.2308,47.2244,69.3508
747.3500,580.9464,45.6811,69.5389
725.3201,608.0409,48.2321,65.8824
702.1411,615.7491,53.3812,61.2161
680.8553,615.4694,59.8802,56.3648
656.6446,610.6849,64.3715,53.1209
627.6891,601.2531,66.8378,51.6547
608.7902,581.8284,65.5296,53.2602
591.8835,550.7560,63.8470,55.6223
581.5609,509.6694,60.0486,58.8235
572.8261,466.9842,56.9263,61.8268
558.8699,421.0516,54.9230,63.9451
551.0056,375.9671,51.9458,66.1963
546.0450,352.6171,50.7243,66.4684
544.1080,344.5903,50.9155,65.9494
529.7488,315.9470,50.2487,66.3021
508.0587,278.0598,51.5139,65.1707
492.7914,263.0514,54.5323,62.1682
486.6147,245.2238,54.0279,62.9239
483.8982,207.7717,50.2589,66.0514
491.4908,169.2439,49.6932,66.3548
502.1147,154.8381,48.4963,66.0013
504.5173,157.6958,47.2868,65.6796
503.7121,163.1989,45.3510,67.0849
493.8414,167.6180,45.7065,67.0585
479.8925,169.8224,48.8542,64.4175
466.6522,169.3915,53.9799,61.7202
443.3365,169.8973,58.7275,58.8876
412.2937,168.4898,63.3948,56.1459
384.0181,171.4107,67.2594,54.0675
354.4155,187.5157,69.2295,52.3829
324.5418,212.3653,69.7496,52.3582
297.8510,222.9769,69.4252,52.2337
272.9501,221.4380,71.4495,51.4893
251.1005,229.6359,72.6964,50.5308
239.2418,250.8824,69.3556,52.4903
227.4544,281.2712,66.1311,54.8824
209.5089,322.2899,62.0452,58.5098
201.0038,372.4013,58.1740,62.6936
208.4969,429.9986,54.6063,67.3939
225.3624,481.2206,53.4921,68.5556
242.1308,528.8209,52.5671,69.2725
245.0624,550.3845,50.5325,70.1724
240.7728,569.4293,49.6387,69.9740
233.1734,578.6018,49.8227,68.5206
217.8838,597.2451,50.6764,66.5332
190.3927,613.9822,54.0941,62.5244
152.6291,635.2982,58.0441,58.4340
144.3309,636.4164,59.9662,56.1975
151.6769,636.2091,58.0778,56.6121
159.1807,638.9999,57.5190,56.4489
149.0910,642.3834,57.9562,55.0660
146.2426,643.3698,56.5342,54.8729
146.9718,644.0119,55.0758,55.3432
153.4856,644.0081,52.4814,57.0897
154.3224,647.8526,50.8078,58.0264
160.5140,652.1006,48.7025,59.8082
161.9925,655.5770,47.4521,61.3884
169.6963,660.3011,45.7286,63.9137
175.5813,675.4492,44.2827,64.5903
187.9918,694.0994,45.0678,64.8452
202.7690,708.5269,48.2673,61.8485
219.2294,732.0273,48.2318,61.5795
229.2761,745.4578,48.8518,60.6103
235.5188,749.1751,50.1369,60.0610
245.4093,756.5524,52.8933,57.4420
257.8656,760.5425,55.7759,54.6733
273.6106,751.8915,60.8119,51.1034
300.1938,745.2039,63.9908,48.6315
340.0269,733.6507,65.7192,46.9655
374.3092,731.5132,67.8910,45.9353
407.4077,737.8588,69.4930,45.7333
424.9026,737.1411,70.6016,45.3639
442.3875,746.6757,70.1242,46.2639
470.7902,768.6981,68.0156,47.7999
485.3707,786.7272,64.2913,49.8967
494.5809,813.7734,60.2281,53.2334
509.0491,832.8201,58.0810,54.4307
509.1564,831.8724,57.8663,54.5545
516.3724,824.1721,59.3663,54.0233
521.3782,823.5821,61.8508,53.4180
520.5691,823.5854,63.4691,53.4114
520.1534,822.4758,64.3006,53.7916
526.5714,822.4277,66.3274,52.0300
531.9073,826.6490,68.6791,51.0294
531.0148,826.2943,70.4641,49.8588
531.2188,826.7419,71.9441,48.9636
531.3849,827.1174,73.5072,48.2126
532.6884,819.6656,70.9003,49.7707
533.9168,818.1065,68.4435,50.9961
535.6241,817.8688,66.9048,51.4714
537.0258,811.4651,65.9617,51.2572
538.6712,810.5253,64.5132,51.2946
541.0180,808.5504,63.4611,51.6027
543.4437,800.7510,60.4193,52.7246
544.3868,800.5403,58.5332,53.1460
550.9233,798.8439,57.7677,53.0223
552.1722,797.8169,57.0140,53.3320
552.1389,797.9571,57.0809,53.0517
552.1470,798.0078,57.0646,52.9504
557.4144,796.7925,56.9230,51.9163
569.6427,792.1915,58.1697,50.8371
569.4208,790.7079,58.6134,50.3729
574.9933,785.7192,59.4741,50.0599
579.7554,779.2939,60.2900,49.1237
579.4288,777.9786,60.9433,48.3125
581.7712,778.2253,61.4115,47.8192
599.5867,799.5930,63.5509,48.0048
601.6293,797.2963,64.7234,49.0930
603.5169,800.1680,64.5244,50.5023
603.6536,804.1562,64.2510,51.5662
604.5741,802.9561,64.2311,52.1453
605.3123,801.8336,64.5850,52.5601
605.2949,804.2127,64.6198,53.3290
607.9157,801.2897,64.9442,53.6091
606.4271,801.9645,64.1918,54.1242
605.8793,802.6000,63.4257,54.7149
605.4720,802.3235,62.3810,55.2678
605.9280,803.0350,61.4691,55.6966
605.5303,804.5752,60.4199,56.3054
604.3164,807.0641,59.1719,56.8412
605.5187,805.0052,58.5942,57.3054
603.9284,805.0002,58.1245,57.3153
605.5570,804.6578,56.6852,58.0002
606.3827,803.2515,56.8398,57.2008
606.3425,802.7058,56.9202,56.4962
606.2704,802.8414,57.0644,56.2250
606.1278,802.3763,57.3496,55.3710
606.6156,801.2834,58.1491,54.0069
606.1448,803.7363,59.0907,52.6329
606.3597,802.7798,60.4195,51.0285
605.9310,803.1560,61.2770,50.2761
605.5546,804.3434,62.0299,49.6558
605.5999,806.2888,61.9392,49.2774
2
0
0
0
0
1
713.5443,724.5598,34.8006,42.3533
712.5993,723.1094,35.4771,42.8270
712.6194,722.1190,35.4369,43.5760
712.3109,722.0297,36.0540,43.7546
711.9446,718.1661,36.7864,43.9494
