1
117.3046,52.4095,108.1109,97.8509
111.4854,46.0372,110.0217,94.3831
108.5449,39.7325,112.6861,90.9095
106.3045,37.2736,113.9652,89.4239
102.8489,35.6164,114.4821,89.5412
104.0315,27.7456,115.3238,89.2480
112.1777,25.6471,115.1068,90.2299
113.6865,18.5694,115.3169,91.4746
122.2281,16.3546,114.4894,92.6529
127.7788,12.6140,113.1608,93.6190
137.1685,11.8832,110.6449,95.0806
145.2083,12.6351,107.5152,96.8145
154.5713,15.3439,104.8725,97.8302
162.5680,21.5998,101.6460,98.0851
169.3295,24.5988,97.5587,98.3776
172.3154,34.0918,94.6725,97.9052
184.5340,37.1803,94.4963,94.7608
192.0424,39.9470,94.3815,92.2078
193.8892,50.1834,93.6263,89.3652
195.9035,55.3047,95.3608,84.8857
197.4510,68.2472,95.1032,81.6994
198.1314,70.4917,96.5247,77.2104
198.9097,79.9356,94.9680,74.7130
197.0591,86.1136,93.3344,73.0267
197.2229,94.8885,93.0069,71.1667
195.7868,98.4470,93.2993,69.2091
193.0036,104.8551,93.7616,69.1537
193.6852,102.2874,94.9565,69.1724
184.9600,92.0322,96.9466,69.0692
179.7687,106.6704,96.9084,71.0549
178.9909,109.5844,95.8269,73.1388
182.3593,111.7198,94.3998,76.8325
183.4898,116.9480,92.1387,79.8413
187.4068,107.0886,87.0115,86.0269
189.7867,118.9411,84.9765,86.8471
191.1487,120.8206,82.2526,88.4997
191.1802,121.8916,79.5010,89.0462
193.5777,121.9106,77.3593,89.0083
188.6280,120.8086,76.7852,88.5938
188.3026,121.7403,74.8333,89.3331
189.8618,127.1676,74.2977,86.2270
190.5347,128.0652,75.4781,81.9056
190.3898,127.9948,75.7679,79.5684
190.3374,128.8542,75.8727,77.8496
192.7599,131.8475,75.8692,76.7046
192.8474,135.3541,75.6942,76.8994
192.4611,141.6484,76.4669,76.3261
192.0189,150.8429,77.3513,74.7803
194.8632,162.7598,78.8497,72.5078
195.4458,172.7863,82.4506,69.1361
198.9526,181.6396,82.5917,68.1238
202.6297,189.9674,82.3497,68.0633
207.6285,198.1939,81.8162,68.1726
215.0741,206.3938,81.0825,68.2899
220.6859,213.5720,81.6097,68.0344
228.7192,220.7386,82.0223,67.8263
232.0972,221.8101,82.3379,68.0405
239.3216,231.1307,82.0820,68.3232
248.8759,232.7910,81.9022,69.7348
253.9910,233.0562,81.2163,71.5905
263.1993,234.0965,82.0413,71.9151
273.9925,231.5109,82.2638,72.2399
283.0719,226.9435,83.5597,71.6472
293.1755,221.9105,82.8918,71.9437
302.6331,211.9904,81.0344,72.2892
307.5651,201.9135,80.8246,70.7210
313.6107,188.0839,83.0449,67.3724
306.5483,169.2697,80.6106,67.1518
317.4822,161.4704,75.0147,71.1275
329.1246,146.1907,72.4412,74.0720
346.1386,131.6498,68.4076,77.7739
365.4767,109.4280,64.2448,83.1025
379.7127,63.6769,61.2450,86.6091
354.3366,77.3153,63.2808,84.8505
352.4490,61.5483,64.7294,83.8123
366.5238,51.9704,64.5928,84.2927
372.7243,51.5085,66.2288,82.8771
401.3642,0.3653,62.8716,84.3516
407.3408,-1.3854,62.4799,83.2283
434.2780,8.2773,72.6918,75.3470
431.6570,8.8569,82.5962,69.5253
416.4289,3.4792,91.5119,65.9202
389.0193,15.1304,91.9681,67.3284
381.1408,9.0036,95.2197,67.0764
371.7940,9.1933,98.6358,66.6970
362.5043,11.6110,101.6664,67.0447
351.1039,22.3333,100.6817,69.3857
338.9432,25.5710,101.0012,70.9108
329.1751,34.4724,98.9623,74.6832
317.1989,34.1601,101.0917,75.3078
303.6540,42.7915,103.2467,74.6681
292.2067,46.0838,103.7992,76.4617
275.6901,55.8363,105.6962,76.7707
263.8619,47.6457,106.4370,78.8297
253.8939,46.3014,106.0066,81.5183
246.7973,46.2848,105.4655,84.4985
237.5141,47.9669,106.1099,87.1082
230.2902,43.4520,105.3621,90.0598
227.2939,44.2307,105.2043,91.5774
223.7188,43.5783,106.1604,92.8822
220.9720,43.4465,108.5212,93.1458
217.6432,40.3090,112.0054,93.0737
214.8792,38.8488,114.3071,92.7681
206.9107,39.1949,117.2176,92.0757
197.2002,39.5305,120.1887,91.4045
193.1432,39.8004,121.6537,90.8649
183.8388,41.8367,123.5727,90.1302
173.1313,45.7860,124.8573,88.9418
162.5950,50.1559,125.7998,86.9120
153.4365,56.3629,127.4380,84.5052
138.7953,58.4886,130.1561,80.2538
123.1987,62.1820,135.0281,76.1572
105.2906,68.7071,141.2046,72.9868
86.8336,64.2652,144.8182,71.8806
97.1942,73.4691,140.9166,73.6562
110.1252,92.8428,131.7413,81.6316
75.5644,115.8131,127.4497,85.7453
66.2322,147.0668,122.7250,90.0639
55.6505,106.2386,123.8416,88.1922
56.2167,98.7012,126.0365,86.6305
47.9533,106.0507,122.5552,88.6050
76.4703,124.5258,111.9257,98.0591
79.3060,135.6027,106.2543,102.3457
71.6751,148.6387,105.0916,99.2680
70.4720,142.0732,104.2798,96.3093
71.2681,131.9497,102.6876,94.4485
77.8208,122.4877,101.9974,91.6456
86.4884,112.4016,99.9044,90.4790
100.0158,105.4368,96.8275,89.4224
108.2299,97.0314,95.0617,88.6384
120.9060,89.6555,92.8493,88.9276
129.3869,81.8655,93.0623,87.3329
132.8440,71.5611,94.6697,85.2176
143.3716,64.2597,93.4377,85.6610
165.8030,73.8896,90.8718,86.1397
178.1391,74.1517,88.4982,85.6155
186.1516,76.5582,83.4405,86.2862
190.5481,80.0502,79.9930,84.6477
195.8742,88.6061,77.1184,83.0909
198.5508,95.1332,74.2878,80.1269
201.3537,102.0245,71.1134,78.5009
205.1926,111.1733,68.1463,76.6911
207.6318,117.4875,65.5478,75.4623
211.0584,122.7122,63.1331,73.8900
207.5460,123.5668,61.5332,72.1808
207.1805,127.2250,60.1603,71.1764
207.9144,135.0657,58.6924,69.9605
207.7075,137.2728,57.0821,69.5945
209.4046,144.3131,55.6804,69.4610
211.9738,149.3510,54.4774,69.2240
213.4661,156.3519,53.4375,68.8344
214.8217,157.2918,52.6480,68.8762
215.1864,163.2437,51.9186,68.4294
214.9070,166.9730,52.4774,66.6433
214.7392,168.7914,52.8130,64.8790
217.6549,172.9043,52.5345,64.0570
223.2514,177.5477,52.3445,63.9395
225.7655,177.9700,52.8031,63.0949
226.4913,179.6039,53.1750,61.6504
226.0795,179.3448,53.9986,60.3616
224.9828,178.8857,54.3918,59.4796
224.8976,179.2389,54.5622,58.7731
228.3366,179.4704,54.8222,58.3103
