1
189.1427,26.1585,74.6819,78.7094
184.8661,27.0292,77.6788,76.1324
197.6204,26.7752,72.4803,80.4662
192.0606,26.5464,71.5300,80.5599
186.6280,26.7375,73.5532,78.2958
198.6708,25.3762,68.5701,82.5678
193.5742,25.9916,68.8254,81.6354
188.4378,26.5592,70.5368,79.6074
198.3805,27.8438,65.9999,84.1422
191.7602,26.2270,67.7356,82.9258
185.5397,28.9172,71.2837,80.1595
194.3678,31.3955,67.7223,82.9509
187.2070,27.9387,69.6015,83.4406
194.3377,31.2983,67.4359,85.3539
186.1419,28.7212,68.6748,85.7617
193.7209,31.0213,66.2396,88.5304
185.2698,29.5399,69.0869,87.3026
189.5756,33.0275,69.0910,87.1419
181.8730,31.5064,72.3346,85.3799
187.7903,33.8778,69.4003,88.6161
179.8037,34.7811,72.6144,86.6383
187.0822,36.3291,70.3235,88.7811
179.3524,37.1250,71.9615,88.4108
187.6151,36.5646,67.0087,92.5836
179.3464,35.2401,68.9316,91.5741
187.8196,35.8830,66.4222,94.1453
189.8884,36.8795,63.6920,97.1321
192.7730,36.5867,61.1200,99.6193
194.5461,36.0086,59.2063,101.3958
195.9900,31.6245,57.3750,101.9512
196.8757,30.8479,57.0961,102.0807
196.7904,32.0161,58.1510,100.7211
198.5045,29.7969,56.4853,102.3702
200.7437,36.4883,55.9862,101.7928
204.1973,33.4148,53.5856,103.3545
205.0642,33.4441,53.7631,102.2261
205.6533,34.2872,54.1928,100.0707
208.6566,36.8846,53.5258,100.0645
212.8403,30.8183,51.1472,102.4939
217.7672,33.8168,49.4331,104.3274
220.1429,34.4618,48.2011,105.2658
220.8777,34.2030,47.0646,107.6212
222.4060,32.1035,46.1515,109.2974
223.0355,31.8658,46.6861,108.4691
223.8681,31.5180,47.3257,107.0773
224.6269,32.3334,48.4074,105.8237
225.6042,34.6004,49.8870,104.6010
208.2888,30.4742,51.7908,102.6171
208.9113,30.1796,54.3138,99.6973
211.0298,29.6385,53.3827,100.7432
195.2075,24.9212,54.7628,101.1959
198.7601,24.0485,56.2772,99.5150
203.0799,24.1159,57.0491,98.7300
184.2551,22.6273,58.4392,97.7133
187.0655,23.6188,62.0693,93.8892
188.7949,26.6056,64.5673,89.4541
174.3686,24.3057,65.8230,88.2523
178.4236,29.2072,66.3784,85.7371
182.8326,26.9990,64.2040,88.0140
183.9761,30.6405,65.0653,85.9904
169.1436,34.1700,66.0032,84.2419
173.9728,34.4730,65.5235,84.9032
178.9919,33.6565,62.7501,87.8802
184.2508,31.9136,59.3113,90.7479
171.6865,30.2294,60.8083,90.6633
178.1868,29.2403,60.4904,91.3710
167.6427,30.6633,62.3604,92.0569
172.8486,24.3587,58.6116,94.9726
162.1101,29.2989,61.0335,94.4935
166.8264,20.4415,60.6223,93.3378
169.1978,30.5226,57.9724,95.8894
168.1216,35.9416,55.6267,99.1114
163.2520,43.4027,55.9122,98.2076
160.6262,45.1318,54.6319,98.9270
161.4939,37.3328,55.1619,98.8896
157.9992,44.1327,56.7040,97.5073
159.7826,35.4118,55.6015,99.3541
154.7723,50.7773,57.2911,96.1557
153.1393,46.3782,58.3192,96.8131
146.7423,60.7171,60.7912,93.0483
139.0886,57.5786,63.7149,89.5877
131.6317,68.0444,66.3459,87.4294
125.3607,62.4679,69.0836,86.3880
121.6960,57.7454,70.5256,88.0465
116.2344,66.2569,72.8179,88.2246
110.5536,69.1878,74.1057,88.3569
108.6338,69.8653,74.2352,88.7355
106.5674,70.7791,74.5611,88.6454
104.7650,74.2288,74.8744,87.5297
103.7753,74.5589,73.1782,89.1508
103.9521,75.2846,71.2864,90.4012
102.1416,79.2915,69.5933,92.3146
103.1334,79.7893,67.8092,94.3560
102.4003,78.2005,65.6079,97.0221
102.1646,78.1632,64.4859,99.4735
102.2714,81.2011,63.0957,102.0946
102.3209,83.8948,61.6794,104.2779
102.5745,86.2883,60.9679,106.0760
102.5034,83.0759,61.8389,104.7164
100.9420,85.9600,63.0828,103.8234
100.5994,88.8306,63.9880,103.0129
99.5704,89.8498,63.4609,103.6825
97.8486,93.7474,63.8259,103.7939
99.6567,98.2791,63.6388,104.3842
101.6820,97.9900,61.3660,106.9078
103.8375,102.4356,61.6932,106.2114
105.3652,100.7726,62.7827,105.8644
106.8520,96.6754,63.1925,107.2161
108.1511,93.6493,63.2116,108.7575
109.9683,89.0039,62.9330,111.7230
113.5398,82.4556,62.3146,114.5418
112.7446,79.6399,63.2606,114.2886
116.3389,74.0193,62.5379,116.1119
116.7600,73.0732,65.5130,112.9098
115.1967,72.4145,67.8795,110.2643
115.2881,71.9050,70.3670,108.5826
113.4982,67.1837,71.8219,107.9150
100.6514,41.6673,71.2305,109.5707
102.7861,44.5336,71.4699,109.2384
104.9202,47.2375,72.4437,107.7756
105.9832,48.7450,74.7516,104.9333
103.3900,46.9606,74.6389,104.5008
103.7503,48.2311,72.8922,105.3634
103.9951,50.7826,71.9651,104.5981
2
0
0
0
0
1
203.2022,48.5289,46.9196,103.7408
204.0895,48.8179,49.0644,104.2081
204.5794,49.2702,51.2359,103.8484
204.5021,48.8345,52.4258,104.4948
205.3978,47.0529,53.0899,106.9710
204.5766,44.7508,54.3560,107.7748
202.9765,42.4876,55.2542,108.7968
204.4678,55.0843,55.7092,108.7766
203.4833,50.3249,56.5419,108.5713
206.6797,61.4947,59.4546,106.5030
207.9580,66.3012,60.0273,107.1803
208.6243,58.4971,59.6765,106.5394
209.6383,64.9903,59.7991,107.5469
191.3409,50.3296,59.8319,107.1625
195.5947,55.4907,59.4113,109.1263
196.3727,50.3296,59.3016,108.5170
200.2840,59.3809,59.9169,108.9116
186.3445,45.6900,59.8690,108.9215
186.7109,36.8650,59.2769,109.3376
190.7711,49.4020,60.6623,108.4122
196.1488,59.5701,59.6056,111.6377
199.1034,54.5166,58.1053,113.7712
198.4081,49.5312,57.4285,113.6441
198.5575,46.7185,56.4488,115.2856
201.3322,59.3623,55.1684,117.0555
200.9387,55.3766,55.4005,116.1821
199.6827,51.5747,54.1089,117.9776
198.5811,47.7908,53.7335,116.8574
196.1280,43.2857,53.2570,117.4416
195.1328,39.6263,53.9909,116.4695
193.6457,35.9628,53.6820,116.7795
195.3454,48.5510,53.1559,116.6863
195.2905,42.6488,53.1518,115.9714
194.9645,38.0632,52.9142,115.9974
197.0432,48.2065,51.9501,115.9511
198.9085,53.3112,52.6220,115.8607
198.2433,48.1199,52.9945,114.4676
197.1214,45.4587,52.9639,114.8915
196.7627,42.2732,53.0847,115.7198
195.4577,39.1037,53.1169,115.6652
197.0731,46.1976,52.3306,114.8179
197.6100,43.4501,52.0707,115.9927
195.8329,39.9868,52.9757,115.3052
194.6775,36.9019,53.5249,114.8471
196.6962,49.5695,52.8508,115.3575
197.8573,51.6755,53.3269,115.2108
195.3428,47.1178,53.7707,114.1586
193.9974,43.9464,55.1034,112.4018
191.8237,40.2008,54.8256,112.4954
192.8164,53.6668,55.6133,111.5429
191.9964,48.4024,55.4085,111.0709
191.0061,56.0019,54.8565,112.0859
188.8318,55.7554,55.0324,112.7229
186.5917,47.4155,53.7352,114.1370
185.2838,41.1644,53.9475,114.6052
186.0873,52.5259,53.3839,115.7435
185.6175,43.9778,53.9552,115.1642
184.6621,55.2775,55.1777,113.8422
182.9865,62.7178,54.1331,116.4793
183.2586,56.3316,54.0647,116.2227
180.8356,61.4800,53.5432,118.6153
177.1483,56.3546,53.7955,119.9738
174.2440,52.7639,55.3048,120.6543
171.4668,57.8076,57.2405,120.7069
171.0189,49.8031,59.1394,121.3321
147.9205,42.1137,60.8354,123.8715
145.1303,33.8002,62.2694,126.8103
141.7766,25.8875,65.5452,128.3328
121.3359,38.3373,68.0369,125.7322
119.5863,31.9504,70.5376,123.9166
116.7490,42.2809,71.2886,122.0857
111.2796,35.8653,73.4429,119.9665
108.0082,41.4453,74.4543,117.8487
106.2637,44.0726,72.5293,116.9820
103.8134,41.2628,69.8214,117.6276
100.3452,40.0216,68.3200,117.2288
99.9943,38.3842,67.8913,114.4305
97.2212,38.3664,67.9044,112.1360
95.4083,40.1958,68.6570,109.5590
97.3757,39.2217,66.7489,109.7617
96.7906,41.1460,66.8349,107.2897
96.6943,40.5101,65.5387,106.5499
96.7684,39.5184,64.2563,106.0660
95.9681,40.7852,63.9436,104.1786
94.4096,44.1132,64.4210,101.0579
91.2553,47.0258,65.2687,97.7132
91.6698,47.8714,64.0973,95.8844
88.3953,41.3643,63.6970,94.1767
88.4661,47.4057,64.2781,91.6512
88.8846,51.7476,63.5856,90.1542
89.7219,55.3345,62.9597,89.2932
89.6254,45.3927,62.4530,88.9519
92.2235,61.8081,62.3036,88.1169
92.0756,51.0586,60.8184,88.2594
91.0203,58.7696,60.5835,87.4981
91.1753,61.0500,60.0930,86.7519
91.8359,64.1946,59.0210,86.2819
92.5521,63.7460,57.9529,86.4173
94.7187,66.3643,58.6995,84.7849
93.5893,65.7422,59.6592,82.5352
93.6221,66.8952,59.6503,82.8618
93.0259,68.2136,59.4782,82.8086
94.8140,67.6340,58.4680,83.4214
98.3346,68.3653,57.2149,83.9107
101.9042,70.2132,56.7973,83.4928
100.6039,71.4220,58.6374,81.9198
100.6356,73.3426,60.3140,80.5290
102.0816,75.1620,60.3614,79.6036
102.4561,76.3353,60.4368,78.7653
101.1474,71.7869,60.4941,79.4896
113.4609,76.4271,61.3458,78.4719
111.7601,75.2287,60.8120,78.3642
110.5007,76.1200,60.5879,77.4540
109.7979,79.1025,61.6066,75.6492
97.0950,78.2719,62.5774,74.7904
102.3058,80.2291,62.9206,75.3764
101.7879,79.7518,64.3731,75.4101
101.3641,79.6274,63.7550,76.9248
104.4750,77.9580,63.3417,78.4446
105.2479,75.3909,63.2564,79.7170
104.3003,74.9797,61.8359,81.4167
107.0154,73.5425,60.9134,82.3195
124.3298,78.0441,62.0312,80.5679
121.5797,66.8491,61.2103,81.5325
105.4792,67.4846,62.0555,78.6256
108.0844,69.5611,62.9391,76.8929
100.4391,67.1214,61.4058,76.1558
103.5663,65.6629,59.7028,77.2053
106.4372,66.6308,60.3650,76.5325
108.0264,68.0011,61.2089,75.7718
110.9351,69.8545,63.7786,74.1072
113.0071,73.4242,63.8057,74.2631
115.3986,74.6329,64.1637,74.2727
117.5146,74.1573,63.3635,75.3756
120.0920,74.9758,63.9330,74.7288
122.5867,76.9299,66.7855,72.1220
123.7900,78.8682,68.9370,69.9320
120.0580,69.9669,69.4835,70.1687
119.2549,73.9911,70.5144,68.4136
115.7562,76.2598,69.7498,68.2730
111.1138,77.9138,67.2422,70.0345
110.0227,77.5148,65.1478,71.2027
2
0
0
0
0
1
200.9326,126.7793,88.2307,61.0930
209.4653,126.8805,84.4080,64.7998
207.6923,126.0548,81.4860,68.2397
217.8518,124.6152,79.0433,70.0272
211.6437,119.0214,77.4610,71.0933
205.2679,115.2314,75.7487,72.5396
213.6254,112.2691,74.3743,73.7422
218.2250,108.1586,69.6274,78.6548
212.3857,104.0602,69.6571,79.5009
215.6730,96.9688,67.4047,81.0412
215.6913,89.9270,66.5315,82.1908
217.6980,82.7621,65.7398,83.2810
215.7663,77.3789,66.1855,83.5328
202.9349,74.2888,67.3821,82.3701
202.6294,74.6829,69.4616,79.7175
200.3231,71.6148,70.9943,78.4965
197.9420,67.5749,71.5892,79.0864
196.9567,63.6056,71.0175,81.9930
196.0329,49.0810,70.3717,83.4304
178.3161,48.7963,72.5890,84.4017
178.4647,48.5002,72.8499,85.8351
178.7128,48.8171,73.1034,87.7196
175.8495,49.3801,74.0953,89.5218
172.8779,37.0269,73.9273,89.2945
173.5827,41.6140,73.8551,91.1818
164.1649,41.4092,74.1372,92.6519
169.7260,42.6850,71.2980,96.3634
160.1507,41.3447,72.1455,97.4392
164.1468,39.5743,70.3990,99.6150
160.8336,30.2877,69.5006,99.8037
153.8606,34.5867,69.9858,100.1894
149.1451,36.3948,72.5940,99.0255
144.5961,34.1063,76.2524,97.3542
140.5215,30.2843,79.2157,96.6702
134.9344,34.8056,80.9168,96.8457
121.5072,41.9634,84.7349,95.6311
110.8272,41.5966,87.3678,93.1598
114.5961,37.5585,88.9190,92.9173
116.9839,37.7671,89.9315,94.0247
117.1994,37.3888,91.4721,95.0130
104.5742,38.4896,89.9107,96.1313
111.4244,29.0511,87.0503,99.6571
113.0171,33.1590,87.6181,100.0406
114.4979,32.3958,88.9073,99.5969
116.1116,30.6863,89.6017,100.8268
115.0080,31.3673,90.7391,100.9237
113.0896,29.1788,91.0107,102.1746
