1
397.6601,186.5871,31.1843,30.6802
397.5265,187.5299,31.2874,31.7260
398.0638,187.3339,31.9367,32.1646
398.4496,187.1312,31.9350,32.8702
399.2343,185.5732,30.2690,35.2367
400.5330,184.8686,29.7106,36.7323
401.7094,184.6567,28.8038,37.8810
400.5571,183.7608,29.0027,38.2920
402.3810,184.1917,27.8878,39.9157
401.9183,183.0663,28.1503,40.0035
403.1766,183.4838,27.8551,40.9141
402.9674,183.4109,28.7495,39.8814
403.8229,184.2854,29.5399,39.4368
402.8455,184.5827,29.8816,39.0135
402.1108,184.2151,29.9680,38.5735
402.2091,183.3271,30.6023,37.8317
401.5206,184.0590,29.9446,38.5390
402.8847,182.8753,29.1577,39.2485
402.9509,182.6029,28.8431,39.3800
401.7329,181.7597,28.4116,39.9326
402.2463,180.3364,28.1461,40.3581
402.4131,179.7357,28.0421,40.6325
402.4203,180.3073,28.8862,39.9841
401.9881,180.6956,28.6917,39.8331
401.9456,181.0399,28.7475,39.4160
400.5160,181.8266,28.9568,39.0897
401.3320,182.0190,28.4195,39.4734
401.2527,181.9854,29.1257,38.7912
400.5404,181.6939,29.4326,38.7266
400.6048,181.5413,30.1766,38.3030
400.1647,182.1010,31.0599,37.7256
400.2543,183.0810,31.1487,37.7471
400.2827,183.0897,31.1314,37.9745
399.8521,182.9301,30.9977,38.2677
401.1834,183.6046,31.8412,38.2086
401.4075,183.8667,32.9569,37.5775
401.3649,184.2825,33.8093,37.2864
401.2424,184.9128,34.2802,37.5966
400.0267,185.1702,34.4901,37.7112
399.7915,185.8721,34.1524,38.6516
401.0296,185.2288,35.0586,38.7010
399.7609,186.1196,35.4618,38.0346
398.7402,185.6359,35.3584,38.0492
398.7464,185.6652,35.9448,37.6938
397.9066,186.8537,35.9564,37.7048
397.4579,186.6084,36.0567,37.4039
396.9522,186.6966,35.9744,37.3758
396.0565,186.9748,36.1399,36.8289
395.5205,187.1116,36.1512,36.2998
395.2059,186.0335,36.3205,36.1686
395.0881,185.5112,36.1745,36.3745
394.2872,186.0340,36.1557,36.5655
394.8457,185.1866,36.0877,36.8381
395.6626,185.6921,36.2311,36.8019
394.9420,186.1759,35.7758,37.3351
394.8748,185.8194,35.2850,38.2135
395.2568,186.7927,34.9594,39.3913
394.4561,186.6151,35.0161,40.0659
394.5885,186.6120,35.6427,40.4921
394.5720,186.5752,36.2245,40.7039
393.9803,188.8853,36.9515,40.8470
392.8855,188.4356,37.6031,41.0223
392.8146,188.6469,38.5133,41.0306
391.3347,187.9180,39.0141,41.1976
390.5088,187.8250,39.4057,41.6867
390.5822,188.1326,39.8367,42.3548
389.0039,188.7252,39.7098,43.3211
388.4387,188.5329,39.5883,44.2178
387.6815,188.1682,39.5577,44.7473
388.0159,187.4199,39.8391,45.1816
386.3035,187.8684,40.0907,44.9367
385.5113,188.5663,40.4846,44.8713
384.2161,188.6922,40.7159,44.8740
384.4472,187.9915,40.4609,45.1604
383.7695,187.9561,40.1943,45.1344
382.5534,187.8780,39.9312,45.1157
381.6471,188.5061,39.5610,45.0270
380.9134,187.4874,39.7381,44.7027
379.6988,187.4040,39.9971,44.2645
378.4921,187.1647,39.8393,44.4331
378.2946,187.8443,39.6382,44.1761
376.8072,188.9439,39.4238,44.5095
376.2011,187.9218,39.5575,44.5613
375.1361,189.0767,39.7381,44.9213
373.4625,188.7198,40.4181,45.0172
371.8200,189.3659,41.1796,45.0711
371.5098,189.6106,41.8857,44.9446
369.4534,190.0784,42.3262,44.9109
368.2123,189.9495,42.8533,44.7456
366.8215,190.6057,43.3604,45.1042
365.2048,190.5826,44.0202,45.4389
363.4246,190.7379,44.6320,45.8835
362.5750,190.5522,44.9247,46.3043
361.3257,189.9184,45.2633,46.6761
360.2168,190.4918,45.5091,47.3311
359.4700,190.1629,46.1066,47.0943
357.2542,190.1477,46.3321,46.8850
356.2028,190.4853,46.9873,46.7731
355.1187,191.6438,47.3112,47.2712
354.3662,191.3974,47.2926,47.7050
352.3780,191.6287,47.2969,47.9684
350.4500,191.0394,47.8687,47.6684
348.5512,192.0412,48.4596,47.6012
346.7451,192.2110,49.0396,47.4788
345.0699,193.2540,48.7805,47.8333
343.3862,192.1758,49.2452,47.3346
342.2881,193.3615,48.9316,47.7187
341.4424,192.1252,49.3797,47.6204
340.0116,192.8983,49.8821,47.8381
338.4903,193.6380,50.9787,47.9148
336.3047,193.7807,52.4806,47.4519
334.1530,194.1023,53.0766,47.7524
332.6669,195.9284,54.1927,47.9224
329.9100,194.3777,55.2169,48.3892
327.9596,195.5564,56.5066,48.8315
328.4342,194.9846,56.2840,49.8465
326.7960,193.7363,56.1221,50.7075
327.3801,194.4858,55.3455,51.8307
326.4972,194.6888,54.3800,52.9919
324.9456,194.1767,54.4003,53.4140
322.3512,195.1272,54.3088,53.2781
321.4354,196.0233,54.5982,53.0482
321.4616,195.5731,53.9962,53.3392
318.0733,194.8987,54.3089,53.2548
316.1294,196.1637,54.5175,53.4671
314.0277,195.0057,55.2375,52.9658
312.7631,196.5072,55.6856,52.7620
311.6169,195.8824,56.3802,52.4001
309.9004,194.6097,56.9676,52.2770
309.8861,195.9424,56.2305,52.8108
307.1099,195.8226,56.2087,53.4271
304.7694,195.5579,56.5664,53.5415
304.2295,195.1132,56.6654,54.0092
302.1868,195.2856,57.3907,54.1295
299.0552,195.4054,58.7747,54.0294
296.5097,196.9629,60.0402,54.2269
293.4635,195.7189,61.0409,54.0648
294.7992,197.7740,60.2715,54.8033
292.7793,198.1962,60.8660,54.7253
290.1071,196.3602,61.3204,54.4698
287.8906,196.5343,61.9307,54.4572
284.1277,196.9848,63.0641,54.5751
283.4911,194.8421,63.4361,54.8693
279.9870,194.2338,63.8015,55.5838
281.2067,194.3573,63.0685,55.8338
281.4106,195.9956,62.0028,56.2416
278.6799,196.5519,62.3103,56.5744
274.4970,195.3232,63.2555,56.7715
270.9697,195.7491,64.0460,56.1890
270.4936,194.7443,63.4321,56.9555
270.5771,194.5673,63.2951,56.7445
267.4384,196.1027,64.3763,56.1173
262.0731,195.6246,65.5955,56.3935
257.1949,193.9952,66.9402,57.3545
254.9721,193.4787,67.6493,59.3365
253.0289,194.1602,67.7020,61.1774
251.2948,192.6616,68.1670,61.2380
249.6131,193.7621,67.9532,61.9379
244.3981,193.5513,69.7264,61.4055
243.7064,194.8816,70.0483,61.9510
241.3470,194.4919,70.6267,61.4035
239.9859,194.3988,70.3980,62.1842
238.7716,195.0306,69.7306,62.8902
233.9567,193.8253,71.3008,62.0953
231.6076,193.7068,72.1897,61.0456
229.3248,192.8881,72.4964,60.9659
228.8392,192.3117,71.6371,61.6112
225.3459,192.8033,71.6570,62.1716
226.9315,193.3941,70.7710,63.3841
227.0457,195.3568,69.1988,64.3920
223.9318,194.0978,69.0052,64.6464
223.3375,193.9089,69.3399,64.8991
222.4151,193.9109,70.4223,64.5424
218.8515,192.9336,72.4040,64.0695
214.4471,190.8564,74.7976,63.7902
211.6402,192.0034,76.7832,63.8652
208.9717,192.2047,78.1736,64.1406
207.0455,193.1012,79.6090,64.3400
204.9984,193.4908,81.4028,64.0479
203.7525,193.9274,82.3996,64.0025
201.9903,195.8500,83.5190,63.8503
198.5148,194.3706,82.2014,64.5455
200.0207,195.1189,79.1801,64.9877
198.0264,195.2439,77.1438,64.5465
199.1879,194.6777,75.5797,63.8694
196.2926,194.3671,74.4091,64.1482
190.8547,192.9371,76.6821,62.3367
183.5943,194.5051,78.6292,60.9515
180.7641,194.6355,78.9704,60.8812
179.4088,195.5086,79.6784,61.4363
175.6529,199.0896,78.6193,62.9011
173.6888,201.1661,77.7097,63.7048
169.6498,198.6853,76.3851,64.4327
165.6521,201.3501,74.9651,65.7381
164.4859,199.2223,74.0927,66.5352
159.7011,200.5147,73.5055,67.9793
158.1379,201.6588,73.9708,68.2358
155.8924,201.5390,75.3776,67.4883
150.9625,200.3253,76.5009,67.1202
144.5124,201.9388,79.6527,66.7573
145.0986,199.7527,79.3230,67.7204
143.8295,199.7659,80.5820,68.9880
138.3716,198.6052,82.2369,70.0965
135.5326,198.3592,82.8390,71.4837
135.9426,193.9552,84.5292,72.0913
130.7195,197.5326,86.3146,72.6266
128.3931,198.3291,86.9378,72.8786
126.4985,199.9310,88.7574,72.2072
123.3706,200.6859,89.4867,71.4336
124.0314,197.0869,89.2859,72.9134
118.6793,194.7178,86.8935,75.6372
112.7696,199.4010,87.4182,74.9345
106.0082,200.7787,89.0812,73.9575
106.1757,197.2355,88.6028,75.1780
104.8497,194.8274,90.7616,74.3584
97.4497,198.0888,92.7370,72.9758
100.5280,197.7725,90.3455,74.8002
97.1871,197.4968,90.9295,74.6549
98.0865,195.8719,89.7973,75.7870
97.5445,193.3770,88.0881,77.6178
92.1058,193.8147,87.3630,78.0828
92.5892,193.4771,85.4960,78.7972
88.0529,190.9856,85.0758,78.4004
82.7989,193.2940,85.3955,77.7372
78.9836,196.4388,86.3443,76.8959
77.8908,198.2597,87.2472,75.7298
77.1498,197.2500,88.5190,75.2364
76.2626,197.2923,90.2054,74.5567
71.9892,195.9461,90.3543,74.9415
70.9937,195.3683,88.7243,76.8515
63.5494,202.3105,91.6383,74.6853
61.6419,204.8425,93.6835,73.9793
63.9792,201.5175,92.4707,75.2246
66.2566,197.4571,89.5544,78.7176
67.4717,193.1830,88.3193,80.5573
64.6231,193.1604,89.1580,80.2459
60.7055,195.1971,90.2910,80.0794
55.2114,194.2007,90.7540,80.1777
47.6241,193.1550,91.2556,81.4640
40.9405,194.4150,91.7674,81.8726
38.0799,197.7332,93.8195,80.7603
37.3573,198.3530,93.6050,80.8243
33.7109,199.8375,92.4981,81.2172
28.4583,203.8699,93.3014,79.4882
24.3122,202.3133,93.4693,78.0802
20.8343,204.9126,94.0217,76.7334
17.5993,206.4574,94.8573,75.4883
15.6875,206.1474,94.6075,74.5860
10.0374,207.2659,95.5960,72.5727
8.5457,206.0882,95.0546,71.9713
