1
665.5459,686.1105,40.6215,24.2505
670.7967,685.0591,40.2544,24.3264
674.4132,683.5906,39.0770,25.2451
692.3470,677.1227,38.4568,26.0959
694.4004,675.3638,38.3977,26.5780
2
0
0
0
0
1
695.9210,594.0266,40.1426,12.8076
695.9421,585.2303,40.1004,13.4825
706.2371,572.8536,39.1276,14.5317
709.0482,563.3262,38.4406,15.4909
711.2561,551.0616,37.3442,16.7837
710.5608,544.0440,36.2242,18.2655
711.1837,535.7952,34.9783,19.5284
712.2772,528.0773,33.6410,20.5191
715.4746,520.4159,32.3260,21.4492
718.2102,513.9926,31.0674,22.5007
720.1020,508.8434,29.8065,23.5492
722.7791,504.9841,28.6464,24.5575
726.0845,501.6896,27.8961,25.2858
729.7933,499.2358,28.0139,25.1698
733.5405,496.6530,28.8918,24.4748
737.2731,494.1529,29.8237,23.5971
742.0923,492.0331,30.2633,22.7976
748.0383,489.5965,30.8745,21.8360
753.9546,486.5740,31.4472,21.2648
759.3919,483.8154,32.1398,20.9983
763.5902,480.6694,32.0653,21.4649
769.1578,477.4809,30.9964,22.8089
778.1631,470.7880,29.8831,24.3664
789.4133,457.6729,28.7133,25.8533
798.5335,445.0833,27.6532,26.9798
804.7371,439.7172,26.4307,28.2483
808.7327,432.5536,25.3270,29.6610
811.6020,426.4561,24.7802,30.6073
814.8406,419.9186,25.2712,30.6168
815.0176,414.6516,26.6755,29.7222
817.7505,411.5772,28.3123,28.7684
817.8885,408.9905,29.8340,27.6496
821.1839,406.7584,31.3891,26.6831
823.7845,406.7834,32.5843,25.7194
828.6937,403.9143,33.7648,25.0415
830.2785,401.8868,34.2894,25.4024
835.5228,399.1367,34.1123,26.2155
837.8080,398.6183,33.3341,27.2523
842.6898,398.3033,32.1466,28.8352
847.1821,398.5888,30.8420,30.1843
850.7682,398.9736,29.4359,31.3367
856.1352,398.5359,28.2713,32.2121
859.0495,401.4379,27.2026,33.0721
859.0870,401.3168,27.1277,33.3141
864.3204,401.2989,27.1172,33.3501
855.8368,394.9867,27.9180,32.6607
859.9586,390.9419,28.2538,32.1711
2
0
0
0
0
1
847.8052,459.4231,16.5144,19.5286
843.4811,462.6537,16.6558,19.3055
838.2963,466.7118,16.8387,19.1126
833.1929,469.3011,16.8596,19.0269
826.6591,473.8448,16.9351,18.9777
819.7680,477.3631,17.1493,18.7249
813.1833,479.4489,17.3281,18.5069
806.8488,480.6675,17.5835,18.3268
799.4355,481.9719,17.7075,17.9800
792.6022,482.1334,17.8859,17.6569
783.7154,481.1919,18.3081,17.3010
774.7040,481.3581,18.9486,16.9686
767.0302,481.4483,19.5955,16.7882
760.1507,479.5348,20.1860,16.6075
752.9819,479.0889,20.6339,16.3417
746.5724,476.2249,20.6641,16.2566
741.7493,474.4439,20.4436,16.3362
734.4728,472.5239,20.5389,16.1281
725.5340,469.9988,20.5485,15.9908
719.2391,465.9827,20.5038,15.9828
713.5614,463.3986,20.3894,15.9896
706.6703,459.3977,20.4470,15.9855
701.9611,457.6412,20.1303,16.0624
695.5368,454.0904,19.8905,16.3353
689.0089,449.6974,19.8408,16.5745
688.3832,449.0727,19.9466,16.6780
679.5259,448.3842,19.7991,16.9027
672.8329,446.0419,19.9020,16.9671
668.3405,439.1034,20.1846,16.9202
665.3354,436.8599,20.3571,16.7372
659.2106,430.3164,20.3539,16.4044
656.0467,427.3016,20.3233,16.0757
654.1062,424.3346,20.1986,15.7150
650.4753,422.2543,20.1222,15.3600
646.9939,419.5310,19.8374,15.2314
645.1873,416.3161,19.5932,15.0484
642.8354,413.6591,19.3975,14.9187
639.4729,411.0542,19.1123,14.7359
636.9434,407.6065,18.8521,14.7163
635.1971,404.1932,18.6511,14.6836
633.1918,401.3922,18.4696,14.5214
632.5322,399.4087,18.2329,14.3394
632.3852,395.9191,18.0150,14.1501
632.7289,394.5075,17.8330,13.9396
632.5815,390.8727,17.6285,13.7180
633.1638,388.5291,17.4493,13.4783
633.4910,386.1996,17.2810,13.2769
634.2984,384.6133,17.1066,13.0882
