1
293.4439,150.4534,44.7152,149.9052
292.8020,151.6330,45.9990,150.4968
293.7952,152.6720,46.9956,151.4019
294.9040,152.3586,47.7923,152.0285
294.5240,152.6130,48.5522,151.5199
295.8883,152.2616,48.8683,152.2227
295.8397,152.6272,48.9656,151.4914
296.2209,152.8348,48.2031,151.0763
296.6502,155.1368,47.3446,149.5042
296.9266,156.0683,46.7917,147.6412
297.1482,156.5960,46.3485,146.5857
296.0843,158.4436,45.5423,145.8245
293.6389,158.2770,44.6164,146.1578
291.0357,158.4345,44.0309,145.8428
289.5065,159.1311,44.2085,144.4496
286.8620,159.4263,43.7691,143.8591
283.9932,159.8354,43.8113,143.0409
282.3303,160.4685,44.3001,141.7749
280.5673,160.9350,44.9981,140.8417
278.6967,160.8770,45.9116,140.9579
275.6641,160.4798,46.2848,141.7522
275.3009,160.7224,47.0111,141.2671
274.8811,160.7984,47.8507,141.1151
273.2496,162.4046,48.2299,140.7865
273.2507,162.4292,48.2277,140.7373
273.1440,162.0017,48.4410,141.5923
271.4046,161.5635,49.0185,142.4686
271.5013,163.2381,48.8252,142.0438
271.5744,165.1142,48.6790,141.2063
270.3110,168.9093,48.3055,139.4165
269.0889,170.9333,47.8818,138.2366
267.6241,172.8749,47.9680,137.1966
265.0813,174.7892,47.3935,136.1982
263.4547,174.8512,47.8413,136.0742
261.7983,175.1702,48.3425,135.4362
259.9579,177.1727,49.2115,134.2428
257.9919,175.7086,50.3331,134.3606
257.6990,175.4472,50.9188,134.8834
256.0805,174.0873,51.3055,137.6032
253.4946,176.1869,50.6847,136.3004
251.5969,178.4645,51.6136,134.6115
251.6939,177.0719,51.4198,134.5379
248.8744,176.5672,51.3499,135.5473
248.5945,172.5895,51.9096,137.7674
246.7881,171.6180,52.6129,139.7104
246.5128,171.7923,53.1635,139.3619
247.4157,173.1623,54.3128,136.6218
249.9381,174.5174,55.1403,133.9116
251.6710,175.5253,54.5864,131.8958
252.2496,174.1865,53.4291,131.7005
251.1357,174.9920,52.8075,130.0895
248.6026,174.2343,52.2430,128.7896
247.2136,173.9166,52.2347,126.6385
247.4017,177.6567,51.8584,124.6690
251.1566,177.2987,49.7890,125.3850
250.4331,176.1505,48.5424,124.9876
249.2643,175.6973,48.2144,125.8942
251.8685,170.1039,48.3514,129.0625
230.8036,164.5276,49.6711,132.0532
233.8971,163.0275,51.8460,135.0533
235.8140,162.0876,53.7511,136.9331
236.4931,157.2689,55.3235,140.7094
235.7841,155.8227,56.7416,140.5887
236.8071,150.4047,57.7321,142.3148
235.9113,146.5787,59.5238,143.8086
234.6916,148.7295,61.9632,142.6396
232.5714,147.5123,63.0448,141.9150
230.7575,139.2301,63.5050,142.6425
234.8583,143.1381,64.8617,141.1985
231.2196,146.1986,68.9501,138.2664
235.0135,150.6663,71.0143,135.7656
229.5464,148.0954,69.0835,137.6912
233.8074,147.8854,66.9840,138.1113
235.8128,149.9454,66.1540,137.1720
236.6675,149.6180,64.4447,137.8269
237.1837,147.5643,63.4123,138.8018
237.3722,148.7110,63.0353,139.6370
237.1951,148.5008,63.3895,140.0575
236.7100,146.9353,64.3596,140.0419
237.1782,148.8249,66.5866,139.4260
236.6784,146.9326,67.5862,140.0175
235.8955,147.8299,69.1519,141.4421
235.3810,146.9969,70.1810,143.1081
234.8049,144.6493,71.3330,144.4939
234.2594,145.8458,72.4242,145.4505
233.8006,143.7780,73.3417,146.2036
231.8150,143.7464,73.9035,146.2667
231.7415,144.0719,74.0504,145.6158
231.4819,142.2469,74.5696,145.8525
231.0901,143.7811,75.3532,146.2098
230.8334,141.7970,75.8666,146.7337
232.4055,141.4593,76.1832,147.4091
234.0027,139.7454,76.4651,147.3607
234.3639,141.9532,75.7426,146.4253
236.3927,141.9030,75.1392,146.5258
238.5001,141.3671,74.3697,147.5976
240.9544,139.4052,72.9086,148.0737
242.5910,138.7797,73.0648,149.3247
244.6098,138.8409,72.4775,149.2024
251.7130,139.6435,68.5861,151.0355
253.2385,139.4753,65.5352,151.3719
256.6686,139.1870,62.0234,151.9485
259.3694,135.8885,59.9162,151.9567
263.9583,136.3643,57.2521,154.2620
262.1777,136.6729,57.5712,156.8870
243.4291,85.9693,58.9278,156.4432
245.6657,85.3805,61.0619,157.6209
249.4520,86.0880,63.5658,156.2059
256.2798,86.1304,63.4431,159.5043
257.7204,83.0732,63.9904,162.1903
266.2676,80.6015,64.2809,163.6568
271.1588,78.0370,65.0082,165.2824
271.9532,77.9002,66.9590,165.5560
278.4700,82.3235,68.2390,167.4446
279.1029,83.7654,70.6016,168.1893
281.0710,86.5288,74.0277,166.3436
290.6427,87.1339,77.1739,165.1334
295.9589,85.0113,77.7989,165.6261
312.0067,80.5955,75.8678,166.9165
320.8105,79.9609,73.2825,168.1857
2
0
0
0
0
1
279.2812,148.5091,44.3332,100.2612
279.1640,148.6063,44.5677,104.5349
279.1518,148.5018,44.5920,109.3442
279.1362,147.2801,44.6232,114.1575
279.1336,147.0966,44.6284,119.4040
277.8233,147.4395,44.7338,123.7487
276.3358,148.1576,45.1294,127.4711
274.8174,149.0403,45.5267,130.9850
274.7651,151.3570,45.6313,134.4427
274.6916,151.0050,45.7783,137.8950
273.1686,149.0935,46.0242,141.7180
272.9925,148.9597,46.3763,144.8445
273.0560,150.5240,46.2494,147.5356
271.2936,145.0320,46.8285,149.6826
269.7154,148.6325,46.9981,151.4419
269.8972,149.2079,46.6346,153.3060
269.9761,151.4850,46.4767,154.8209
269.9077,144.7401,46.6135,156.0984
269.7273,146.9739,46.9743,157.7783
271.2545,143.2129,47.0242,159.0920
270.9870,142.6998,47.5590,160.1182
270.7965,142.3649,47.9401,160.7880
272.3873,143.6432,47.9232,161.3959
272.0035,144.7914,48.6908,162.2727
273.2771,147.6347,49.3432,162.9852
276.6168,149.1850,49.1074,163.1063
276.5389,147.5275,49.2631,163.2022
278.1031,149.4342,49.3582,162.6121
277.8518,149.7531,49.8607,161.9745
277.8030,151.5132,49.9584,161.6714
277.6583,149.8768,50.2477,161.7295
277.3758,149.7898,50.8128,161.9034
277.0254,148.4878,51.5137,161.2738
276.4839,148.5648,52.5966,161.1198
275.7797,148.3840,54.0049,161.4815
274.9898,150.2800,55.5848,160.9757
273.7742,153.9258,58.0160,160.3000
272.5802,155.9364,60.4040,159.6212
271.0417,156.2135,63.4811,159.0668
269.4607,158.0674,66.6429,158.7820
267.2736,161.9057,71.0173,158.0555
265.6616,163.7315,74.2412,157.9457
266.0327,162.1245,77.0955,157.5631
266.8694,163.8807,79.0629,157.6913
267.6276,162.2293,81.2231,157.3176
267.3151,159.9378,81.8481,158.1921
269.0762,159.8851,82.0579,158.2975
269.0951,160.1467,82.0201,157.7744
269.8548,160.3662,80.5007,157.3353
270.3945,160.6515,79.4213,156.7648
271.2979,160.6451,77.6147,156.7775
271.6124,160.3224,76.9856,157.4229
271.7458,159.7922,76.7187,158.4834
272.2293,158.5851,75.7518,160.8975
272.5100,159.8093,75.1903,162.1150
270.3314,166.8140,75.8737,162.8011
272.2576,158.5003,75.7172,164.6454
278.3877,160.0560,74.6165,165.2539
279.3528,157.4311,72.6863,166.7942
281.8669,159.4529,71.3561,166.4484
282.5221,159.4949,70.0457,166.3645
281.1151,159.4016,69.2147,166.5511
283.8391,158.9373,67.3997,167.4797
286.3543,156.8562,65.9833,168.0279
288.3529,158.8252,65.5826,167.6864
288.0630,159.2173,66.1622,166.9023
287.7613,161.7912,66.7657,165.3381
289.2781,164.3838,67.3040,163.7245
289.1783,165.3274,67.5036,161.8374
288.7776,165.9146,68.3050,160.6630
288.0121,166.3656,69.8361,159.7610
285.5141,166.1701,71.2863,160.1520
281.0862,168.2431,72.9883,159.5829
280.7530,165.4489,73.6547,161.5727
280.2237,163.9607,74.7132,164.5492
281.0282,154.5083,76.8051,168.6503
281.3568,151.0465,79.9453,171.7767
289.9052,145.0289,82.3364,176.0166
292.1099,143.7586,85.9293,178.5573
301.0309,136.4064,88.5912,180.9593
302.2732,135.4012,90.2889,182.9697
301.6292,132.6826,91.5767,184.1661
301.3303,132.0526,92.1747,185.4259
300.5496,129.0055,93.7361,187.2105
298.4744,131.1168,93.5236,187.3508
294.6227,131.4187,92.5050,186.7470
293.2546,129.2680,90.9064,186.7138
291.2645,131.6085,90.5803,186.3392
286.1646,129.8355,92.1895,185.5898
276.6279,125.5006,94.0142,185.6351
276.7455,127.0334,93.7789,186.9140
273.3474,132.8783,96.2160,188.3015
269.4410,134.8394,99.6073,188.8010
257.3670,129.9192,101.3192,189.6669
244.8782,113.2219,99.1207,191.3560
246.1359,126.3285,96.6052,192.2413
234.7327,119.5224,92.4957,192.3955
236.8819,131.6194,88.1973,190.2864
225.2778,116.4460,85.5379,186.1431
221.2799,122.1136,80.9202,183.2168
2
0
0
0
0
1
320.2567,169.8624,41.8486,140.3316
323.2459,169.8499,44.1568,143.1188
325.1089,172.4801,46.1197,146.3916
325.4158,171.9027,48.4330,147.5464
325.9579,171.0129,50.3348,149.3260
326.3564,170.2576,52.5839,150.8367
327.2307,168.9789,53.9438,153.3940
328.0499,168.5308,55.4754,154.2902
329.1954,169.1462,56.3948,156.2698
330.5468,170.2934,56.9474,157.2308
332.0296,171.1035,57.2609,158.8898
333.4034,172.8274,57.8218,158.7506
335.1583,172.7472,57.6288,158.9110
335.1122,170.5273,57.7210,160.0352
336.6266,172.3158,58.0254,159.7915
337.8783,172.6227,58.8574,159.1778
339.3486,170.9208,59.2583,159.2400
341.0762,168.5766,59.1528,160.5788
340.9556,169.9235,59.3939,161.2519
343.9768,166.3742,60.1133,161.5887
345.8700,167.7657,59.7257,162.2043
349.3534,167.0067,59.5599,163.7224
352.8995,164.8109,59.3063,164.6946
354.8030,168.4745,58.9279,164.2246
360.0801,166.7990,58.6186,164.1608
361.8329,166.4337,58.5214,164.8913
367.1152,168.2854,58.2084,164.6051
368.9891,169.8477,57.8681,164.8878
375.8123,169.4290,57.8425,165.7252
375.5478,165.4147,58.3716,166.9203
378.9796,164.6174,58.3949,168.5150
380.8399,164.3546,58.1407,169.0406
384.5434,162.6442,57.6728,168.9919
386.1412,164.4685,57.9374,168.8034
385.7532,162.4203,58.7133,169.4374
387.0603,160.5664,59.5846,169.6598
389.0106,165.8510,59.1888,169.6044
388.3275,167.4341,60.5548,169.9346
387.0847,171.2820,63.0405,169.2910
387.7932,177.3397,65.1854,167.8611
387.7213,176.3602,68.9089,166.2403
387.9060,177.2533,72.1625,164.4541
390.0683,178.2890,75.1473,162.3827
390.2486,179.1329,78.4637,160.6949
392.4393,179.3802,81.5028,160.2003
392.6592,181.9369,84.8186,158.8425
392.8389,182.3523,88.2519,158.0116
395.3532,179.8232,90.9013,159.2307
401.2036,177.1845,90.9069,160.6059
404.1826,171.9731,88.8717,163.1834
407.7838,168.9724,85.5952,165.2589
411.5697,163.7421,81.9237,167.9189
415.1590,160.7430,78.6211,170.0412
418.2898,160.0381,76.2086,171.4511
419.1361,161.1874,74.5160,172.9797
420.0031,160.2952,72.7820,174.7641
420.7598,161.6794,71.2686,175.8105
421.5864,159.3510,69.6154,176.6644
422.1222,160.6119,68.5438,177.9283
423.0042,160.5072,66.7799,178.1377
423.4977,160.5596,65.7929,178.0330
422.0095,160.7563,65.0326,177.6395
420.3330,160.8658,64.6681,177.4206
418.6516,161.2638,64.3234,176.6246
417.1655,161.6799,63.6056,175.7923
415.5585,161.7768,63.1545,175.5986
413.8437,165.7562,62.9299,174.9480
410.2905,165.7074,62.7547,175.0457
407.0719,163.2135,61.9140,176.3945
403.9747,162.5828,60.8224,177.6559
402.4718,160.4419,60.1870,178.2964
399.2188,160.0832,59.4156,179.0140
397.4292,158.2957,59.3600,178.9541
395.6374,158.0823,59.3108,179.3810
392.3803,159.8320,58.5488,179.5197
392.2904,160.4207,58.7285,178.3423
392.3583,161.1905,58.5927,176.8027
392.4079,161.5521,58.4936,176.0794
392.3220,161.4665,58.6653,176.2505
392.2952,159.7263,58.7190,176.1493
392.4135,159.8454,58.4823,175.9110
392.5224,159.8219,58.2645,175.9581
392.7669,157.3228,57.7755,177.3860
393.0659,160.3365,57.1775,178.5217
393.1123,158.2928,57.0848,179.0224
393.5571,159.6425,56.1951,179.9152
393.8701,154.0166,55.5692,180.4018
394.2273,158.6772,54.8547,181.8318
394.4138,156.5391,54.4817,182.5172
394.8615,161.4704,53.5865,183.4352
397.2187,161.4369,52.4619,183.5022
397.3154,159.8425,52.2685,183.1212
397.2430,160.5740,52.4132,181.6582
397.3748,159.9582,52.1496,179.3470
397.2680,157.3303,52.3632,177.5920
396.6651,156.9619,53.5689,178.3288
396.3783,156.7960,54.1426,178.6606
396.1214,157.1277,54.6564,177.9971
396.0986,149.6601,54.7019,178.8014
396.1495,144.6077,54.6002,178.2710
398.1857,151.6174,54.0635,178.3942
399.5453,154.0223,54.8717,177.1117
400.8497,154.5425,55.7870,176.0714
402.8151,149.2694,55.3826,176.0385
403.9776,156.8177,56.5759,175.0156
403.1584,158.0888,58.2145,175.9992
404.6773,155.4694,58.7464,177.6682
408.6985,151.1806,57.9108,179.0389
408.5986,141.8700,58.1107,179.6225
408.7252,139.8284,57.8575,180.0862
413.0009,143.5023,56.5489,179.9812
413.3363,142.4458,55.8782,178.4985
413.5607,144.7019,55.4293,177.5487
413.8861,145.5304,54.7786,175.8917
413.9004,147.8699,54.7500,174.7178
412.0930,150.0101,54.8768,173.9255
412.0267,150.2097,55.0093,173.5263
410.0814,146.8499,55.4242,173.2940
404.6277,144.7675,55.8907,173.9787
402.5952,146.5350,56.4571,173.9422
399.0627,141.1778,56.5054,174.1313
391.9480,137.4733,56.6867,174.5163
391.6051,137.0565,57.3725,175.3500
389.5002,138.4041,58.0373,176.2000
385.8674,136.6625,58.1637,176.1136
383.9713,138.2533,58.3853,176.5026
382.1268,138.2159,58.4941,176.5775
378.7558,136.4422,58.0697,176.5415
376.9520,134.5044,58.1023,176.8423
375.1728,134.2678,58.0808,177.3155
373.3956,134.2676,58.0491,177.3158
373.4740,132.6932,57.8922,176.8790
371.8008,132.7699,57.6621,176.7257
370.3673,131.1154,56.9590,176.4646
368.6610,129.5832,56.8182,175.9754
368.5689,128.0782,57.0023,175.4415
368.5500,126.4622,57.0401,175.1337
367.0385,126.3641,56.5272,175.3299
366.9629,123.0179,56.6783,174.9635
367.0049,122.9869,56.5944,175.0255
365.4409,124.7050,56.1959,175.1156
363.8674,124.5044,55.8227,175.5168
362.3543,126.3496,55.3297,175.3456
362.4408,125.7108,55.1568,173.1156
362.4708,126.3596,55.0968,171.8180
360.9474,126.8501,54.6904,170.8369
359.2742,129.1943,54.6049,169.5804
357.6766,129.7543,54.3876,168.4604
357.5587,126.9709,54.6234,167.2421
356.0823,129.1130,54.1967,166.3374
356.0624,129.5260,54.2365,165.5115
354.6097,133.0099,53.7941,165.2393
354.5593,131.6466,53.8949,164.6301
353.0211,133.6058,53.6423,164.0407
351.6188,133.8063,53.1308,163.6398
351.7562,133.8745,52.8560,163.5034
350.6440,136.0138,51.7863,162.5187
349.7546,132.6063,50.3049,162.8131
348.5117,139.4100,49.5536,162.1544
345.8123,136.2153,48.5246,162.1159
346.0500,143.0241,48.0492,161.2756
340.2043,138.4632,47.0461,160.8766
340.0986,141.0381,47.2574,158.8761
334.1479,137.1384,46.6590,157.3006
333.8737,142.5041,47.2074,155.8438
332.6425,144.4904,46.5887,154.9523
325.7159,137.8185,45.1568,156.0682
325.5952,130.8446,45.3981,157.8312
321.4314,134.0105,44.4990,160.7260
320.0274,137.9919,44.2074,162.0622
317.3332,132.8970,43.3699,162.9130
314.2485,137.6318,43.3210,162.7710
312.5030,139.0727,43.7057,162.9954
308.0008,134.1355,43.3601,163.5198
304.4727,135.8463,44.1812,163.2157
300.8882,137.6404,45.0928,162.7562
298.4510,139.5444,46.8277,162.0876
293.1729,133.5147,47.8969,161.4977
292.3802,137.5645,49.4824,159.7459
291.5792,137.8741,51.0844,159.1266
290.8072,138.1381,52.6283,158.5987
289.9261,140.7614,54.3904,156.5722
285.7738,139.7778,56.2484,155.3159
283.9805,140.0562,56.5958,154.7591
282.0467,138.9711,57.2261,153.6919
281.8368,139.2505,57.6460,153.1332
281.3965,139.8129,58.5264,152.0084
281.1237,143.3725,59.0721,151.3548
280.9829,138.8346,59.3537,150.7310
282.2947,139.1269,59.9592,150.1464
282.1362,142.5578,60.2763,149.7478
282.3491,145.4459,59.8506,150.4348
282.4632,146.5699,59.6223,151.4207
280.6175,149.0721,60.0698,152.9042
278.8380,151.6299,60.3555,154.3351
274.2419,149.3810,59.6506,155.5340
274.2432,152.2165,59.6482,156.4702
272.5561,150.6173,59.7054,156.3515
270.2925,150.5514,60.9163,156.4834
268.0261,150.5720,62.1092,156.4423
265.8549,150.6601,63.0910,156.2660
265.4633,149.3167,63.8741,155.5771
263.8177,149.4652,63.7857,155.2802
262.2092,150.0159,63.6289,154.1788
260.3551,150.7070,63.9820,152.7964
259.9061,151.4457,64.8799,151.3192
259.7359,153.3633,65.2204,150.8199
260.1069,153.2369,64.4783,151.0728
260.6544,157.6629,63.3834,152.1967
261.2948,157.2590,62.1026,153.0044
261.7946,156.6525,61.1030,154.2174
263.8507,156.1842,60.3015,155.1541
265.6481,155.5037,60.0165,156.5151
267.5848,154.9454,59.4672,157.6317
271.3729,156.1450,58.5518,158.5628
273.4763,153.7357,57.6721,160.0543
275.5141,150.0575,56.9291,160.7453
277.5847,146.4957,56.1170,161.2108
277.5938,148.1784,56.0988,161.1665
277.8515,148.3288,55.5835,160.8656
278.2431,147.1380,54.8003,159.9408
278.2994,148.9524,54.6876,159.5910
277.4186,144.5348,56.4493,158.6108
276.0078,145.4809,59.2708,156.7184
275.0579,144.3626,61.1706,155.6413
274.2559,146.3796,62.7746,154.9397
271.6068,146.3630,64.7219,154.9730
268.3777,149.1133,67.7943,152.8584
267.5091,149.9851,69.5314,151.1148
264.4841,150.8183,72.1664,149.4484
262.6865,150.9715,72.3253,149.1419
260.6615,148.9588,72.9404,149.7325
258.4310,148.8498,73.9472,149.9506
255.6215,147.6900,76.0914,148.7953
251.9693,147.2850,76.4059,149.6054
252.1065,149.7960,76.1316,151.6077
252.3866,155.1781,75.5713,154.9911
251.3765,153.8183,74.0149,157.7106
251.7664,154.9609,73.2350,159.0147
252.2267,154.0101,72.3145,160.9164
252.7393,156.6883,71.2893,162.7720
252.7119,159.7787,71.3441,163.8211
252.7461,152.1218,71.2757,164.6104
252.8562,157.3910,71.0554,164.9960
252.3230,156.3607,72.1219,163.4136
252.0361,154.7489,72.6958,162.9983
252.5952,155.6230,71.5776,164.8930
254.6179,155.5259,71.1828,165.0873
254.8033,156.8236,70.8121,166.1385
254.7204,155.7571,70.9778,164.6162
255.0277,155.6922,70.3633,164.7460
254.8006,152.2947,70.8175,164.2867
252.0553,149.5576,72.6794,162.5039
250.9393,148.1489,71.2759,165.3213
251.0674,147.5292,71.0198,166.5606
249.6107,150.3284,70.2681,168.2923
248.2986,140.4901,69.2157,173.2620
248.2396,137.1711,69.3336,176.1704
246.4859,136.6436,69.0676,177.2253
242.2103,138.8178,70.0506,176.6610
242.1304,135.8043,70.2105,175.1011
239.9597,136.6987,70.7780,173.3123
238.2520,134.6657,70.4352,173.6201
238.5920,135.4743,69.7552,172.0029
238.5442,135.6803,69.8508,171.5908
238.1577,134.8358,70.6238,169.5630
238.1187,135.5184,70.7018,168.1978
237.6489,136.7340,71.6414,165.7666
237.7172,133.4910,71.5049,164.9237
237.8951,134.1318,71.1491,163.6420
238.3162,133.9903,70.3069,163.9250
240.0781,134.2731,70.3973,163.3594
240.2946,133.9740,69.9644,163.9576
242.1596,134.8997,69.8431,165.7149
244.4478,131.7919,68.8986,168.2985
244.6080,129.5679,68.5782,169.0941
246.4987,122.6742,68.4549,171.9067
246.9158,121.5383,67.6208,174.1785
247.3830,118.7214,66.6863,176.0981
247.5296,108.3177,66.3931,178.2802
249.7322,105.8934,65.7391,179.3776
250.2125,101.4713,64.7784,180.7120
251.0276,100.3798,63.1482,182.8951
253.8630,104.0917,61.2357,182.9877
254.1918,95.4266,60.5782,181.6946
254.4647,97.0995,60.0324,182.0430
254.3928,100.2258,60.1761,179.4796
254.4855,100.8532,59.9907,178.2248
254.3142,101.7676,60.3333,176.3961
254.1943,98.1320,60.5731,176.4387
253.9907,98.3862,60.9803,175.9303
253.9292,98.6915,61.1032,175.3197
253.6764,98.9087,61.6090,174.8852
253.6719,99.6530,61.6178,173.3968
253.8098,97.6638,61.3421,173.7802
253.6632,94.7779,61.6353,172.3614
253.5808,94.2590,61.8001,173.3991
253.0475,92.7832,62.8666,172.7527
251.0957,91.9825,63.1621,174.3541
248.5050,84.6526,64.7069,174.4678
248.0340,81.1685,65.6490,174.1039
247.9064,80.7623,65.9042,174.9164
247.5881,84.8465,66.5408,174.1361
246.0601,85.1052,65.9025,173.6187
246.3774,83.5593,65.2679,173.0351
246.2549,84.6557,65.5129,170.8422
246.5886,84.7622,64.8454,170.6292
246.2823,86.3925,65.4580,167.3687
242.4251,86.0394,66.0172,164.4972
240.7528,84.8640,65.8154,163.3017
239.0784,83.7743,65.6387,161.9556
239.1848,84.2687,65.4259,160.9666
237.3644,83.2156,65.5816,159.5880
235.5981,82.6415,65.6463,157.2682
235.6608,84.2738,65.5209,157.4393
236.0100,86.1987,64.8226,157.0252
234.8296,85.8823,63.7661,157.6580
235.1445,84.1661,63.1362,157.6827
234.0552,89.8630,61.9180,156.4793
234.7792,87.1431,60.4699,158.5614
235.1565,83.4041,59.7153,159.3160
235.6901,80.7288,58.6481,161.3076
234.3739,73.2494,57.9123,162.7934
233.0774,70.6556,57.1291,164.6050
233.2100,63.5335,56.8640,165.2980
232.7809,60.7342,57.7223,164.1110
230.6857,59.4475,58.5210,163.2928
230.4337,60.0202,59.0251,162.1474
228.2217,55.4354,60.0620,161.1559
227.4449,50.9815,61.6155,159.8890
226.8394,49.4296,62.8266,159.5913
226.4283,42.5899,63.6489,159.5957
224.4751,43.0057,64.1217,158.7640
222.4241,41.2380,64.7937,158.8694
221.8728,40.7818,65.8964,159.7819
221.4316,40.6121,66.7787,160.1213
221.5059,39.7765,66.6301,161.7926
221.4397,39.2448,66.7625,162.8559
221.5093,38.8506,66.6233,163.6444
222.1796,47.6186,65.2827,163.8328
222.5989,38.8675,64.4440,163.7164
224.2432,28.3561,64.6625,163.6972
222.5382,51.3835,64.5618,163.2809
220.8755,41.3934,64.3844,162.2438
220.8667,36.5690,64.4020,161.4384
221.2939,43.8351,63.5475,160.8002
220.6656,36.4845,64.8043,158.2562
220.0324,32.8829,66.0706,155.1548
220.8854,34.1245,67.7771,152.6717
220.2618,33.5535,69.0242,150.4070
219.6440,32.4033,70.2600,149.3116
217.9893,33.8093,70.1679,149.9010
216.7174,31.2559,69.3034,151.5995
218.8178,30.2404,68.5206,153.6305
219.5450,30.1680,67.0661,153.7754
220.2966,30.3369,65.5629,153.4375
220.4976,30.8948,65.1609,152.3218
220.8020,29.0870,64.5522,152.5819
220.5287,33.6090,65.0988,153.5831
220.9490,35.1549,64.2582,153.8639
221.1781,37.0373,63.8001,153.4609
220.1227,37.1634,62.5630,153.2087
219.7350,40.1636,63.3384,150.5305
219.1832,41.3458,64.4420,148.1661
218.9132,41.9814,64.9820,146.8948
218.5083,39.7972,65.7918,144.7159
215.2022,45.3591,65.8913,143.3611
215.7529,40.6592,64.7899,143.0457
218.1814,40.1426,63.1474,144.0790
218.7080,36.0422,62.0942,145.8784
219.1079,31.9943,61.2945,147.5583
219.2852,26.7638,60.9397,148.3650
219.6090,32.3639,60.2923,150.0585
219.7463,28.5018,60.0176,151.3102
220.0031,26.8525,59.5041,151.3593
219.7631,25.8355,59.9840,150.1524
219.7330,29.9590,60.0442,151.6018
219.6209,33.3506,60.2684,151.3269
221.2924,34.5278,60.1795,152.2267
221.1130,38.6926,60.5383,153.6934
221.6387,42.8493,59.4869,155.2591
222.2268,51.7112,58.3107,157.3155
220.2919,52.2992,58.8755,156.1395
220.3514,53.3913,58.7565,157.2536
221.7590,43.3871,59.2535,157.3891
223.0809,47.6899,59.9327,158.7527
224.4575,47.8727,60.5343,158.3870
227.6109,47.9108,60.9483,158.3109
227.1956,48.8281,61.7790,156.4762
229.0523,46.7576,61.4207,153.9068
240.1723,46.6590,62.3637,150.7921
238.6971,48.9978,62.0305,149.3983
238.1273,48.1867,63.1700,147.7626
240.9234,50.8761,64.0863,145.6382
245.1017,53.2982,65.4490,144.0337
248.1272,59.8842,65.8787,143.8234
250.0723,59.0442,65.2334,145.5033
251.6551,58.7700,65.3258,146.0517
257.0251,64.0409,67.6558,145.3125
258.8185,60.2660,67.3667,146.2671
257.6743,59.5390,66.3486,147.7210
258.7649,60.7105,64.1674,148.6877
259.3513,55.5535,62.9947,149.1457
259.2914,54.6199,63.1145,147.7419
259.7597,55.2797,62.1779,146.4222
261.0741,55.4875,62.7665,146.0065
262.2285,54.1306,63.6794,145.4986
263.8950,50.6494,63.5770,146.0001
267.0783,48.3273,63.6823,147.4083
262.5104,48.2685,63.0435,150.7840
262.7903,48.1061,62.4836,151.1088
263.3211,47.9656,61.4220,151.3898
262.1386,46.1672,60.5114,151.7110
263.6188,44.8528,60.8150,151.0758
299.3148,27.5606,61.1494,156.3176
306.9352,31.6579,62.6173,158.1480
284.7785,35.9195,66.1993,156.4133
308.9508,42.4854,69.3496,153.5805
307.2289,32.6756,69.3460,155.9626
306.7966,29.7160,70.2105,158.3998
314.3694,25.2445,69.1952,163.8102
311.8866,20.0389,70.5679,167.0355
309.3274,19.6487,72.0223,167.8159
313.3203,14.0556,71.4384,171.6004
315.2794,12.3186,71.2654,175.0743
317.4299,13.0749,70.7567,177.3540
319.2083,12.1035,71.0159,179.2969
320.3544,14.3584,72.5723,178.6356
318.2847,15.9411,72.8448,179.3371
320.0932,13.4146,73.1097,180.5083
322.2689,13.4857,72.6616,180.3661
324.2252,11.4865,72.6425,180.4712
326.0497,11.0076,72.8880,181.4289
326.2538,12.5307,72.4799,182.2954
326.5938,14.5409,71.7999,182.1929
328.1188,15.5217,72.6541,180.2313
330.0013,13.9914,72.7805,179.4007
331.3131,17.1148,74.0384,177.0354
331.0986,17.6552,74.4674,175.9546
330.2910,18.7182,76.0826,173.8286
329.1758,19.9812,78.3132,171.3027
328.4188,20.7056,79.8272,169.8539
325.6792,24.0928,81.4387,166.9469
319.6517,27.2470,81.9340,164.4919
313.8800,33.1798,81.9998,160.2780
316.6801,31.7847,80.1648,159.3029
318.4203,31.2290,80.4039,156.6949
315.8158,30.7276,78.2425,157.6979
317.9055,30.4443,77.7256,158.2643
316.9382,29.8644,75.9983,159.4242
318.1604,29.1342,73.5539,160.8847
319.2649,30.4130,71.3450,161.9543
320.0700,32.1671,69.7347,162.0501
320.5633,31.7055,68.7481,162.9733
320.8896,33.9106,68.0956,162.1362
319.8351,36.0847,66.6552,161.3373
320.1276,38.8660,66.0702,159.2867
320.5687,41.5142,65.1880,157.4625
320.7805,47.9110,64.7644,154.9597
320.4591,50.7780,65.4072,152.6123
322.0231,53.6982,65.6432,150.1357
323.2914,51.8128,66.4390,147.2420
327.0627,46.6578,65.5051,147.6389
334.0766,47.0975,64.6521,146.7594
334.2291,43.0911,64.3471,148.2404
336.0562,42.0809,63.9750,150.2607
335.9077,39.4910,64.2719,152.1358
336.2767,38.7055,63.5340,153.7070
338.3934,36.1933,62.6471,155.3847
340.2730,37.9567,62.2430,155.2129
340.3427,37.5650,62.1035,155.9962
340.8543,35.4314,61.0803,156.9094
343.3286,37.6050,59.4807,155.9111
342.3143,39.7213,58.2035,154.9844
343.0791,42.5291,56.6737,152.6385
345.1061,43.0297,55.8283,151.6373
345.0623,44.0802,55.9158,149.5363
344.8507,45.1875,56.3390,147.3217
346.5058,47.4246,56.1550,145.9737
348.2927,47.8660,55.6849,145.0909
350.0070,46.5382,55.3388,144.6641
350.0273,45.0732,55.2980,144.5240
349.9530,45.0389,55.4467,144.5926
350.0262,40.5733,55.3002,144.3106
350.2518,40.4519,54.8492,144.5534
352.2417,36.9476,53.9290,145.4426
352.6646,34.9578,53.0831,146.3664
353.1789,31.4124,52.0546,147.3493
353.5002,26.3711,51.4121,148.2843
353.6165,22.9290,51.1795,149.0667
353.7221,22.5636,50.9683,149.7975
353.8321,17.7925,50.7483,150.1464
354.0895,17.7091,50.2334,150.3132
354.4231,17.7942,49.5663,150.1430
354.5023,17.7903,49.4078,150.1509
354.6569,17.4620,49.0987,150.8075
356.5139,15.9136,48.4292,150.8596
356.7240,17.6866,48.0090,150.3466
356.7599,17.9895,47.9371,149.7409
357.0274,18.2614,47.4022,149.1971
358.4887,15.5664,47.4702,148.6060
358.3696,19.2079,47.7083,147.2897
358.2965,21.0760,47.8544,146.5226
358.3148,21.2497,47.8179,146.1751
358.5218,23.0285,47.4040,145.5729
358.6260,23.2208,47.1956,145.1882
358.6347,25.0207,47.1782,144.5181
358.3697,25.3340,47.7082,143.8916
358.2761,26.8460,47.8952,143.7883
357.9548,26.8488,48.5380,143.7827
357.7942,26.5363,48.8592,144.4077
357.3668,29.4432,49.7140,144.4922
357.2021,29.1732,50.0433,145.0322
356.9839,27.4740,50.4798,145.4510
356.6596,29.6260,51.1282,144.1405
358.1174,28.3225,51.1992,143.7608
357.9284,29.9135,51.5773,143.5614
357.9851,29.7764,51.4640,143.8356
357.5640,28.1010,52.3062,144.1980
357.2953,29.2972,52.8434,144.8143
356.5624,30.6483,54.3094,145.1394
355.9368,28.9428,55.5605,145.4921
355.4661,28.2911,56.5020,146.7954
357.0974,29.6885,56.3608,147.1223
356.7005,32.4715,57.1547,147.8038
356.1874,30.9281,58.1809,147.7427
355.7764,31.0110,59.0029,147.5770
355.4145,30.7096,59.7268,148.1799
355.0434,32.1784,60.4688,148.4414
353.1900,32.1789,60.9595,148.4404
354.7440,32.6112,61.0764,147.5757
351.8422,34.3479,60.4511,147.3168
354.2228,37.4065,58.8895,147.5990
351.0092,38.0265,58.9650,146.3590
351.9561,40.0667,57.0711,145.4380
354.3535,39.8158,55.3887,145.9398
353.7783,40.5186,56.5391,144.5340
351.8803,39.3873,57.2451,143.7070
350.6596,41.9636,56.5962,144.7353
350.6298,39.9853,56.6558,145.5983
347.8180,38.1820,56.0650,146.0978
347.8781,37.8290,55.9447,146.8038
344.3976,36.4863,56.6824,146.3773
343.7607,36.5920,57.9562,146.1660
342.0505,36.8281,58.2380,145.6939
341.6245,35.6332,59.0901,144.9468
340.1335,36.2576,58.9307,143.6979
338.2801,37.1533,59.5172,141.9066
338.2056,37.9673,59.6661,140.2786
336.8774,37.1705,59.2385,138.7881
337.2346,39.4267,58.5240,137.3307
334.3292,40.6335,58.2924,134.9171
331.8902,38.4187,57.2059,133.3821
330.6430,40.6186,56.7594,131.9233
328.6376,41.4854,54.9464,130.1896
327.2967,42.0303,54.7736,129.0998
327.6719,40.5662,54.0232,129.1921
326.7646,39.3838,53.0139,128.7329
326.9340,35.4981,52.6751,128.1063
326.9532,37.2933,52.6367,127.3003
326.9793,38.7751,52.5844,127.1086
324.0064,39.2759,52.9937,126.1069
322.3996,40.2058,53.4462,124.2471
319.7594,41.2610,53.2422,122.1368
319.8922,41.6231,52.9766,121.4126
318.4626,43.6042,53.1429,120.1432
314.4866,44.4569,53.0626,118.4378
311.5946,44.5721,53.5440,118.2075
299.0933,41.8526,54.6391,118.3338
295.4291,44.2926,56.6126,116.1311
294.9144,45.0589,57.6421,114.5985
295.0235,45.3284,57.4238,114.0595
301.0541,45.6971,56.0163,113.3222
295.1203,47.9481,54.7425,111.4485
299.7752,48.1475,53.1692,111.0496
292.9259,48.5008,51.5938,110.3430
292.4055,50.2776,50.1269,109.2972
296.0777,51.9354,47.7165,108.4486
297.2536,51.2613,45.3646,109.7969
295.5393,53.5111,44.0127,110.0779
294.4995,55.1266,43.7221,109.2169
292.2545,55.5860,43.5069,108.2983
287.3083,55.8034,44.0570,107.8635
270.9830,52.9778,46.2993,111.1755
271.6296,47.1415,47.4328,115.5679
272.0907,47.3983,49.0208,117.5645
272.6225,46.9183,50.5246,118.5245
275.0333,43.3773,50.9185,120.3910
276.5125,43.8758,50.6020,122.0357
273.7530,41.4966,50.8011,124.1343
275.2974,40.5492,50.4061,126.0290
277.8411,44.5429,50.7466,126.1834
278.0300,42.7215,50.3686,127.1040
279.3142,43.5095,50.5290,128.2567
278.8431,46.6784,51.4712,127.4153
279.9851,47.2567,51.9401,126.2587
281.4008,47.1715,51.8534,126.4292
282.3576,46.9030,52.6853,126.9662
283.0337,48.8692,54.1012,125.8017
285.2101,48.5279,55.3009,126.4844
292.5177,46.7324,54.7225,127.2680
292.2149,46.7424,55.3281,127.2480
289.4568,48.2524,58.0253,127.0469
291.8983,47.0656,58.8691,126.5571
291.9977,45.1719,58.6703,127.4735
293.8979,46.6355,57.7509,127.4271
293.8368,46.3288,57.8730,128.0405
294.2370,44.4818,57.0727,128.8595
295.4532,44.5237,57.5134,128.7757
295.8773,44.2084,56.6652,129.4063
295.8441,45.6844,56.7314,129.3280
300.3408,42.9484,56.3594,129.0525
300.4267,45.1648,56.1877,130.3461
300.4529,43.9742,56.1352,129.8484
303.7596,43.8533,55.2633,130.0902
303.9986,44.8418,54.7854,130.9720
303.8286,43.8109,55.1253,130.1706
305.5875,42.4725,54.4651,129.9899
308.7791,42.4349,53.7686,130.0651
310.1172,42.8146,53.9243,129.3057
311.7875,42.7630,53.4076,129.4090
310.9153,40.3918,55.1520,128.5191
316.6270,38.7372,55.0652,128.9942
313.7065,43.6161,58.0666,127.7549
316.3678,42.1957,58.4930,127.7213
313.7594,45.6678,60.8284,126.5399
317.1865,43.9260,59.7840,127.1184
313.1523,44.1410,62.0620,126.6885
319.9782,44.0655,63.0530,126.8395
314.8980,42.4510,64.3696,127.1206
307.5569,40.5110,64.1777,128.0257
312.6516,40.5808,62.9426,127.8860
320.2798,42.1525,62.4930,127.7041
320.9541,41.9229,61.1444,128.1633
321.8822,42.3790,59.2882,127.2510
324.0158,44.2414,57.9095,126.4146
325.6810,44.6398,57.4313,125.6180
326.0945,45.1210,56.6043,124.6555
327.1549,46.7032,54.4833,124.2948
327.7280,49.4945,53.3373,124.2346
328.2345,51.6965,52.3241,122.5708
328.3272,50.5505,52.1388,122.1646
328.5630,49.2951,51.6671,121.9864
329.6354,49.3754,52.2004,121.8259
329.6587,51.0765,52.1539,121.1089
331.2830,51.5283,51.5793,120.2053
332.3837,51.6393,52.0287,119.9833
333.5488,51.9904,52.3539,119.2811
333.2895,53.5403,52.8726,118.8324
332.0672,54.7968,52.6634,118.9730
330.8253,54.9041,52.4952,118.7584
330.2209,55.4312,53.7040,117.7042
330.5684,56.2019,55.6609,116.1628
330.8810,57.1981,57.6993,114.1704
332.3656,57.5040,57.3998,113.5586
332.2798,57.1036,57.5715,114.3593
332.7803,59.2540,56.5705,115.3994
335.1285,60.8369,54.5423,114.9019
335.7447,61.4295,53.3101,113.7167
336.8392,63.1155,51.1211,112.9317
336.0100,62.9444,50.2422,113.2738
326.3086,60.8167,51.9576,115.0024
343.0944,61.9311,51.9520,112.7737
348.4050,63.1106,51.5289,110.4147
346.6683,67.2742,52.4944,107.1029
344.8794,69.4008,53.5960,105.3260
353.5644,70.9901,53.5114,104.6169
355.6062,71.0971,51.8853,104.4028
364.4136,73.4414,51.2542,104.5668
364.5912,71.9104,50.8988,105.2111
365.7673,71.1247,50.9676,106.7825
368.0494,69.8704,51.2936,106.8460
376.1885,69.9305,49.7253,106.7258
377.7415,71.2740,49.0421,106.4613
380.8818,71.6796,49.9817,105.6501
381.5737,69.3760,48.5979,105.4345
388.0278,73.4593,49.9942,104.4201
387.5488,72.4574,50.9521,104.0303
388.5743,72.2782,51.3057,104.3886
389.3374,71.1479,52.1956,104.2334
388.2683,71.5531,54.3337,103.4229
388.3728,72.5907,54.1247,103.8018
387.9706,72.6674,54.9292,103.6484
387.7274,72.4769,52.9479,104.0295
386.8821,72.2312,52.1992,104.5209
385.8615,72.2897,51.8071,104.4037
382.1812,72.3557,51.8930,104.2718
382.4430,72.6628,51.3695,103.6576
388.0681,72.6684,49.7448,103.6465
384.0314,74.6934,50.6841,101.9744
384.7882,75.9683,49.1706,101.7946
384.0513,77.4752,48.3034,101.1217
382.0035,76.3077,47.7668,101.1406
384.5192,73.9708,45.0423,103.5074
383.6075,73.6406,44.5723,104.1678
383.8468,72.0893,44.0936,104.9755
385.4938,73.6696,43.0977,106.4111
385.4056,77.0759,43.2740,106.5018
384.0637,80.5310,43.6523,106.5081
382.3385,87.6988,44.7903,106.0466
381.7253,90.6760,46.0169,104.7442
383.3152,89.2312,45.1656,105.3051
386.3575,89.3230,43.7247,107.4432
386.2326,88.6788,43.9745,108.7317
386.0848,87.4039,44.2700,108.9312
385.2155,86.2689,46.0088,108.8429
385.3081,88.2090,45.8234,109.7385
385.3134,84.9479,45.8130,111.4657
387.7801,89.1376,45.7242,112.7753
383.9350,88.8900,46.0955,113.2707
382.6116,90.9586,46.2890,114.0401
381.2282,90.9470,46.5878,114.0634
381.1700,90.7646,46.7044,114.4281
382.4669,92.4473,46.5914,113.5435
382.4574,95.3820,46.6104,112.6063
382.7282,97.8649,46.0687,112.5463
382.1426,99.3718,44.7975,111.9749
381.4377,100.7353,43.7959,111.6595
381.6830,99.6803,43.3052,111.3804
383.1311,100.7502,42.7853,111.6168
384.3007,102.0654,42.8165,111.3568
385.3579,101.3439,43.0692,110.4326
386.3919,101.7308,43.3597,109.6588
386.4459,104.5523,43.2517,108.7209
387.2511,106.6225,43.9785,106.9176
388.7729,107.0088,43.2589,106.1449
390.1188,107.9658,42.8673,104.2310
391.3131,108.5339,42.7441,103.0948
393.2337,109.2566,43.3968,101.6494
393.7347,109.7554,44.6325,100.6518
393.6986,111.0602,46.9497,100.2872
393.6510,114.9935,49.3254,99.2615
386.7715,115.7797,49.2443,99.9960
386.7701,116.6493,49.2469,100.5727
383.3452,118.3543,49.1234,101.8116
383.4407,118.1352,48.9324,102.2498
382.8847,123.9889,50.0444,102.2600
379.6476,123.9821,51.7927,102.2736
377.6173,125.4597,53.4598,101.7119
377.3722,127.9112,53.9499,101.6367
376.4773,128.8875,53.3186,102.1054
376.7285,132.7781,52.8161,101.5761
378.6710,136.1941,51.3319,99.5458
378.2881,140.1079,52.0978,96.4093
378.6685,141.9287,53.6495,92.7676
379.1180,144.6405,55.0356,89.6292
372.3123,146.5122,55.0760,88.1476
371.2695,147.1919,54.9211,86.7882
368.7383,146.2688,55.5486,86.4169
368.3189,146.4408,56.3873,86.0730
368.3775,148.2115,56.2701,84.7627
365.0075,152.9318,58.5909,81.9511
364.4762,152.5873,59.6534,80.4344
362.6674,152.7784,61.0711,80.0522
364.5367,147.5605,57.3324,83.8359
368.0616,147.8569,54.7093,85.4565
361.9063,145.5384,51.6618,87.8994
363.1622,144.7600,49.1499,91.6354
359.9695,142.0100,46.7685,94.9437
361.7154,139.7179,45.4760,97.3287
362.0730,136.9035,44.7607,98.5344
362.3423,135.1055,44.2221,99.9140
362.6758,132.0400,43.5552,101.5906
363.2992,130.6773,42.3083,104.3161
362.5561,130.9668,41.5376,105.9938
362.5605,126.9324,41.5290,107.2611
361.4594,126.7837,41.4458,109.8437
360.4668,125.6872,41.1101,112.0368
361.4538,124.9663,41.4823,113.4785
362.3874,126.8186,41.9887,114.5211
363.5181,127.5903,42.1250,115.3753
363.5990,128.2224,41.9632,116.5234
364.7719,129.8290,42.0432,118.1618
367.2353,129.2896,42.0179,119.2407
367.0633,131.6581,42.3618,119.4349
367.0271,132.5085,42.4342,120.2087
369.5842,134.3336,42.2940,121.5325
369.4151,136.7290,42.6322,121.7485
371.5740,140.0932,43.3396,122.5579
372.7476,141.0262,43.5295,123.2289
372.3613,138.1846,44.3020,123.8120
373.1794,137.8299,45.2383,124.5215
374.1450,134.9349,45.9065,125.1126
373.9176,134.0029,46.3613,126.9766
374.8937,133.3406,47.0640,128.3011
374.7061,133.7588,47.4392,130.1513
375.5500,133.6728,48.4712,130.3232
375.2431,131.7321,49.0850,131.4638
376.9909,132.5921,51.1261,129.7439
377.5686,134.5202,52.7509,128.6680
378.2767,136.6646,54.1285,127.1728
385.3823,139.0023,56.6969,122.4974
382.5478,150.4424,62.3658,116.2612
382.3292,148.0325,65.5839,112.7385
383.0913,148.2118,69.6269,109.5963
382.4439,154.1741,73.7264,106.0860
386.0375,152.4695,72.1796,106.6751
388.5287,150.1949,70.0008,108.4209
392.2273,148.1732,68.1905,109.6707
394.2914,147.2789,66.8441,111.4593
394.2606,148.1240,66.9058,112.5550
394.3465,150.1682,66.7340,114.0731
401.0583,150.2051,67.4245,113.9993
396.2540,153.1896,68.5329,113.6971
395.5503,150.6301,67.0926,115.9684
394.8708,149.2724,65.5946,118.6839
393.6638,146.6338,65.1368,121.0893
393.0307,143.0387,63.5036,125.3802
390.8881,150.3446,64.8544,125.4402
390.7708,144.3711,65.0891,128.5116
391.6733,137.2348,63.2839,133.7610
392.4436,128.3570,61.7435,139.3045
393.2612,124.2122,60.1082,144.4875
393.3680,125.1037,59.8947,149.0100
393.4637,123.3720,59.7032,152.4734
393.5221,118.1682,59.5864,156.3600
393.1619,119.8410,60.3069,159.6428
392.0667,113.2004,62.4972,159.4268
396.4274,115.0743,64.0073,159.0895
395.5971,119.9513,65.6679,159.6334
397.4691,128.3460,68.8640,156.7242
397.0100,126.9307,69.7822,156.0702
400.0583,124.4464,70.6681,157.5476
400.1671,119.4307,70.4505,160.5226
399.4414,119.8764,71.9019,159.6312
397.7373,125.7609,75.3102,155.0224
395.6709,125.9524,75.8704,154.6395
398.5128,127.3751,77.3399,151.7940
396.3848,125.7589,78.0355,151.4660
399.9644,131.7998,78.0117,153.6549
390.3067,132.6051,79.3303,152.0441
396.7984,125.7804,77.1422,158.4967
393.5498,140.2179,79.9841,155.2077
396.5643,138.3030,81.2675,155.3814
396.6309,137.1988,81.1344,157.5898
397.0045,135.6481,80.3870,156.9802
398.6578,136.9498,80.7696,154.3768
402.9651,134.0315,79.4698,156.5560
404.2061,132.9623,76.9878,158.6943
408.6548,131.7262,75.4012,161.1666
409.4540,131.0394,73.8027,162.5402
411.4082,130.6082,73.5500,163.4026
412.0416,131.7813,72.2834,164.7202
412.0598,129.5547,72.2469,165.5127
414.7002,118.3270,70.6376,169.6107
417.2720,113.4039,69.1964,172.0521
419.6782,110.5995,68.0958,173.9492
423.7213,107.9581,67.4485,175.5123
424.4319,107.7690,66.0274,175.8906
425.2096,109.7853,64.4720,175.5682
425.8245,111.9974,63.2421,174.8216
427.9685,114.5120,62.5989,173.4370
428.8001,116.6267,60.9357,172.8208
429.3391,118.3642,59.8576,172.9201
429.6933,121.8846,59.1492,172.9913
431.3235,125.4526,59.4331,172.9435
431.3731,128.9761,59.3337,172.9939
429.5234,130.6617,59.4856,173.1702
427.9872,135.6658,59.0051,173.8206
427.2516,139.7675,60.4765,169.1705
421.1860,147.5135,62.0664,164.2199
439.2320,135.6554,64.1620,163.6348
429.7209,147.2380,65.6802,161.4744
452.1573,141.2884,66.2659,159.3864
447.6820,143.8307,68.2622,157.7789
443.4043,142.5076,69.8391,156.9358
455.6300,141.4205,69.9213,155.6053
454.3000,147.5808,69.0943,157.2324
453.4835,143.8897,70.7275,154.1266
451.7315,145.4810,70.7517,154.4236
461.8619,146.2075,71.3969,152.9707
462.8450,140.0536,69.4308,154.8550
467.6299,142.2731,66.7957,157.3509
468.1656,139.5264,65.7244,159.3871
471.9247,142.6476,65.1411,160.0799
473.5646,148.5052,65.3285,158.7658
475.4489,146.9384,65.0115,158.4480
2
0
0
0
0
1
431.8945,139.1516,52.3810,167.4216
430.1837,141.8677,55.8025,165.3303
426.9048,143.9294,58.9864,164.5808
425.2742,149.2342,62.2477,160.8135
424.1141,150.6556,64.5679,157.9707
421.2481,153.2961,66.8733,156.1162
418.2675,154.9242,69.3940,152.8599
419.3152,150.6927,67.2985,154.4474
419.8521,149.8364,66.2247,156.1600
420.7830,148.4865,64.3630,158.8597
422.0567,143.5481,61.8155,161.8653
420.7707,142.2982,60.9542,164.3649
419.7911,138.8179,59.4598,164.4183
419.7104,138.5913,59.6212,164.8716
420.3950,135.1006,58.2520,168.4161
417.4861,131.9250,57.1447,171.3047
414.6004,124.1082,55.9491,173.0042
412.8284,121.8096,56.0072,174.1156
411.4101,119.5554,55.3412,175.1214
409.9662,117.2585,54.7243,176.2107
407.7863,113.2968,55.5754,177.1165
405.7029,109.4779,56.2050,177.6799
407.6669,105.1151,55.8339,179.2917
413.0002,106.8530,55.8859,179.3888
407.0165,97.6136,57.1277,179.9915
416.2070,95.4046,56.7800,180.8029
414.3756,85.2795,56.8310,182.9942
403.9943,86.8839,59.3748,183.4293
410.7671,100.1581,60.6164,182.7586
411.3979,100.5257,63.0647,178.3133
409.9733,102.3327,65.9140,174.6993
409.0088,99.3305,67.8430,173.3215
407.5599,98.9251,70.7408,170.4264
406.1331,100.1678,73.5943,167.9409
405.1161,100.8833,75.6284,166.5100
404.6100,101.2051,76.6405,165.8662
404.0609,101.9512,77.7388,164.3740
403.8332,100.0003,78.1942,164.5246
403.8218,99.6272,78.2170,165.2708
403.5414,100.5967,78.7779,163.3319
403.8748,98.2453,78.1110,164.2805
404.4786,95.4826,76.9033,166.0495
404.6635,93.5490,76.5336,166.1555
404.7728,91.6069,76.3149,166.2837
404.1236,92.4207,77.6134,164.6561
405.8295,92.4165,77.9548,164.6643
406.7459,95.9346,79.8812,161.3875
406.5521,93.3554,80.2689,162.8010
407.8609,93.8630,81.4236,161.7857
408.1614,92.2894,80.8225,164.9330
408.2704,91.7117,80.6045,166.0884
410.1862,92.6317,80.5992,164.2483
410.8549,93.7485,79.2617,165.8140
411.7101,93.1592,77.5513,166.9926
411.8076,95.2940,77.3563,166.5092
412.3432,95.3885,76.2850,166.3202
412.1096,98.7401,76.7524,163.3712
412.5541,99.9073,75.8632,164.7561
414.8012,100.4274,75.0933,163.7160
413.5914,102.0873,73.8174,164.0916
414.0154,104.2700,72.9693,163.4049
414.8877,104.2869,71.2247,163.3709
415.1351,108.3231,70.7299,162.5436
415.4361,110.2110,70.1279,162.3695
415.3012,112.8403,70.3977,160.6996
415.3815,117.1055,70.2371,159.3075
415.3792,121.0517,70.2418,158.5074
415.9034,122.7505,69.1934,158.6446
416.2454,126.3765,68.5093,158.4288
416.2572,128.6644,68.4858,157.3562
414.5177,131.0835,68.4778,156.0049
414.4627,133.0715,68.5877,155.4962
412.9910,134.8531,68.0691,155.3950
411.7599,136.1524,67.0802,156.2476
412.0819,139.5476,66.4362,156.3495
410.4626,140.9421,66.2384,156.9970
410.7222,145.7983,65.7192,157.6108
410.1824,148.2390,66.7989,156.1712
407.0595,149.5584,66.1644,156.9725
406.5292,150.7157,67.2251,154.6579
406.1957,153.4005,67.8920,152.7140
406.1861,154.0406,67.9112,151.4339
406.1328,156.3188,68.0179,150.2685
406.2657,156.4159,67.7521,150.0743
408.6966,155.7705,66.2588,151.3651
408.9505,157.9493,65.7509,150.3685
410.8282,156.0493,65.3331,150.8309
410.9903,156.5233,65.0089,149.8830
411.4313,156.8461,64.1270,149.2373
411.1126,156.9777,64.7643,148.9741
409.2763,159.1412,65.1370,147.9472
410.3683,156.6881,62.9529,149.5615
419.8582,155.3615,60.3554,152.2149
419.1385,154.7022,58.5263,153.5333
420.0883,154.3577,56.6268,154.2225
420.9408,152.5993,54.9218,154.5089
421.1996,156.9404,54.4041,155.4374
422.8659,154.4209,54.2789,157.2689
422.8138,154.9712,54.3833,156.1683
423.3462,151.9107,53.3184,155.8545
423.4205,149.6368,53.1698,157.2086
423.5064,150.8700,52.9980,157.9525
423.8433,146.8161,52.3243,159.6249
424.1423,144.1092,51.7262,161.8097
424.2660,146.4102,51.4788,163.7060
424.5817,144.5356,50.8474,164.1837
424.5216,145.6987,50.9676,165.1240
424.2080,147.1408,51.5948,165.5220
424.1764,145.1042,51.6580,166.2958
424.2948,143.1024,51.4213,166.9879
424.1960,143.2265,51.6189,166.7398
423.7223,143.7318,52.5662,165.7292
423.5932,144.6692,52.8244,163.8544
423.4594,145.5864,53.0920,162.0200
422.7635,146.5268,54.4837,160.1391
420.5120,144.8019,55.7110,160.3130
419.5679,148.2052,57.5991,160.1080
421.0131,145.0648,58.0408,159.7245
417.9048,149.8930,57.5882,156.7374
407.6856,151.5368,61.6081,153.4497
406.5613,152.6601,63.8569,151.2031
407.6401,155.6564,65.0155,148.5267
407.2456,158.4924,65.8044,146.1526
406.8319,159.2333,66.6318,144.6709
408.0351,158.0952,67.4958,143.6768
407.6180,158.2752,68.3300,143.3168
406.0932,158.1615,68.0993,143.5442
406.3973,157.9305,67.4910,144.0061
406.4451,158.1738,67.3955,143.5195
406.1301,158.3921,68.0254,143.0829
405.6190,160.4140,69.0476,142.3107
404.9265,162.3943,70.4326,141.6281
404.1729,164.6041,71.9399,140.5008
405.3780,166.3737,72.8314,140.2633
405.5670,166.0508,72.4534,140.9091
405.6537,165.7994,72.2801,141.4119
405.7155,163.8304,72.1563,142.0289
405.9359,163.8658,71.7156,141.9582
406.2094,165.7985,71.1687,141.4118
406.4298,166.1140,70.7278,140.7809
406.2860,167.0353,71.0154,138.9384
407.6894,167.7276,71.4714,137.5536
409.1075,168.0753,71.8855,136.8584
410.3792,168.2766,72.5894,136.4558
408.6115,168.7468,72.8715,135.5154
410.2715,168.6120,72.7958,135.7849
408.8613,166.4577,72.3691,136.8465
407.2354,165.7434,72.3655,138.2750
407.7193,165.7772,71.3977,141.4838
406.4992,164.2720,70.5312,144.4941
405.1677,161.0601,69.8585,147.5821
404.2831,157.4601,68.2584,151.4131
403.0670,155.6135,67.2939,155.1063
403.1487,152.5185,67.1305,157.8628
400.2504,149.5331,65.9863,160.3632
373.7784,149.1720,66.6367,161.0854
398.7906,150.4313,65.7273,162.0751
399.2987,148.3487,64.7111,162.7339
398.2830,147.2511,63.2448,164.9291
393.3163,144.7923,62.6694,166.3438
360.4507,145.9209,65.1683,164.0867
360.9552,144.7749,67.6846,162.8532
350.1364,144.5161,68.0082,163.3710
350.6734,142.0279,70.4998,164.7816
344.2189,149.5261,72.5184,164.3057
385.4133,145.1859,70.6235,165.6684
385.3873,147.0195,70.6757,162.0013
389.4229,143.7107,69.7904,161.4328
389.8949,143.7344,68.8462,161.3854
390.1265,144.1210,68.3830,160.6124
390.3069,141.0859,68.0222,159.6177
392.7591,138.4581,66.6295,161.3617
393.4946,136.4151,65.1584,161.9358
393.5420,136.7033,65.0636,161.3594
388.5352,135.3472,64.6247,160.5874
389.8972,130.2166,65.3659,160.4530
387.3957,131.2058,66.8925,161.9511
387.3462,132.1943,66.9916,163.4992
386.9821,130.9581,67.7196,165.9717
380.6961,130.6082,69.4979,166.6716
374.1866,131.4304,71.5978,165.0271
365.4637,130.9144,74.4316,162.4061
371.0005,130.6995,78.0172,159.1710
363.8385,132.3388,81.3008,155.8925
362.4305,135.2967,84.1167,153.6655
361.1983,134.7179,86.5812,151.1187
360.3744,135.4821,88.2290,149.5903
356.7402,136.0959,88.0695,148.3627
351.2437,138.7013,87.9836,146.8449
351.2755,140.8067,87.9202,146.3030
349.6614,142.5970,87.4884,146.3822
344.5013,142.4091,86.8476,146.7580
341.6486,142.1098,85.2561,147.3566
341.0571,141.5330,82.8086,148.5102
340.9361,140.9105,79.4449,149.7551
344.0163,140.2859,76.8511,151.0044
345.4001,138.0329,74.0835,151.9699
346.3216,137.5144,72.2406,153.0070
345.3595,138.8008,70.6751,153.9238
344.1410,136.4586,69.6364,155.1325
346.4508,138.4229,68.4917,154.6791
344.6255,140.1812,68.6940,154.6107
335.3215,141.0203,70.0473,152.9326
324.9368,142.6275,70.1148,153.1685
346.3856,143.4641,72.1314,151.4953
350.8919,145.4929,73.5161,150.9035
352.6846,145.4362,73.4119,151.0169
356.3657,144.3302,73.0120,153.2288
356.0704,145.8545,73.6026,153.6868
355.3923,147.6815,74.9587,153.5561
364.2541,151.1376,74.9604,153.7340
360.3383,155.0048,75.6965,153.0950
360.1560,157.6809,76.0612,151.2939
360.8884,159.5207,74.5964,151.1453
363.6309,161.1664,72.6150,151.3573
364.4578,163.1577,70.9612,150.8470
367.2383,165.4058,68.8361,149.7868
370.1314,167.0061,66.4332,149.9695
370.7001,166.2096,65.2957,151.5626
370.7955,165.3741,65.1051,153.2335
376.6989,165.3899,63.4012,153.2018
378.4321,166.7684,63.2717,153.7818
377.9753,168.0793,64.1854,154.5032
376.0126,167.4525,64.7410,155.7567
379.1613,170.8129,65.2389,155.8313
378.6218,170.9842,66.3179,155.4885
373.8841,173.3218,68.9500,154.2351
375.0554,174.0229,70.0573,152.8330
374.2459,177.1823,71.6762,149.9632
371.0204,184.3757,74.6918,145.8830
372.9902,189.7602,77.6083,141.9700
372.6282,192.8719,78.3324,139.1673
376.5388,193.9762,77.2942,136.9588
376.9573,192.8664,76.4571,135.8371
377.4907,191.4241,75.3905,135.4113
377.9103,189.7380,74.5513,135.4975
376.6449,189.5975,73.8092,135.7786
376.8876,189.2735,73.3238,136.4267
377.0590,189.4270,72.9810,136.1197
377.3961,189.2234,72.3069,136.5268
377.6661,189.0928,71.7667,136.7881
378.1967,188.1866,70.7055,138.6005
378.4461,189.6328,70.2067,138.9606
379.2769,188.7222,68.5450,140.7817
375.8714,188.0469,68.8620,142.1323
372.2216,187.7053,69.6171,142.8156
370.0911,188.3856,70.5828,141.4549
367.4023,187.3167,72.6682,140.3005
367.8920,188.6566,75.0000,137.6207
365.0714,190.0734,77.3294,134.7871
365.7312,189.8134,79.3194,131.9975
363.1461,187.6656,81.1878,129.6894
359.7845,184.7589,81.3133,128.9050
361.8006,179.8211,80.5703,128.9129
362.1538,176.5247,79.8639,128.9519
364.1695,173.1184,79.0981,129.2332
366.4080,171.5256,77.8780,129.1619
367.2845,171.3373,76.1251,129.5384
367.1381,165.9985,73.2065,130.5818
367.0272,163.9073,70.2511,131.5870
368.0951,158.9857,68.1152,132.0052
369.6704,158.5223,64.9646,132.9320
369.0858,154.8288,63.0636,134.1787
368.1213,153.1915,61.9372,134.3981
368.8664,146.5673,60.4472,135.4912
367.8284,143.6603,59.4945,135.2481
366.6395,141.7098,58.8642,136.1408
369.9198,142.3883,58.3236,134.7838
371.2835,143.9932,58.5770,131.5741
376.1325,145.2511,57.6956,129.0583
382.6774,144.4139,56.1530,127.8459
361.5750,136.5955,58.5685,126.4300
361.2272,138.9861,62.1280,124.5128
357.1708,138.5878,67.3429,122.4115
367.6082,131.5323,67.1645,124.6959
371.8375,130.5460,67.6677,126.6686
374.1440,132.5948,69.1048,128.6208
382.0913,129.1130,71.6801,129.4278
387.6708,129.6117,76.1922,128.4304
396.8739,128.0615,80.1584,128.3347
394.3616,127.2250,85.1829,126.7465
363.7272,128.8059,83.3454,126.9059
364.4883,128.7883,81.8232,126.9411
365.8841,132.5294,82.3001,125.9957
368.3107,134.0302,83.9711,122.9941
387.5216,140.8973,90.9762,118.9943
388.7795,151.3528,98.3582,114.5795
383.4940,151.4971,105.5783,110.9401
348.3540,145.8528,100.8498,112.0002
345.6701,145.2876,96.1651,113.1306
346.7056,144.5583,90.8009,114.5892
347.3304,142.2531,86.3222,115.9705
349.3044,141.7676,82.3741,116.9416
350.0075,141.5662,77.8408,117.3443
351.9679,141.5405,73.9202,117.3957
350.7220,141.2385,70.4252,117.9998
350.4901,142.5745,67.9454,118.2712
348.3014,143.4490,66.5115,119.4280
348.9929,143.2201,65.1285,119.8858
348.1408,144.0359,63.9513,121.1358
348.6043,144.8828,63.0243,122.3216
348.9409,145.8250,62.3511,123.3185
349.4106,146.9588,61.4116,123.9351
349.8601,148.3056,60.5127,124.1185
348.6746,149.8601,60.0195,123.8736
348.8438,152.7971,59.6812,123.7036
348.9583,154.5732,59.4521,122.9950
347.5479,154.8554,59.4436,122.4307
347.4053,156.0241,59.7288,122.9141
347.2104,157.5767,60.1186,122.6418
345.8929,160.7020,59.9181,122.0628
346.1964,162.1565,59.3109,121.9775
344.7776,163.7264,59.3365,121.6496
345.1822,166.5643,58.5274,121.5891
344.2045,167.8524,57.6900,121.8055
345.8791,169.1815,57.1223,121.9286
344.7196,171.9282,56.6679,121.9815
344.8093,172.0551,56.4886,121.7277
345.1639,173.7492,55.7794,121.0986
345.3007,174.0651,55.5059,120.4667
345.2842,176.2615,55.5388,118.7977
345.5732,177.4522,54.9609,119.1161
344.5231,176.9558,54.3665,120.1089
344.6355,178.2850,54.1418,120.1489
344.7168,179.4725,53.9791,120.4689
344.8770,181.0610,53.6587,119.9890
343.8690,180.0135,52.9905,119.3996
342.8302,179.8725,52.4041,119.6815
341.8093,179.9959,51.7883,119.4349
342.0326,180.3130,51.3417,118.8006
340.9143,180.4235,50.9520,118.5797
340.8175,182.2286,51.1455,117.5855
339.5107,181.0741,51.1540,117.2894
337.9695,181.5326,51.6353,116.3724
336.5512,184.0930,51.8757,116.4441
335.0107,184.4235,52.3552,115.7831
332.4584,186.1781,52.2592,114.8742
331.0440,186.1990,52.5026,114.8323
328.2541,187.4230,52.9042,114.9734
326.8518,188.5759,53.1105,115.2659
325.4916,188.4661,53.2250,115.4854
324.3639,191.2212,52.8691,115.1977
322.8421,192.8949,53.3120,114.4512
321.4254,192.9459,53.5475,114.3490
320.1407,192.9415,53.5168,114.3579
318.7715,192.8983,53.6552,114.4442
315.3470,193.9267,52.6934,114.9911
314.1761,195.2230,52.4405,114.9932
313.0456,192.5627,52.1112,115.1332
309.5222,195.2800,51.3981,114.8718
307.1447,197.6147,51.0126,115.3430
304.7306,199.9813,50.7000,115.7505
300.9998,201.1140,50.4494,116.0556
299.6925,199.7701,50.4932,116.1728
298.6851,198.2956,49.9349,116.5485
293.7614,198.4497,49.5072,116.2405
292.4365,199.6799,49.6002,116.3369
291.1468,199.5555,49.6198,116.5856
286.2122,199.5574,49.2341,116.5817
285.0281,201.3198,49.0453,115.6138
282.9135,199.7950,48.1955,116.1238
280.7022,201.3550,47.5544,115.5358
279.8430,200.0974,46.7609,115.5389
275.2312,201.4878,45.9930,115.2561
274.1702,201.8003,45.6350,114.6311
272.9290,200.7958,45.6525,114.1754
269.7855,203.4169,44.5642,113.8502
268.6306,205.3430,44.4396,112.4321
266.5169,205.6068,43.8437,111.9045
263.6341,206.1309,44.8223,110.8564
259.9916,206.4496,44.9197,110.2190
257.2282,208.0745,45.6697,109.3576
254.8894,208.5784,45.5687,108.3498
251.1997,208.6190,45.8292,108.2685
248.4437,207.5293,46.5884,108.0716
245.7012,208.6493,47.2993,108.2185
241.7341,207.5597,48.0286,107.9962
240.3387,207.7156,48.4081,107.6844
237.9272,207.5837,48.4041,107.9480
235.4418,207.7936,48.5407,107.5283
234.1183,209.3232,48.7741,106.8827
228.0775,207.9292,48.8146,107.2624
227.6800,207.6553,49.6097,107.8103
226.1817,207.7932,50.1700,107.5344
