1
49.7942,576.6979,49.7706,44.1614
76.7683,586.2134,52.6723,43.4301
95.8133,595.5423,55.4134,42.8316
125.4101,605.3135,56.9974,43.4726
147.3899,613.8907,59.1996,43.1287
170.6330,621.8631,61.0514,43.9213
198.1555,627.3817,62.9946,44.2270
226.0276,633.4117,64.1809,44.4384
254.3875,638.7070,64.5131,45.3021
282.7418,645.3156,64.9515,45.6511
321.9075,652.5753,65.0272,46.0501
351.7513,656.9373,65.1024,45.1745
382.3609,659.1404,64.3295,46.8393
413.8071,661.2129,64.6126,47.9903
446.2729,663.0867,65.4509,48.5466
476.4518,663.3896,64.2303,50.5858
507.4437,662.1768,64.7032,51.8488
537.6343,653.4937,65.3993,52.2402
568.1800,646.7276,65.5083,52.3801
599.7380,645.6942,64.7698,54.7102
629.8702,635.5466,62.9684,57.2704
658.9671,627.8268,61.4620,59.7156
684.9545,620.4621,60.8960,59.9209
697.9613,613.8346,61.1166,60.2991
723.7162,609.0870,59.7170,61.5249
737.1125,606.2271,59.2950,63.7394
763.1658,599.8839,58.5430,62.9025
787.9765,596.3845,59.4169,61.7490
798.6773,594.7521,58.3040,62.2092
811.3875,591.9540,59.5745,62.5011
823.1447,592.1397,62.9103,59.3018
847.0970,586.7121,61.1799,59.6632
870.9774,578.0199,57.8362,61.1703
889.3557,573.1530,55.6088,62.6826
899.8029,570.9340,54.1025,64.0066
909.7359,572.5030,56.8476,63.3954
927.3738,571.8185,55.7182,62.5826
935.8161,570.5686,56.4748,61.1075
957.4202,569.2872,55.1507,60.8337
962.9709,573.6408,52.6548,62.4136
978.2242,563.3964,52.0167,62.0456
982.8670,560.7008,51.7267,61.7724
990.4655,552.3700,52.5852,59.9723
996.7502,551.4446,55.0494,57.3112
1006.2020,541.0084,55.1665,55.2176
1006.8508,539.5410,55.5551,53.9717
1020.2151,536.3333,54.6966,52.4575
1023.7681,523.1880,54.3861,51.0847
1025.5149,520.2727,55.9379,49.5603
1030.9010,504.8230,56.2608,49.2336
1033.4519,490.4894,57.8855,47.9596
1038.4296,488.8754,59.9608,45.9283
1030.4318,474.2498,60.9326,44.5389
1033.7897,472.6846,61.7022,44.2737
1024.2927,459.4451,62.5428,43.4383
1027.2190,459.0614,63.2193,43.2915
1013.0525,445.8695,63.5931,43.2441
2
0
0
0
0
1
1073.8445,408.5086,28.5684,13.8927
1073.0695,402.1437,28.6796,13.7762
1073.2311,396.3008,28.2295,13.8420
1073.7108,391.2853,27.6343,13.6810
1072.6643,384.3823,27.2195,13.7184
1072.8978,377.9448,26.6467,13.5907
1072.0651,371.1175,26.3489,13.6031
1071.7582,364.2934,26.0778,13.4459
1070.2720,357.3270,25.5821,13.5779
1067.9282,352.2586,24.9714,13.8641
1066.2249,349.4451,24.8546,13.7763
1064.0676,347.9671,24.6483,13.8059
1063.1116,345.9767,24.5404,13.6874
1061.6392,340.9383,24.5014,13.7872
1062.9829,338.9637,24.1863,13.5899
1061.8683,336.5878,24.2191,13.5589
1061.7640,334.8960,24.2436,13.6067
1062.0978,333.6465,24.1188,13.6065
1063.0959,334.1927,24.2325,13.6617
1066.6915,334.9025,23.4408,14.0144
1067.4963,335.3636,23.4206,14.1215
1070.9318,337.3204,22.8918,14.6376
1074.3312,339.1848,22.5459,15.0210
1077.6476,341.2808,22.3292,15.4855
1081.8798,342.9238,22.2326,15.1616
1086.4354,342.2512,22.1911,14.8555
1091.1927,342.9116,22.0585,14.7574
1095.4004,344.1531,21.9384,14.5160
1099.9402,344.6543,21.6916,14.3878
1104.8098,341.0976,21.4221,14.2806
1109.2664,337.4210,21.2718,14.1025
1113.6643,333.7120,21.0946,14.0427
1117.4374,331.5908,21.2379,13.9711
1120.8009,326.0086,21.4850,13.6303
1121.7812,322.2981,21.4137,13.5958
1122.6519,318.8717,21.3716,13.5263
1124.6636,317.0255,21.6344,13.6273
1123.5005,314.7097,21.8394,13.6641
1122.1215,312.4349,22.0582,13.6334
1120.5970,314.1049,22.7781,12.8246
1118.7180,314.8250,23.2529,12.0303
1115.5198,316.0803,23.4516,11.4160
1112.6637,316.7863,23.7129,10.8332
1109.7728,316.9943,23.9143,10.2654
1106.8274,317.2704,24.0773,10.0000
1105.1912,316.8484,24.0212,10.0000
1103.8027,315.9223,23.8976,10.0000
1102.3254,313.3587,23.8443,10.1833
1101.4948,313.5268,24.1697,10.0000
1099.7726,312.7457,23.7485,10.0000
1099.9592,313.4562,23.6514,10.0000
1100.4729,313.9832,23.5083,10.0000
1100.3091,315.0052,23.7833,10.0000
1101.4471,314.9885,23.6889,10.0000
1104.2791,315.9602,23.3409,10.0739
1106.9536,317.1935,23.0935,10.2375
1108.4376,319.0717,22.8892,10.5585
1109.8098,323.2328,22.8113,10.4289
1112.7960,323.5565,22.5052,10.3802
1116.2625,322.1631,22.1035,10.4267
1119.1964,319.2795,22.1587,10.5884
1121.8501,316.4821,22.2501,10.7454
1123.8407,314.6920,22.1758,11.0496
1126.1581,311.8463,22.4811,11.0689
1125.3955,308.9133,22.6892,11.2179
1126.4817,306.3357,23.0194,11.4113
1127.4906,303.7224,23.3345,11.5528
1126.1222,303.7060,23.3200,11.7412
1124.9480,301.1036,23.9165,11.9636
1122.7947,302.2076,24.4397,12.1684
1119.7623,303.0801,24.7332,12.1927
1118.4109,303.7333,24.9832,12.2640
1115.4519,304.2303,25.0078,12.2498
1113.0386,303.3804,25.2446,12.3838
1110.3252,302.3681,25.2313,12.6296
1108.2997,299.3954,25.3501,12.9327
1106.2810,301.1051,24.8597,13.4972
1104.2322,302.6322,24.8699,13.4754
1101.3584,301.5313,24.5408,13.2176
1098.1592,299.4770,24.2745,13.2801
1096.0125,297.5641,23.9697,13.2339
1094.1229,294.3580,23.9024,12.9948
1090.9229,294.1702,23.7248,12.5846
