1
650.9799,277.5542,27.4457,136.3094
649.1923,281.1621,31.0209,133.9579
648.8461,282.9090,34.1815,132.9327
647.4545,284.3994,36.9648,132.4659
644.6054,291.0950,40.1029,131.8752
634.4302,292.5910,42.1823,131.4933
633.3954,292.7864,44.2520,131.1024
635.6409,293.7148,45.1119,131.9211
636.7722,293.0421,45.5523,133.2666
634.7118,295.1736,46.9430,134.4635
625.8911,298.7012,47.9498,135.7257
623.0789,307.4534,47.9567,135.0737
621.4816,316.2715,48.3518,134.2348
615.9389,320.5616,48.2582,134.0388
611.9389,321.3541,47.8875,132.4539
618.5261,321.8120,48.5175,131.5380
622.6262,318.9609,48.5946,131.7220
630.7405,315.3929,48.9450,130.5684
630.6429,308.6977,49.1401,130.1941
628.0670,309.1356,48.7898,129.3183
619.8488,310.4000,48.8329,129.5218
625.2225,311.1154,49.0290,128.0910
634.7721,308.8513,48.9625,127.1813
638.1404,307.7751,47.6351,129.3336
638.2739,307.4821,47.3681,129.9197
638.2269,307.3995,47.4621,130.0849
639.7540,305.7985,47.1273,130.5676
641.2169,301.6872,46.9217,130.6299
646.7461,294.5328,46.7324,131.3522
648.1000,292.0136,46.7488,130.9421
649.3667,288.2886,46.9340,130.2363
652.0603,282.9938,46.9705,129.9783
656.2159,277.3752,46.7858,130.3801
656.1286,273.4255,46.9605,130.1457
649.4429,270.5478,46.7765,130.4791
645.2653,266.3734,46.9942,130.6903
639.9985,263.1041,46.6500,131.7900
638.5117,260.1425,46.8947,132.2552
638.4875,257.1780,46.9430,132.7042
637.2664,255.7857,46.6379,132.7416
629.1193,254.4692,46.4782,132.6322
622.2520,255.9790,46.5236,132.3505
612.1580,255.6753,47.5690,132.9579
621.5526,254.6737,48.1160,132.1988
629.5541,244.7250,48.6809,132.7668
627.6335,240.1003,49.7425,133.6771
623.3621,238.7688,49.8498,133.5283
620.5045,237.4017,49.9417,133.4507
623.0236,237.7567,50.5278,132.7409
631.0193,238.0664,51.4118,132.1214
632.2865,239.9142,51.6970,131.2454
633.4744,240.4880,52.1333,130.0977
632.8477,240.7234,53.3868,129.6270
631.7452,241.2898,55.5916,128.4942
630.6703,241.9838,57.7414,127.1061
632.5975,242.3839,59.6057,126.3060
642.1421,242.8910,60.6782,125.2917
642.0710,242.9944,60.8203,125.0850
643.2765,241.5546,61.2931,125.0809
647.7098,241.3482,61.1016,125.4937
657.1324,240.8451,59.6229,126.5001
662.4307,240.6496,57.6765,126.8909
664.8268,239.0945,55.7394,127.1462
672.8402,238.2810,53.8359,128.7733
673.6473,236.3881,52.2218,129.7444
678.8195,235.0663,50.2770,132.3880
686.2879,231.1196,49.3551,134.6753
688.1384,229.2330,48.4733,135.6294
692.6279,226.0299,47.9450,136.4018
692.7836,224.7120,47.6335,136.2194
691.4822,223.5300,47.4263,135.7734
691.6165,219.3266,47.1577,135.7803
691.8775,213.4886,46.6356,136.2759
693.4216,210.2319,46.3401,137.2039
693.3695,207.4276,46.4443,137.2115
696.0724,204.0931,46.6435,138.2754
695.8367,197.1055,47.1151,138.1441
695.4893,195.8759,47.8098,137.7753
695.3558,196.5994,48.0767,136.3283
710.4730,197.6020,48.8585,134.3230
729.6606,197.8169,49.7555,131.0880
743.2686,194.2558,50.2896,129.8853
746.3170,186.9996,49.7272,130.5612
736.4387,193.0827,50.1154,132.2295
732.5001,200.0175,49.5992,135.1470
740.7288,203.7976,50.1239,136.0778
745.0670,209.0309,50.0067,137.0237
741.9155,210.9808,50.5806,135.9886
738.8945,216.6216,50.9025,136.1472
738.7697,217.0500,51.1521,135.2905
733.2706,216.9814,50.7088,135.4277
731.9257,219.6133,50.5443,135.8727
730.6081,222.5694,50.3216,135.6759
729.2664,223.1486,50.1541,134.5176
730.7809,220.1569,49.9564,134.8382
730.4632,215.0370,50.5917,133.7487
720.3967,212.6908,50.9274,132.7846
720.3050,211.4127,51.1108,132.5205
728.7903,209.6582,51.0596,133.2097
728.9996,205.0675,50.6410,133.9044
733.6429,201.8787,49.8482,134.6194
733.7210,194.5543,49.6920,135.1317
732.2764,192.8356,49.7494,135.7374
739.0356,193.2625,50.4384,134.8836
744.8068,192.0239,50.2630,134.5191
745.0004,190.8635,49.8757,134.0066
745.0358,191.3067,49.8049,133.1201
745.1523,190.2535,49.5719,132.4217
746.5395,188.8316,49.5884,132.4746
752.2905,189.2875,49.2539,131.5628
754.0452,190.1743,48.5171,129.7892
755.7978,192.6375,47.7461,127.5969
755.7851,198.2552,47.7715,124.4278
763.3729,198.1015,48.4586,122.0914
763.2519,194.2814,48.7006,121.8641
758.1843,194.3768,48.3415,121.6733
756.6529,194.0896,48.7900,122.2478
756.5372,197.8863,49.0214,125.1769
756.4944,199.5376,49.1068,127.2283
756.5445,199.7111,49.0067,126.8812
757.5206,193.8122,49.7557,127.8743
764.6264,192.4030,51.9173,127.9639
765.2878,192.3524,53.3631,128.0651
764.8178,202.4449,57.0991,127.4517
755.0450,203.0018,59.5265,126.3379
758.4659,204.3826,61.3228,126.4556
761.3102,204.6046,61.4587,128.9240
761.8577,206.0825,60.3639,131.8695
761.2975,208.8201,58.5096,135.3179
761.9755,209.7267,57.1536,136.4965
765.9011,208.7598,55.2724,138.4302
766.3894,209.8356,54.2958,139.2581
771.8402,209.5481,55.2893,139.8330
776.8446,210.2259,57.2797,138.4775
779.7246,210.4508,57.5513,138.0276
791.7392,210.1294,57.6349,135.6563
803.9943,208.3639,56.9751,136.2061
815.5854,207.8809,57.6135,137.1721
825.2987,214.8408,59.2068,138.2665
834.4897,215.4041,62.1529,137.1398
853.2284,207.6618,64.7471,137.2124
863.7728,203.3977,65.5604,136.3539
875.6576,199.9568,63.7042,136.9747
881.4476,195.4770,61.4457,142.8272
882.0677,196.1400,60.2055,147.8060
874.9590,190.7678,58.4112,155.3480
873.5881,191.3966,57.8745,160.6477
868.4662,186.7095,58.0840,166.6771
865.9916,183.9965,59.5984,168.6684
865.3314,180.0159,60.9188,169.6482
862.8723,177.6446,62.3085,170.8623
853.7277,175.2581,62.7421,175.6353
853.7943,176.4128,62.6090,180.6202
853.3374,174.2318,63.5228,184.9823
863.0794,176.9528,63.0127,187.1298
864.6373,182.1953,63.7130,188.0931
861.5330,197.5899,66.0791,184.2022
850.5712,211.3726,68.8521,179.6175
847.0302,216.0151,72.1195,174.1471
843.1900,220.4384,76.0058,169.0945
841.0274,229.0781,80.3310,163.1839
841.1486,236.2648,83.8677,156.3685
853.4221,240.3349,85.5001,151.9683
853.4404,239.8827,89.1664,149.1698
827.5078,241.5607,92.6264,145.8138
829.4078,242.9738,92.5580,146.7191
829.4841,249.0747,92.4055,145.7490
837.2175,245.9992,88.1193,148.1732
842.3962,241.8130,85.1438,149.1637
844.8849,240.7965,83.8217,151.1966
845.4173,244.4522,82.7568,151.2110
846.1819,252.5624,81.2277,149.5702
859.0994,253.9796,80.5546,146.7359
864.4740,251.9062,80.4291,143.8002
784.5702,156.3287,79.4328,149.6811
759.4182,200.3743,76.2553,154.2914
771.7081,224.3361,73.1450,156.4638
786.3288,262.7438,72.3506,154.3216
814.4216,276.5248,72.3380,151.3353
850.9288,275.2453,72.1318,146.9601
879.6360,261.4575,72.5101,143.9395
902.9304,251.8580,69.6267,146.3287
905.6469,217.2050,70.8874,142.0048
865.3524,207.0510,72.1433,142.4796
816.0802,293.6519,70.6616,142.6564
838.7440,308.7237,71.6904,139.0023
860.1696,319.9690,71.4191,136.1638
892.3770,318.4621,71.5849,139.1776
895.3563,331.1719,68.9025,143.2434
899.2536,343.1996,67.6862,142.2124
903.1155,342.3741,66.4684,140.6105
855.8041,301.8823,71.2559,138.1755
865.8644,303.7431,73.9256,137.7098
763.0061,328.4125,72.0711,144.3821
763.3760,339.8079,71.3314,148.4779
762.8812,321.7379,68.9130,157.3551
762.1465,302.7519,66.8880,167.3706
747.0182,259.5762,68.3184,170.8468
737.0837,236.2093,73.4720,166.0770
718.8886,216.8790,80.2519,160.3221
715.5926,197.9719,86.8440,153.3075
722.1307,197.6847,92.4953,146.3908
602.4789,250.4922,96.3066,145.4390
598.6061,261.5778,92.6902,149.7791
580.9341,276.8465,90.1158,153.3683
608.7007,222.8458,91.6111,151.1143
608.5268,231.9435,91.9590,148.0934
563.4612,291.6969,88.2294,152.4827
606.3631,319.0134,85.0759,154.2022
615.5015,337.9068,85.4423,153.7017
626.7103,346.5596,85.3897,151.3061
640.4880,348.8369,83.6725,150.4427
667.0680,340.4348,85.2503,145.3517
674.9259,340.7164,87.5372,141.1880
661.3676,332.8139,93.1912,135.5304
654.9276,327.0195,98.8983,132.7734
669.0978,302.4717,103.3053,130.9284
685.1075,276.4859,108.1089,131.3478
672.8336,257.1496,110.0576,132.3552
663.0450,253.0839,110.5674,132.8595
650.9597,309.9594,107.9317,141.6516
653.3875,268.4568,103.0762,150.1489
653.7922,238.5671,98.2961,158.3115
653.5534,263.7803,94.7604,164.0718
642.8958,274.1922,95.8786,163.4449
638.3257,277.8795,96.9207,164.1685
624.3044,282.8912,100.4990,162.2999
615.8273,298.2458,105.1236,160.3596
601.7246,307.5170,108.3801,158.4499
605.2654,309.6529,109.6655,158.3615
603.4321,327.1908,113.3321,156.9134
598.4330,346.2433,119.0882,152.7441
593.4080,363.1001,124.8656,148.9388
588.7848,366.7847,129.8044,145.8773
595.9973,367.0638,132.7377,145.3192
590.3458,365.1190,135.2854,144.8309
586.8389,367.8267,137.8884,143.8263
587.0024,375.7191,141.9976,141.3500
597.3204,381.8213,148.1348,138.0700
