1
276.9160,128.3439,107.8013,103.3303
270.5383,120.2161,103.7667,109.1166
280.6875,103.6455,98.3870,114.2031
288.6053,77.1826,93.3625,118.0308
296.3636,64.7328,88.0776,122.9603
296.2627,67.2582,81.1550,127.1057
295.6837,65.7001,74.7536,130.2733
297.9850,66.0125,71.4044,130.0764
310.2638,73.6657,68.5285,128.9976
322.7142,75.7390,66.5099,129.5786
322.7910,84.1564,66.5938,129.1203
310.8751,100.6011,66.1332,128.8440
296.7476,116.0093,66.5764,127.3025
298.2181,121.1543,68.5594,124.9056
296.7813,121.4381,70.1771,124.0943
294.2021,115.7518,71.4072,122.2145
280.3701,119.0674,71.5469,120.6877
270.6457,122.3874,73.3277,118.7571
258.9012,111.8644,75.0781,116.6265
247.2670,105.5002,76.7401,114.8930
239.7264,98.0410,78.0475,113.4813
235.1598,101.2304,78.5995,111.8049
223.3826,113.3577,78.8054,109.9952
213.6823,119.9106,79.7280,108.3688
213.2509,124.1522,80.7660,105.4934
214.1307,129.9743,81.7925,102.4846
213.7325,143.5530,82.0841,99.2979
212.3965,154.4064,82.1473,96.3476
205.3666,169.9761,82.6619,93.1025
199.9979,179.5327,82.3367,90.6595
209.0157,187.3074,81.7914,87.6321
214.4733,193.2428,81.6996,85.2225
208.9373,202.0198,81.1746,84.0957
207.5041,207.1227,80.7465,82.3430
214.5195,206.9492,80.6077,80.7330
218.7645,193.0739,79.5604,79.8172
216.5725,180.8355,78.8233,79.0420
220.8226,177.5744,77.7194,77.8545
225.8378,174.3557,76.5192,76.8458
226.4327,167.9538,74.9500,76.1553
230.7139,158.0108,73.3314,75.1202
237.2528,155.5777,71.9946,74.1868
242.7129,157.1638,70.3964,73.0458
246.0240,158.9770,68.2113,72.7114
253.3659,151.2502,65.6512,72.4646
258.1294,144.9031,63.2191,73.3226
260.3129,139.2717,60.3189,73.6125
249.7785,139.7069,58.0803,73.2103
250.3170,118.2862,56.3121,74.0491
243.0372,102.2551,55.2680,73.2659
235.5762,99.9597,54.3001,71.8808
234.2093,92.7684,53.3763,70.1492
241.5949,73.0894,52.6161,69.4586
245.6091,66.9557,52.1407,68.6091
244.1705,72.2806,51.5667,66.9093
238.4040,75.2500,51.2354,65.9070
245.7323,73.5595,51.3584,64.4860
247.8714,83.3941,51.4233,63.9701
241.0095,100.1694,51.4549,62.4948
239.7629,115.5778,51.1642,61.4919
235.7826,123.6614,51.0561,60.9424
236.2094,137.0100,50.6140,60.3169
234.4117,133.3770,50.5841,60.0503
218.6027,133.6104,50.7531,60.3579
205.9806,125.7036,52.0043,59.8732
199.7400,102.6696,53.0164,60.3342
189.7690,88.5529,54.1240,60.4379
176.1020,97.4096,55.5877,59.4695
158.3769,107.0058,58.0741,59.3975
143.2994,100.1877,60.8200,60.4135
140.0448,87.8965,63.5985,62.2933
142.3463,82.7494,65.7188,64.0734
141.3696,80.0403,67.1865,65.5281
142.4226,81.9008,68.9350,67.2234
139.4065,89.6023,69.9857,68.7909
143.0387,91.5673,70.7484,69.9228
148.3692,93.0542,71.2248,70.3570
155.7148,97.1410,70.7461,70.8677
157.4661,90.5333,69.8681,71.6298
153.5760,98.3904,68.4675,72.5470
150.1711,112.7167,67.0461,72.7366
145.0798,107.9542,65.3659,73.2109
147.7657,97.5039,63.9907,73.5822
152.5733,92.8571,63.4076,72.8434
155.3633,97.5474,62.8992,72.2986
157.5798,98.2626,62.6613,72.1144
161.7632,101.4091,63.4027,71.7861
168.0632,104.6071,65.1691,71.6540
172.8267,109.4685,66.6681,71.4135
176.3651,116.5578,68.0184,70.9309
182.2646,124.1511,69.3984,70.5671
186.6462,130.3375,70.7564,70.3182
194.4513,132.8473,71.9225,70.2137
202.0151,135.1112,72.9094,69.8915
197.6541,148.4792,73.9111,69.4010
193.3769,157.1875,74.6117,68.7343
196.1231,152.0656,74.8130,67.5793
199.1178,140.2522,75.2935,66.3616
192.3405,135.4348,75.0424,65.2480
182.3835,131.6297,75.3856,64.3406
178.7972,128.3763,76.3426,64.2737
180.2541,127.4616,76.9316,64.4434
178.0669,130.8056,77.0289,64.3840
175.6288,132.8226,77.2118,64.8294
172.6158,136.8065,77.0950,65.9024
169.4977,143.5163,77.1112,66.5389
169.3467,142.7690,77.8456,68.0486
179.3822,131.6125,78.2442,68.8516
193.4791,122.2149,78.9282,69.9636
185.6571,116.9402,78.9805,71.9484
174.2572,107.5728,79.4695,73.8245
171.1397,91.8907,80.1494,75.2614
165.0519,74.6389,81.2643,76.5610
143.9290,63.7882,82.7978,77.7844
123.5672,57.1935,84.7959,79.8288
119.7526,48.0951,86.0970,81.3477
127.3360,43.5364,88.1663,82.4423
130.0054,51.9862,90.1299,83.4736
114.2011,60.7732,92.4747,85.1858
98.9185,67.2839,95.2186,86.9255
101.9900,78.2128,96.9608,88.4277
113.1795,88.3486,99.0970,89.8738
118.8512,94.5564,101.3591,90.9425
120.3383,97.5423,103.6894,92.1336
116.1277,92.9395,105.8478,93.3769
117.7660,91.3364,108.0164,95.1114
129.7984,88.6622,109.9098,96.6480
137.0437,81.5766,112.0072,98.1414
136.4516,79.0292,113.9602,99.7191
132.3358,81.3067,116.5311,101.6252
132.2109,79.5746,117.6224,102.5630
134.4732,76.4588,118.6553,103.5694
135.3465,72.9669,119.6272,105.0973
126.6577,70.8887,121.5132,106.9604
123.2591,67.0931,122.6687,108.3312
127.5960,67.3186,123.7407,109.4488
129.0749,70.4958,125.2054,110.6903
125.2659,74.7160,127.3872,112.2522
127.0484,81.8133,128.7717,112.9718
134.0329,86.8798,130.2611,113.6701
138.5691,84.7695,131.8539,115.0426
133.8414,76.3306,133.5775,116.6412
140.0407,70.3117,134.8031,117.2299
155.3174,62.2502,136.2010,118.8394
158.0059,59.5819,137.6897,120.2374
144.0863,60.7256,139.2099,121.6323
136.1601,61.7645,139.7245,122.8942
146.0388,61.9988,140.1158,123.7472
153.6799,67.8905,140.9063,124.9499
149.1115,77.1610,142.2615,126.8320
142.8153,85.7939,143.8345,128.4970
142.0171,88.6295,145.0794,129.8920
148.8638,92.8229,146.2484,130.8186
158.4307,99.1420,147.2710,132.1332
166.0036,101.9455,149.3639,133.7093
154.5786,103.3777,150.1173,134.6639
138.7723,111.3990,151.3470,136.4825
147.5354,112.5415,152.9140,137.3182
161.3154,103.9320,153.7209,138.3465
166.4961,91.5497,154.7784,139.5108
155.0127,84.8717,155.8176,140.4522
142.6805,86.1915,156.0352,140.9833
148.1010,89.7756,156.8851,141.4839
158.2863,90.5076,157.9924,141.7494
165.5484,87.2050,158.5927,142.6322
165.8412,86.8211,159.0389,143.4333
164.7426,86.6658,159.9659,144.1105
161.2446,90.4410,161.2975,144.7272
151.6734,91.6399,162.9744,146.1460
144.1140,98.2018,164.0773,147.0495
140.4720,98.3965,165.4482,148.0054
135.6526,99.4060,165.8342,148.4070
131.4779,102.0099,166.8982,148.7401
135.3645,107.6756,166.9371,148.8895
135.2799,105.2959,167.0153,149.1483
129.2881,105.0839,167.9270,149.5305
128.0645,101.8329,168.4055,149.8391
135.0728,99.8242,168.7133,149.6492
143.7237,96.0336,168.6969,149.9136
145.1880,96.8573,168.8131,150.0751
140.6994,100.7751,168.9920,150.3769
142.5710,94.3568,168.9402,150.3509
143.5803,92.2944,168.7792,150.2600
140.4945,95.4573,169.3954,150.4194
135.6034,93.2738,169.6512,150.5110
135.2890,92.0522,169.8425,150.8987
135.9406,91.6589,170.0034,150.8465
137.7705,90.4625,170.1191,150.9756
136.4311,94.8842,170.4835,151.1852
133.5829,98.4579,170.3362,151.0423
131.9177,105.3344,170.5629,151.3364
133.8101,105.1435,170.1927,151.2763
134.9179,105.8594,169.9054,151.4949
134.4934,106.7082,170.0565,151.5818
135.3681,106.4819,170.1791,151.5142
