1
335.4324,118.6902,18.8837,25.8545
330.0705,117.9533,19.0715,25.9236
325.3355,118.1376,19.3566,25.5551
320.6329,115.9364,19.5891,25.0183
317.2690,116.6003,20.0063,24.3918
312.6135,116.4896,20.2392,23.9148
307.2834,119.0849,20.4783,23.5873
303.4493,117.5023,20.5178,23.2849
300.2563,117.3192,20.6985,22.9617
297.0953,116.8522,20.8346,22.5210
292.2563,114.6314,20.9558,22.1842
289.9695,115.3336,20.7742,22.1383
287.2548,117.7708,20.7981,21.9938
284.5531,115.8208,20.8109,21.8510
282.8353,116.3299,20.8876,21.5046
279.2386,116.3651,20.7375,21.4342
276.5265,116.8470,20.8491,21.1345
274.4945,115.9756,20.9460,20.8938
271.8527,118.2644,20.9584,20.9285
266.9698,117.0935,20.8298,21.2912
264.6769,117.2975,20.7723,21.5466
261.5045,116.2644,20.4530,21.6136
258.6219,116.2618,20.2565,21.6189
254.3956,115.8868,20.1375,21.7094
250.3637,117.0111,20.2945,21.4375
245.4071,115.8012,20.3508,21.2288
239.8128,116.2175,20.4085,21.0509
234.9154,115.0105,20.4100,20.8534
229.4627,116.6672,20.2686,20.7890
223.9963,114.4821,20.2098,20.6333
218.5983,116.8650,20.0716,21.0131
214.1743,116.7191,19.8621,21.3047
210.2906,118.2683,19.8511,21.4475
206.8985,116.1572,19.4825,21.7681
203.6772,119.0731,19.4315,21.7806
200.8017,119.2966,19.3438,21.9824
196.1473,119.6371,19.5460,21.9518
190.5917,117.3295,19.5522,21.9944
185.5920,118.7719,19.7417,21.7256
181.9138,117.2723,19.9168,21.4606
176.8763,119.0115,20.2193,21.2396
172.0101,118.6025,20.1591,21.4047
166.7665,120.2206,20.1746,21.4410
163.4857,120.2327,20.1835,21.4168
159.1646,122.2816,20.3098,21.2493
156.1351,121.6757,20.4790,21.1523
152.7329,123.4670,20.7275,20.8476
150.6700,123.5828,20.9250,20.6160
148.3095,124.6138,21.0667,20.5165
148.1664,125.1049,21.3528,20.1891
146.5959,129.9287,21.2231,20.3536
146.4451,127.8333,20.8701,20.6162
145.0099,131.2388,20.4739,20.9917
147.6816,126.6269,20.3545,21.0737
151.1378,127.3891,20.6182,20.8541
155.2566,125.2719,20.8710,20.5168
154.4987,124.8066,21.0833,20.1437
150.5077,118.1926,20.6256,20.3877
156.0671,125.6470,20.4867,20.3340
157.1088,126.9855,20.3318,20.2284
162.9277,131.6772,20.1915,20.4263
156.5285,128.1419,20.1970,20.4606
163.4303,132.7438,19.8391,20.8610
164.5946,132.8779,19.4331,21.2336
167.5514,136.8008,19.2820,21.7113
170.0173,138.2473,19.5124,22.0447
172.2499,137.4910,19.6261,22.2490
174.7325,135.9357,19.9340,22.0641
179.5016,136.4660,20.3134,21.6645
183.2111,137.9326,20.8261,21.3753
187.7101,140.3977,21.1323,21.0972
193.9859,141.7701,21.2162,21.0126
196.0756,141.9041,21.6920,20.7445
202.5835,142.0177,22.0412,20.5173
206.8627,143.4324,22.1941,20.3683
212.1135,143.4055,22.4144,20.4221
216.7292,145.0970,22.6247,20.4111
222.1045,144.7414,22.7142,20.4448
229.8794,146.3375,22.7914,20.6499
234.8354,144.0820,23.1380,20.3735
241.5426,146.5725,23.4212,20.1867
246.9294,144.9312,23.6278,20.0379
251.4626,146.3545,23.4932,19.9396
256.9354,146.0694,23.4822,19.8263
262.4191,147.8215,23.4174,19.7292
267.1248,146.2065,23.5098,19.5649
271.6817,148.1216,23.2053,19.8006
276.1959,147.4361,22.9744,19.8180
281.0479,148.6681,22.6985,20.0478
283.9109,148.6114,22.3553,20.1613
286.6950,147.6176,22.1417,20.1408
289.1722,146.2275,21.8471,20.2584
291.9521,146.4881,21.5909,20.4002
292.0421,145.9983,21.4110,20.7185
292.8521,145.5775,21.1178,20.8967
295.0244,144.0921,20.7430,21.2210
295.0993,145.6337,20.5934,21.4419
296.2487,143.0017,20.2804,21.4104
295.9610,144.0285,20.1992,21.3262
297.3665,142.0665,20.0039,21.3270
299.1317,142.4006,19.7274,21.3095
299.3939,140.2399,19.8492,21.1080
297.4598,141.3571,19.8477,20.8085
297.0701,141.3626,19.9869,20.7973
296.3730,141.4306,20.0966,20.6614
296.7159,141.7607,20.0526,20.6429
297.6502,139.8967,20.1066,20.5258
298.9694,139.9092,20.0279,20.5009
298.6911,141.8816,19.9461,20.3854
298.9744,141.2737,20.0146,20.3309
300.1555,141.9577,20.1940,20.2338
301.6174,139.7995,20.4535,20.0935
301.8916,142.0267,20.5436,20.1089
303.4648,140.0292,20.5980,20.2627
303.7851,140.9881,20.6010,20.2754
303.8224,140.6375,20.5264,20.3329
303.8175,140.6738,20.5362,20.2601
303.8634,140.3738,20.4443,20.2177
303.4780,139.1727,20.5748,20.0587
304.1682,138.8998,20.4741,19.9644
304.0318,137.3233,20.7469,19.9335
304.3489,137.0226,20.7533,19.8941
304.6954,137.3633,20.7004,19.8529
305.3803,136.7175,20.6078,19.8673
307.0685,137.2218,20.4184,20.1335
307.8529,137.7347,20.1268,20.3848
307.1863,136.7140,20.1839,20.5123
307.6171,137.5715,19.9633,20.7199
307.9849,136.7986,19.8684,20.9846
308.4178,136.9215,19.6460,21.3820
308.3787,135.5537,19.7240,21.5337
309.7826,136.0371,19.5145,21.8660
309.5415,135.1327,19.3453,22.3720
309.5164,135.5946,19.3955,22.7612
310.1790,133.1590,19.3969,22.9891
311.2356,133.6716,19.2845,23.2976
311.1978,133.4966,19.3601,23.6477
312.1213,133.5449,19.5425,23.5509
311.7099,132.3448,19.6874,23.9175
310.9368,132.2403,19.8617,24.1265
311.2528,130.7405,19.9216,24.3584
311.1557,131.2330,20.1158,24.7664
310.6884,131.4041,20.3447,25.1299
310.2770,130.2329,20.4523,25.3270
310.9328,130.1217,20.5805,25.5495
310.4877,128.9706,20.7454,25.6753
310.8399,129.7791,20.7709,26.2485
311.5278,131.5801,20.8736,26.3424
311.9283,129.0684,20.8148,26.9119
311.4823,127.9853,20.9569,26.8279
312.2873,127.7682,20.8490,27.2621
312.7270,129.1862,20.7256,27.4499
311.6642,126.8483,20.5806,28.3418
312.0649,126.5433,20.5473,28.9517
312.0364,126.2311,20.6043,29.5762
312.0544,126.3466,20.5683,30.1322
312.0531,125.6518,20.5710,30.7269
312.0684,125.3448,20.5403,31.3409
311.1325,124.1611,20.7869,32.0832
311.1383,124.0010,20.7752,32.4033
310.6209,121.8460,20.9776,32.5511
309.4361,123.2878,20.8333,33.0196
308.9991,120.6154,20.8645,33.3087
308.6071,120.6999,20.8011,33.1397
308.5736,120.6311,20.8680,33.2773
308.6255,120.5992,20.7642,33.3410
308.1725,119.4992,20.8240,33.8486
309.0855,121.1828,20.7078,33.9007
309.1137,120.6687,20.6512,34.0753
308.7505,120.7322,20.5224,34.8036
308.3836,120.0575,20.3922,35.2891
308.4316,120.7225,20.2961,35.6971
307.9417,120.2969,20.4027,35.6748
307.8071,120.4986,20.6717,35.2713
307.7143,120.5686,20.8573,35.1313
307.2169,120.3642,20.9778,34.6656
307.1107,120.0926,21.1901,34.3392
307.1475,120.6820,21.1166,34.0289
307.2108,120.1460,20.9898,34.2383
307.7044,120.1605,20.8661,34.2093
306.9248,119.8450,20.7034,33.9793
306.8940,119.3257,20.7650,34.1633
306.8636,118.5455,20.8257,34.0064
306.2533,119.6292,21.1893,33.5537
305.3102,119.2191,21.3623,33.5172
306.2165,118.5737,21.2676,33.0902
306.6575,118.4740,21.2365,33.2896
306.4891,118.1572,21.5733,33.0697
306.5131,118.7249,21.5252,33.6458
306.1772,118.1082,21.3334,34.0156
306.3183,117.1523,21.0514,34.1956
306.7343,114.7366,21.0832,33.8438
306.2981,115.4984,21.0965,33.1794
309.1069,115.0709,21.4247,32.3356
308.8239,116.0387,21.1485,32.0844
309.6773,115.6762,21.1095,31.9756
309.6923,117.3907,21.0795,31.8730
309.9696,115.3935,21.3544,31.7196
311.5614,117.1168,21.4981,32.4322
311.2506,115.1875,22.1197,32.0662
310.6469,116.3266,22.4775,32.3371
311.0269,115.5565,22.5772,33.0176
311.9995,118.3176,23.2469,32.7253
310.5243,116.4371,23.5625,32.9731
310.2682,117.0559,24.0745,32.6228
310.3498,113.4133,24.8017,31.8950
306.5461,115.0764,24.3892,32.1332
303.3122,112.3629,24.6407,31.3440
298.9176,107.4307,24.6293,30.6475
299.9719,108.8246,24.2590,30.4674
300.1730,110.2222,23.8568,30.2535
301.2273,111.5304,23.4496,30.1890
303.1149,109.8391,23.0466,30.1994
298.7072,105.8439,22.6590,29.8236
300.8955,107.6588,22.4053,29.4922
301.0130,107.4547,22.1703,29.0849
302.1942,107.7116,22.2237,28.5712
301.7974,108.2264,22.2190,28.3399
301.5049,108.7196,22.0093,28.1482
301.5480,106.1962,21.9231,27.6763
301.6005,108.7033,21.8181,27.3407
301.2775,109.1653,21.6912,27.1897
302.0942,111.9176,21.5949,27.0649
301.4340,109.1602,21.3851,27.2242
301.9047,109.8034,21.2078,27.4660
299.2264,109.7617,21.2100,27.5493
298.4633,109.4629,21.2037,27.3808
297.3002,109.3923,21.2392,27.5220
295.7031,109.5992,21.3682,27.1081
293.4575,109.5916,21.2870,27.1233
290.4474,108.8638,21.2194,27.0569
290.4614,109.3394,21.1913,26.8647
286.9880,109.8368,21.3389,26.6253
287.6879,107.3826,21.4476,26.2543
282.8349,105.5715,21.4001,26.1254
280.3542,104.8292,21.1289,26.1149
280.9168,104.7058,20.7467,26.3617
281.0991,103.1144,20.3822,26.5822
281.1637,104.2594,20.2530,26.5063
281.0953,102.5223,20.3898,26.3068
278.8987,103.3799,20.3795,26.0594
278.6395,103.3081,20.1680,26.2031
279.2641,103.0377,20.3762,26.0152
279.1981,102.0551,20.5083,25.7927
272.9600,105.6578,20.6091,25.8670
272.4317,106.3883,20.9349,25.8675
272.7294,108.5672,21.0756,25.9257
269.3830,107.2647,21.1157,25.5738
270.7045,105.9942,21.4103,25.1772
267.6908,106.3705,21.5732,25.1577
265.9764,109.3324,21.3252,25.1169
264.8184,106.5458,21.4489,24.8441
264.5835,108.6657,21.1901,24.9755
264.2972,107.1699,21.0363,25.0613
262.5854,108.8243,20.8337,25.3788
259.5700,107.2473,20.3225,25.6254
260.1674,108.8736,19.8502,25.9847
257.8070,108.7105,19.5296,26.3109
257.6357,111.3848,19.1524,26.7217
255.6567,108.6858,18.7905,27.0799
255.2983,109.2043,18.7879,26.7623
253.6678,108.0451,18.4761,26.9371
253.4524,108.7946,18.1949,26.8621
252.1550,108.7849,17.9644,26.8815
251.5492,109.3575,17.7706,27.1418
250.8387,109.4358,17.7847,26.9852
248.8475,109.6740,17.5594,27.2101
249.1083,107.4383,17.7386,26.7750
249.0132,107.6713,17.9289,26.3090
247.3006,109.3277,17.8865,26.4638
246.9833,109.1950,17.8260,26.7292
244.8154,108.4819,17.9728,26.7592
245.7538,108.4170,18.1991,26.1879
242.7358,106.8332,18.6658,25.8747
243.2629,110.0631,19.0098,25.7070
243.7914,108.9520,19.3572,25.1202
243.7748,109.1530,19.3905,24.7184
242.6302,109.3918,19.5996,24.2406
243.1121,109.8543,19.3251,24.0052
242.0762,107.7062,19.3529,23.5316
244.4561,109.9758,19.3149,23.0398
243.5279,112.1111,19.1722,22.7673
243.0611,110.8874,18.7861,22.5752
245.1024,111.0488,18.6075,22.2525
244.2798,109.8573,18.3243,22.0642
242.6659,112.3138,18.3753,21.5988
242.6804,113.1320,18.3462,21.2204
239.8217,112.3652,18.4596,20.8858
240.8610,113.0955,18.2389,20.6639
241.2038,113.1726,18.1656,20.5096
239.6513,115.7853,18.2268,20.1544
236.7839,114.1585,18.5235,19.7827
240.5988,116.4609,18.7348,19.4000
244.0929,118.8408,18.9529,19.4444
245.6310,116.7656,18.9000,19.3621
242.6264,116.3302,19.4863,19.0278
229.7813,115.2176,19.7030,18.8270
228.9260,112.6256,19.5934,19.1572
228.1093,112.8295,19.3963,19.3596
227.8999,111.2015,19.2047,19.5640
226.7276,111.7802,19.1072,19.6276
225.4983,111.7000,19.1258,19.7881
223.8175,113.6148,19.4235,19.6351
222.1953,112.9822,19.5925,19.6702
222.7130,113.6948,19.7936,19.4817
220.9763,112.9465,19.5559,19.7412
220.7483,113.5407,19.3931,19.7905
220.5120,112.6709,19.2487,19.6789
217.6614,114.9134,19.4327,19.4851
211.2188,115.2775,19.4475,19.3697
214.6523,113.0999,19.3047,19.4459
206.5578,116.0060,19.0170,19.7362
204.8509,118.2867,18.7693,20.0569
204.4674,116.1124,18.9248,20.1261
205.3594,116.1391,18.9856,20.0725
202.1672,116.5190,19.2197,19.9278
195.4979,118.9063,18.9960,20.0849
200.4755,116.3023,19.5024,19.7545
200.3241,113.6210,19.8051,19.5531
188.5711,118.0445,19.7583,19.3836
187.1003,117.9824,19.6180,19.5077
180.9915,117.7016,19.5125,19.4531
180.0756,117.4494,19.5034,19.3440
179.3625,115.8664,19.7060,19.4511
176.3526,115.1431,19.5595,19.6644
174.1510,111.0228,19.6387,19.8750
170.4776,115.1841,19.5183,20.2640
168.5960,110.9869,19.5229,20.5144
162.7964,114.4402,19.1433,21.1732
161.0501,113.3508,18.8277,21.4479
162.5226,111.4067,19.0523,21.5327
158.2024,111.2858,18.7489,21.7743
156.2950,111.2612,18.7374,21.8236
155.3849,110.6755,18.6429,21.7183
153.2483,109.9890,18.4701,21.8211
151.2317,110.7347,18.6995,21.5976
147.6802,109.5233,18.8263,21.4837
145.4920,111.4104,18.7615,21.5163
143.4822,110.1543,18.9776,21.4927
143.2795,110.2692,19.3831,21.2628
140.9375,109.9198,19.5876,21.3218
138.2818,111.8738,19.7462,21.2783
135.7118,110.5871,19.7186,21.2680
133.0499,113.2231,19.8796,21.1588
131.0173,112.6827,20.0676,20.9471
128.1014,111.8105,20.0868,20.7540
125.2349,110.8749,20.0314,20.6958
122.0457,110.9794,19.9965,20.4866
118.1686,110.1434,20.1003,20.2462
113.3736,109.9393,20.1597,20.0189
109.2845,107.4959,20.1124,19.8440
103.9205,108.2533,20.1434,19.5875
101.1259,106.4057,20.1017,19.5289
97.4933,113.6376,19.8778,19.4191
2
0
0
0
0
1
82.2444,114.1730,15.5974,18.6186
77.9017,115.9270,15.6699,18.3405
74.5797,113.9262,15.8916,18.0605
70.1903,114.8695,16.1198,17.7772
64.2173,114.9311,16.3256,17.6540
59.3256,114.9857,16.4788,17.5447
54.4220,113.1623,16.6427,17.4415
50.0359,112.9517,16.8273,17.3259
45.5212,111.1745,17.2515,17.1155
40.4952,111.9995,17.5616,17.0891
34.6909,111.7092,17.7112,17.1240
30.5444,111.6350,17.7758,17.2725
26.2954,111.3210,17.9949,17.3485
23.1781,111.8262,18.1072,17.4513
20.3192,110.0493,18.2254,17.6453
16.5233,112.5209,18.4739,17.7860
