1
269.2025,83.0777,30.0140,48.3777
266.4805,81.0039,29.3278,50.0733
263.3307,79.4826,29.4291,51.8761
268.1254,80.5072,28.7166,53.6313
267.9413,80.9306,29.0848,54.0664
266.2124,75.0261,29.9534,54.2240
265.2146,73.7566,29.3254,54.1395
263.9781,73.6499,29.1987,53.0530
261.9738,69.6838,28.0809,53.2956
262.2058,72.9135,27.6170,53.1665
261.3102,72.7261,28.1521,52.2850
261.2234,71.2981,28.3255,52.6363
258.9654,72.2390,29.0600,52.0149
256.6960,71.3512,28.5432,51.2628
252.5180,71.4398,28.1911,51.0855
248.4711,72.1278,27.6373,50.9449
244.3118,71.7899,27.3892,52.8444
243.8515,73.3290,27.0622,54.7565
238.5706,79.0992,26.1951,55.9149
237.3798,73.0153,26.0332,56.6374
237.6932,73.9151,26.6858,56.1171
237.2113,74.5310,27.6497,54.8853
240.4395,75.5233,27.6029,55.4645
240.5936,77.1887,27.2946,56.0027
239.6343,77.7838,27.9212,56.1047
239.9337,77.7626,28.6269,56.1471
239.3703,78.5285,29.7537,54.6152
242.3653,76.9804,29.0202,55.0832
242.4120,76.2093,28.9268,55.3168
242.7894,72.8280,28.1720,56.8383
243.1469,72.3139,27.4569,59.1861
242.6286,71.3674,27.1523,61.0791
238.5248,67.2336,27.1785,62.5289
232.2005,66.4333,28.7470,61.3595
226.6062,66.1084,30.1665,59.2182
225.1444,67.1289,30.3122,59.9549
225.6668,69.0033,29.2675,61.8151
223.7577,68.8567,28.8519,62.1083
223.3499,70.4259,29.6676,61.7865
224.4610,71.7834,30.2810,61.9072
224.7382,72.3047,31.1567,60.8646
224.7276,75.8091,31.1780,59.5764
225.0739,78.5614,30.4854,62.5415
226.1221,80.8002,29.8322,65.2793
226.0680,84.2543,29.9403,67.2005
226.6196,82.0996,30.3385,68.5072
227.6981,80.4415,31.2361,68.7686
231.7951,76.9844,32.3235,67.9485
232.4290,79.4510,32.6097,69.2310
233.6812,82.4288,31.6829,71.1638
236.8654,82.9540,31.6727,70.1134
236.2257,83.8526,32.9520,68.3161
235.0450,83.5345,33.7432,67.3821
229.0909,82.5453,34.6589,66.2198
223.4374,85.0373,34.9823,64.3739
218.6255,86.7793,33.7740,65.5324
216.3663,84.8291,32.1174,69.4328
214.2737,89.2967,31.5866,71.5015
213.2837,78.0020,31.9739,73.3855
212.4661,72.2397,33.6090,73.5222
213.4772,70.1753,34.9020,72.6782
214.1234,71.6814,35.2775,73.0019
217.0745,71.5141,34.4126,76.6947
223.4146,73.8601,33.7568,78.8736
222.9780,74.2555,34.6299,78.0829
224.0883,75.5759,35.8927,77.1838
225.5950,77.3023,38.1317,73.7310
226.1249,79.3504,38.8112,71.3740
224.4256,79.9152,37.0612,71.9605
221.6700,79.6653,35.7934,75.8498
224.1309,82.2062,36.0606,77.6866
227.9091,87.0378,37.3094,76.8285
227.3704,85.6981,38.3869,75.9674
229.6042,88.0200,37.4721,76.6527
229.7765,80.9342,37.1275,76.6597
233.0206,84.2766,35.9333,80.5632
239.6998,84.3836,35.1791,83.9503
240.3941,83.6027,35.6268,83.6758
241.6056,82.5927,36.8846,82.0153
243.1083,84.8578,37.5560,81.1619
244.0921,82.2825,37.4261,80.7991
245.7610,82.4661,37.7488,80.4319
246.3228,87.7321,36.6252,82.7135
246.3322,87.4714,36.6063,83.2348
245.8384,91.9149,37.5940,81.7527
240.0454,89.8925,38.0978,82.1035
263.7699,84.4781,37.1725,83.6274
262.6660,75.0697,35.6466,83.7756
257.5605,75.6834,34.8050,82.5483
231.2322,78.7974,34.9878,83.5581
231.8179,74.6459,35.6435,84.5521
231.3937,75.3476,38.3453,81.2953
232.7754,75.5842,39.2888,80.8222
233.6726,81.1344,41.2204,79.0369
236.6028,79.6957,40.9709,80.0441
239.1029,79.1440,39.7322,84.9089
239.5757,76.7826,40.7169,85.7710
239.1682,81.1717,41.5318,84.8331
244.4480,87.1849,42.7358,82.6096
270.7884,72.8797,40.7242,87.8343
272.7324,76.9245,38.8264,91.6863
257.4277,74.3332,39.2448,92.8435
258.1162,73.6251,39.9047,92.2227
258.8922,73.0608,42.4318,89.2722
249.9872,72.0850,43.9137,87.1418
241.8457,68.6096,43.9117,87.9858
232.3907,67.1062,44.3905,88.9445
223.4605,66.9231,45.6889,87.2405
212.6218,64.6918,44.6221,89.6356
212.7415,64.7670,46.4670,87.4007
197.3919,67.0194,47.9991,84.9794
212.0110,59.1896,49.8678,84.0485
219.3994,57.5591,47.6413,85.2179
217.3004,58.7732,45.6254,86.9321
217.9814,61.7266,44.2634,89.2733
221.3824,64.5417,43.6801,89.8619
225.3518,65.6571,44.0266,89.7023
230.6371,65.8271,45.9062,85.2122
236.3030,67.0206,46.8235,82.8254
242.4724,71.7270,46.6164,81.5002
248.0122,71.5286,45.5308,81.8971
255.6548,73.2575,44.1490,84.3979
258.5570,72.2985,44.3428,86.3157
263.6541,71.8033,46.3340,85.2754
265.0435,72.5486,47.6547,83.7847
271.0868,72.1755,47.8699,82.4807
277.2506,73.7447,45.7152,83.4114
283.0854,73.2501,44.1043,84.4006
288.6100,74.1422,43.0482,84.6152
292.4603,76.8399,41.2985,85.1707
294.4290,77.6943,41.2841,83.4619
302.3452,77.1223,40.9414,82.6697
304.2511,82.4954,40.9671,81.5169
306.6716,82.7241,41.8330,79.1571
309.5266,82.9654,41.7706,78.6746
308.5294,81.3877,41.8906,79.9556
302.7367,82.7998,42.1043,79.0267
303.0138,83.1529,41.5501,78.3205
296.1404,83.1290,42.2392,76.5029
294.5199,79.6120,41.7794,76.1353
289.5464,78.9618,40.7037,77.4357
285.9989,79.3698,38.6094,80.2955
286.7853,78.7666,37.0367,79.6583
281.3876,75.2861,36.9912,77.5852
281.0222,74.6690,37.7220,75.2679
277.4874,76.6285,39.5277,71.3489
272.6860,77.1187,40.4904,68.6405
272.5214,78.8132,39.1154,68.6598
271.8853,79.5094,37.0252,70.6300
270.5569,80.3747,36.3326,70.5739
271.0977,82.3119,36.9131,68.3613
270.3167,82.3961,38.4751,64.9144
274.8984,81.5568,39.0004,63.3634
277.8705,73.3890,37.8581,65.2938
280.3737,80.9620,36.0717,69.4680
287.8613,80.5643,34.2253,71.9045
289.8510,80.2051,35.1803,69.3332
287.8649,80.2949,37.5287,65.9063
289.8242,81.2008,40.0640,62.4809
291.7568,81.6586,39.4093,61.5652
292.8602,77.1422,37.2026,62.6952
297.1631,81.5706,34.8379,66.3212
296.0919,77.7446,33.8330,66.1050
295.4416,83.5262,35.1338,63.8608
294.6750,83.2593,36.6670,61.3097
293.6614,77.8013,37.1634,59.9801
292.5562,78.1748,36.3354,60.7524
293.9192,81.0008,35.1262,62.6843
294.6009,81.4218,33.7628,64.8924
288.0981,83.8754,34.4949,64.5876
288.1374,82.3569,35.9587,62.9978
288.3067,83.8465,38.7077,60.0186
288.4161,73.8898,38.4887,59.8384
304.3474,84.6808,38.9518,58.2673
304.2928,86.6961,37.5375,58.8071
307.1002,84.2178,34.9386,62.2557
309.4627,88.9757,34.7598,61.8325
312.7311,89.1989,37.2599,58.3740
313.4975,82.8940,37.2238,57.5120
319.9181,85.1611,36.2493,58.9112
297.4805,69.2136,34.9986,59.5598
297.6453,69.9015,34.6691,59.6604
298.8920,68.6925,33.6480,59.1335
302.1818,71.3223,32.8576,59.6631
301.6383,62.6193,32.5029,59.7692
308.8469,77.0182,33.8946,58.2775
306.7653,70.1541,33.7413,59.0566
331.4283,82.6412,33.6380,58.6939
331.9909,85.6509,32.5128,59.8774
331.6860,84.5413,31.6837,60.6576
335.5868,88.2252,32.4993,59.0346
335.4838,85.1516,32.7053,58.0506
336.4255,84.4844,32.2370,57.9698
337.3563,83.3312,31.7816,58.8700
338.3056,75.9963,31.2945,60.8358
341.3281,77.5586,30.9779,63.4397
342.1498,80.6991,30.7992,64.4826
344.9869,82.7443,33.9863,60.3921
348.2368,90.6078,36.3164,57.9099
353.1197,95.7474,36.8695,57.9496
349.5717,69.8607,35.0616,62.2362
351.2137,76.7918,33.2948,65.0637
351.7504,89.5120,32.2215,67.1383
350.4709,88.8095,33.2401,65.4626
346.9482,95.4066,34.1514,63.0031
342.9663,96.6804,34.5500,61.9686
336.8603,89.2301,34.7256,61.8234
330.9922,90.6614,34.4184,61.9717
330.3788,97.8985,32.6404,64.0237
331.1989,94.7553,31.0002,65.8037
330.8779,96.9289,31.6423,62.9561
328.7726,95.3861,32.9144,60.1650
330.0147,100.0203,33.3302,59.5968
329.3235,101.1913,33.2639,58.7036
329.9538,96.7890,32.0034,58.9018
331.3933,97.4606,30.5402,60.3903
332.5149,101.8670,29.7095,61.4653
335.0319,94.4796,30.3312,60.6874
338.3351,99.6311,30.7913,58.8641
341.9725,102.6312,30.4889,58.4419
342.1400,101.2425,30.1539,58.4532
341.4442,97.1706,30.1679,58.3320
342.0163,102.9074,29.0238,60.6179
348.2167,101.6720,27.7395,61.6991
350.2965,102.7952,29.1115,58.0698
350.8015,101.1301,30.8093,54.6306
350.4435,106.0043,31.5252,52.8765
350.5788,106.3599,31.2546,52.1654
351.2931,104.7088,29.8261,52.8608
351.4906,100.5142,28.1416,54.8028
351.7752,105.3274,27.5724,54.2010
350.6061,106.4756,28.6399,51.9045
348.4196,107.9320,30.5027,48.9918
348.0631,111.7292,31.2158,47.6144
347.3501,109.9377,31.4070,46.2585
347.9007,105.3961,30.3059,46.8193
349.5107,109.2408,28.2935,49.9983
355.6318,109.3932,27.0405,50.9145
358.5260,106.9044,28.5312,47.4001
358.2254,107.5799,29.1323,46.0491
360.5239,111.5415,29.2412,45.1845
361.9581,111.6071,28.7033,45.0532
363.2217,111.9956,27.3305,45.4307
366.3145,110.9172,25.6928,46.4506
370.0783,113.2656,26.0351,45.1267
372.0485,115.6684,27.6475,42.5420
372.4367,115.5273,27.9701,41.7252
368.8934,109.3390,28.5034,40.9953
367.7212,109.2538,27.5778,42.2558
364.3401,110.3429,26.6845,43.3584
365.6591,112.2058,25.1417,46.2038
368.4313,112.8758,25.1535,44.8638
368.3795,111.2513,26.3487,42.6546
367.9428,110.8163,27.2221,41.3665
367.2697,113.6781,27.4940,41.0147
367.2309,109.7431,26.4980,41.3695
366.3959,110.0767,24.9809,41.7646
363.8337,106.1919,23.8487,42.2347
361.9697,109.0782,23.4545,41.6149
361.1501,112.1222,24.0790,40.6004
360.2393,111.8912,24.8902,40.0522
356.2360,109.4653,25.7869,38.8097
352.8175,109.2066,25.5391,38.3151
350.0641,103.3820,24.0423,39.9589
347.2383,102.9772,22.6933,40.7685
347.6797,106.2647,21.8105,42.1072
348.4217,111.1097,23.3080,40.3677
348.7713,111.1187,24.5962,38.3622
347.9308,111.4864,26.2772,36.6413
349.9013,117.4666,27.2736,35.5431
349.1443,109.1832,25.8264,37.3035
349.8482,111.0275,24.4185,38.5653
351.0437,111.0701,23.0131,40.4513
354.5819,114.4242,22.8665,39.6827
355.0176,118.2757,23.9472,37.8362
358.1677,119.1024,25.3815,36.1828
357.7870,118.9870,26.1427,35.4480
358.1826,119.2105,26.3188,35.0008
361.5451,120.7330,25.3732,35.8088
362.3170,116.6357,23.8294,37.2835
362.7870,115.2393,22.8896,38.1631
363.9883,117.4015,22.3947,38.6084
366.2914,114.7291,22.5493,38.2401
366.1035,117.6795,22.9251,38.0352
366.1194,115.7256,22.8933,38.1326
368.0186,117.0463,22.9090,38.3518
370.0215,117.5444,22.7313,39.2696
373.7406,117.9761,22.0669,40.3417
379.4741,117.4500,22.2665,39.4495
383.0836,117.9382,22.7469,38.4730
389.9265,112.0105,23.4029,36.9428
394.5916,115.0114,23.5159,36.6071
