1
389.3177,472.7321,59.4214,63.6657
396.6836,465.7226,60.1943,64.1181
403.8818,460.7631,61.4574,64.2499
405.9192,458.5361,63.3211,64.7449
399.6832,458.5653,65.7092,64.6865
391.6967,460.5590,67.3081,64.8061
383.3139,464.3102,67.4301,65.6256
374.3094,473.9574,68.6765,65.1890
377.3013,496.8286,66.9086,70.0370
386.2610,501.3648,66.2411,69.5905
392.1850,502.2353,67.2267,67.8496
426.8692,494.6674,68.0552,68.0952
405.1185,490.7170,68.6747,67.4196
2
0
0
0
0
1
916.0731,387.1400,77.1055,42.7380
973.5455,380.4140,79.8318,43.1154
1032.8892,372.4993,81.7562,43.6291
1092.4248,362.2380,85.6368,42.6839
1143.1342,354.7495,87.8174,41.7226
1195.4966,343.1518,89.4876,40.8285
1245.6958,334.2994,89.8961,40.3881
1293.2843,326.4590,89.3932,39.9540
1341.0175,318.6125,89.8990,39.6517
1379.9744,310.0759,88.0398,38.7119
1418.6742,302.2597,86.9996,38.6810
1457.1387,293.7770,85.8207,38.1656
1490.7544,285.8815,83.7382,38.6273
1489.2684,287.3512,86.7101,37.5820
1486.6199,295.7102,88.1698,36.2140
1509.8832,296.0901,87.6176,35.4541
1549.1143,293.3146,94.3908,33.4287
1568.4211,292.4776,92.9187,35.1027
1556.7178,311.8762,90.7933,35.5858
1566.7004,323.7602,86.3653,39.0082
1579.9661,328.0004,81.1615,44.0997
1589.7356,324.8022,77.2297,48.5452
1595.1759,315.8771,74.2202,52.6208
1596.7937,307.3442,70.9847,55.7551
1599.0699,300.4546,68.4244,57.5804
1605.6909,291.9204,69.0600,56.8064
1602.1346,284.2539,70.2330,56.3010
1604.2971,277.3980,73.8668,54.0957
1602.0421,271.8070,78.3767,51.2137
1598.7841,267.4993,82.8633,47.6517
1592.3417,264.2307,87.6018,44.0061
1588.7114,258.6677,90.7744,40.8247
1588.6492,251.8296,90.8989,40.2575
1589.1365,244.3720,89.9242,40.9865
1590.7847,236.6411,86.6279,42.2716
1587.4683,228.7498,83.2626,44.0565
1583.0435,221.9854,80.2255,45.6986
1577.6476,220.5529,77.2669,46.5994
1572.5454,213.2478,73.9217,47.6601
1566.8059,211.7244,72.0763,48.8034
1561.6713,206.7649,70.9771,49.2484
1555.5016,203.5202,70.1175,50.0811
1553.7258,198.5682,69.8962,50.5537
1547.8199,197.5308,70.3637,50.7378
1543.9071,196.7473,70.5860,50.4038
1542.0231,196.0140,70.5566,49.9717
1536.9972,197.3396,71.1527,49.2117
1528.0162,200.6690,72.1260,48.2159
1512.5076,206.5923,72.9710,47.6838
1488.4801,206.9513,75.6753,46.9658
1451.0341,205.0155,73.8442,48.9193
1388.5481,215.1581,77.6483,47.8671
1325.9543,228.3001,79.1882,49.0604
1279.8932,237.0257,79.0493,49.6603
1224.8992,249.8658,80.2992,50.1578
1173.1565,260.7006,79.7093,50.9358
1128.5322,273.0938,78.9827,50.6881
1077.9003,284.3340,80.7832,50.5363
1031.9167,292.1820,80.3082,51.2742
981.9985,305.3061,81.2882,51.7997
934.5231,317.4817,82.5051,52.4442
887.0607,331.8151,82.3917,53.3450
838.7961,347.3843,83.2817,54.0862
793.2036,363.2022,84.1237,54.7157
744.2680,379.0523,86.3322,55.6278
698.4860,398.7820,86.7746,56.1730
655.6084,418.1361,87.4777,57.7527
608.2443,435.0629,88.9275,58.0254
564.3247,453.3505,89.3138,58.2725
520.9313,473.8462,90.5824,58.8846
470.7871,494.7697,92.5680,59.1673
435.2957,517.6443,89.9253,60.9182
427.1687,511.9929,89.6279,60.3987
417.3891,514.1033,88.0246,63.2321
414.1883,520.0067,84.9303,68.0432
412.8181,528.2143,82.8601,70.8709
407.0302,542.5094,82.3401,71.3101
403.2198,550.1223,80.2885,73.0111
395.3882,555.5064,79.0574,74.3103
383.6395,555.3801,78.4053,74.5629
362.8133,555.8928,81.5176,73.5376
356.2793,555.9340,82.3804,73.4553
355.2758,554.1776,81.9343,74.5149
362.0692,551.1226,80.6628,75.6989
366.9072,543.2294,80.8353,76.7128
382.7188,539.3202,81.4634,77.0885
390.4845,538.5989,83.4084,76.0343
390.6137,529.6094,88.1703,73.9316
386.0408,520.9431,94.7659,70.8617
386.3105,520.4117,99.4294,69.3229
386.6163,524.9952,101.4649,70.7436
381.5530,523.3246,103.4881,71.3836
378.2861,516.9915,107.2795,70.3386
375.4460,515.8156,110.1778,69.9083
366.6612,515.8578,113.6563,69.8239
366.0501,517.3670,114.8784,69.6743
370.1812,517.3010,115.2696,69.8062
371.4135,515.3192,115.6975,70.8776
371.1272,513.3537,116.2701,71.8915
371.3731,513.0562,115.7784,72.4865
373.7008,512.5693,114.0681,73.4603
383.4599,514.9780,115.1009,71.5787
381.1508,517.0242,110.9595,73.3260
385.8206,515.3991,104.5070,76.5761
392.2283,513.4192,97.3779,80.5359
397.9164,508.9578,91.5990,83.8615
392.4799,494.8435,91.4222,84.4652
394.5475,492.5294,92.8257,83.5547
407.0804,483.1059,92.7499,82.9648
433.1322,473.8600,95.9682,79.3279
484.4491,446.8173,98.1178,75.5068
556.2100,428.8298,104.6604,70.5551
640.8478,412.7538,108.3954,67.0064
713.7422,403.1126,107.9824,64.3453
786.4965,394.9943,110.5331,61.7381
858.9854,385.2778,110.5769,59.6865
930.8095,376.0153,112.7447,57.0018
1002.4105,367.4606,111.9350,55.6529
1071.9246,358.0063,110.7974,53.7478
1139.6921,349.8813,113.0717,52.1336
1199.6198,341.5659,110.8397,50.8653
1266.7052,336.0360,109.2941,49.4133
1328.7725,325.6882,107.8824,48.0188
1387.5648,316.6001,105.9518,46.9194
1441.3710,307.6706,104.6348,45.8813
1498.2363,293.1443,102.4919,47.0371
1561.6432,277.7600,100.6315,47.7243
1587.7388,281.2239,101.3143,45.3942
1593.3820,275.4273,96.8321,47.9152
1596.3062,264.5869,90.9837,51.6223
1602.4784,250.6866,89.7604,52.7317
1601.1542,242.1596,87.9591,54.2110
1601.4138,235.4472,87.4399,54.2974
1601.4911,233.4568,85.0684,56.0614
1599.0394,238.3444,83.3395,57.3401
1596.4484,241.1794,84.1098,56.0819
1585.6129,244.8894,83.8139,55.2520
1578.2325,243.0234,83.3255,54.6272
1578.5975,241.0611,84.7563,52.0696
1575.6967,240.2161,86.2794,49.4809
1570.0894,248.2479,89.0212,46.1267
1563.7761,248.5754,91.1407,43.3704
1564.4305,248.0584,91.9166,42.3199
1569.5328,250.7849,90.0222,43.0996
1559.3622,249.4781,91.7913,41.5860
1546.9269,249.7955,91.9071,40.9511
1541.4506,237.6704,88.4858,42.6136
1537.2474,229.2487,84.6959,45.2281
1538.8419,224.6188,81.5069,48.4209
1536.7283,223.2347,79.6457,51.1892
1534.1882,225.2215,78.5812,53.3601
1529.4276,231.6897,77.7611,54.9019
1527.7867,234.6603,76.8799,55.2049
1521.6855,242.1463,76.6440,54.7443
1515.6824,247.7116,76.2789,53.9231
1503.4720,256.3521,76.1853,52.9851
1488.9556,266.0630,76.8547,51.7969
1464.6656,272.1112,81.0743,49.7824
1412.3352,278.4167,81.3915,49.4470
1356.8837,292.2616,81.8625,50.3879
1307.4084,304.2105,81.5546,49.2367
1256.2574,314.2747,81.6602,49.5477
1209.6011,323.8156,80.6391,48.9225
1162.9677,336.1792,80.7559,48.4952
1116.5870,345.4397,80.6184,48.1500
1070.1090,354.6833,81.0377,47.7680
1023.1201,366.5693,82.4889,48.1332
976.4596,374.9182,82.0079,47.7488
930.9962,386.2186,81.7859,47.4290
885.5079,395.3617,82.0057,47.2942
845.0157,404.6810,82.2784,46.8157
801.7527,414.7154,82.2148,46.8840
756.6360,425.7616,83.8356,46.9448
716.8341,434.0252,83.9204,46.7290
672.5390,446.2164,84.9402,46.7850
634.1030,453.4101,85.8681,46.7653
595.9857,460.4644,85.6647,47.1181
557.4396,467.5221,86.2067,47.4850
519.4040,476.1397,87.2831,46.9154
481.9680,484.6006,86.9395,46.7080
449.3217,492.9713,87.7302,46.6124
416.2523,500.5352,89.0569,46.1197
384.5703,501.9675,89.3685,45.3567
352.8767,501.9884,89.9607,45.3149
326.0196,505.1339,91.1470,45.3272
304.5946,499.9804,91.6229,47.1595
305.2906,497.9563,90.2309,49.0504
298.3231,495.2141,88.9809,50.1962
291.1619,494.2156,90.2809,50.0228
274.4394,494.4203,93.1128,49.6135
267.5219,495.0375,93.6194,50.6003
262.2329,498.2253,92.9685,53.2080
258.5269,501.3910,91.2580,55.9990
249.9182,505.1814,90.0568,57.6274
235.8450,503.8114,90.4632,58.0557
237.8206,508.2196,93.4868,56.2141
243.3630,509.1317,96.4369,54.3898
250.5142,509.7883,98.5988,53.0767
257.0201,510.6536,99.7561,51.3461
235.3264,513.1209,98.5156,51.1091
225.5733,517.8915,94.7565,55.5272
229.3889,523.6659,89.4717,60.4034
239.1028,516.1900,86.4877,63.6096
248.9951,510.6340,85.5581,65.2942
2
0
0
0
0
1
709.2695,514.9873,94.2967,47.8268
778.2016,511.2188,95.5398,48.7395
847.7756,502.9283,97.6399,49.6263
919.3762,499.2247,98.5910,50.1692
983.5792,497.0854,99.6260,49.8248
1046.5750,495.8390,98.9500,49.9970
1109.2106,488.9750,98.6203,49.8427
1170.1349,489.1129,99.0025,49.5669
1232.7893,484.8218,98.2751,48.9207
1290.0327,482.6494,95.7650,48.6950
1347.5480,481.1089,95.2073,47.2870
1398.5955,478.7673,94.8668,45.3341
1449.8463,476.7602,92.3306,45.0019
1499.2861,470.6598,91.4481,44.4205
1551.4927,466.1680,90.2964,44.9746
1583.5353,482.5881,89.2156,47.8368
1570.2310,488.0164,88.0878,49.7816
1586.9902,484.0661,82.5209,55.5322
