1
699.4136,242.4078,33.5271,71.5002
697.6754,241.9769,32.8811,70.1576
690.3168,236.8626,32.9296,70.5719
691.8676,235.6190,31.4918,70.1492
688.9839,238.4808,31.0065,68.0500
687.4760,235.0860,29.5338,68.3883
685.6740,235.7577,29.3357,66.1638
678.1014,232.2994,29.9570,67.2685
678.3777,233.6029,29.6466,66.2198
677.5327,235.5998,29.2702,65.1805
675.0008,238.9716,28.9777,63.9299
673.1396,242.0902,29.2691,62.6108
669.4993,244.4880,29.2148,63.3441
662.9616,243.0818,30.9480,61.6051
647.8148,235.8172,32.8976,60.7638
644.3481,237.6810,33.8803,60.4949
641.6699,242.0088,34.5568,61.4926
632.5457,239.7144,36.6348,60.7047
627.8693,236.6684,36.5857,62.4781
625.9927,238.9849,36.8511,62.3442
623.0580,233.2224,37.0774,62.5943
620.7719,235.9495,36.7142,62.9718
616.7463,233.9145,36.8070,62.9219
613.6593,236.7477,37.4544,62.8382
607.4898,237.7392,37.7089,64.6825
609.8149,235.8784,36.6749,66.1429
603.4134,236.5424,36.5333,66.5651
604.1958,234.8540,35.1177,67.4967
602.8652,237.2548,35.3421,65.9186
598.7150,239.1400,34.3560,64.7471
596.0640,238.1011,33.7844,63.7477
590.3336,236.2960,33.7729,63.1317
590.4845,236.3134,31.7268,64.0320
589.0699,234.3861,30.4194,64.9304
586.8816,235.1317,30.4747,64.3216
585.7784,241.0913,29.5293,64.7578
582.3434,236.7440,29.1888,63.9855
579.9254,236.8397,28.5167,64.3689
576.7150,233.9420,28.1490,63.7788
568.8268,238.7822,29.1761,64.0554
568.5204,236.4320,28.1000,65.8891
565.0994,239.7752,28.5347,65.3421
564.2646,243.4620,27.9345,66.3559
559.8312,236.8518,28.4128,65.7765
554.8365,238.7988,29.7100,64.5255
553.4291,243.2704,29.4403,65.3264
548.9243,245.1333,30.5251,63.7289
545.1701,241.6127,30.3203,63.4405
542.5045,247.6028,30.7800,62.8769
541.4012,244.9675,30.1733,63.8717
540.3074,243.1143,29.4451,64.0831
539.5892,242.0021,29.0029,63.8379
538.7639,240.4873,28.6512,63.4530
538.4832,240.1223,28.3553,62.2292
537.2459,241.8298,29.0172,61.2327
539.6634,239.7754,28.1559,63.1077
537.7059,244.5056,29.0281,62.3037
536.9437,243.2574,28.4274,63.3948
537.5501,243.2180,28.0237,64.5618
537.2653,240.6796,28.2978,65.2520
536.2549,244.1124,28.4667,65.3539
538.6243,240.5697,28.9766,65.9199
535.5812,243.1613,29.5037,65.8500
536.4907,237.9322,30.1638,65.4240
535.2787,240.3556,30.6447,66.4472
536.8112,235.0584,31.1228,66.4571
535.1827,233.1905,31.3994,66.7662
534.7861,233.4076,32.0350,66.4992
533.6783,235.7004,33.8072,64.5909
534.7958,233.5438,33.8296,64.3052
534.6368,234.2016,34.4152,63.6432
534.8591,233.2579,35.3344,62.7333
533.8276,233.3784,35.8159,63.0924
534.5168,234.2944,36.5939,62.9406
533.7000,236.3889,37.3043,62.3681
534.2050,233.8876,37.5942,61.7314
536.6526,237.0452,36.9723,62.1866
537.5798,232.8923,37.5997,60.8501
539.2134,232.0544,38.6834,58.2981
540.5905,230.2229,38.5919,57.9366
542.2333,234.0958,39.5785,56.4828
545.5287,232.1971,38.7866,56.4886
548.0316,235.0770,40.1093,54.6896
549.7783,234.8427,39.5531,54.9850
551.6108,233.3687,39.4248,54.8502
554.0968,233.9693,40.5767,53.7895
554.7668,234.9644,42.4875,51.9583
556.7410,235.2526,42.7193,52.2052
550.4175,240.1898,44.3819,50.5398
554.4997,243.5866,45.4698,50.3262
559.4114,238.7268,46.5904,48.4524
563.9643,241.6584,46.6437,48.4897
569.2091,236.5713,44.9866,50.6170
570.7532,239.4196,44.1054,50.8980
574.6479,235.5308,42.7291,52.0457
576.1100,235.5500,41.4038,52.4535
578.3226,237.0334,40.0418,53.5862
581.3710,237.0810,39.3858,54.1134
581.4376,238.1835,39.4573,53.5233
584.4285,232.9680,38.2658,54.7538
586.7661,237.2899,38.1351,54.7170
588.6507,236.6355,37.8932,54.2376
589.3580,234.9349,37.7360,53.6428
591.6099,234.7308,37.4921,53.3584
592.8325,236.2789,36.7000,53.0110
595.4752,237.7910,36.1201,53.1990
595.1468,238.4714,35.6706,52.7790
598.0684,233.5904,35.6358,53.3967
598.9139,235.8832,34.7638,53.6712
600.0640,234.5613,33.3263,55.6697
601.4651,232.9582,31.5597,57.7026
602.8284,230.7168,30.0855,59.2340
602.9145,234.5641,29.3220,58.4733
600.0331,233.0024,29.6217,57.4665
596.5914,238.5863,29.6221,56.3510
592.1949,235.2463,29.3354,55.8253
584.2872,234.3024,28.8290,55.2645
577.4944,227.8412,28.1072,55.5498
573.3223,229.6242,27.8082,55.6288
568.4850,230.6018,27.4508,55.6190
558.5217,225.7773,26.5498,55.7244
549.1547,224.3841,28.2555,53.0447
543.9474,225.6103,28.7606,53.1406
531.9468,224.1403,30.4512,51.7522
520.1019,221.6578,31.7247,50.7309
516.8502,224.5008,31.8023,50.5800
510.7890,226.1862,31.9777,49.9759
497.7879,223.9734,32.5104,49.8909
492.7758,224.8875,32.6041,49.8064
480.9894,223.9554,33.6499,48.9789
469.9644,225.9419,33.5936,48.7334
458.8489,227.6676,33.0114,49.3417
446.8257,229.8632,34.4098,48.1634
432.5314,232.5127,35.1813,46.8649
420.7630,233.7402,36.2892,46.0252
407.3535,234.9593,36.6003,45.7991
393.6377,235.6334,36.0170,46.6341
378.4695,235.3791,37.1960,45.4438
363.0143,235.7333,37.5590,45.6713
346.4039,236.2632,38.2017,44.7363
328.4419,236.7704,39.0665,44.0802
305.6859,238.3941,39.3068,43.4128
292.0725,241.1937,38.4615,43.8360
281.1599,243.6508,37.7340,43.5530
261.8560,246.4743,35.5856,44.3417
243.6398,246.5956,34.9121,44.0567
225.7646,247.7684,32.7562,46.2202
207.7543,249.3924,30.9203,47.7213
189.2439,252.9404,31.1014,47.5034
178.3812,254.3345,28.8578,50.7111
158.0861,257.0695,28.3304,52.1999
146.8483,255.9521,27.0478,54.7740
135.2393,256.2998,26.5344,56.2162
122.9407,254.2004,26.1802,57.4544
108.9978,253.8016,26.5341,57.1257
95.5819,250.4074,27.3707,56.7053
85.9071,258.2061,28.6097,55.7912
82.7111,259.5731,29.6614,54.4191
78.5748,260.2660,29.8408,55.0045
79.3743,259.0024,30.5880,54.2657
79.8870,257.5386,30.4336,54.1991
80.7600,256.4494,30.5438,53.9302
82.6872,260.6761,30.3556,54.0083
84.8393,262.4192,32.0732,52.4898
87.4044,263.3290,34.0218,50.5851
90.0622,264.7674,34.6968,49.1111
91.6209,272.0473,34.8659,48.9773
92.5544,274.2035,34.2528,49.5443
92.3711,272.1208,33.7136,49.8376
92.7627,272.0724,33.3266,49.6023
92.8278,268.9810,31.8517,50.3531
93.6864,268.5558,32.6745,47.9281
96.4830,273.4891,31.0136,49.2243
99.5108,270.6242,30.7736,48.6948
102.7476,274.8344,31.5114,47.2719
105.9526,275.5619,31.5108,46.5909
109.7315,271.8336,31.2934,46.5382
113.5295,270.6179,31.8584,46.6495
126.9510,271.7781,32.3071,46.9969
138.2060,268.8187,31.8284,46.9592
141.6476,270.2944,33.3534,46.6460
155.5372,270.3770,34.3775,46.2898
168.9279,265.0336,34.5897,45.3577
181.9058,267.3475,32.7961,46.6933
185.4810,266.3049,34.3630,45.2113
190.3250,266.3885,35.4696,44.1607
202.8453,269.4102,33.7789,44.9358
214.0753,272.7509,32.0283,45.6980
217.8151,272.7703,32.5758,45.9673
227.3389,268.1451,31.5649,45.5547
230.8480,269.3479,31.0614,45.8357
241.2633,263.3232,30.4148,44.6684
243.4895,262.0276,31.4037,43.0333
254.2501,265.0013,29.5356,44.5538
262.7920,266.2158,28.0261,45.8176
266.0218,257.7816,27.1497,47.3906
276.0536,262.9116,25.9146,48.5486
284.9132,259.8676,25.1381,49.5673
293.8623,262.8725,24.2407,51.0865
302.6767,265.4056,24.5148,50.9619
309.5965,260.2420,24.7573,51.4314
318.6885,257.6107,24.6946,51.4758
326.1460,260.9669,25.0864,51.1402
330.2593,261.4012,25.4839,51.5361
334.4519,262.5692,26.2990,50.6773
346.8981,259.6227,24.4814,52.1395
350.7808,260.4781,25.5132,51.4759
362.0434,260.0143,24.8335,50.9260
365.4532,256.6034,24.8749,50.8553
377.2865,255.6435,24.1270,51.2450
381.8810,257.9679,25.0651,49.9197
386.3277,260.8110,26.2352,48.8984
397.9756,258.2423,24.6822,50.1422
401.1492,259.0922,24.7120,49.6184
412.0680,261.8943,24.0500,49.2753
422.0283,263.3376,23.4523,49.3932
421.7807,255.4657,24.8025,48.3182
416.9338,247.6625,26.7317,46.9712
419.5381,247.1797,28.5664,45.7348
429.5602,247.0605,32.0441,43.0764
435.5683,248.2200,33.9543,42.3417
445.9527,256.3191,34.9339,43.0172
450.5620,253.8419,33.7208,45.4526
463.1756,255.6149,34.3164,46.3918
467.1721,255.4107,34.6592,47.9087
470.5576,256.3481,34.4094,50.2167
473.9733,255.6024,34.3286,52.0523
478.3276,257.2622,33.3585,55.2295
483.3269,260.7368,32.7041,57.0055
487.9665,248.9468,30.6740,58.8675
490.3213,247.2884,29.4822,59.5940
489.9277,242.0481,28.0614,61.3328
489.1059,242.5179,28.2821,60.2527
490.6793,242.5896,28.0569,60.1430
491.9280,248.6818,27.1715,61.7016
491.2367,245.9459,28.5536,61.4561
492.2521,246.9272,30.4848,60.5100
495.1772,248.3131,29.5104,63.5645
497.0992,245.5645,29.2438,64.8241
495.4501,246.3121,30.5315,63.8259
488.8600,247.1654,31.7511,62.9170
481.7868,248.3108,32.9023,60.5875
465.7785,245.7774,33.2872,60.5147
449.4704,247.3627,34.4536,59.3450
434.1690,251.6237,34.0361,57.8330
419.1230,252.7654,33.2316,58.3876
404.6121,256.3864,32.3455,57.8865
391.0423,252.8096,33.7275,55.5892
377.3314,256.4091,33.4557,53.6852
363.4259,253.4159,32.8617,53.8271
350.8258,256.0847,32.3295,52.4736
338.0128,256.1277,31.6823,52.6998
324.1620,260.2749,30.9980,52.7320
310.3546,257.4182,31.3410,52.4990
296.8956,256.6048,32.3505,51.7797
285.7618,260.7643,33.9370,51.4030
282.1023,265.6508,34.2737,51.0025
272.2290,263.1329,34.5401,51.2106
269.8015,265.4079,36.2565,49.4393
256.8242,263.3717,36.2981,50.0696
243.7020,265.7658,36.9351,50.0140
236.3918,266.5844,37.8861,49.9356
226.2402,270.0608,39.7061,49.1896
214.8148,271.8686,41.9954,48.0756
203.5111,273.1955,41.1431,48.6386
189.1322,274.5435,39.5462,50.7436
177.4911,277.4728,37.6665,52.7594
165.6528,275.8531,37.6673,52.8947
150.8602,277.6454,40.0509,50.1877
2
0
0
0
0
1
173.4790,292.7098,22.1620,39.9470
188.7452,299.8555,22.4205,39.4186
181.2285,299.0129,24.8069,37.3857
180.4139,299.2954,26.9178,35.1277
194.8274,290.0921,27.2914,34.7663
196.9430,290.9004,28.3540,33.6978
198.9648,292.1409,29.1993,32.6676
192.1829,293.0886,30.0592,31.7947
194.1085,293.2973,28.9218,32.4700
203.6286,294.4845,28.6322,31.7692
2
0
0
0
0
1
244.6302,295.6222,44.0225,43.0594
245.3556,296.1349,44.6472,42.5004
248.5285,291.8119,44.4822,42.7388
253.2509,293.7667,43.4326,43.8678
257.5392,295.6053,40.6294,46.9447
263.1156,297.1725,39.0897,48.8128
269.1893,298.7742,39.1402,49.8582
275.2820,298.9865,38.7909,50.7827
280.9806,298.8799,39.1972,49.6978
285.5728,296.8505,39.6805,49.4556
293.6429,292.0440,39.6130,47.7146
301.1770,294.7892,39.3153,46.3757
300.1035,295.3983,42.0054,43.8039
307.4001,294.3944,42.4609,43.0721
312.6852,292.8377,44.6876,41.8458
317.5570,293.6023,46.6461,40.8933
333.5496,294.0763,45.7787,42.0939
339.1757,295.5797,44.2159,44.6827
345.5919,294.0638,42.7489,46.4700
351.7761,294.3108,41.1315,48.2975
356.4836,295.5210,40.0695,49.4131
360.2648,297.2519,41.0429,48.6193
366.8210,285.8029,43.3331,48.3408
371.1845,286.3347,44.8048,49.5172
376.7990,281.7451,44.9945,51.5902
377.4749,277.2866,45.0392,53.4297
380.1109,277.6082,46.9000,53.1121
382.8874,276.9688,48.1190,53.3692
386.2988,273.8131,49.8419,53.8807
389.3486,271.3494,52.4165,53.6405
392.4731,270.5388,54.8763,53.2436
393.9885,267.2974,57.6104,53.1621
399.4968,264.1857,56.5463,54.3739
397.9470,264.3506,57.9807,53.8303
400.6264,261.9886,57.6639,54.9544
397.9366,263.0949,59.3205,54.6182
399.4788,261.8114,60.0667,54.6641
400.7139,263.4448,60.3012,55.5616
401.8307,266.0565,59.1191,56.9777
404.4420,261.4117,55.8157,61.3959
404.4005,262.8094,53.9172,62.8525
401.0729,263.5285,55.5034,61.4066
397.3582,263.8495,58.8216,59.1148
382.9056,263.8281,59.8601,56.7905
372.6979,267.3017,57.5488,56.3636
372.6891,271.7159,59.8650,52.5731
368.0507,274.8031,60.1890,51.8282
364.4710,278.4375,59.8443,52.4782
354.0435,284.2967,59.0146,54.1322
354.0672,277.7850,59.9987,53.4500
344.0852,291.0396,58.1651,55.3767
344.7723,288.6022,57.2067,56.4515
347.6346,292.2497,59.5826,54.6111
351.9159,290.9114,57.8586,57.8781
342.8334,288.4709,56.1883,60.1448
345.3205,287.9100,58.0615,59.8430
345.8097,292.9524,58.3429,59.9834
344.4773,282.2439,59.5907,58.7334
330.9898,283.3766,62.0093,56.1986
329.7646,284.3878,61.4562,56.1811
319.6547,282.5079,61.4675,56.8337
321.6515,285.8705,59.6063,58.9326
306.6153,281.6956,60.4339,59.0237
302.9951,282.5840,62.4623,57.4860
293.5150,284.4329,65.2388,54.7220
279.0411,281.0394,65.5151,54.5713
267.6473,285.4481,64.0556,56.5613
254.8692,290.3925,64.8913,56.8928
244.6610,284.4259,64.4573,57.5991
235.2951,290.9034,62.0576,61.5540
224.7491,297.1370,60.4500,63.8623
214.6877,299.5536,60.3822,62.8900
217.1436,299.6784,58.5273,64.2881
211.5032,297.6349,57.8918,65.2223
196.8415,292.8842,60.7449,63.7179
195.0867,293.9466,64.8679,60.4782
181.3560,295.2837,70.0386,57.5280
171.6620,292.8795,66.7780,59.9732
161.4722,289.7129,66.8759,59.6277
153.6169,289.8444,67.3348,58.0695
144.7225,292.5487,68.6088,56.7351
137.8512,289.4977,66.5096,57.3905
125.9143,291.8583,63.8355,59.0623
130.1243,293.9119,62.2335,60.9107
131.9007,295.6756,61.0205,62.1468
130.0328,294.5934,60.2850,63.6482
130.4718,289.5385,58.9315,64.7249
129.8212,288.4847,60.5136,63.6449
128.3467,287.8759,59.6893,65.3229
130.5104,286.6080,58.6031,66.6134
133.2060,284.0321,60.0791,65.9602
142.2389,281.5349,61.5808,66.6006
146.0355,276.9118,61.5086,67.5235
136.7624,276.8533,62.2984,67.1320
138.1236,278.5103,62.5875,66.2564
131.1577,279.0467,61.6042,68.1357
124.7702,282.4915,62.0465,70.2195
119.3745,282.0190,62.9404,70.0663
113.2588,282.3096,60.8042,73.8307
120.7675,279.0532,57.4731,75.0341
109.3403,278.3862,58.1038,73.3220
111.6937,281.6378,56.0547,74.2179
102.7726,279.1608,57.4555,72.7637
107.2362,278.2937,57.2521,72.0218
111.0411,280.7105,54.8599,73.5972
111.3748,277.5957,54.2615,73.2357
114.6108,277.9149,53.8830,71.9942
115.4876,281.0926,51.4021,71.7354
114.3708,275.1221,50.6152,70.7016
111.0655,276.3773,49.8658,70.8050
