1
590.3423,202.1961,46.0702,36.9586
585.9214,202.1204,47.8329,37.3685
582.2172,200.4741,48.9991,37.6120
578.8831,198.3063,49.8545,36.7682
576.1147,197.3581,50.1712,35.8266
574.3660,196.6259,49.8315,35.1314
574.8179,196.5581,47.9160,35.4909
578.1564,199.3338,43.3311,39.0056
581.6899,203.6291,37.4684,45.0941
582.1869,202.3545,32.3438,50.5690
582.9440,198.5204,28.6159,55.0232
582.3621,194.6216,26.6283,57.4444
581.9460,192.8203,25.3330,59.4904
580.4114,189.9186,25.2424,60.2697
578.8445,188.2471,25.4119,60.1871
577.5123,188.1812,25.3366,60.4561
576.4445,188.4008,24.9295,61.1443
575.2465,187.8278,24.3693,62.0288
574.5494,186.4119,23.9909,62.5957
573.4977,185.6783,23.7370,62.8677
573.5861,186.2856,23.5366,63.0869
573.3309,184.6637,23.4674,63.4619
572.0059,183.7686,23.5300,63.0603
571.5389,184.4746,23.5808,62.5218
571.0540,184.4689,23.5868,61.9307
570.6113,184.7773,23.6702,61.2565
570.2111,184.3710,23.7342,60.6702
569.9404,185.1536,23.5793,60.4171
569.2211,184.8656,23.4911,59.5115
568.8066,184.6040,23.0471,59.3382
568.6642,185.9823,22.3588,59.5425
568.0781,184.6485,21.6995,59.7247
567.3256,183.3413,20.9091,59.8769
566.9823,183.6987,19.7105,59.8475
566.7155,180.7590,19.5826,59.3637
561.5298,178.0618,23.3247,54.8459
556.3143,177.8110,28.5007,50.0546
551.4941,179.1023,33.7288,45.7017
548.8394,180.7096,37.9746,42.3284
546.3033,182.6270,40.6517,40.3216
544.5283,184.0073,42.1448,39.0956
543.4874,184.4110,43.2766,38.1861
543.1703,185.0435,44.0944,37.4428
542.0637,186.3485,44.3021,37.3179
541.6674,186.0577,44.8412,37.1555
541.4459,186.4941,45.0764,37.1949
541.6968,187.0983,45.0322,37.4517
541.7394,187.2225,45.1113,37.6112
541.5063,187.4180,45.0065,37.8392
541.8121,187.9395,44.8602,38.0185
542.7677,189.0771,44.7812,38.1269
543.6722,189.3469,44.5072,38.4867
544.9953,189.9641,44.2514,38.6691
545.8848,190.4527,43.8498,39.0197
548.9056,191.7668,42.8302,40.1901
554.0161,193.4973,39.1703,43.6299
559.6153,198.8266,33.7658,49.5369
564.8572,192.8469,31.2996,52.5074
568.8644,189.3779,34.9724,49.1379
570.1141,190.2516,39.4579,45.7990
570.9246,190.6629,43.7169,42.7538
571.9839,191.3689,46.6888,40.6368
573.1469,192.9438,48.8438,39.4040
573.6381,194.3324,49.8466,39.0391
576.0863,196.4955,50.3723,39.1962
578.1343,196.8369,50.8109,39.4192
579.2269,197.1076,50.9975,39.6488
581.9228,198.2802,51.1323,39.9293
583.2415,198.3639,51.2313,40.4827
585.6259,198.5665,51.4289,40.7990
587.2620,198.9787,51.4335,41.2971
589.3886,199.1640,51.5382,41.6522
590.8180,199.6887,51.6261,42.0045
592.6287,199.8791,51.7734,42.0354
594.4977,200.4910,51.8904,42.0615
596.0946,200.6611,52.0593,42.1766
598.2044,200.5944,52.3152,42.2862
599.4920,201.8112,52.3570,42.4117
601.5625,201.9402,52.4194,43.1065
603.3002,202.4795,52.6809,43.3712
603.9852,203.2185,52.8616,43.6889
606.1393,203.6813,52.8338,44.3077
607.0286,203.8181,53.1428,44.5606
609.2603,204.3349,53.2727,45.0581
610.0533,205.1190,53.5816,45.3375
611.8773,206.3124,53.7597,45.8454
613.2155,206.1836,53.9679,46.2940
614.2626,206.7395,54.2457,46.4667
615.1036,207.3930,54.5797,46.6886
616.5435,207.1065,55.2862,46.9478
617.1182,206.6081,57.1908,46.0267
616.4255,206.6092,59.9212,44.3595
616.7230,207.9845,62.2230,43.3558
616.5778,207.9559,63.7865,42.7902
616.6036,209.8324,64.6420,42.5545
617.1442,209.7149,64.9482,42.7911
616.9856,210.3566,64.9402,43.0812
617.6480,210.8410,64.8759,43.6119
618.3098,210.8268,64.5737,44.3125
618.8712,210.9680,64.3775,44.5351
618.3533,211.0340,63.3616,45.6380
618.2621,212.1510,59.8800,47.7844
617.9932,215.0163,53.2423,52.6584
617.4973,220.4035,46.1543,59.6207
617.7742,216.0670,40.0421,65.3097
616.6700,213.7783,37.2640,68.5982
615.1420,210.1559,36.1577,69.6041
613.7341,209.7534,35.7537,70.0486
612.8918,209.8962,35.3242,70.6803
611.7503,208.3773,34.6483,71.1820
610.7081,208.6251,33.8139,72.1642
609.0211,208.4514,32.9947,73.2987
607.7040,207.9662,32.4493,74.3233
606.6318,207.0875,32.0344,75.3616
604.0799,207.3492,31.7059,76.6517
602.4420,206.5110,31.4105,77.7808
600.6274,206.4166,31.2175,79.0295
598.8940,206.9678,30.8974,80.6254
598.1617,205.5562,30.0935,83.0261
597.1235,205.0326,29.5307,84.9012
594.7810,204.8950,29.2837,86.0821
594.2429,205.1411,28.5025,88.6964
592.8102,203.9667,28.1479,90.8903
590.7672,203.0259,27.8887,92.6669
589.1660,202.8673,27.7562,94.6918
588.5521,201.4235,27.0331,97.4854
590.0627,202.5492,24.8763,99.9403
590.2045,200.1411,22.9437,102.4473
590.2115,200.3020,23.6314,102.3227
590.3116,198.9370,26.5776,100.8144
590.3236,200.1458,29.5372,99.4627
589.2953,200.2231,32.5414,98.5786
588.2820,199.3414,34.9073,98.1076
586.4297,199.4568,37.7887,96.2473
585.5158,200.5087,39.8406,95.7297
583.7651,201.5124,40.7623,96.5697
582.4152,200.1422,42.7991,95.4370
581.1310,200.3409,44.4121,94.8916
580.1366,200.9172,45.2396,95.1331
578.7328,203.2186,45.4567,96.7479
578.7225,202.9114,45.1170,98.9875
578.3698,202.1312,45.1651,100.7228
578.0917,202.9701,44.8408,102.8000
577.2093,204.9002,44.1693,106.0494
581.4045,200.7276,43.8641,109.0656
579.4291,201.7709,43.4869,111.4785
578.2992,201.5505,42.6560,113.5538
583.2264,199.1462,42.9146,114.2429
580.9389,201.8996,42.3888,116.5158
580.6836,200.4706,41.6036,118.4293
585.8040,198.4698,41.7870,119.6903
582.7195,202.9178,41.7392,122.4649
583.4086,202.7349,41.2579,125.1859
584.2448,203.1076,41.4612,127.5098
582.5484,202.7903,41.9898,132.1998
580.6133,207.2436,44.6445,133.5910
581.6400,205.8582,47.6352,133.5458
581.9792,205.4341,50.7877,134.1818
578.5635,215.3592,53.3033,133.3506
580.5364,211.7757,52.8773,134.9213
584.4602,209.9379,51.3926,138.7869
586.7370,208.3030,50.7920,141.2319
588.5828,208.2111,50.4296,143.4694
590.0637,208.0130,49.8616,145.5383
592.0976,205.3211,49.0903,146.9059
588.0464,218.4771,50.1206,142.4609
586.3051,224.4535,51.4644,136.2560
584.3136,233.2040,52.6469,130.6363
573.8587,244.9191,57.4127,122.4737
566.4058,253.8855,63.8576,111.7685
2
0
0
0
0
1
631.8408,197.1327,37.1040,26.7206
633.4850,196.7798,36.1787,26.3360
633.5576,197.0246,35.5311,25.9247
634.8759,197.1557,34.6501,25.7896
634.8456,197.2728,33.7767,25.5868
634.6069,197.3522,32.9328,25.4226
635.3196,197.2719,32.3017,25.2772
635.7341,197.2224,31.8719,25.1004
635.2870,197.2936,31.3410,25.0267
634.1503,196.4043,30.7941,24.8193
630.0081,196.5330,29.7728,24.5613
623.5829,199.2153,27.1559,27.5586
620.2836,202.2818,24.8498,31.4788
617.7230,202.2136,24.8168,33.5675
614.7892,199.3212,25.3170,34.5342
611.5651,197.0293,25.4791,35.0224
609.9796,195.5661,25.2333,34.9133
609.2242,195.4581,24.9112,34.6855
608.1788,195.6021,24.7684,34.1561
608.2643,196.3659,24.1907,34.0849
608.4169,197.0903,23.6339,34.2904
607.3465,196.3920,23.4923,34.4274
606.3167,196.4462,23.2759,34.3154
605.7029,196.0264,23.0339,34.3258
605.3918,195.9118,22.7487,33.9803
604.0762,195.1396,22.6768,33.1285
603.5814,195.9926,22.5327,32.2221
603.1008,195.3398,22.2674,31.3525
601.5760,195.4704,22.4175,29.6714
600.2425,195.3090,22.4014,28.0878
599.6382,196.2857,21.9229,27.2746
597.9484,196.1172,21.5529,26.4964
597.7466,195.9707,21.1969,25.7609
596.3674,196.6079,20.8399,25.0564
595.6996,196.3811,20.4902,24.5278
595.0811,196.9349,20.2242,24.0939
593.9300,197.3922,19.8970,23.7320
593.6069,197.2398,19.5380,23.4771
592.0215,197.9977,19.3008,23.2288
590.9220,197.1101,19.1774,23.0326
590.1267,197.1122,19.0655,22.7678
590.2227,197.6239,18.9809,22.5520
589.4028,197.6837,19.0189,22.3671
588.9625,197.7987,19.0308,22.2144
589.3343,197.9965,18.9269,22.0861
588.8479,197.8032,19.0296,21.9431
587.9987,198.5723,19.0718,21.9737
585.7750,199.1483,19.2026,22.1725
580.8133,201.0813,20.7868,22.2479
575.5144,202.0360,22.7554,22.0436
579.9789,205.1056,22.7423,22.2334
578.8039,206.9576,22.8604,21.9029
576.3339,208.9187,22.8052,21.5747
573.6151,209.4759,22.6305,21.3598
571.7554,210.3390,22.6873,21.0146
568.4871,211.7152,22.7457,20.7357
566.3863,212.5471,22.5865,20.5795
562.8539,212.5225,22.5235,20.3849
559.4921,213.3793,22.4210,20.2914
556.0242,213.8154,22.2702,20.0701
552.2281,214.0508,22.3317,19.7480
547.8826,214.7085,22.3935,19.5557
543.8759,214.9003,22.2583,19.4588
538.8301,216.0112,22.6815,19.1525
534.3057,216.5796,22.9117,19.0896
529.8011,216.7826,22.8677,19.0352
525.1866,217.4813,23.0038,19.0851
520.7058,217.8835,23.0239,19.2591
516.3425,218.5624,23.0019,19.4305
511.6397,219.5337,23.2023,19.5312
506.8936,219.8700,23.3642,19.7488
502.2795,220.4335,23.5548,19.8521
497.7531,221.0017,23.5622,20.1021
493.0019,220.7737,23.5469,20.3419
488.5952,222.0789,23.5784,20.3401
483.8337,222.8335,23.8647,20.1182
479.5330,224.4395,23.9342,19.8082
474.6251,224.9517,24.2408,19.6893
470.3795,225.5845,24.1622,19.8090
465.8308,225.8440,24.1985,19.8923
462.3499,226.4429,23.6990,20.1925
458.7456,226.7138,23.5875,20.2418
454.9656,227.0461,23.4073,20.3857
451.6496,226.7401,23.2218,20.5022
448.0409,227.2999,23.0619,20.6483
444.4913,227.7520,23.3162,20.6587
441.8113,228.0308,24.0663,21.1794
439.7781,229.7288,23.1598,22.7899
441.1953,230.9764,22.6531,23.8595
440.8107,231.9072,22.3355,24.5611
440.5179,232.8114,22.3290,24.9235
438.3673,233.6922,22.1854,25.1323
437.7365,234.3313,22.2379,25.3981
436.3405,234.1324,22.1192,25.4797
435.0542,235.8293,22.2540,25.6005
433.9751,236.1311,22.3207,25.6500
432.9986,237.1582,22.3240,25.8953
432.9594,237.5936,22.4188,25.8266
432.9619,237.7580,22.6403,25.8358
432.1700,238.5052,22.8172,25.7070
431.3340,239.7416,22.9868,25.7800
431.8785,239.9993,23.0301,25.6975
430.9863,240.6006,23.1576,25.5859
430.9641,240.6515,23.4174,25.5701
430.2460,241.0868,23.7723,25.5500
427.2927,241.2895,24.3825,25.2741
421.5602,241.7882,26.3521,24.5933
414.6658,241.0928,28.6411,24.1139
410.8501,241.4142,30.7463,23.7878
408.6321,242.6541,32.6224,23.6578
407.3878,243.5522,34.1260,23.4984
406.9388,244.4352,35.3667,23.3047
405.1733,245.4173,36.3868,23.3364
405.3212,246.7993,37.3884,23.4628
403.7196,248.0740,38.3682,23.4095
402.4182,249.5228,39.1126,23.4320
401.6543,251.2740,39.9711,23.2779
400.8596,252.4326,40.6382,23.2663
400.1946,252.7299,41.1539,23.1811
399.3120,253.5730,41.5385,23.2644
398.6527,254.7275,41.7048,23.4467
399.9529,255.0652,41.8815,23.3618
404.2662,256.2496,41.2727,23.5388
409.8474,257.5965,40.4709,23.6954
413.7235,259.3536,39.3305,24.7980
416.4157,260.8294,38.9173,25.6358
417.4196,260.6652,38.6075,26.6335
418.6881,261.9370,38.6552,27.3447
418.3874,261.7748,38.7770,27.8405
419.1006,261.4467,38.9977,28.0344
419.9232,262.3206,39.3458,28.1835
420.3604,263.1555,39.7047,28.3487
421.1738,262.9474,39.7824,28.7347
422.4214,263.5828,40.0671,28.8963
422.8021,262.8462,40.2120,28.6886
423.6113,262.4556,40.3556,28.3861
421.9852,261.8884,41.3724,27.4754
414.9146,260.8776,43.8433,26.3802
407.6196,259.3047,46.5139,25.0672
406.9743,259.0172,46.7456,24.0557
407.5676,258.4712,46.0851,23.6004
410.0905,258.4183,44.5641,23.5107
411.0269,258.6465,43.6329,23.3379
410.8973,259.0562,42.7904,23.1746
411.4062,258.4769,42.1371,22.9879
411.3565,258.1581,41.6069,22.8683
411.2016,258.2265,41.1281,22.8738
412.2523,258.0337,40.9367,22.7797
412.8935,258.9810,40.4423,22.7118
413.9883,258.7292,40.2102,22.6297
415.8288,258.9312,39.8952,22.5791
417.6044,258.7310,39.2621,22.6533
419.7520,258.9439,39.0843,22.4738
420.8789,258.3642,38.8517,22.4638
423.2809,258.7736,38.7113,22.3640
425.6119,258.7831,38.4167,22.3486
427.6342,258.1108,38.0480,22.3065
430.5741,257.7358,37.8008,22.2265
433.8260,258.1365,37.1939,22.1486
439.2231,256.4578,35.7884,22.4415
446.6754,256.1141,33.3465,23.0632
459.6410,257.0631,29.9463,26.1667
466.4526,257.5981,27.1874,30.2360
472.4026,254.5532,24.6686,34.7397
476.2638,252.8024,22.7455,38.2971
481.5258,251.7386,21.5397,41.4735
484.8120,249.5816,20.7599,44.0032
487.6783,246.9461,20.3358,46.2259
491.0060,245.5437,20.3391,47.7302
495.0850,243.6918,20.5281,49.0051
498.0516,242.9981,20.5505,50.0918
501.4769,241.8090,20.6099,51.2670
504.4053,241.4714,20.6574,52.3514
507.5993,239.6737,20.8579,53.3134
511.2683,239.4128,21.0015,54.1421
514.2941,238.9339,20.9805,55.3914
518.6048,236.1844,21.1729,56.5595
521.5754,235.6129,21.2305,57.7315
524.7028,234.0122,21.3267,58.9944
529.3595,231.7981,21.5580,60.0535
532.0486,231.0772,21.5909,60.8781
536.0247,229.1050,21.4049,62.3068
538.6275,228.2176,21.5091,62.7653
541.6627,226.7971,21.6107,63.4151
545.0033,224.9318,21.7606,64.4114
547.3982,223.7892,22.0388,64.9105
549.8972,222.8067,22.4827,65.1264
551.7565,221.8156,23.0796,65.1306
552.8585,219.8204,23.9478,64.9595
553.0312,217.3690,26.7132,62.7009
549.7427,214.1621,31.4939,58.1155
545.5347,211.8234,37.5609,52.5756
541.6677,211.1325,43.4055,46.4168
538.7672,213.3387,47.9276,42.8309
538.1064,211.7870,52.0489,38.2840
537.6443,213.1509,54.3272,36.7472
538.2991,210.5635,56.4496,34.1681
538.2809,208.3913,57.9667,31.6900
538.4149,207.2155,58.6211,29.6103
538.6423,206.5193,58.5067,28.0886
539.4700,205.0524,58.2811,26.9068
539.8217,204.2137,57.4752,25.9015
540.4213,202.6471,56.5642,25.2686
540.8726,201.6693,55.6036,24.5206
541.5082,200.7288,54.5412,23.8590
541.9506,199.3647,53.4620,23.3779
542.1271,198.0144,52.2973,22.9492
542.0390,196.6574,51.3253,22.6114
542.5907,195.5549,50.2700,22.2841
542.6075,193.9373,49.4213,21.8792
542.5741,193.0320,47.9842,21.9148
543.1995,191.7587,47.0381,21.7104
543.5895,189.7558,46.2839,21.6158
543.2040,187.7812,45.6122,21.4416
543.1487,185.7256,44.8046,21.4005
544.0032,184.3890,44.1648,21.2438
544.5522,182.0484,43.6271,21.3375
545.0991,179.8496,43.1379,21.3552
546.3939,177.6847,42.5900,21.1861
550.2026,175.0782,41.3047,21.3825
559.5076,174.7135,37.9524,23.4515
568.1462,178.4389,33.8356,28.4445
571.6083,176.8005,29.6599,34.1725
572.8947,171.8996,26.5488,39.2955
573.7147,168.6364,25.1214,42.7067
574.6265,166.3864,24.2557,45.3936
574.6263,163.7354,23.7970,47.3599
573.8688,163.1410,23.4093,48.8753
573.8525,160.5004,23.1548,50.2593
574.6443,159.1374,22.6360,51.8775
573.8309,158.4682,22.3369,53.0741
574.2214,156.4239,21.9799,54.4534
573.2496,155.5554,21.7290,55.3818
573.5508,154.4390,21.4959,56.5060
573.5447,152.5868,21.4079,57.2794
572.6597,151.5221,21.4583,57.8202
572.8624,151.1043,21.2675,58.4297
571.8775,148.7543,21.1604,58.9422
571.4145,147.7856,20.9639,59.6517
570.6959,146.3694,20.8750,60.1481
569.2685,145.7857,20.6632,60.8065
568.5743,144.8790,20.3859,61.4588
567.9988,143.0109,20.1255,62.3278
567.0648,142.1717,19.9977,62.5634
566.4016,141.6642,19.8237,63.1441
566.8893,141.0771,19.8102,63.7246
566.5414,141.3378,19.6805,64.5131
566.3348,138.5983,19.5807,65.6077
565.8075,139.4827,19.5717,66.2106
565.5020,138.3987,19.5166,66.9831
565.0989,136.9821,19.5561,67.4896
564.8857,136.9164,19.6704,67.5349
564.3256,136.7232,19.6365,68.0926
563.9230,135.1225,19.6815,68.5015
563.5280,135.1470,19.6682,68.6318
562.8681,134.8710,19.5105,68.8457
562.7576,133.9737,19.5198,69.1228
561.8101,133.6375,19.5482,69.0969
561.7038,133.8437,19.4935,68.9504
563.2072,133.6534,19.0065,68.9854
561.7571,132.3872,19.8156,68.9782
554.2072,129.6556,25.0179,64.2891
545.3962,127.5447,31.8445,58.3020
537.2143,127.2820,38.7998,51.3067
531.8991,131.7396,44.9622,45.3497
528.4719,134.6221,49.1383,41.3156
525.5872,136.2262,52.5424,38.9369
523.8932,134.1598,55.8030,35.4337
522.1295,136.8185,57.2690,33.5091
519.4654,137.4927,57.8804,33.3350
518.8416,138.1089,57.9420,33.4018
518.1696,135.9100,59.2235,31.1937
516.5418,137.0296,59.3064,31.1446
515.9664,135.2884,59.6142,29.5032
515.3162,135.0395,59.4163,27.7915
513.6907,135.5566,58.9639,26.4188
512.8961,135.5961,57.7100,25.5177
513.3544,135.6111,56.4803,24.8334
512.9459,135.2859,55.2056,24.3943
512.5529,135.8385,54.1133,23.7794
512.2020,135.3544,52.8970,23.5390
512.1682,135.5031,51.7990,23.1937
511.8359,134.8552,50.5748,22.9792
512.4474,135.3636,49.6772,22.6292
512.7908,134.3742,48.6539,22.5043
513.7921,133.9729,47.5453,22.3927
519.7404,133.2990,44.6870,23.1398
530.2834,136.8855,40.5380,26.5655
538.8107,141.7771,35.7448,32.4626
541.2704,140.1683,31.0872,38.4932
543.6536,136.2032,27.2711,44.0341
544.4878,133.8885,24.5501,48.5160
545.2953,133.5003,22.5721,52.0645
545.4777,131.8476,21.0481,55.2682
546.1530,131.8724,20.0980,57.5216
546.3089,129.8634,19.5094,59.3927
546.2111,129.9243,19.1265,60.8437
545.8524,130.3783,18.7069,62.1241
545.4909,128.9904,18.5455,63.3772
545.8843,129.2017,18.4312,63.9223
545.5660,129.3185,18.3126,64.8213
545.5349,128.4446,18.3522,65.2516
544.8188,129.1962,18.2481,66.2048
544.9073,128.9920,18.0609,66.8000
544.7499,128.7321,17.9208,67.5610
545.1001,127.8035,17.7879,68.4138
544.7963,127.9389,17.7005,68.9864
544.7206,127.4796,17.6499,69.5314
544.0747,128.0523,17.6512,69.8630
544.9735,127.7056,17.5992,70.0433
544.6808,127.2686,17.7199,70.3890
543.9500,127.6908,17.8211,70.5449
544.2402,126.5345,17.8087,71.0957
543.9922,126.2276,17.7663,71.5074
544.3066,126.5034,17.7834,71.6211
544.6185,126.5322,17.8094,71.8920
544.4241,126.1083,17.8503,72.3910
544.7576,126.5309,17.8685,72.4447
543.7013,125.2413,17.7658,73.3329
543.6285,125.5224,17.8375,73.4615
543.2101,124.7402,17.7420,73.9726
542.8358,123.8706,17.8337,74.3865
542.9305,123.7142,17.7692,74.6326
541.9259,123.5483,18.0140,74.4114
541.7809,123.7422,18.0910,74.3932
541.6862,123.7497,18.0204,74.4906
541.2631,123.4355,18.0398,74.6588
541.5677,122.3854,18.0432,74.9338
541.1744,123.1165,18.1928,74.4942
541.0881,122.6824,18.2113,74.3608
540.7256,121.8547,18.1765,74.7990
540.7495,121.7299,18.1692,74.6891
540.2789,120.7771,18.3031,74.7673
539.3204,120.7860,18.4437,74.7457
539.2466,120.5380,18.5081,74.6746
538.9037,121.2267,18.4899,74.5587
537.6047,120.3167,18.8775,74.7798
537.8636,119.2412,20.9946,72.8376
539.2578,117.2520,25.8106,67.3462
539.1085,117.8881,31.1800,61.5751
538.8168,119.5941,36.3243,57.0566
537.9394,120.6625,40.4064,53.9474
536.8128,121.2611,43.0299,52.0231
536.9202,122.3954,44.5438,50.9964
536.0859,122.3683,45.4122,50.4785
536.8863,122.4607,45.9001,50.5252
537.1666,121.9153,46.2140,50.5548
536.1445,121.0236,46.1152,50.5894
535.9003,121.1246,45.8579,50.8992
536.2680,120.7085,45.5746,51.4359
535.6890,120.8855,45.2402,51.6909
535.1019,119.7717,44.5042,52.2681
534.5713,120.8300,41.6015,54.5535
533.4392,124.2289,35.9203,60.7131
534.1108,120.7121,31.5856,66.5215
527.0505,114.9344,35.3282,64.1898
520.2446,111.6643,41.4768,59.6842
515.3081,109.8484,47.1137,54.6871
512.4404,109.6615,51.6435,49.4901
509.7771,112.2493,54.7324,47.2969
508.8484,111.3792,57.0521,43.9353
507.2601,112.9257,58.3415,43.6651
507.1363,111.4241,59.5354,41.1829
506.3308,110.9584,60.4671,38.7050
506.0285,110.8849,60.9561,36.6495
505.2385,110.6240,61.1392,35.0303
504.9398,110.8872,61.0277,33.3199
504.9650,110.3721,60.7863,32.0027
503.9305,110.3594,60.2099,30.8390
502.7589,110.3454,59.6255,29.7225
502.7451,110.1249,58.9180,28.6590
502.3020,110.0529,58.1879,27.6641
501.1560,109.9619,57.1564,26.7843
501.1142,109.1031,56.1210,26.2138
500.4134,108.9070,55.1299,25.2611
499.7531,108.1812,53.9338,24.5265
499.5425,108.3563,52.8088,23.7628
499.5917,108.1286,51.8839,23.0616
500.8178,108.0671,50.7269,22.4796
505.8071,108.2562,47.9630,22.9293
515.0347,115.8068,43.1033,27.8173
517.9188,120.0528,38.2146,33.7637
520.6201,114.2017,34.3785,39.4154
522.9047,109.7809,34.0974,41.9473
524.3499,107.6373,36.1480,42.3006
524.0717,106.4047,38.4962,41.7924
522.5258,107.9042,40.1355,42.1031
520.1842,108.3099,41.1515,43.1672
519.4894,108.3098,41.8547,44.3782
519.6898,109.1695,42.2111,45.6686
518.5790,107.6973,42.4580,46.5250
517.8179,108.1814,42.2988,47.5744
517.8984,108.6267,42.3785,48.5221
516.3916,108.1016,42.3592,49.0146
515.7952,107.6345,42.3361,49.7560
515.9888,107.4256,42.2720,50.3629
515.5899,108.1318,41.9415,50.8984
515.3889,107.8333,41.8917,51.4128
515.2819,107.3890,41.8697,51.9415
514.6360,107.1908,41.8679,52.0266
514.7156,107.4373,41.8364,52.3918
513.7990,107.4294,41.6902,52.7181
513.6414,107.8498,41.5439,53.2914
513.6002,108.0655,41.3319,53.8452
514.3672,107.9682,40.8722,54.0949
514.0189,107.4426,40.6076,54.5508
513.9993,107.9101,39.9815,54.7480
513.9512,107.4737,38.6243,55.4604
512.9418,109.8895,34.2692,59.5659
515.9488,111.6228,29.5620,64.7387
511.5145,106.7203,31.3364,64.4295
507.6930,104.4545,36.3551,60.5354
498.9386,102.7002,42.8142,55.5488
494.0270,102.3571,49.3180,48.5456
491.6371,106.2581,54.5517,43.8044
489.5291,108.8147,58.1963,40.7870
489.4063,107.5072,61.1456,36.8924
489.1487,110.2748,62.4332,35.2786
488.8678,111.7750,63.0715,35.0358
489.7026,109.7186,64.0099,32.9373
489.8986,109.5922,64.3092,31.0092
488.6700,110.0596,64.2354,29.3218
488.7929,110.5649,64.1744,27.6157
488.8046,111.3988,63.5422,26.4176
489.0754,111.4070,62.3556,25.5724
489.9925,111.9309,61.3569,24.6369
489.7194,112.1879,60.1783,24.0168
490.4248,112.5543,58.9322,23.3374
491.0207,112.8777,57.5927,22.8477
492.1362,112.8414,56.4955,22.3402
492.6028,112.9794,55.2883,22.1252
492.4856,112.8714,54.0496,21.8769
493.2206,113.2626,53.0083,21.6191
494.7906,113.4020,52.1619,21.4331
495.5490,113.9965,51.3656,21.1935
496.7944,114.1427,50.6365,21.0184
497.6966,114.3088,49.9907,20.9612
498.4277,114.6855,49.5565,20.7929
499.4079,114.8497,49.0093,20.5922
500.4508,115.6839,48.6338,20.4742
501.6369,116.1762,48.1728,20.4094
501.2591,116.8906,47.8030,20.3607
501.0065,117.6579,47.5295,20.5255
502.9332,119.1519,47.2267,20.9502
503.2802,119.9159,46.9896,21.2089
504.0269,120.1009,46.9533,21.1124
504.0342,120.4851,46.8619,21.1484
504.4664,120.3296,46.9419,21.1091
504.7078,121.3514,46.8617,21.2213
504.2101,121.7515,46.8108,21.2617
505.0950,121.4615,46.9894,21.1192
505.1524,121.3074,46.9525,21.0478
504.9498,122.1483,46.7508,21.1844
505.2973,122.6013,46.6057,21.2559
506.1421,122.5355,46.6035,21.1907
506.5517,122.7060,46.4561,21.1688
506.6863,123.4403,46.4008,21.2933
508.3396,123.0232,46.4726,21.2816
508.0507,123.6553,46.2985,21.4209
508.5235,123.6929,46.1922,21.4920
509.3884,124.0711,46.3218,21.4664
509.4212,124.7045,46.2633,21.6583
510.5121,124.8955,46.5190,21.4418
511.5775,125.2208,46.5988,21.3282
512.2678,125.7283,46.5920,21.3603
513.1317,126.0399,46.7709,20.9747
513.7823,126.0245,46.5313,21.0829
514.5328,126.2014,46.7057,20.8473
515.0453,126.2087,46.4456,21.0107
516.3144,126.7460,46.5318,20.9642
516.3918,127.3331,46.3001,21.0431
517.7007,127.4114,46.3666,20.8596
519.0505,127.2682,46.4425,20.7952
520.0259,127.7437,46.3543,20.6575
520.7267,127.8554,46.3463,20.4616
522.1053,127.6142,46.3305,20.3809
522.7239,126.5026,46.2384,20.2546
527.8600,125.2176,45.3406,20.0670
539.8342,125.5438,42.1243,20.9465
548.7466,134.9830,38.1489,25.4045
552.1660,134.3457,33.7908,31.2650
556.3873,129.0273,30.8517,36.0181
558.7921,126.1562,29.8635,38.6974
559.3731,124.7600,29.7461,40.4242
560.3433,125.5847,29.9064,42.0520
560.5568,125.0157,30.1318,43.5491
560.4158,125.2893,30.0521,45.3520
561.8099,125.8429,29.7961,46.9388
560.7680,125.3905,30.1561,47.8569
561.6439,125.1553,30.0608,48.9315
561.3450,124.3987,30.2377,49.6776
562.5768,125.1854,30.1070,50.4555
562.4963,124.7071,30.1828,51.0181
563.0460,124.5047,29.9457,51.6133
562.5482,124.7350,29.7751,52.3867
564.3716,125.0633,28.9481,53.9766
564.5390,124.5521,28.0280,55.1543
564.2427,125.9309,25.2815,59.2415
568.5090,124.9281,22.9377,63.6674
567.8546,122.4933,25.8845,61.4075
561.7700,118.4609,31.9471,56.0063
554.8076,119.7904,38.3767,50.4277
548.1226,119.2687,44.3705,45.4036
544.2285,122.3370,49.4862,42.2153
542.1175,120.4859,53.3095,38.2691
541.3271,122.3414,55.3597,36.7803
541.2233,123.4520,56.7437,36.3368
542.1989,121.1447,58.4931,33.7898
541.9160,119.7384,59.8119,31.6704
540.9474,119.9104,60.2302,29.7049
540.3071,120.6833,60.2247,28.1797
540.6825,120.4678,59.6272,26.9726
540.8047,120.7154,58.8511,26.0692
540.4846,120.5366,57.9349,25.4707
540.5576,120.7594,57.0636,24.7961
540.7002,121.2086,56.0619,24.2422
541.0170,121.0645,55.0459,23.7770
540.2380,121.1761,54.1460,23.3028
540.7519,121.6280,53.3774,22.9205
541.0413,120.8222,52.5179,22.6676
540.8510,120.4185,51.6792,22.4521
543.0112,120.3064,50.9291,21.9820
549.6981,119.4698,48.4933,22.2705
562.0961,131.7186,43.8039,27.7541
564.1382,129.6554,38.5665,34.0784
566.7744,124.3952,36.6734,38.2141
567.1906,121.5107,37.4992,40.2121
569.2888,120.3483,39.3583,41.0485
568.4422,119.1925,41.4630,41.5429
567.8020,120.5491,42.7482,42.7314
566.4727,120.7446,43.4817,44.1263
565.8923,120.3678,44.1712,45.3850
566.3160,119.7530,44.7359,46.5143
564.8746,119.9415,45.0181,47.9260
565.9092,120.1134,45.2282,49.0746
564.4877,119.0859,45.4524,49.8093
565.5432,119.6854,45.8030,50.6146
564.8471,120.1986,45.7191,51.4859
564.4560,119.0083,45.9641,51.9160
564.9573,119.7791,46.0373,52.3833
565.7512,119.6202,46.0086,52.7011
565.4020,119.5370,45.9303,53.1021
565.4598,119.0229,45.8997,53.3704
565.5576,118.6234,45.8555,53.8156
565.2262,119.0165,45.7118,54.2835
565.3669,119.3684,45.6471,54.8786
565.0476,119.0547,45.6395,55.2408
565.6456,118.8644,45.7686,55.6776
564.8411,118.0239,45.9556,55.9163
565.9650,118.8329,46.2691,56.1819
566.0770,117.3060,46.7520,56.2299
566.9843,118.1373,47.9309,55.7086
567.6625,118.4859,50.1451,54.5963
567.5756,119.1388,53.1701,53.2985
567.2099,119.7800,55.7991,51.7759
567.3996,120.6181,57.2951,51.1625
567.1006,120.9750,58.0591,51.5396
567.7008,121.0298,58.4377,52.3644
568.9894,120.5791,58.8237,53.5179
569.4817,120.4937,59.0403,54.2681
570.5820,119.6699,59.6436,54.5578
571.8107,119.8188,59.9595,54.8961
571.7518,120.4226,59.7821,55.2141
572.2171,119.6079,59.5944,55.6185
573.7980,119.5591,59.5222,55.8125
574.4907,119.1706,59.4745,56.0288
574.6393,118.4929,59.6454,56.0174
574.9725,118.8230,59.9582,55.9589
574.6805,118.3897,60.0493,55.7461
575.0455,118.6322,60.3557,55.7937
574.8098,118.1534,60.4965,55.7184
574.9517,118.9463,60.5047,55.9758
574.5152,119.2210,60.2601,56.3266
575.0303,118.5238,60.1110,56.5622
574.3353,118.5333,59.4320,57.0507
574.2956,117.8025,56.7518,58.7664
573.6940,120.3291,49.8930,64.2455
578.7758,121.4243,43.4529,70.8516
571.1906,114.7139,42.3272,71.5802
564.5943,110.6441,47.1055,67.5502
561.3604,109.2383,51.9598,61.7940
559.7888,109.7582,55.4030,56.4937
559.4803,112.2146,57.2998,54.5025
558.6707,111.3740,58.9263,51.2496
559.8038,111.2301,60.1362,47.7106
559.6038,112.4820,60.5778,47.1369
560.0050,111.1231,61.3110,44.4893
559.3989,112.5536,61.3420,44.4268
559.5370,111.7107,61.7773,42.2158
559.0102,113.5887,61.5999,42.2568
559.4068,111.6720,62.4751,40.0227
557.0708,113.7189,63.0410,39.4697
555.6669,112.3309,64.4475,37.1657
554.5931,114.6087,64.4572,36.3209
553.5355,113.3737,65.0288,34.2901
552.4262,113.1224,64.8895,32.4352
550.1342,113.6671,64.2596,30.8307
549.9303,113.3856,63.5841,29.4136
549.4144,113.4622,62.7863,28.2417
548.0089,113.5879,62.0383,27.2446
547.1375,114.0884,61.0802,26.4722
547.4710,114.3155,60.0249,25.6916
547.8936,114.9128,59.0295,24.9117
547.4547,115.1772,58.1643,24.3518
546.7484,114.9589,56.8150,24.0347
547.6348,114.9670,55.7326,23.5786
547.4915,115.2079,54.7010,23.2231
547.5186,114.6660,53.7161,22.9734
548.5453,114.9573,52.9392,22.8108
548.0561,114.8036,52.2744,22.6408
549.7736,113.3011,51.6242,22.2617
557.4514,113.0357,48.9378,22.8644
569.8551,122.1524,44.2454,28.0551
573.0680,119.8882,39.0300,34.4613
575.6807,114.4817,36.0891,39.0466
577.1348,112.2351,34.7240,42.4768
577.8962,111.8514,33.9571,45.1193
577.3537,110.0337,33.8265,46.9402
576.0947,110.1493,33.6537,48.5955
576.3020,109.9988,33.3767,50.6600
576.3184,109.3933,33.2153,52.0322
575.7850,109.2241,33.2119,53.0810
574.6531,109.7374,32.6822,54.7402
574.2395,109.2985,29.9315,57.3701
575.1021,112.8050,25.9385,62.3851
574.0060,113.0791,27.3108,62.2851
568.3433,105.8095,32.3998,57.5838
561.1168,107.0489,38.8393,52.4844
551.4896,106.9935,45.7717,47.1583
548.5481,109.2624,51.0150,43.9390
545.9134,108.0989,55.9387,39.5609
544.1363,110.3941,58.5939,37.9984
543.6338,109.0657,61.1088,35.1115
542.4393,111.0242,61.5036,34.6665
542.1691,109.9018,62.6593,32.6600
542.0263,109.8644,62.9746,30.9418
541.1144,109.7981,63.0893,29.5901
540.4401,109.5947,63.1350,28.4888
540.4637,109.4731,62.8497,27.4800
540.2518,109.5506,62.2277,26.6254
540.1204,109.9581,61.4086,25.8529
540.1219,110.7433,60.8056,24.9102
540.1829,109.4255,59.3697,24.6447
546.3751,108.8418,56.1802,25.3458
558.9615,119.4002,50.5309,31.0917
562.3595,119.4681,44.3218,37.8197
566.4073,112.3879,41.9645,41.3008
568.4457,109.7894,41.9642,43.0127
568.3076,108.9300,42.8847,44.1357
567.2075,108.2830,43.4569,45.2107
567.7523,108.7899,44.0521,46.2029
566.5325,108.0006,44.1320,47.1271
566.4902,107.6479,44.2870,48.2446
567.0257,108.6614,44.3979,48.9392
566.9398,108.0283,44.5850,49.6847
566.7394,107.5018,44.6871,50.2641
566.5705,107.4019,44.7146,50.7374
566.9284,108.1438,44.7164,51.1549
566.1520,107.6085,44.7035,51.6075
565.8342,107.7319,44.6827,51.9325
565.8598,107.5240,44.6923,52.3541
566.8489,106.9058,44.7324,52.5878
566.8410,107.3278,44.6459,52.7070
566.8188,106.5472,44.5525,52.8634
567.2022,106.8254,44.3516,52.9771
567.2984,107.3548,43.9855,53.4643
567.4617,107.0264,43.5329,53.8887
568.3692,106.9498,42.6978,54.2681
568.6860,106.8002,40.4024,55.5932
571.8922,109.0420,35.6091,60.3702
567.1273,110.0686,33.6727,65.1583
565.5211,107.1201,37.4665,62.6704
557.8055,103.2456,43.6235,58.2047
552.0029,101.9582,50.6067,52.0738
548.7747,105.4058,55.6060,48.1745
548.0031,104.1675,59.4411,43.5584
547.4236,107.3770,61.5617,41.5989
546.6790,108.3894,62.1386,41.8314
547.0239,106.3040,63.1852,39.5325
546.6636,108.5544,63.3750,39.9404
546.7496,106.7421,64.2551,37.8046
546.1725,106.1934,65.1600,35.5206
545.9277,108.6668,65.0240,34.8624
545.9429,107.4011,65.5297,33.0473
545.6121,107.5495,65.6645,31.3891
545.1218,107.5390,65.2600,30.1150
544.5464,108.1847,64.8604,29.0166
543.2459,108.1542,64.0365,28.0965
543.5830,109.0406,63.6101,27.0520
542.1519,109.1773,62.8058,26.5817
541.8931,108.9476,61.7915,26.0696
540.6782,108.7353,60.8880,25.4732
539.1246,108.0285,59.9641,24.7688
541.9526,107.2177,57.6014,24.8499
553.4575,111.1435,52.0629,29.4493
559.2617,118.6745,46.5329,35.4682
563.6248,115.9023,40.9661,42.0170
567.2896,110.8997,35.4735,48.8130
568.1884,109.1891,30.2947,54.9660
569.8657,106.6151,26.2140,60.6339
570.9699,104.8831,23.1737,64.8503
572.3376,103.3460,21.0444,67.9690
573.3859,102.4087,19.7097,70.1957
573.7610,101.4030,18.7932,71.8857
573.6693,101.5335,18.1583,72.9114
574.4012,101.9058,17.8240,73.5886
574.7805,100.9322,17.6452,74.4520
574.7392,100.8178,17.4280,75.2102
575.3869,101.2579,17.4582,75.3294
575.3414,100.7492,17.4096,75.9234
575.0337,101.0390,17.3332,76.3802
575.4299,100.9522,17.3799,76.5964
576.0031,100.8769,17.4915,76.6298
575.7751,101.1012,17.5114,76.8472
576.1994,100.7873,17.4375,77.1997
576.8956,99.9762,17.6147,77.2664
577.0183,99.8474,19.1137,75.4065
579.6383,97.2316,24.7229,69.3470
580.6050,97.9280,31.8002,62.7607
578.9895,100.3107,38.8895,56.7452
578.0728,102.8069,44.7316,52.7079
576.9381,105.0923,48.7027,49.9528
575.6968,106.2675,51.1564,48.7384
575.7896,107.3311,52.9915,48.3094
575.5421,108.4415,54.5053,47.9608
575.7026,108.7412,55.6539,48.2120
575.3353,109.0821,56.5523,48.4489
574.9851,109.5696,57.0480,48.8939
575.6837,109.5259,57.6294,49.2215
576.4000,109.2941,58.2632,49.3181
576.8423,110.0711,58.4227,49.6451
577.2339,110.0492,58.7598,50.0028
577.9641,109.3030,59.1916,50.1652
577.8224,110.0724,59.2499,50.5639
577.7130,109.6306,59.6226,50.5945
577.5876,109.9042,59.6542,51.0355
578.0443,109.9828,59.8202,51.3001
578.2031,109.2255,59.8390,51.2118
578.5211,109.7551,59.8674,51.5105
578.6300,109.0684,59.2044,52.1499
577.7988,110.5014,54.8005,55.0908
576.8982,114.1429,47.0791,62.3397
577.4233,111.9181,41.0973,69.6854
570.1345,104.5584,44.4330,67.6152
566.0169,100.9018,50.1346,62.4681
562.7264,100.3965,55.5393,56.0858
561.3016,103.8694,59.2525,52.5186
561.6677,103.2032,62.0248,48.3213
559.7195,106.5069,63.9100,46.5134
560.4578,105.1687,65.1023,43.7904
559.2126,107.0991,65.5023,43.9376
559.9000,108.1828,65.6891,44.1553
560.4882,106.3321,66.5402,41.9042
560.5037,105.7325,67.2200,39.4639
559.2168,107.8637,67.3837,39.2115
559.8566,106.5810,67.5435,37.2904
559.7640,105.8642,67.5860,35.4483
559.6263,106.1387,67.3235,33.7268
559.8246,106.0293,66.8882,32.1623
559.5240,106.1567,66.1111,30.9420
559.4977,106.3783,65.4291,29.7706
559.8408,106.4958,64.6492,28.7620
559.5112,107.1002,63.9794,27.7146
559.8469,107.2676,62.9651,26.8936
561.1474,106.4871,61.4848,26.1942
567.9767,106.7056,58.2958,26.6008
577.5793,118.9930,53.1949,31.9076
582.2089,117.9341,46.4986,38.9570
588.1501,110.1755,44.6993,42.5481
589.7209,107.9717,45.2478,44.0226
589.7334,107.0147,46.0855,45.1438
589.4040,106.3258,46.9921,46.0090
589.3025,107.4309,47.8968,47.2682
590.0615,106.7741,48.6135,48.2372
589.5173,107.1030,49.2418,49.1706
589.6116,106.4670,50.0846,49.4959
589.8929,105.5995,50.7017,49.8639
590.2057,106.1028,51.5057,50.4235
590.1816,106.4037,52.2356,50.9862
591.3384,105.6194,52.8671,51.2509
590.8604,106.2435,53.0824,51.8829
592.3604,105.6546,53.4721,52.1892
592.5031,105.6624,54.0711,52.4825
593.2079,105.9456,54.4759,52.3961
594.4001,105.6336,54.9220,52.5697
595.3983,105.5312,55.3195,52.5314
596.4487,104.6104,56.0638,52.4230
597.5025,104.9688,57.4718,52.1866
597.9127,104.5240,59.2370,51.8321
598.4439,105.6542,60.1291,51.8540
598.7484,104.9903,60.9076,52.2051
600.4192,105.0442,61.5695,52.2614
600.5026,104.6046,62.1684,52.0836
600.7437,104.4967,62.3785,52.0889
602.6511,104.8085,62.7561,51.9354
602.1061,105.3441,62.6810,51.9391
602.5787,104.8614,62.9568,52.0012
602.8510,104.7339,62.9457,52.0709
603.4160,104.7282,63.0749,52.1621
603.5044,104.7989,63.1007,52.2711
603.7016,104.8363,63.2003,52.3599
603.5967,104.5402,63.1189,52.3816
603.8065,105.1113,62.8886,52.4770
605.0394,104.7797,62.6650,52.8687
604.6158,103.5760,59.7161,54.1301
604.4236,107.7633,51.6310,61.2165
604.9491,110.5908,44.2375,69.8202
599.9951,100.4350,45.0901,69.2059
594.9583,96.7189,50.1255,64.0714
592.8325,97.1809,54.6573,57.6323
591.5726,99.9594,57.8362,54.1072
591.8254,99.8428,60.1145,49.9147
591.4357,100.2488,61.3402,46.6051
590.2956,101.5836,61.7484,46.4464
591.2261,100.1653,62.3561,44.1093
590.7951,102.4081,62.7811,43.7303
591.0677,101.1842,63.5656,41.6658
590.6884,100.3300,64.2664,39.6153
589.6400,102.9916,64.2632,39.3940
589.8090,101.1752,64.4200,38.0251
589.4143,100.6900,64.8484,36.0454
589.0557,100.6942,64.9487,33.9429
588.9158,101.0963,64.8020,32.2403
588.7521,101.4225,64.3573,31.0614
588.2267,101.9227,63.4984,30.0009
588.1660,101.7804,62.5641,29.0661
588.1453,101.9586,61.8422,27.9702
587.6602,101.9532,60.9392,27.0705
587.5342,102.1225,59.9615,26.2607
587.2415,101.6262,58.9708,25.4750
587.4080,101.4647,57.8510,24.6403
588.1587,101.5708,56.6411,23.8081
592.0961,101.0569,54.9805,23.3750
603.3392,106.2704,50.0826,27.6489
607.2273,113.3571,44.9250,33.4420
610.9050,103.6407,42.2141,38.1011
611.8702,100.2249,43.3972,39.4532
613.8517,99.0194,45.8960,39.2369
613.3691,97.5180,48.2913,38.8445
612.8079,97.0975,50.7332,38.0613
611.3466,97.6094,52.3180,37.8654
610.6531,98.8875,53.4652,37.9819
610.3314,98.3145,54.5040,38.1860
609.2006,99.4460,55.2327,38.6917
609.3169,99.4638,55.6027,39.6678
608.9753,99.8032,55.5973,41.0267
608.1310,99.7047,54.2831,43.5466
606.8876,102.6298,47.8699,49.7178
608.3061,106.2772,41.0709,57.1272
599.6777,96.5634,46.0460,53.9722
592.4075,94.5947,51.7980,49.4085
591.1130,96.9865,55.7293,46.4845
590.5059,97.7073,58.0367,45.3875
589.9911,98.3831,59.7069,45.0005
590.4783,96.7880,61.4866,41.9815
589.7750,98.6372,62.2525,41.6173
590.3790,97.0546,63.2977,39.3432
589.2574,99.0056,63.3260,39.5248
589.6651,97.0424,64.0189,37.8262
589.1475,97.0409,64.7412,35.6288
588.8109,97.1982,64.8570,33.7509
589.2705,97.1424,64.8501,32.1415
589.5548,97.0911,64.5522,30.7267
589.6846,97.6446,64.0774,29.6230
589.2852,98.1107,63.5317,28.7479
589.8402,98.1802,62.7526,28.1461
590.1160,98.1300,62.0122,27.2632
591.4595,97.9288,60.8318,26.8774
597.9404,98.9556,56.8030,28.5036
608.7611,111.0770,51.1281,34.8154
615.8947,103.1378,45.2090,41.4258
618.9170,98.4258,46.1785,42.7993
620.7036,96.2767,49.2750,42.0231
621.3496,96.0719,52.4634,40.9605
619.7900,96.2978,54.6710,40.9314
620.1024,97.0213,56.5810,41.0789
620.6574,97.1259,57.8107,41.8959
620.5563,97.4077,58.5005,43.0496
620.8538,97.8518,59.1515,44.1742
621.7774,97.8600,59.8959,45.1298
622.1740,97.7619,60.1984,46.0209
622.7603,97.9580,60.5511,47.0491
622.8172,98.0418,60.7753,48.0650
623.4747,97.7262,60.9207,49.1559
624.5434,98.2697,61.1221,50.0979
625.3129,98.0720,61.1950,50.8868
625.6427,97.4040,61.1957,51.5928
626.3746,97.5290,61.0931,52.2139
627.0048,97.3970,60.8314,52.9110
626.9175,98.8242,58.2959,54.7300
626.9301,102.2011,50.8672,61.5312
631.6007,102.0713,44.2161,68.6706
623.2560,97.6454,45.2352,69.3347
617.1110,93.0271,50.8645,64.7958
614.3043,91.9512,56.8480,58.1205
612.2343,95.1592,61.2638,54.1092
613.6388,94.7778,63.8628,49.3705
612.1584,98.7238,65.6547,47.0769
614.0762,97.5449,66.4489,44.2474
613.4899,99.4132,66.9092,44.1212
614.4913,97.9942,67.6666,41.7055
613.8505,100.5600,67.5670,41.6073
615.2582,98.4206,67.9339,39.7796
614.4614,100.2236,67.7723,39.7471
615.8260,98.5860,67.9399,37.9924
616.2117,98.2022,68.2087,35.7428
616.9796,98.1532,68.2881,33.7565
617.1766,98.3271,68.1167,32.0903
616.8113,98.8135,67.7053,30.6982
617.2321,98.7955,66.8316,29.6930
617.2514,99.2898,65.8114,28.8371
616.8391,99.7507,64.7460,27.9916
618.0472,99.2964,63.4636,27.1634
618.1545,100.3225,62.8733,26.1346
617.1487,100.5039,61.7103,25.4862
617.7740,100.3555,60.5239,24.7913
617.3731,100.5382,59.2612,24.2787
617.4841,100.2128,58.0413,23.7190
617.3315,100.1936,56.6786,23.3497
618.0430,99.7123,55.1289,23.0518
622.7889,98.6537,52.7860,23.0694
634.3354,102.7399,47.7078,27.4902
641.4089,109.8231,42.4995,33.2994
646.7516,99.2403,41.0901,36.4868
648.2250,97.1501,42.5835,37.6210
651.5844,95.6584,44.4785,37.4211
653.4521,94.1328,46.3838,36.8132
652.7845,93.7372,48.5889,35.6908
652.3286,94.4082,50.2729,34.9223
651.2560,95.5388,52.0389,34.3962
650.7061,96.0243,53.3334,35.0123
649.9102,96.3787,54.6264,35.7505
648.8569,96.7846,55.3990,37.2084
648.9523,98.0416,56.0397,38.9039
649.8792,97.6727,56.9730,40.6710
650.6538,97.7465,57.8308,42.0897
650.7458,98.3980,58.0919,43.7306
651.4559,97.9679,58.5553,45.2094
651.8280,98.2191,58.9837,46.4817
652.2454,98.2351,59.4014,47.3250
653.3071,98.1993,59.7198,48.1257
653.2355,97.6609,60.1218,48.6571
654.0162,98.3060,60.7840,49.3135
655.0770,97.3048,61.1514,49.1754
654.8110,97.1367,61.2672,49.3539
655.5295,97.6909,60.1210,50.6828
654.8189,100.3273,53.3895,57.3245
657.5406,98.7558,48.4930,61.4279
662.5082,100.2306,42.1588,67.9035
647.6811,92.9836,48.5243,61.8226
644.1237,93.0215,54.7450,55.3045
643.4764,95.7725,58.7454,51.6367
643.7188,95.5216,61.6158,47.3414
642.9008,97.9039,63.2816,45.9405
643.1913,97.0464,64.5552,43.3325
642.7546,99.4328,64.9988,42.9329
643.5154,98.0995,65.6990,40.8340
643.9492,97.7576,66.1631,38.5407
643.3832,97.3022,66.6304,36.2597
644.5643,97.8413,66.5790,34.2450
644.9968,98.5628,66.3763,32.4700
644.5467,99.0312,66.1132,30.9560
645.4592,99.2048,65.3961,29.8474
645.0493,99.3328,64.6740,28.8901
645.4429,99.4737,63.8057,27.7984
646.2641,99.3334,62.8802,26.9376
647.2763,98.9104,61.8847,26.1770
652.7138,99.1489,59.0714,26.8024
661.8735,108.0394,53.0306,33.0771
667.5170,108.2591,46.5693,40.3063
673.5087,97.9428,46.1824,42.6242
675.4194,96.3398,48.4257,43.1877
675.8116,96.7993,50.9550,43.1613
674.7260,97.9603,53.3755,43.6066
672.9330,97.8583,55.4641,43.5358
672.4240,98.4317,56.9134,43.8830
673.4582,98.0643,57.8057,44.6805
673.8823,98.1396,58.4992,45.4300
673.3835,98.0869,59.0278,46.2803
673.3999,97.9840,59.5895,46.9293
673.5569,98.1010,60.0931,47.6236
674.7233,98.4989,60.5329,48.6477
675.2211,97.8982,60.7020,49.5609
675.4609,98.2061,60.9637,50.6597
676.5187,98.9092,61.2482,51.5738
676.1486,99.2848,61.1145,52.5931
676.9271,99.1317,61.2065,53.4295
677.3932,99.3528,61.2473,54.2873
677.3871,99.1695,61.3289,55.0950
677.7034,99.1301,61.3017,55.7940
678.7901,99.3934,60.3919,56.9548
678.1058,100.5644,56.1486,59.7768
677.9884,105.8827,48.1249,67.1824
675.3856,102.0332,43.8596,72.9798
669.9620,95.5570,47.7432,70.1214
666.6698,94.8018,53.6235,63.4419
665.7200,95.4308,58.0106,57.2587
664.3237,99.1516,61.0716,54.2077
664.5970,99.2751,63.0324,51.0824
665.2839,99.3940,64.3049,48.2269
666.4131,99.7262,64.9429,45.6488
665.6445,99.7063,65.3623,43.0817
665.8696,100.5894,65.6792,40.5332
665.7314,101.0102,65.7185,38.4337
664.8741,101.2117,65.6811,36.6108
665.0026,100.7572,65.6858,35.0439
665.6326,100.9797,65.3440,33.5512
665.2503,101.5406,65.0063,32.2937
665.5408,101.2539,63.6317,31.8459
670.4043,103.2931,59.5810,34.2936
678.4014,115.0040,53.0558,42.1564
683.4117,110.5369,46.0111,49.9659
687.5919,100.8246,46.4918,51.1619
688.2695,98.5594,50.1858,49.0075
686.7371,99.0152,53.6234,46.9818
685.0411,99.5150,56.4204,45.4463
683.5819,100.1002,58.1776,45.0075
682.8251,100.0524,59.1299,45.0024
683.1779,100.6073,59.7353,45.2860
682.9144,100.1681,59.6602,45.9389
683.8260,99.7822,59.6611,46.7001
683.6013,99.8330,59.4575,47.9073
684.1370,99.4112,59.2852,48.9369
684.2203,99.1830,58.6948,49.8486
684.4651,99.9067,57.0724,51.5601
683.7135,104.0060,50.4882,57.9602
688.5403,105.9098,43.7931,65.0911
680.4865,101.4180,43.7076,67.1562
673.9879,96.9763,49.0773,62.5611
669.9753,96.5056,54.6937,56.4564
667.7124,98.8671,58.7753,53.2204
666.4526,101.1538,61.3875,51.2590
666.1608,100.8220,63.2249,48.3682
666.3246,100.3754,64.3581,45.7864
666.0684,100.3782,65.3077,43.0990
664.9945,103.2716,65.1195,43.0308
665.5916,101.9980,65.6055,41.3859
666.0637,101.0035,65.9291,39.4760
664.5998,101.2336,66.1204,37.4587
665.1086,101.9966,65.9544,35.8615
664.3193,102.0492,65.6400,34.5510
665.0115,102.2388,65.1806,33.3754
664.5544,102.0005,64.8478,32.3254
665.6031,101.7967,64.4090,31.2830
666.1281,102.0442,63.4817,30.8498
671.1005,105.6892,57.8985,35.2828
677.1838,113.2662,51.3456,42.2361
684.7155,104.7669,46.5093,47.2582
687.7319,100.4950,48.7448,46.8390
686.2816,100.3735,51.7114,45.8206
684.8737,100.3615,53.9288,45.2886
683.9381,100.9063,55.2346,45.3059
683.2205,101.3823,56.1824,45.5409
682.5539,101.3282,56.8162,46.0229
682.9319,101.2947,57.4501,46.5044
682.9427,101.5180,57.6353,47.0424
683.2642,100.9486,57.8396,47.5495
683.4156,101.2288,57.8374,48.2436
683.5537,101.3323,57.9159,48.7048
683.6567,101.1087,58.0028,48.9946
683.4826,100.7056,58.0803,49.4054
684.0728,100.7605,58.1428,49.7838
684.6915,100.3837,58.3648,49.8235
684.9725,101.1576,58.4232,50.1605
684.8505,100.7138,58.4460,50.7344
685.5800,100.7989,58.6114,51.0076
686.4109,100.3772,58.6415,51.2389
686.5955,100.5911,58.4836,51.3134
687.6007,100.6096,58.9050,51.5414
687.8264,100.7699,58.9571,51.3075
689.3740,101.4108,59.3094,51.2747
690.0656,101.1326,59.4774,51.1831
691.8247,101.7474,59.6782,51.1814
692.7572,101.3838,59.9843,50.8957
693.7155,102.5527,60.7104,49.6389
694.6140,104.4043,62.4817,47.5825
694.8236,105.6098,64.7350,44.9871
695.5245,107.5348,66.5368,42.6377
696.5858,109.3687,67.9217,40.7525
697.6034,110.7786,68.7197,39.4701
698.8387,111.7605,69.1055,38.7201
700.2755,112.4923,69.4406,37.9339
701.6901,114.4594,69.7914,37.0807
703.5797,115.0602,69.9059,36.3120
705.1714,115.8153,69.9009,35.6784
707.8223,116.5251,70.0152,35.2388
710.4171,118.0034,70.1165,34.8304
712.6187,120.2401,69.9473,34.5401
714.7424,121.4340,69.8212,34.2851
719.0225,123.2411,69.5961,33.7311
721.9067,125.2289,69.0377,33.9052
723.3217,127.6847,68.8812,33.9820
725.9802,130.4767,67.6265,34.0303
728.1866,133.3623,65.7988,34.3389
731.5543,133.9677,63.8661,34.4070
734.1315,136.5255,62.7015,34.1660
735.9980,137.6115,61.9403,33.8477
738.6464,139.0529,61.2441,33.6605
740.5280,140.8506,60.9502,33.3210
742.3320,142.4464,60.5595,33.0102
744.4963,145.2161,60.0024,32.4986
746.2567,145.9676,59.6634,32.2076
747.4942,146.4127,59.4841,32.1182
748.2996,147.3873,59.2990,31.8615
750.8931,149.0595,58.8767,31.7345
752.6741,150.7986,57.7770,32.1401
754.7073,151.7407,56.4951,32.3596
756.2529,153.0806,55.1780,32.3348
757.4023,154.1203,54.0496,32.3068
757.6812,155.3893,53.1314,32.5680
757.9656,155.4445,52.2963,33.5317
757.1206,156.7551,50.9659,35.7943
754.7637,156.8927,50.2900,37.7912
751.3481,159.6264,50.0310,39.7619
745.3723,161.1810,49.9964,41.5269
740.0306,161.5588,50.3378,42.0625
734.8620,162.7284,50.6729,42.4579
732.1621,163.0408,50.8928,43.0290
729.9973,163.6671,54.9822,39.5561
728.0482,169.5305,59.5664,34.9733
727.7879,179.5690,62.7984,33.1421
720.3111,187.6902,62.0174,33.7305
705.0254,194.5470,59.8587,34.3490
695.8528,196.4338,59.7630,33.8640
696.4631,197.7346,60.3587,33.8438
696.5487,197.0491,60.0565,34.6662
696.8559,196.6233,59.6521,35.2921
697.7050,194.8988,60.8180,34.8551
698.1264,193.5226,61.9901,34.5543
701.6352,190.9717,62.4792,34.9289
704.4235,187.5762,61.9705,36.7354
707.3478,184.7850,60.2010,39.7823
710.6941,184.5149,58.2772,43.2021
721.0610,188.4530,55.7450,46.0051
737.1476,182.6936,53.2660,50.7658
740.4997,173.4569,52.5885,56.3538
733.5780,166.9157,54.0571,58.0726
725.3094,165.7737,54.5377,59.1401
721.5846,163.0993,54.2302,60.1291
718.8719,159.5989,53.3297,61.0936
716.3615,157.3676,52.9991,62.4322
714.2427,159.2878,51.5514,66.8025
711.3969,164.6996,49.5010,73.0826
710.4532,161.1123,47.8228,78.9330
710.6078,159.9654,48.1845,81.9294
708.0036,156.1405,48.6772,86.2949
707.0412,150.4856,51.2109,88.1919
706.7391,144.2242,54.5537,84.3604
708.2415,147.1073,57.9327,80.6302
710.2302,149.0404,59.5588,79.5996
714.6865,152.8798,58.1809,83.9798
720.5324,157.5685,53.2982,93.9399
725.7000,157.7283,47.4232,103.8046
730.9188,149.7020,42.6550,112.1790
733.4578,144.1461,38.9610,119.0871
735.5549,137.7042,35.8402,124.5189
736.8438,137.3447,33.8182,127.6546
737.9633,134.0666,32.1013,131.5896
738.6440,131.9903,30.6765,135.2795
737.2881,129.4390,30.6133,136.2983
734.3912,128.5722,30.9931,136.9457
733.7832,127.9676,30.2177,140.2911
731.8436,125.3725,30.6783,142.5314
729.1301,124.3927,31.9663,144.8540
725.6985,122.8569,33.6006,146.7774
722.3087,124.4637,34.6068,149.2999
717.5163,127.6519,36.1955,151.1680
724.2862,146.8923,38.6781,151.5504
735.9244,161.0441,39.2346,150.6284
736.0893,163.3515,39.1405,150.2247
734.3676,161.4036,39.4211,149.7619
733.3854,161.1921,39.4864,149.8279
731.0178,156.2332,39.8801,149.6137
728.7199,153.3486,41.0147,147.1561
716.8703,155.0640,41.9228,144.9354
715.3084,154.8611,42.3922,143.2413
714.1423,154.5010,42.3206,141.9874
712.9799,155.6743,41.5447,141.9441
711.8964,155.1837,38.6327,144.4666
709.8148,153.2370,36.2866,145.7658
707.7491,153.0327,34.5144,145.5157
705.4709,152.7512,33.0938,144.9792
704.1567,153.6808,31.5799,145.7261
703.0247,152.1624,29.9780,146.5502
701.0665,151.5533,29.0165,146.6714
698.8073,150.9900,28.3461,147.1146
696.9242,151.5117,27.7716,147.6522
694.7979,151.7185,27.4316,147.1664
692.3384,153.7999,27.0371,147.0331
689.8765,157.9186,27.1200,145.7100
685.7794,163.9773,27.6369,143.5704
679.0522,173.5088,29.4983,138.7459
671.4807,185.0266,31.9581,130.9692
666.3428,197.5715,33.8004,121.8924
660.1527,211.8869,37.8189,110.6141
651.0320,238.6846,46.8672,98.6611
638.2647,258.2996,55.2699,88.0842
637.8461,259.8121,60.9916,79.0403
636.3069,265.4456,64.3662,74.0208
636.1224,266.0863,67.7833,67.5276
