1
447.3384,337.9817,40.2079,35.5882
445.0490,338.0610,40.5288,34.5802
444.2016,338.6142,41.4030,33.6667
442.8139,338.7739,42.0665,33.1469
442.6055,338.4575,42.3084,33.0508
442.4862,338.0619,42.4868,33.0462
442.0616,337.5329,43.0365,32.9194
442.1139,338.0542,43.4212,33.1120
440.7197,336.7625,43.9820,33.2985
439.2126,336.5271,44.3656,33.7835
437.1166,335.3673,44.1959,33.6461
436.0686,335.0232,44.2160,33.5899
433.7353,335.8169,44.7265,33.7885
430.0885,333.2721,43.2395,32.8501
429.9182,328.0521,41.9108,32.3811
426.7703,329.6896,40.4149,32.9641
428.6994,330.9419,39.9049,31.8327
433.3900,331.6031,39.1706,30.9486
434.5705,326.0237,39.0189,31.0023
430.1142,327.4058,38.6516,32.6860
421.7586,328.3596,40.3189,33.6260
420.2595,329.0160,43.0366,33.1034
417.2720,329.5003,44.9673,32.3764
416.3175,329.0822,46.0287,32.4029
416.1911,327.0111,47.1099,32.8253
415.8961,326.5947,47.1382,32.7121
417.9435,325.1666,47.8547,32.8853
421.2682,322.2418,48.4480,32.8279
423.9414,321.9639,48.5988,32.9249
424.9665,322.6191,48.3220,32.6743
427.2837,321.9696,48.8190,32.9965
433.3079,320.9025,48.8879,33.1554
436.6098,320.2358,48.9875,33.7131
439.2246,320.2600,49.3745,33.8280
442.8462,319.0971,49.6156,33.6729
441.7550,319.1895,49.6354,33.8183
444.1845,318.2079,50.5572,33.4128
447.2381,317.3109,50.9781,33.1701
446.4713,318.6574,49.4763,32.8204
441.2603,316.9312,47.8969,34.8635
436.3461,311.2217,46.1602,35.4744
435.1022,310.3232,45.5082,35.1521
443.6654,298.9620,46.8761,33.7212
462.7910,301.1002,45.5780,35.3203
464.8137,306.2544,46.7117,34.6266
465.9218,302.1149,46.6721,34.7802
470.3661,299.2506,47.4410,35.0052
470.8046,298.9322,48.0585,35.7341
473.5334,297.9777,48.4935,35.4813
474.3945,293.8649,48.9060,35.5052
474.6059,289.1361,49.0105,35.7389
475.0358,284.4656,49.7706,35.8388
476.6429,280.5305,50.3048,36.2949
476.0609,279.6180,50.5989,36.6292
476.4338,274.4127,51.2380,36.9779
474.2077,269.8220,51.5234,37.0633
471.3986,265.2227,52.1642,36.9687
469.0299,260.2113,52.4617,37.6380
468.1955,255.0248,53.0345,38.2195
468.3002,254.8620,53.2070,38.6344
467.2035,248.5443,52.4934,39.8626
467.0399,244.3222,51.7365,41.1876
469.1900,239.7512,51.6855,41.4875
468.7702,235.2919,50.7647,42.4540
470.3463,230.0095,50.6333,43.0267
470.2337,230.5661,50.1048,43.7141
468.0037,225.5934,49.9785,43.8726
465.3398,222.2985,48.9931,45.2951
461.7996,218.3289,49.1681,45.5918
460.2041,215.7376,49.5211,46.3726
457.5591,213.8902,49.9906,46.7157
457.7833,214.2401,50.1322,46.8581
456.2747,211.7901,50.1634,48.0089
457.0187,209.9434,50.2195,48.8111
458.6345,209.7915,50.1223,48.7315
461.9544,209.4094,50.4710,49.0368
470.5192,209.5294,50.5614,49.6476
471.7469,209.1279,50.9435,50.0485
482.5847,209.9758,50.8648,50.1035
493.5952,211.3500,50.3439,50.4849
509.6337,213.5847,50.6262,52.0272
526.9337,217.2524,50.9747,51.9865
537.1497,221.2971,49.5570,52.8551
541.0387,221.5593,49.3876,52.7498
551.1545,225.7319,49.3790,53.3616
560.0413,229.9873,49.7840,53.6629
564.8815,236.5329,49.5508,53.8427
566.2969,241.4483,49.9279,53.9218
569.3837,248.5435,49.2000,54.3572
571.0246,249.1844,49.1347,54.2269
576.1031,254.9229,48.6176,54.6655
584.7671,262.6053,49.2427,54.1111
593.7176,269.1942,49.4036,54.5687
601.9071,275.5634,50.7057,54.8537
606.1452,282.4752,49.9896,55.2411
606.5970,281.9178,50.5017,55.6366
610.6879,285.8738,50.5744,56.1107
615.4710,291.1223,50.6021,56.7066
619.1458,295.2257,50.3895,56.9615
625.3369,296.7504,50.6753,57.2432
622.1626,300.4956,47.0677,60.4872
624.6277,299.7451,44.0176,62.1849
625.1188,292.4434,45.1586,60.8277
623.5541,286.4218,46.3485,59.2361
634.6702,298.8988,47.2480,57.5037
636.1441,305.1834,49.4246,56.3723
636.7511,307.8936,50.6652,56.3548
636.6682,310.3501,52.4013,55.0910
637.2840,311.0135,53.3264,55.0171
637.0815,311.3796,54.0883,55.1922
636.9498,314.3881,56.2553,53.4736
637.9755,315.0610,57.4970,52.5921
639.5026,314.2579,57.3426,52.8369
640.1350,313.5229,57.4753,53.0008
642.7673,313.7982,57.7357,53.2745
643.8301,314.5015,58.3678,52.8956
643.1797,315.4372,58.3951,51.9632
642.5054,312.7050,58.2014,51.5948
637.3026,312.8977,58.1607,50.1974
638.2225,313.4510,58.2549,48.9568
632.7648,308.5277,56.9680,47.3922
634.6276,308.5334,56.1327,46.9721
630.6197,313.7405,55.5851,47.5015
629.8878,314.4039,55.6123,47.7440
626.0046,314.4661,54.0406,47.2527
626.7321,316.1103,52.9927,46.4293
621.8354,300.4115,50.9573,45.5235
625.8495,302.6672,51.1600,44.6107
621.3860,306.1165,51.9872,45.6699
621.3130,313.4383,52.8860,45.9424
621.2955,314.6205,53.5178,45.6731
621.0145,315.5747,53.9704,45.3772
620.7549,316.6036,54.5114,44.7817
619.7227,316.4440,55.0205,44.8079
617.2690,317.3601,54.8886,45.2461
614.9304,317.6309,54.8774,44.9856
611.7708,317.9631,54.6006,44.7092
612.1104,318.2200,54.4072,44.7965
607.8795,316.6176,54.5063,44.9426
602.2194,316.8414,55.3240,44.7366
597.4681,316.8435,54.9949,45.1719
593.0039,317.4753,54.4855,45.2940
588.4738,314.5120,54.7921,45.6104
588.0389,315.1217,55.1042,45.6416
584.0667,315.7922,55.6463,45.2153
580.9800,314.6407,55.5554,45.2867
578.0642,315.5114,55.3496,45.1222
573.9964,315.3687,54.8580,45.5038
571.0349,313.8407,55.1746,45.6202
570.4213,313.2755,55.3137,46.0117
568.2243,314.3785,55.3063,45.9830
566.4794,314.0339,55.0279,45.8660
565.1013,315.6668,54.5472,45.3603
561.6557,316.0777,54.5703,44.1344
560.0176,316.4924,54.2087,43.5461
559.2298,316.9270,53.7293,43.1074
556.0743,316.8926,53.7916,42.5497
552.0963,316.8687,53.6331,42.2133
548.1741,316.6593,53.6245,41.8043
544.4915,315.3399,53.3833,40.6124
540.9645,314.2995,53.2735,40.5049
541.1356,314.4998,52.9989,40.3592
537.8336,312.8257,52.7582,40.2999
534.5211,313.5107,52.5828,40.2005
531.1716,311.6544,52.8201,39.3748
526.4238,310.0003,52.1646,38.9978
521.7218,308.2999,51.6853,38.6386
521.5480,306.2149,51.6829,38.6632
516.7579,305.2823,51.2301,38.2386
510.3245,302.2357,51.2857,38.1292
503.1944,300.2128,51.6037,38.2670
496.5327,296.2205,51.6934,38.2974
488.3391,291.6116,51.5429,38.1872
488.2398,291.2838,50.8575,38.6797
482.0149,287.8268,50.2987,38.4265
474.6104,283.5921,50.2479,38.5900
468.6042,280.9655,49.6896,38.7192
461.6706,278.4413,49.3487,38.4597
453.7978,275.9187,48.9743,38.0808
453.4781,272.7888,48.8449,38.8812
446.0485,270.5799,48.4524,38.7297
437.0550,267.7853,48.4253,38.6618
428.4718,263.3332,48.2671,38.7968
419.2650,259.5294,48.1333,39.1041
411.0561,256.3931,47.9095,39.2903
410.8553,253.8988,47.5069,40.1652
402.5338,252.5508,47.3027,40.0530
393.2115,251.8723,47.1952,39.9166
385.6522,250.3746,46.5615,40.0418
379.0959,249.9392,45.6439,41.1585
373.4061,249.2034,44.8907,42.4691
366.0197,248.8718,44.1999,43.1446
365.9195,248.7004,43.5315,43.9131
359.9501,248.1449,42.8840,45.1379
354.9563,248.7304,42.8476,46.2921
350.0715,248.9575,42.2124,48.0755
346.6022,253.0337,42.0207,49.4296
343.8151,257.1996,42.1941,50.0151
343.8053,257.4441,42.3089,50.8191
342.0076,262.8734,42.3219,52.0021
343.0717,269.3335,42.3954,52.2558
342.2457,276.7975,42.2605,52.8901
344.1432,283.9754,42.4486,52.9894
343.7491,290.7146,42.3478,53.4101
343.8934,290.3958,42.2362,53.7237
343.4521,295.3855,41.8741,54.1324
345.2015,303.8712,42.3965,54.1114
346.8312,309.5874,42.5291,54.1870
347.3124,316.1735,42.8337,53.8398
350.5479,319.8382,42.9226,53.7025
349.9133,320.7689,43.2306,53.6449
353.9030,324.7885,43.7619,53.3466
356.3103,329.7137,43.5791,53.5889
357.8282,331.9523,43.9104,53.4486
359.1282,333.5630,43.7462,53.3011
362.1951,335.8552,43.7121,53.1649
362.7054,336.1375,43.6320,53.1210
364.5125,337.1123,43.5551,53.1668
366.4475,337.9981,43.2811,52.9049
368.2773,337.5566,43.4837,52.7063
368.9786,337.0850,43.3864,52.3305
369.7813,336.4904,43.3071,52.4001
369.5486,336.7531,43.1941,52.4148
370.5039,337.8205,42.9978,52.1911
371.5169,335.6590,43.2081,51.8795
372.1551,334.4837,43.3174,51.9813
372.2784,333.5241,43.6134,51.7631
374.6786,332.1122,43.2775,51.3896
374.5469,332.7047,43.0414,50.9220
376.1104,331.0395,42.8589,50.7156
376.4911,329.5451,42.8653,50.6033
378.2104,327.9538,42.7189,50.1042
378.1865,326.0706,43.0693,49.5994
377.6121,325.1980,42.9422,49.4230
377.6231,324.8792,42.7837,49.4037
376.0627,322.6482,42.7001,49.2553
375.5670,322.0553,42.5383,49.0267
374.2661,320.3720,42.7685,48.6952
373.0880,318.6765,42.6089,48.4640
370.9514,316.8482,43.0830,47.8545
370.5053,316.2623,43.5830,47.3373
370.6147,315.9198,43.2649,47.4965
366.7227,313.0489,43.0708,47.7764
364.6070,311.8405,42.9726,47.7854
360.8845,310.2156,42.6742,47.4648
358.4105,307.6783,42.5189,47.3769
358.7020,307.0934,42.2441,47.0964
354.8333,305.7560,42.1202,46.7490
351.8278,305.2097,42.2541,46.0610
348.5940,304.4892,42.0000,45.9180
344.6443,301.8078,41.8580,45.6541
341.6066,301.4673,41.7833,45.2885
342.1782,301.1441,41.6340,45.0816
341.1280,301.3471,41.7422,44.4888
340.4872,301.0936,41.7441,44.5082
339.9423,302.7520,41.5368,44.2267
338.8260,303.1660,41.2253,43.9400
338.3588,304.1348,40.7145,43.4813
337.5323,304.4410,40.5386,42.7905
335.2554,303.2973,40.4483,42.9014
334.9101,302.7146,40.4380,43.5424
333.1378,304.0431,40.4779,43.4511
332.3011,305.1692,40.1138,42.6159
330.6340,305.7356,39.8781,42.1609
330.5535,305.7202,39.4991,41.7548
331.0830,304.1881,38.9617,42.3177
330.2727,305.6743,38.7776,41.8938
331.1429,306.2791,38.5997,41.8160
330.2445,305.7537,38.3044,42.1466
328.7565,305.7573,38.2585,41.9567
328.1764,305.7516,38.1811,41.9278
327.2275,305.5135,38.2062,42.0833
326.8819,305.4337,38.0526,41.9561
326.4468,306.5865,37.8835,41.7492
325.5390,305.5610,37.9820,41.3704
325.8075,306.5067,37.3671,41.6841
326.9429,306.9640,37.0190,41.7126
329.3429,305.1010,35.8711,42.3455
328.3704,305.1459,35.9109,42.3974
328.7094,304.8315,35.6657,42.4231
328.3670,304.8693,35.6330,42.5079
330.1332,305.3029,35.5902,42.1916
330.1552,304.9740,35.6541,42.1946
330.5701,304.6961,35.7979,42.0229
331.3896,305.1024,35.5914,42.0062
331.8867,304.4906,35.6162,41.8369
332.6039,304.6928,35.8982,41.6002
333.6084,304.5453,35.9803,40.6786
333.7968,304.7783,35.8879,40.1733
333.7675,303.6014,36.0852,39.8975
332.0564,302.5972,36.3294,39.0591
330.8835,300.9616,36.7333,37.8571
331.1879,299.1856,36.3890,37.5032
331.5956,296.9474,36.1586,37.2153
331.1685,295.6378,35.8910,37.1952
330.1464,292.5993,36.0555,37.0603
327.7048,289.1239,36.0564,36.5566
324.5435,282.4720,35.8034,36.3184
322.0795,277.3723,35.2169,37.1483
317.1629,272.8969,35.0226,37.5249
317.2541,273.0026,35.1159,37.6155
314.0604,269.3260,35.1131,37.2940
307.7570,263.8265,35.1533,37.3011
304.4669,259.8600,35.1366,37.2295
300.4203,255.4923,34.9648,38.0733
296.8407,251.0953,34.9864,38.0871
296.8524,250.7451,35.1709,38.2242
293.7941,246.7601,34.9060,38.5180
289.8183,244.3190,34.9269,38.9984
285.7458,241.4918,34.8034,39.1269
281.8170,237.3343,34.5347,39.3128
277.7934,236.1253,34.0167,39.5166
278.1436,236.2053,33.9770,39.3607
273.0177,233.6607,33.5093,39.3839
268.7486,232.2989,33.4937,39.4251
263.4272,229.1019,32.9692,39.8671
257.0734,227.3547,33.2335,40.1832
250.9798,226.0836,33.3296,40.1286
251.0449,225.5536,33.3124,40.2041
246.7133,225.8271,33.2753,40.5612
244.8984,226.4248,32.0584,41.3185
241.5061,227.5651,30.8292,41.9927
237.7173,229.4731,30.8063,41.7523
234.9469,233.4758,30.6614,41.4794
233.5403,232.7857,30.9736,41.1261
232.5848,235.6470,30.8555,41.0831
232.2360,239.5586,30.7025,40.9509
232.2462,244.8667,31.1515,40.6799
233.9009,249.2420,30.8525,40.5454
234.9476,255.7791,31.4301,39.8071
235.5318,256.1081,31.1086,39.5788
236.7644,263.5443,31.6749,38.9497
238.8802,270.3748,32.4489,38.6997
242.1852,277.4123,33.2156,38.7198
246.5735,286.5951,34.7486,37.9682
251.0642,293.2332,35.9374,37.1671
252.4114,294.2139,36.4529,36.7864
256.2340,300.1899,37.3946,36.0121
259.6045,306.4809,38.3312,35.3747
262.5777,311.3081,39.0895,34.2121
263.5910,315.5233,39.6405,33.2210
265.4324,319.1359,39.9085,32.4653
265.9922,319.7006,40.4409,31.8697
266.1809,320.4753,40.9649,30.9077
263.4900,322.6045,41.2357,30.4094
258.3489,321.1214,42.0258,29.7264
250.7061,320.4071,42.7502,28.6790
243.7134,317.7986,43.6384,28.4547
244.0811,318.0936,43.8382,28.4394
236.3690,316.2538,44.5279,28.5429
230.8585,314.4285,44.5796,28.5049
223.9119,313.3344,44.9259,27.9809
218.9399,311.5773,44.6013,27.5551
212.5793,309.1441,44.3753,27.3836
212.6951,308.6250,44.0126,27.0964
207.1227,306.2557,44.2522,27.0793
199.3201,306.3257,44.6649,26.9370
191.5340,304.2746,45.3662,26.8623
184.0505,302.9295,45.9867,26.2960
176.6611,301.1180,46.3864,25.5344
176.4786,300.8567,46.3520,24.9120
167.7238,301.7211,46.2959,25.0352
162.3710,299.3504,46.5505,24.5443
154.0357,298.1247,46.7593,24.6157
147.0007,296.6814,46.3912,24.7157
139.9217,295.7111,46.3910,24.8979
140.0355,295.0032,45.9250,24.9361
133.5197,294.8758,46.2193,25.0399
127.8993,294.7975,46.6448,24.8943
122.6381,294.4308,46.2992,24.5914
119.4047,294.4009,46.0349,24.5336
120.7728,297.7710,46.3424,24.2548
121.1289,298.7049,46.2036,24.1749
125.6430,302.7080,46.1934,24.1469
135.3056,306.9291,46.7043,24.2760
146.6659,314.0609,47.3097,23.9219
160.7120,320.2535,49.5854,23.3459
179.9306,331.6127,49.5234,23.9900
181.3536,331.0926,49.1450,24.5124
193.3763,337.8195,49.8010,24.8398
207.6173,343.7895,48.5747,25.1933
217.7913,348.8083,47.3658,25.6608
225.6281,351.9917,46.3882,26.0644
231.0417,355.8310,45.1701,26.0922
231.2129,356.5418,44.4990,26.1357
236.1240,359.2184,44.1421,25.8625
239.2421,362.0189,43.6341,25.6836
242.2749,364.2844,43.6851,25.5292
246.6675,365.5266,43.6680,25.5596
254.2876,368.3080,43.8436,25.6243
261.9029,370.8704,43.6926,25.9905
262.1413,371.3727,43.3126,26.4680
271.0253,372.9073,43.2719,26.5311
281.9565,375.4918,43.0689,27.2878
290.8256,379.5145,43.1410,27.6791
302.7304,382.6416,42.7243,28.3636
310.4224,385.6457,43.1953,28.9414
310.8662,385.0658,43.7390,29.3006
319.3636,387.6658,43.7495,29.6839
327.6501,390.0049,43.8374,30.1504
334.2576,393.2253,44.0730,30.0506
338.8442,394.7658,43.9925,30.2640
345.9131,397.6702,43.5968,30.6624
345.8188,397.1725,43.3522,30.9684
352.8527,397.0823,43.2604,31.1794
361.0161,399.7811,43.7133,31.0029
369.5278,402.4781,43.5101,31.3718
379.0521,403.8980,43.6515,31.6433
386.9427,406.6657,44.3984,31.9191
388.5932,407.7699,44.4868,32.1124
395.7990,410.2198,44.3878,32.6587
404.3311,411.5948,44.2604,32.9029
413.7003,412.6773,44.3791,33.2349
422.9133,414.8650,44.5262,33.0295
434.7744,417.6869,44.4709,33.0484
435.1455,417.2353,44.4939,32.9508
444.6708,418.0363,45.6217,32.3252
454.2505,419.2458,45.6565,32.4695
462.7421,421.2233,45.5163,32.1423
470.7453,423.1265,44.8990,31.8748
475.6459,422.8910,44.8236,31.7685
478.4250,424.1639,44.5875,31.2808
479.8855,422.6211,41.2985,33.5819
491.8106,422.7514,41.9670,33.3772
504.6886,422.1839,41.8627,33.9439
517.0516,420.6028,41.5536,34.2737
532.6575,418.9356,40.3693,35.1036
534.1011,419.8060,39.3834,35.8387
545.1912,418.5422,38.9915,36.2827
556.8128,416.9623,38.9336,36.3572
569.3102,417.1382,39.6284,35.5741
581.0831,415.8944,39.9176,35.9050
593.2657,414.2603,39.6092,36.3223
594.8867,413.0004,39.1578,36.6382
603.3567,412.9003,39.9199,36.2130
612.7001,411.7010,40.4584,36.4470
620.4846,410.5522,41.9831,35.8314
623.3303,409.3129,43.3863,35.0678
624.2473,407.8350,43.9050,34.7470
624.0874,406.6415,44.0338,34.8557
623.0760,406.0562,44.4275,34.8203
622.6376,404.9495,44.5484,34.7861
620.8552,403.4615,44.5788,34.7233
618.8939,402.1567,44.4530,34.6295
616.0604,401.2711,44.3294,34.3721
615.9591,401.3898,44.0764,34.1368
613.5596,399.1487,43.0352,34.7736
609.1391,398.0157,42.7352,34.8747
605.7620,397.3839,42.0112,34.4522
601.0758,393.6595,41.2514,35.4183
596.9939,392.0089,40.6358,36.0832
596.0297,392.0975,40.6391,36.3926
594.1467,391.0713,39.7290,36.7642
589.1158,389.3692,38.9386,36.5179
585.4322,388.0555,37.8789,36.5000
581.2161,386.1523,37.3646,36.8470
577.8575,383.6950,36.5372,37.2956
577.3989,383.1714,35.7888,38.0576
574.6975,382.8075,35.3485,38.5565
571.6440,382.6578,35.4966,38.6528
568.4956,381.7511,35.5444,38.9443
565.5689,381.3192,35.5578,38.9500
561.4039,381.5393,35.5786,38.8235
561.1566,381.2237,35.6481,38.6514
558.0959,379.7712,35.7172,38.8057
555.9161,379.4867,35.7007,39.0328
552.7081,378.8999,35.7876,38.8351
548.5888,379.4289,36.7546,38.3134
546.8157,378.9436,36.8177,37.7067
545.9774,379.8240,37.1154,37.2256
542.4854,380.3241,37.7778,36.8620
539.7478,379.8542,38.7976,37.1761
537.4299,379.1563,38.7920,37.3542
537.2976,381.0940,38.6696,36.7669
536.3608,379.9615,38.7090,36.9245
534.6672,378.5752,38.8954,37.0162
532.4970,378.7900,39.0269,37.3796
533.3535,379.9587,39.1330,37.4514
534.8163,380.0396,39.6101,37.6487
534.5460,380.5152,40.2834,37.3822
535.5283,379.8073,40.2767,37.5362
535.5667,379.9969,40.2154,37.6060
538.2184,380.9024,40.7306,37.5209
539.7117,380.3240,41.0681,36.9803
542.7935,381.2719,41.2463,36.5243
545.1956,382.0905,41.5702,36.0447
548.3214,382.2390,42.2767,35.5919
548.7906,382.5029,42.5075,35.5155
551.6953,381.4032,42.4096,35.1848
557.9795,383.3459,42.5305,34.8447
563.8087,382.6459,42.9737,34.6889
569.0875,382.7993,42.6069,34.5761
575.8348,381.9807,42.7824,34.2778
576.1655,382.2761,42.6403,34.2717
581.9097,380.9937,43.6466,33.8559
588.5353,380.2607,43.9807,33.4025
595.6882,379.0656,44.4098,33.0561
603.3959,377.9237,44.9679,32.9329
611.8378,379.4872,45.0706,32.4869
612.2567,378.8071,44.9485,32.5317
619.1359,377.3382,45.3917,32.4105
624.8149,377.6280,45.5912,32.3676
631.9178,375.4128,45.7231,32.2920
636.2725,372.7396,45.9286,32.7110
640.0186,370.5761,46.3067,32.8771
639.8868,370.4883,46.5542,32.7152
642.7998,368.5632,46.4418,32.5548
645.6166,367.1074,46.4374,32.3607
649.0800,364.3572,46.7748,32.5214
651.3093,362.7041,47.2277,32.2480
653.3486,361.2781,47.7502,32.4150
652.8229,361.4427,47.9938,32.6910
654.8580,359.8341,48.3333,32.1901
656.3668,357.8046,48.2326,32.0804
656.6993,356.0783,48.1183,32.2952
655.3245,355.9881,48.7181,31.4717
654.6699,354.5285,48.7900,30.9231
654.5763,353.4355,48.9203,31.0475
651.8220,352.0228,48.7723,30.8112
649.7546,351.4405,48.8099,30.3842
646.0620,349.7466,48.8892,29.8300
642.7245,347.6343,48.9923,29.2467
639.1881,345.9612,48.9591,29.1815
639.5133,347.0525,48.9086,29.0444
635.2839,345.0529,48.8931,28.9737
630.9742,341.7860,48.1740,29.7264
627.6724,340.6916,48.1115,29.6717
623.8317,338.8629,48.3034,29.6024
619.6803,336.9791,48.6182,29.7861
619.8536,336.6776,48.9043,30.2006
616.7231,336.1364,48.8203,30.1536
615.4078,334.8734,49.0654,29.8185
614.2749,333.4534,49.1851,29.5637
612.6108,333.0973,49.2824,29.6199
613.0375,331.3787,49.3262,29.7638
612.7218,331.2755,49.2047,29.9230
612.4492,330.8258,49.2884,29.9905
612.7510,330.7489,49.4413,30.3197
615.3024,330.8408,49.4865,30.2770
616.3304,330.7040,49.4450,30.3536
618.6791,330.6586,49.3934,30.4108
619.0240,330.6521,49.4133,30.3519
621.1310,330.4938,49.3325,30.3568
623.0455,330.3381,49.2301,30.3220
625.1403,331.3502,49.0773,30.3829
627.4412,330.4976,49.3378,30.5517
628.0446,329.1771,49.5774,30.9010
627.8353,330.1348,49.9048,30.7534
627.6473,328.6329,50.1377,30.6103
628.7474,327.4803,50.4555,30.7947
629.8976,326.4633,50.4141,30.8298
628.2107,324.8454,50.4836,30.8582
628.0751,322.2834,50.3992,30.8510
628.0430,322.5653,50.3444,31.1493
627.0618,319.8654,50.3702,31.1932
626.4926,319.0234,50.2639,31.1053
625.7191,316.7542,49.9445,30.7741
