1
275.1366,127.4337,106.8000,99.2462
266.5962,119.7495,104.4151,101.6374
280.0954,105.4395,100.1307,104.2986
290.6620,79.9349,95.0935,107.0199
294.6888,68.3751,90.2213,111.0505
294.2385,69.5849,84.7912,114.9617
293.7285,68.0895,79.5378,117.9525
297.4166,70.3556,75.2568,119.6109
309.7226,80.0871,71.9869,121.4900
319.6501,79.5660,70.2627,122.5321
319.9751,91.1160,69.6128,123.4970
307.8770,102.8279,69.7182,124.1641
295.8656,115.6395,69.5569,122.7250
297.1362,116.8641,70.0147,120.2759
298.5756,117.8096,70.1063,118.3849
295.3495,114.4063,70.6707,116.3597
283.0168,115.7928,71.9496,113.5866
272.0751,117.3492,73.5094,110.4739
260.9456,109.7559,75.5893,108.3642
248.4672,102.0812,77.4630,106.4012
238.9497,95.7523,79.1788,104.6265
235.2604,98.1405,80.7823,102.7375
222.8708,111.0256,82.4821,100.0466
210.5307,117.8581,84.1934,97.8663
209.9724,120.2830,85.3100,95.8814
211.0099,129.8136,86.0872,93.9334
209.1944,142.0953,86.8838,92.0443
208.8393,154.3237,87.5940,90.1274
203.4595,170.8570,87.1588,87.8463
199.5119,181.5359,86.7861,85.7804
207.9662,186.9882,86.1828,83.0285
209.4239,193.5382,85.9323,80.5871
207.2020,203.6044,85.1319,78.8087
206.1101,205.9104,84.7346,76.7780
213.9828,206.7819,84.2454,75.0350
214.1355,196.1960,83.9402,73.6410
213.3920,183.0152,82.9467,72.7198
218.0081,177.3082,81.0649,71.8832
222.5276,177.4632,79.2486,71.5732
224.4503,169.3324,77.7777,71.2142
228.7946,160.3119,76.1264,70.4891
237.7661,159.2186,74.3426,70.3672
243.1964,159.6200,72.5967,69.5643
244.3454,159.8601,70.2988,69.0841
252.0446,151.5453,68.0703,68.1539
255.4345,143.9137,65.5810,68.4002
256.6084,137.1620,63.2332,69.2448
247.2390,137.8532,61.1146,69.9481
247.9957,116.0412,59.6012,70.2530
240.4635,101.9018,58.3198,69.9267
233.6245,97.3198,57.8749,69.0029
232.9333,90.9169,57.2613,67.8356
239.1584,71.6027,56.6206,67.0986
246.2634,64.3247,56.0367,66.0819
239.7769,71.5742,55.5592,65.0334
234.2768,72.0636,55.1735,64.0546
241.9144,72.5224,54.9088,63.1371
244.7454,80.2231,54.8205,62.5985
238.4161,100.5847,54.5423,62.5336
237.6183,113.7109,54.2952,62.0781
235.1040,122.0386,53.8290,61.9074
233.5318,135.1222,53.3303,61.2414
232.7357,133.6901,53.1193,60.4992
215.5403,134.0965,53.5321,59.6864
202.6132,127.4576,54.4339,58.7057
196.0773,103.8020,55.0359,57.9189
187.5352,90.7334,56.1120,57.3760
173.4185,97.2099,57.5376,56.9333
158.0649,106.8518,59.4019,57.4791
143.4043,100.1626,61.1142,57.9734
142.5969,88.1983,62.7291,59.3992
144.7486,83.2772,64.1949,61.5490
144.1427,81.4699,65.4069,63.1835
144.3152,81.6792,67.0868,64.7898
141.4036,93.3270,68.7565,66.4148
143.9733,93.8438,70.0029,67.5099
152.2830,96.7320,70.7073,68.2298
156.7932,97.6594,70.4385,68.5629
157.0263,90.0402,69.9722,68.4787
153.3026,98.6044,68.6986,68.7927
150.5518,113.6941,67.7043,68.9264
143.5470,108.0385,66.6526,69.4793
145.1434,98.2779,65.6033,69.7073
152.8991,94.0068,65.0065,69.7268
152.8923,97.1619,65.0200,69.7811
156.1712,97.0984,64.8298,69.9080
157.9986,99.2916,65.4180,69.7647
164.6224,103.5936,67.0705,69.6749
171.5383,109.1531,68.3122,69.3229
175.1197,115.9799,69.8193,68.6741
182.0063,123.8058,71.3131,68.2890
185.8023,129.6957,72.5142,67.5010
194.2272,132.3480,73.3014,66.6055
201.5163,134.9038,74.1417,65.8993
196.8445,148.5253,74.6676,65.1091
193.2963,157.5854,75.1642,64.5885
195.3492,155.7140,75.4568,63.9327
198.6220,142.0114,75.4909,62.8259
193.2916,138.1258,75.2721,61.8932
184.8439,136.1087,74.9073,61.6125
183.7460,130.8520,74.9559,61.3891
183.7567,130.5386,74.9344,62.0158
182.6919,131.3492,74.9097,62.5489
180.3863,134.1915,75.1960,63.3520
176.8622,140.1626,75.7045,64.4888
171.1190,147.3531,76.1610,65.5498
170.9870,145.5579,76.4248,66.9102
179.7230,134.8190,77.0009,68.0840
196.5504,125.1461,77.6020,69.1600
188.2818,118.6313,77.9674,70.6384
178.8007,109.6855,78.2133,72.1531
176.2884,93.6206,78.5029,73.5056
167.2013,76.0627,79.9225,75.1121
148.0530,65.7836,81.6011,76.1409
128.4669,59.9694,83.5170,77.8341
122.5373,50.5448,85.2141,78.8994
130.6198,44.6915,87.1369,80.2701
131.0932,54.8018,88.8258,81.1356
117.9776,63.6389,90.9743,82.1925
103.2082,69.8365,93.2514,83.4282
103.6751,80.3594,95.0989,84.6326
115.5347,91.0524,96.8426,85.8804
124.7508,97.6619,98.5442,87.0425
123.8502,98.4531,100.3453,88.3814
123.2066,97.6177,101.6325,90.0522
123.7126,95.5135,103.6377,91.2433
135.4032,93.4377,104.7962,92.3275
145.5851,83.2554,106.1517,94.0756
144.8266,82.3111,107.6686,95.9641
142.4868,83.0401,109.1427,97.7116
141.9197,82.3574,110.2769,99.0771
141.2433,81.9166,111.6298,99.9587
142.0397,80.0099,113.3677,100.4411
136.1577,78.0007,115.0353,101.0940
133.8572,72.4598,116.2344,101.9702
132.9714,72.0194,118.0059,102.8511
133.6300,73.3449,120.1647,103.6760
132.5961,76.3619,122.2325,104.6875
131.7053,86.8786,124.0142,105.0793
139.6861,88.1981,126.0760,106.0449
142.5297,87.6447,127.6929,107.1518
141.8801,79.7704,128.9920,108.1211
142.8688,77.6948,130.7451,108.5419
158.8651,63.9411,132.6306,109.6997
159.9150,63.3645,134.3429,110.8529
147.6022,64.6963,135.8269,112.0462
142.9929,65.9972,137.2474,113.3433
148.1784,65.4937,138.7020,114.3503
157.4306,71.0358,140.0998,115.2075
154.7723,82.8200,141.4006,115.7339
150.0567,90.5328,142.7432,116.4856
147.6720,92.0243,143.4355,117.5798
149.1680,95.4093,144.5490,119.0205
160.9972,105.3361,145.7655,119.8961
168.5171,104.7295,147.4405,121.1093
159.4402,106.2182,148.6981,122.3560
141.7993,116.4654,149.8716,123.1793
151.7783,116.1214,151.3881,123.8673
166.4985,107.1073,152.2529,124.5783
166.1403,98.1515,152.9692,125.0735
161.3354,89.3682,153.8329,125.1475
145.6236,88.9215,154.5434,126.0410
147.4482,93.1533,155.3072,126.4032
162.6479,94.8296,155.9214,127.4811
166.8669,94.5211,156.3982,128.0982
168.8564,91.8453,156.8941,128.9750
168.5276,91.4916,157.5515,129.6826
165.8690,91.3762,158.3507,129.9133
158.7143,91.4696,159.0579,129.7264
151.4544,103.0308,159.9521,129.3137
148.8991,102.7600,160.5137,129.8553
144.0119,102.7497,161.1553,129.8758
141.2846,104.9928,162.0334,129.9663
141.0791,109.4720,162.4445,130.1909
140.8323,109.4039,162.9380,130.3270
138.3090,109.4540,163.3735,130.2267
135.7772,109.5684,163.8207,129.9980
137.9264,107.0431,164.1416,130.4293
149.3740,104.5216,164.4032,130.8408
149.4391,104.4158,164.2729,131.0525
147.0795,104.4491,164.3486,130.9859
146.9800,104.2080,164.5477,131.4681
146.9801,101.8581,164.5475,131.5135
146.8267,101.6761,164.8542,131.8776
142.0867,101.6434,165.0029,131.9428
139.9572,99.3507,164.5928,131.8593
139.9043,97.2348,164.6985,131.4297
139.6745,97.4359,165.1582,131.0275
139.5788,99.8775,165.3494,130.8008
139.5067,102.2857,165.4937,130.6402
137.1784,107.0279,165.4949,130.4668
137.0185,109.3556,165.8148,130.4641
136.8322,109.4889,166.1874,130.1973
136.9176,111.8399,166.0165,130.1543
139.1100,111.8939,166.2872,130.0463
