1
151.3775,66.0766,42.0150,58.8761
151.5770,64.4617,40.0327,60.5227
152.3327,63.8065,38.5213,61.8331
152.8195,63.4793,37.5476,62.4874
151.6976,63.1891,36.6654,63.0678
151.8024,63.1661,36.4559,63.1139
151.1672,63.0592,36.1724,63.3275
151.2180,62.3947,36.0706,63.1042
152.7807,61.0974,36.0398,62.6044
153.5770,59.8144,35.9864,62.0919
155.2047,57.9772,35.7926,61.1739
159.2940,55.5091,35.1835,61.5683
160.7487,54.7394,35.2931,61.5983
164.6221,51.7453,35.1048,61.5396
166.6728,51.1796,35.5264,61.1635
170.5931,51.0637,35.2319,61.3952
173.7036,51.8656,35.0416,61.2990
179.1236,54.5684,34.7227,61.9056
184.0264,56.1015,35.4632,61.8525
190.3173,59.3166,36.5469,61.4959
198.5505,60.8345,36.9262,61.5229
200.8473,64.3233,36.9472,60.6982
203.9728,65.8908,36.8015,60.6159
213.9904,64.6868,36.5606,61.5012
211.2332,67.9122,35.9480,62.7092
221.9141,65.8451,36.1363,63.7647
225.2484,69.6232,37.2584,63.9993
227.8740,69.5597,38.3297,64.1261
229.2657,71.5690,38.7476,64.9094
232.5344,69.1553,38.6878,66.4982
233.2356,79.8804,38.9271,68.0350
231.9608,85.0709,39.8081,67.6668
234.2761,83.8554,40.2122,68.4195
230.7836,88.7237,40.4121,68.8604
208.6649,88.7469,43.7012,65.4017
203.1493,89.0731,46.1840,63.0396
203.3763,81.8484,45.7301,63.7697
199.8093,80.0931,44.2713,65.5616
198.6140,73.3064,43.2189,67.0844
173.5919,74.8879,44.9109,65.6484
170.2380,75.5908,46.4185,64.2426
154.8380,64.3068,45.9518,64.2292
150.4085,60.8473,46.1652,64.2316
144.9485,57.8719,46.6890,63.2515
138.1568,52.8431,48.1874,61.2241
130.1303,41.8849,48.7607,59.0612
125.6155,35.3000,49.3102,56.9666
116.8523,30.3687,50.1108,55.1211
106.2704,29.8686,49.7373,54.4646
93.0796,32.2076,48.2294,54.7084
85.3289,33.8225,45.9079,56.3393
81.4907,33.8428,43.9358,57.9069
75.9444,33.2903,42.2279,59.0118
71.7498,34.5144,41.0841,59.7413
66.4448,34.5085,40.6272,59.7531
61.4915,35.2832,41.0921,58.2037
55.9667,35.7415,41.2366,57.2871
50.5313,38.4016,41.2825,56.6061
44.7295,38.2207,42.1283,55.4311
43.2541,46.4042,43.5464,54.3921
45.2892,50.0688,44.0960,54.7627
48.5976,54.3222,43.6975,55.5833
59.1412,54.8223,42.8991,56.1437
70.8637,57.3378,41.2415,57.3376
98.9794,69.0297,39.1635,60.2570
116.2716,83.7957,37.2728,63.4186
131.4139,65.4363,36.8614,63.9754
145.1517,61.0512,36.1364,64.8777
157.4736,62.1986,36.6859,62.5829
161.0662,64.7980,35.7006,63.5839
162.9504,66.0518,35.0282,64.1723
172.0458,75.1309,35.3807,63.0120
178.7662,77.7817,37.2812,60.7788
182.1854,79.1472,38.1085,59.5807
183.9866,78.1236,39.0933,58.5697
185.6278,80.3633,40.4021,57.1511
185.9467,79.4101,41.2947,55.9962
201.3073,80.5710,41.1287,56.7300
208.6528,74.3443,40.2635,58.4302
207.9432,70.3000,40.1351,58.7807
188.5301,97.3561,41.7422,57.3955
184.7097,96.0721,43.1575,56.8507
181.7032,96.2838,44.4568,56.4274
179.9511,98.7625,44.7891,56.2276
176.7551,97.5234,44.8282,55.5295
172.8877,99.3234,44.6721,55.0857
163.8676,97.6351,43.8860,55.3246
2
0
0
0
0
1
104.9412,39.2764,50.5655,56.2096
112.8071,38.4837,48.2811,57.7950
121.8082,45.0689,46.9671,59.6440
134.5220,51.1749,46.6785,60.8395
149.1012,53.7737,44.5524,62.4000
160.3310,56.9356,43.9123,62.7900
174.5207,62.3253,43.9870,62.0531
187.4833,65.0328,44.6833,61.6297
197.1811,64.6010,45.3145,62.4932
215.8367,63.8026,43.5430,65.7823
222.9079,64.3528,43.1022,68.1074
222.4566,63.0738,44.0049,68.9251
222.7409,62.3378,45.2038,68.6297
223.3802,63.5301,47.4915,66.2451
223.3763,65.3126,49.2844,64.4651
226.1920,67.1033,50.8024,62.6710
225.6342,65.8872,51.9179,61.5341
226.2524,68.9271,52.4666,60.8096
225.0775,67.4846,53.0338,60.1292
225.9048,70.2350,53.1603,59.9720
226.9432,72.5212,52.8644,60.7419
224.9760,68.9371,53.2226,60.7583
225.2845,77.2856,52.6058,62.0011
226.5766,74.6773,51.8249,63.6112
226.1748,97.7464,50.8129,62.8609
243.7245,120.3541,53.2537,60.5485
245.3498,121.3835,53.5856,60.2808
245.6729,120.9966,52.9394,61.0547
246.2052,121.3803,51.8746,62.0813
2
0
0
0
0
1
131.9397,58.1196,59.1785,58.0483
128.5858,55.9687,56.6560,60.5040
122.3459,54.3224,54.3773,61.9518
113.3569,52.1522,52.2145,62.6302
103.1140,51.0912,51.0199,62.9456
98.1175,50.8050,48.4669,63.5179
95.6665,55.8065,46.3306,64.0722
95.5678,60.8729,44.7950,64.3376
96.3390,61.2909,43.2527,65.2133
101.1783,64.9782,42.0709,66.3354
108.6206,68.9100,40.7578,68.6506
117.0417,71.4004,41.0048,68.7965
127.9383,88.6632,41.5099,68.5758
150.5213,86.1569,42.7970,66.7066
177.8885,81.0053,46.3438,65.0107
180.8962,86.0661,49.0657,63.6262
188.1906,71.2010,50.4157,65.0210
190.5141,66.2083,53.0258,64.1209
191.8548,64.0947,54.0298,64.6626
193.1640,62.8309,55.1459,65.3228
194.6248,62.2523,56.0153,66.4800
195.0399,62.5931,57.1125,67.7257
194.6296,61.8709,57.9331,69.1701
194.1738,62.4110,58.8445,70.0895
194.4568,62.1757,58.2787,72.5888
194.2153,61.2957,58.7615,74.3487
194.2607,61.6641,58.6709,75.7045
194.1423,60.0457,58.9076,76.8294
194.0570,59.7204,59.0782,77.4801
193.7313,59.8530,59.7296,77.2147
193.5019,59.7740,60.1884,77.3728
194.4233,61.2486,60.5076,78.7478
192.6372,62.1695,59.7034,81.2826
192.9903,61.9824,58.9971,83.8705
185.2083,63.8488,58.8718,84.6203
178.4178,64.2882,61.1997,83.7416
180.7267,65.2716,63.4089,81.7748
188.3118,65.6750,61.9293,83.2498
189.6608,62.8404,61.5113,84.3587
189.9779,62.2100,60.8772,85.6195
190.3853,62.7855,60.0624,86.7674
190.4027,59.9663,60.0275,87.8003
190.0221,61.2482,58.4711,89.8720
188.5613,46.3069,56.7467,91.8787
185.6643,50.1970,57.8925,91.0709
186.4083,51.4716,61.0669,88.5217
183.9838,68.2795,63.5702,87.7470
187.9160,64.3849,67.5824,86.0348
185.6030,65.7181,69.7937,85.7832
186.7011,63.5835,72.4910,85.1588
186.7271,64.1399,74.9196,84.0460
185.5676,64.8518,77.2388,82.6223
184.6060,63.9704,79.1619,81.8680
183.4520,64.3286,78.9340,83.6872
183.1684,65.2208,79.5013,84.4635
181.8170,64.6340,79.6222,85.6371
179.5709,65.1389,78.9103,87.2295
178.9380,61.7276,77.5604,88.8209
178.1080,58.3941,76.6018,90.2506
173.6115,58.5906,75.0932,92.4831
169.9688,57.8609,74.4723,93.9425
178.6872,53.9353,70.2744,96.4981
186.1410,55.9212,68.4578,97.7626
183.8892,59.8465,67.7466,97.7344
182.9178,58.6426,67.0941,97.5470
2
0
0
0
0
1
85.0826,39.0389,33.3380,41.2498
76.9116,39.0585,33.2585,41.2105
71.0825,39.0980,33.2061,41.1314
66.3994,40.2464,33.2202,41.1727
62.3006,43.7407,33.2288,41.2034
61.0592,48.1296,33.3706,41.7894
60.3499,53.1138,33.6074,42.4568
61.1043,60.9428,34.4903,42.3447
65.9986,70.0274,35.5775,42.3017
71.8925,79.8360,36.0426,42.2893
79.2303,90.5975,37.3907,41.7204
86.1630,97.4823,37.2245,42.8953
92.5401,106.8815,37.0798,44.2720
97.9856,115.8223,36.4277,45.5885
93.3075,130.7370,36.7569,45.4194
96.4292,134.7787,36.9750,45.0899
97.7751,136.3397,36.8649,45.8402
97.9571,135.8598,36.5009,46.8000
97.2145,144.2135,37.9860,44.4951
96.7016,145.0299,39.0119,42.8623
99.3228,142.6048,40.2144,41.2675
102.6828,141.2622,41.1932,40.1033
106.0320,144.9348,42.1763,39.1592
112.8178,138.0837,42.6920,38.7743
112.3409,141.8470,42.3632,38.9430
117.1100,140.1852,41.7859,39.7063
119.4388,139.3579,40.9780,40.0777
122.0580,138.1099,40.8454,40.0207
121.2015,138.9498,41.2849,39.6144
119.7108,141.1343,41.7185,39.0673
120.8944,137.4980,41.8953,38.7076
116.0780,110.7021,40.1063,40.2668
118.1801,103.6673,39.6993,40.4134
157.1526,83.9078,41.2354,42.0844
163.1784,82.7737,40.9927,44.3525
163.0156,81.9738,41.3184,45.9523
162.7010,81.4358,41.9476,47.0283
162.2301,81.0449,42.8894,47.8100
163.4137,81.9540,43.3778,48.8474
167.1842,83.5130,43.0954,50.0847
169.8622,83.6252,42.1386,51.3268
174.1476,83.7389,40.9182,52.5695
177.6715,83.2172,39.7481,53.6127
182.4235,82.2126,39.0412,54.1557
186.9974,82.0795,38.6705,54.4219
187.1276,82.0466,38.4101,54.4877
187.7440,81.9200,38.6348,54.7410
186.9258,82.9248,40.2711,54.1963
187.6913,82.0071,41.7074,54.5482
186.7993,80.7434,43.4915,55.5631
187.8918,79.9890,44.4203,57.0720
2
0
0
0
0
1
95.4858,70.3742,47.4954,55.9813
96.4522,70.1020,45.5626,58.1540
97.0820,69.2613,44.3030,59.8354
99.2996,69.4327,43.1386,61.1279
100.4593,68.9304,42.4551,62.1326
102.6452,69.1367,41.3627,63.3596
105.5687,68.7421,40.4360,64.1489
106.6820,68.4303,39.8457,64.7725
108.4736,68.3060,39.5341,65.0211
110.3637,68.1034,39.0224,65.4262
