1
277.8344,129.6978,106.6140,102.1218
269.7200,121.0596,102.4799,107.3761
280.0427,104.7478,96.8730,112.5473
287.6551,78.7061,91.9424,116.4412
295.1023,67.9598,87.1228,121.0367
295.3406,68.6458,80.1566,124.4412
296.1185,67.1194,73.8083,127.0705
299.0647,66.5198,69.9726,127.2339
311.7424,75.1518,66.8206,126.8981
323.7349,77.7675,65.0282,127.5054
323.9124,86.1510,65.0845,126.8871
311.6096,101.9666,65.5277,126.3794
297.2687,116.6814,66.4529,124.2321
298.1797,121.8524,68.6632,122.4031
297.0347,122.4029,70.3637,121.0701
294.3267,116.8060,71.6857,119.1141
280.4024,119.5475,72.2296,117.3367
270.5186,122.6268,74.0690,115.1620
259.4856,113.0936,75.4870,113.1693
247.8600,106.0884,77.1173,111.4228
240.5799,100.3115,78.3225,110.2244
234.5380,104.2152,79.2102,108.5500
222.9235,113.3215,79.6561,106.1995
213.4429,121.1308,80.3940,104.2941
213.9657,124.6190,80.5999,101.8791
214.6529,130.4391,81.1003,98.3748
212.8801,144.2186,81.5286,95.8489
212.4953,155.1641,81.5301,92.8811
205.5568,170.9601,81.6023,89.8310
200.4813,181.1436,81.1895,87.3822
209.1859,188.2304,80.5754,84.8524
214.7557,194.4804,79.9556,83.0412
209.0974,203.2494,79.4798,81.8392
208.7189,207.8915,78.6179,80.4969
215.2752,206.6562,78.0264,78.6934
218.9521,194.9161,77.7096,78.2321
217.6232,181.2298,76.9629,77.4061
221.4393,177.6728,75.7660,76.3299
226.8616,174.5365,74.5465,75.0767
226.9940,167.3143,73.3802,74.4968
231.2632,157.9254,71.7676,73.4807
239.8449,156.8779,70.3047,72.6175
244.8296,158.0935,68.5716,71.7993
246.3910,159.9025,66.2696,71.3218
254.1462,152.0075,63.9252,71.3865
260.1175,145.3032,61.3545,71.7172
260.6660,140.8098,58.6705,72.6597
250.3298,140.8793,56.8026,72.7508
252.0575,118.2861,55.0275,72.8991
243.8422,104.2664,54.0647,71.9366
237.7451,101.0882,53.1714,70.7067
235.2326,93.8728,52.5482,68.9781
241.8677,74.5470,51.7517,68.2226
246.7493,68.1117,51.1998,66.9422
245.0691,72.9974,50.6102,65.4883
239.6720,75.4535,50.0092,64.5297
246.8188,74.3418,49.8901,63.3414
249.0387,83.6347,49.6807,62.9323
242.5195,100.3828,49.6265,61.2851
240.6103,114.9904,49.5291,60.6229
237.8803,123.7043,49.1003,59.9751
236.8914,137.1931,48.9446,59.4816
236.2225,134.2286,49.1847,59.1391
218.9237,134.0290,49.5834,59.2824
206.7140,127.1992,50.7258,58.6309
199.9922,105.1498,51.6671,58.2580
190.3353,91.5570,52.6380,58.0306
176.4904,98.3284,54.1699,57.4813
158.9444,107.4338,56.6984,57.9284
143.7306,101.3401,59.6200,58.9017
140.7369,90.1947,62.2173,60.2335
142.9946,84.2051,64.4798,62.3334
142.0968,82.2969,66.2119,63.9272
142.8285,82.9200,67.7663,65.9017
139.6948,90.8391,68.3995,67.2123
145.0340,94.1306,69.0752,68.9841
150.8145,94.5735,69.0094,69.9537
156.1321,95.8831,69.0183,69.8415
158.2453,90.5675,67.9115,70.1795
154.3581,98.6982,66.5621,70.8846
151.2139,113.3289,65.0015,71.4479
146.7856,108.7266,63.6048,71.6897
149.5081,97.0009,62.0885,71.6403
153.6133,94.6786,61.2357,71.5831
155.2911,97.8342,61.2849,71.1918
158.5372,98.5543,61.2717,71.2526
161.8342,101.7159,61.5929,71.0345
167.5041,104.5708,63.2979,71.2139
173.1154,108.8388,64.8144,71.1528
176.5409,117.4050,66.2787,70.7931
182.5604,124.3021,67.4808,69.8190
187.6096,129.6738,68.7394,69.4217
195.2996,133.4096,69.7805,69.1604
203.0237,136.1309,70.7768,68.7835
198.2103,148.7151,71.7634,68.1110
194.2456,157.8293,72.2847,67.5428
197.2668,152.6270,72.6452,66.4707
198.8042,141.4344,73.3588,65.0970
192.8711,136.3690,73.2759,63.9618
182.7216,133.1371,73.6613,63.4457
179.8572,128.8174,74.4343,62.8281
180.8922,128.1035,74.7182,63.1363
179.0483,130.2839,74.9206,63.3379
176.0882,132.8017,75.1714,64.0422
172.4956,136.4727,75.4008,65.1600
169.8979,143.2873,75.1388,65.8791
171.2924,143.0111,75.7771,67.0244
179.5034,132.0208,76.3052,67.9038
194.2417,122.8188,76.8851,69.3046
186.6078,117.6977,76.8808,70.9568
175.4341,108.3606,77.6448,72.6229
171.4926,93.1308,78.2216,73.8611
165.7488,75.5852,79.3668,75.2524
145.5712,64.8572,80.7546,76.3485
125.2129,58.3276,82.5509,78.2286
121.2976,49.5336,83.8173,79.7354
127.8561,42.9031,85.5227,81.2917
130.4893,51.8030,87.4710,82.8818
115.1235,61.3088,89.9496,84.2571
99.7759,67.3059,92.5124,85.7912
102.7809,78.2859,94.4370,87.0341
115.3922,89.0007,96.4452,88.3640
119.8578,94.7671,98.2208,89.0573
122.6284,98.7376,100.5207,90.5676
118.0871,94.7744,102.6745,91.1142
119.7547,92.3250,104.9340,93.2202
130.6712,90.0908,106.7116,94.7111
138.1399,83.5859,108.9831,96.0547
139.0129,80.4752,110.8416,97.5798
132.7381,81.9769,113.4520,99.4119
134.2601,80.6266,114.3334,100.7185
136.2406,78.0358,115.6400,101.9282
136.2738,74.6077,116.4302,103.3351
128.8402,72.8840,118.0309,104.9845
123.8123,68.7335,119.5289,106.0365
127.9819,68.1142,120.7263,107.1792
130.6738,71.3744,122.2756,108.5455
126.5853,75.3198,124.2529,109.7172
128.4574,82.0371,125.5169,110.8341
134.4501,86.8424,126.8398,111.9190
139.1272,86.1641,128.4010,113.3749
135.4958,75.8529,129.9249,114.6334
141.6998,71.7111,130.8492,115.2704
156.8471,62.1133,132.3657,116.8780
158.4316,60.0023,133.9623,118.2326
146.6827,61.1387,135.2621,119.3345
138.5222,63.5725,136.1265,120.3809
146.2926,63.9797,137.0858,121.4675
154.2870,68.5944,138.0334,122.7831
151.0445,77.8575,139.7300,124.6404
144.3539,86.0441,141.1123,126.0974
143.4286,90.3397,141.8660,126.8040
149.4352,94.6541,143.3282,128.1850
157.6151,100.7839,144.9067,129.7720
165.8509,103.6387,146.3988,130.9884
155.6923,104.6737,147.7577,131.9933
139.6182,112.5201,148.7801,133.3380
148.0515,113.6295,150.0053,134.4004
163.2211,103.8158,150.4305,135.4527
168.2977,94.4251,151.3853,136.5263
157.6885,86.5173,152.2108,137.3629
144.2769,88.1580,153.0212,137.8720
148.4150,91.6982,153.5399,138.1582
160.4117,92.6217,154.4565,139.0610
166.2596,89.6796,154.9875,139.9470
168.3291,87.4998,155.0821,140.5757
166.2135,86.9689,156.1391,141.4534
163.1069,90.0285,157.6972,142.5662
153.3683,92.0314,158.9476,143.7476
146.4726,99.0411,159.8037,144.8435
144.4112,99.9567,160.6536,145.4911
138.5894,98.8672,161.0520,145.8435
134.1421,103.9708,161.6466,146.6688
137.8060,108.5723,161.5086,146.8932
137.6339,107.3100,162.0609,146.8987
131.9682,104.9797,163.2197,147.5295
128.8228,103.7777,163.5963,148.1096
136.6200,101.7301,164.5536,148.2632
145.6141,98.4038,164.9118,148.2722
146.4387,99.6208,164.6195,148.4677
143.0368,100.9395,165.0158,148.8488
143.2931,96.1667,164.2880,148.0341
146.0582,94.9356,164.2632,147.7426
141.8409,96.1014,165.0117,148.3227
138.1640,96.0264,165.2482,148.1978
137.7291,92.4569,165.2262,148.4093
139.2419,91.7397,165.0891,148.5822
139.7650,92.6933,165.0837,148.6963
138.4140,95.9917,165.3681,149.0134
135.4637,100.8753,165.6958,149.2428
134.1158,105.9721,165.3827,148.8557
136.0695,106.9267,164.9696,148.4374
137.2993,106.9354,164.5506,148.5179
137.8899,107.6660,164.3258,148.5918
137.9212,107.6376,164.4339,148.8333
