1
129.7387,469.6889,24.1910,62.6077
136.5726,505.6326,25.9590,63.8713
149.1951,554.1550,29.0547,62.6576
155.3055,574.2645,29.5097,63.5923
152.6073,579.5085,30.7557,63.1829
152.7510,581.4506,29.7195,65.2006
153.3264,583.8727,29.6791,65.4245
157.2401,582.3755,31.2366,64.6431
157.5872,582.4727,33.0263,63.7493
158.6281,582.8822,34.1830,63.4991
158.8786,583.4481,34.5687,64.1380
157.7839,583.4244,35.3032,64.3827
161.8615,585.0650,36.1543,64.2042
160.8904,585.7944,37.4195,63.9842
160.0628,587.0645,38.2538,63.9759
158.4462,594.9940,39.0549,64.4971
158.8892,595.2971,38.8683,64.8964
158.6927,596.7099,38.1023,65.9115
157.3580,602.8708,35.2864,67.5454
154.6520,624.7814,34.0271,68.9074
154.2006,632.0312,33.9814,68.4017
162.6105,650.1553,34.2103,69.7600
174.0381,668.8654,35.0745,68.7233
188.9887,696.3164,38.7458,65.5207
207.1738,721.7281,41.4706,63.3758
232.7676,746.6410,46.1333,59.1921
261.4435,773.8463,50.4371,56.5114
305.5244,800.5891,55.4104,52.8373
343.0265,814.7518,60.8252,49.5604
369.4551,825.4426,61.4266,47.6807
386.5891,839.4867,60.6244,48.6309
397.6040,845.4777,56.6568,51.9900
406.8185,849.2773,57.1648,51.5812
407.9742,845.8065,58.2124,50.6734
412.6527,847.2487,61.5243,47.5101
420.0522,849.6617,65.4541,43.9148
441.4010,846.1667,66.7990,42.4049
476.6417,851.0704,68.9586,41.1342
511.1356,845.2473,69.8345,40.5759
554.8505,828.1549,68.3628,41.8011
567.2981,803.7264,63.0500,46.4428
573.7354,787.2883,56.1692,52.6664
574.1004,766.7590,52.9536,56.2500
572.8667,752.6919,48.0758,59.5469
569.2503,742.3570,45.1716,61.7856
563.2917,741.6545,44.1361,61.7047
560.2667,742.5167,42.3032,61.8259
560.3272,741.6309,40.3851,63.7644
558.8337,741.0475,39.1947,64.1122
560.4746,740.2676,39.4129,63.5437
562.8265,740.9449,40.2610,62.5075
562.3766,740.6435,40.1155,62.4866
562.6318,739.4039,39.3253,62.5966
562.4034,742.6949,40.3317,62.0604
566.6692,741.5487,39.8978,62.5359
568.6581,742.0812,40.0506,62.4106
563.9793,737.8929,38.7056,64.1244
562.3026,734.2397,37.3853,63.9742
561.6860,731.0480,36.8040,64.5978
560.3163,730.4951,36.4762,64.6903
559.9421,729.2694,36.4545,64.7822
557.5442,728.6322,35.9098,63.6110
558.1082,724.9731,36.2844,63.3501
557.7799,724.6472,37.4500,63.1350
555.8660,723.5081,39.7960,61.0451
554.4226,722.2808,41.6632,60.5121
553.7913,725.1829,44.1164,58.0624
551.9675,728.7653,45.7029,55.9336
551.2188,729.0547,47.1455,54.4943
550.6243,728.1884,47.2339,54.3569
550.6555,727.7999,47.1806,54.4110
550.3337,725.9219,47.8392,55.2013
552.1904,727.6648,47.8170,55.4483
551.4673,731.5629,47.8056,55.6188
550.8069,731.8737,48.4978,54.8832
548.2701,728.5926,48.8683,55.3069
545.5838,724.0085,46.5718,57.4330
543.5518,721.1344,44.4304,58.5870
538.0536,716.8689,44.4104,58.8683
536.5390,707.9465,44.5163,59.3960
536.6489,697.5056,42.6355,60.3788
534.9048,676.2842,40.0286,62.5853
531.9526,649.2835,40.4114,63.6185
539.2282,634.0900,39.9895,63.1481
548.3278,623.7845,42.9237,60.6084
578.1976,601.7679,47.1011,57.7628
598.5524,582.3405,50.4370,54.5869
610.8752,581.4688,54.6056,51.3561
626.6517,595.9968,59.1606,48.2450
658.6597,621.7948,59.2023,48.3309
696.3947,662.5297,59.1504,49.2181
707.4517,678.8007,57.8117,50.9437
711.3583,685.8178,57.0390,51.1971
712.8538,689.9877,55.8699,51.8853
715.0394,696.8011,50.7683,56.0726
716.9178,699.1339,48.9159,57.6976
716.8288,700.6588,48.5772,58.1022
717.2543,703.8538,47.2607,58.9073
717.6773,707.0298,45.4890,59.6265
714.7641,709.5209,42.0704,62.8185
708.8424,714.4930,39.3743,65.2234
699.5767,728.6230,38.1075,65.8702
687.1770,744.7083,37.8143,66.2956
668.4058,759.3757,39.7549,64.6945
645.2819,779.1172,43.6139,62.0345
631.0375,790.2070,46.3919,59.6889
624.0387,790.9406,48.7118,57.0881
621.8256,789.9615,50.6991,55.1713
614.3920,790.1815,49.9440,54.5517
611.2283,793.7432,49.9465,54.6918
597.2492,804.6003,51.3968,54.2283
583.4169,813.6863,50.9406,55.0749
561.4512,822.1806,55.3138,50.6694
529.9052,829.1121,60.1270,47.4492
503.9739,843.0414,61.5727,46.0234
491.3707,844.7019,59.6286,48.0971
487.4698,854.4860,56.4709,51.7854
481.3933,855.0294,53.9916,53.6977
482.3918,854.5854,53.0831,54.3050
482.8338,852.1321,52.5939,54.6066
477.7620,848.7250,56.9788,51.7074
470.0479,845.7690,62.0298,48.4202
455.9068,844.9261,64.8093,45.2695
435.5776,844.5195,68.4473,42.1128
417.9904,842.7098,69.8697,39.8979
402.8349,835.9374,70.0888,39.0030
379.7745,828.1379,70.2723,39.8068
348.8015,805.2426,68.4666,42.5532
343.3836,784.2911,64.3374,47.0110
334.2585,775.9993,61.3675,50.4926
328.8006,775.9391,62.8826,49.9732
315.2997,776.8496,66.5039,48.2465
304.9652,779.1111,69.0781,45.8044
303.2330,775.7234,68.3424,46.2363
307.9648,767.2943,63.5233,50.1486
318.2742,757.5380,58.0775,54.6952
328.8504,744.7629,53.7562,59.3587
346.8434,729.7240,55.3589,59.7701
378.1761,716.6178,55.5118,59.6054
405.0530,706.7534,57.8983,57.3736
413.9229,703.9981,60.0186,53.2263
428.2478,701.1547,63.3531,50.2045
441.5091,703.6611,66.7474,46.3053
457.0345,698.6514,67.6943,45.3383
465.2503,677.5875,62.0113,50.3149
469.1133,651.8471,55.7374,56.5052
465.0759,618.4336,52.6188,60.6956
456.8813,566.5799,51.5099,62.8671
437.9997,524.4347,52.9445,62.7966
402.2765,475.7746,55.8120,61.1909
364.4425,460.3487,58.1318,59.4950
339.0430,457.8016,62.6702,54.2457
316.1278,458.9949,63.2015,51.5985
298.1875,447.9824,61.9468,53.0115
296.0634,440.3399,59.5083,54.4747
289.9864,417.3974,56.9476,56.6418
279.4641,379.8466,53.6066,60.9006
266.7443,332.8672,48.3660,67.1499
254.1762,279.2614,44.7633,72.0314
244.6263,259.6316,46.3980,68.3415
246.8149,249.6859,46.6395,67.0691
255.2396,247.6207,44.2490,69.4524
270.0739,235.9983,43.5765,68.8202
284.8805,218.3459,46.4996,66.3506
310.8184,207.2836,49.1959,64.3747
320.6245,202.1944,51.7332,61.6840
332.0851,201.2384,52.5921,61.1627
335.2912,197.5840,50.8130,63.3063
329.0356,203.3133,48.5592,65.7865
315.5573,214.0049,46.9219,68.7220
295.8965,232.7818,52.1096,63.6790
280.1139,249.6431,57.6917,57.3748
256.9234,272.8179,62.2810,52.9762
227.8142,296.2043,65.6113,50.3671
199.9676,310.9632,66.3325,48.5050
190.0931,317.3670,67.9238,46.7293
191.7546,318.6755,67.5282,46.8158
196.2446,318.7170,66.4745,47.7882
209.1028,315.9498,61.2951,50.7167
213.6294,318.8544,55.3378,55.0474
223.7577,322.4827,50.2708,59.2127
232.9816,336.2702,46.6332,61.7407
244.5859,357.8035,41.8501,65.0609
253.1149,394.8333,38.6267,68.0973
253.1575,439.2014,35.4926,70.5986
242.8524,475.4804,36.6008,69.0650
218.7063,499.4332,42.7128,64.1768
189.3126,508.7536,48.8364,57.6584
157.5979,512.5154,54.2770,51.0834
136.9871,503.8996,58.1380,47.6344
139.1363,510.3620,62.2284,44.7662
135.6294,512.1002,65.1264,43.0373
135.3952,511.2080,66.3033,42.2589
134.6949,510.7388,67.4137,41.8898
135.3996,509.7292,68.4329,41.6666
135.1908,508.7977,68.9872,41.2288
134.8484,509.7329,70.6640,40.3408
132.3732,512.4710,72.2011,39.0088
131.3034,511.5473,73.9683,38.0189
131.3830,512.1240,74.4448,37.7423
131.6885,513.8679,74.5844,37.1952
130.3752,512.9993,74.6185,37.2500
129.1881,510.1190,74.0693,37.7472
131.2870,508.7276,73.0719,38.6920
132.6629,510.2555,73.4744,37.9188
132.0480,510.8293,73.3569,37.8571
134.9925,514.8836,71.4359,39.3780
131.0097,515.1632,71.9292,39.9918
127.2910,516.0607,72.5841,40.4658
123.8792,518.3022,73.3352,40.1775
122.8193,518.5943,73.7430,40.1442
124.0515,519.7324,73.8317,40.3515
125.5127,519.4759,73.2864,41.4743
129.5912,509.9758,71.2939,43.6696
148.6441,509.1966,64.0227,49.7429
157.9533,512.2811,55.7787,55.8603
158.4285,511.5489,51.0496,58.8465
159.9838,510.0815,45.6914,61.7879
160.8287,508.3744,41.1889,63.7055
162.2514,508.3097,37.2865,65.6788
161.1151,506.5264,35.3559,66.9835
159.5331,506.7247,34.4631,67.1957
159.8291,507.5696,33.4809,67.0146
161.1492,506.8982,32.1117,68.1626
168.1704,510.6167,33.3185,67.3528
171.0196,513.8036,34.1736,67.0048
174.5152,515.8934,36.1972,66.6317
176.4061,514.0842,40.1027,64.5526
179.7011,517.8737,43.3818,63.0124
180.5840,525.8669,41.8933,64.1603
184.6671,538.8570,38.7492,65.6984
189.1842,554.6180,37.2206,67.1333
194.7584,558.9016,36.8976,66.2735
195.4735,560.2556,36.6855,65.6753
193.0754,563.4386,34.4804,65.8512
185.5814,584.3693,32.0732,69.4095
178.2377,607.2017,35.3924,66.9209
170.2949,629.8536,34.3639,68.9957
169.9778,627.3784,34.5181,68.9455
169.6514,627.6690,34.4504,68.6672
170.3366,626.0566,34.6078,68.4594
171.5301,625.8094,34.6409,68.9363
170.5867,625.5443,35.3934,67.4823
160.4286,627.2167,39.7032,63.4022
155.8731,623.6387,45.1133,58.8442
151.9748,625.9625,48.1730,56.4532
151.6201,630.1346,48.6410,56.6247
153.5017,634.1640,48.0452,57.6513
153.5208,639.3293,46.9241,59.5343
154.3322,638.6522,45.9806,60.7517
154.5173,635.1675,45.6591,60.9467
154.9677,635.2293,45.5695,60.9288
156.1840,634.9609,44.8879,60.9736
157.1595,635.6337,44.6541,61.3520
156.7171,636.2729,44.6025,61.7407
155.4979,638.5862,44.7519,62.3890
157.7278,638.3124,44.7381,62.4489
155.6804,636.0089,44.6316,62.1300
157.3505,636.4395,44.6720,62.4575
157.1189,638.8549,44.4711,63.1563
158.3283,641.7035,44.2027,63.3313
158.0915,641.5474,44.3727,63.8489
159.2860,637.5118,43.4084,63.9758
160.5609,633.2985,42.5239,63.9060
161.2805,631.9791,41.9259,65.7775
170.5854,629.7560,40.5812,66.3363
177.6313,629.2366,40.9809,65.7492
184.2213,629.5413,41.2532,65.6407
184.5484,633.2849,43.9423,62.1915
182.4848,637.1221,50.0228,55.8897
179.1227,640.7619,55.0239,50.7761
179.9766,644.3898,58.8143,47.0666
178.2028,647.2987,62.6654,43.7939
177.2438,648.0260,65.0808,41.8331
177.0838,648.4682,66.3436,41.1098
176.2043,647.9753,66.4754,40.5961
194.9794,657.9414,63.1626,43.8418
204.6735,659.4905,61.6997,45.4977
213.1379,665.5724,60.2505,47.4572
219.7210,675.0778,58.0138,49.8606
228.7659,681.8162,58.8429,51.1280
250.0163,698.0440,62.3386,49.7718
290.3235,730.9763,66.3351,48.5238
332.9830,742.8710,65.8388,48.5236
340.1356,750.8564,66.1482,48.4966
347.4441,758.9509,63.4959,49.9349
353.0044,760.7847,63.8005,49.2637
358.6805,765.4935,62.7681,49.9213
368.1308,772.7880,64.4166,48.6669
374.7891,773.9554,66.1193,47.3637
376.0139,771.8359,67.1936,44.2578
373.0932,775.9351,68.9176,41.0469
373.5900,777.9700,70.3197,38.8330
376.5463,761.5450,65.6507,44.4878
382.6356,753.1537,61.6049,48.8672
385.4908,749.1050,57.8281,52.6443
387.6182,746.2306,55.0292,56.0188
389.6852,737.7156,54.7929,55.9638
403.2686,732.8601,56.4036,54.9391
423.8977,724.5062,60.4435,51.2643
437.8608,717.5206,61.8084,49.5563
458.1198,713.1616,65.9072,45.8914
478.6293,713.2811,70.4762,42.3663
520.9106,730.0895,74.7022,40.1546
561.6591,750.9705,72.7009,43.8617
579.4332,781.4178,65.4327,49.7047
586.3245,794.7250,59.7387,54.4477
587.0347,797.2778,53.2787,58.6291
582.9675,803.7227,49.3659,60.7159
566.5479,808.8241,49.4785,59.6758
546.9388,817.6790,54.0143,55.3701
531.3366,823.9199,56.0049,52.8825
516.7059,831.9085,58.5428,51.2807
492.3276,835.6725,61.5287,46.9541
453.3834,836.0232,65.8251,43.3755
406.6781,828.9979,69.7584,41.8387
360.1443,823.8716,71.2906,42.1343
332.2832,817.3577,68.3299,42.5977
312.6927,814.0089,68.3392,43.0063
303.0766,792.6396,64.6457,47.9529
293.3763,762.5616,59.0255,53.1797
283.8228,719.7538,57.1809,55.1765
259.8603,691.6655,55.8889,55.2758
254.0196,689.1704,55.9744,53.9777
