1
169.4240,25.4305,27.9595,57.4265
169.2199,26.9103,29.6922,54.4668
169.8701,24.2140,31.0135,51.9941
173.9942,22.4687,31.8425,50.2977
169.8215,23.2051,32.4757,48.8249
168.2120,23.7301,33.1471,47.7749
164.3643,25.4021,33.2275,46.9692
162.5976,27.0460,32.9861,46.1981
158.2830,27.3808,32.9168,45.5285
157.7836,28.3105,32.6841,44.9005
153.9465,28.1797,33.0502,43.9441
150.7403,28.0493,33.4154,42.9954
150.6496,28.4142,33.5969,42.2656
149.3168,32.8791,33.8770,41.6848
149.2518,33.8127,34.0069,41.0059
152.1938,38.4693,35.2030,39.9530
152.2720,38.8026,36.2296,39.2864
152.2211,39.0507,37.5203,38.7901
152.2770,42.8768,38.6102,38.3481
151.9655,42.9124,39.2333,38.2769
151.6568,44.2124,39.8506,38.1181
147.7497,49.1733,40.2981,38.0186
144.3347,53.0609,40.9621,37.6426
138.0533,55.4783,41.1491,37.7582
128.8239,57.3339,40.9726,37.7741
127.9370,57.2156,40.2666,38.0106
130.7787,60.6230,39.5136,38.5913
130.0691,65.5735,39.7028,38.5301
132.5503,69.7849,39.6683,38.7312
139.5039,77.0014,39.3420,39.1136
144.5350,83.6287,39.1638,39.4496
146.9654,88.0638,39.2552,39.2456
148.6135,91.3715,39.6676,38.8113
149.0483,99.4473,40.0338,38.7261
146.3877,103.1621,40.3940,38.7380
148.1211,95.1162,39.4195,39.8767
149.7038,97.3150,38.7516,40.4741
148.4224,111.7035,38.8191,40.3912
150.3944,117.1111,38.6173,40.8021
153.3423,130.6632,38.9743,39.9601
154.5406,133.3311,39.0638,39.5965
151.6438,138.8143,38.6638,39.7787
150.5152,141.1476,38.4505,40.0532
143.7535,129.2624,38.3754,40.3356
152.2719,121.8857,38.6910,40.2156
152.1057,124.9974,39.0234,40.2050
155.8017,116.5190,39.1172,39.6946
154.4366,124.7081,39.3652,39.4511
153.8090,125.8170,39.3791,39.7156
157.4457,123.8948,39.5792,39.8232
156.7992,121.8346,39.6218,40.1923
157.2344,109.5824,38.7513,40.8155
157.2556,100.9062,37.4561,41.8800
164.9746,114.0787,38.2538,40.5132
163.5038,109.5481,38.7149,39.6520
165.2959,104.8393,38.8329,39.1967
164.2453,99.3046,38.4765,39.2068
162.3127,93.9373,37.4484,40.1547
163.0753,73.9301,35.9231,41.0679
166.1324,76.9189,35.8678,41.1492
158.2053,89.0107,35.9641,41.2088
161.6190,104.4430,37.6390,39.4950
160.3871,105.8230,38.8882,37.9496
157.4526,102.5065,38.7070,37.3225
156.4398,100.9425,38.3380,36.8587
156.0808,101.5269,37.8719,36.8740
156.2921,100.9000,37.4494,36.9508
156.4753,99.7215,37.0831,36.9644
156.7631,97.7684,36.5075,37.3724
156.5231,96.3123,35.8239,37.9577
157.4380,95.9630,35.1559,38.6563
157.9659,96.4725,34.1002,39.9614
158.6759,98.0281,33.8455,40.3465
158.7359,99.0101,33.7256,40.7169
158.7122,99.9827,33.7730,41.1138
159.6250,101.6103,34.3030,41.3924
161.2318,90.1569,35.8526,40.4842
158.6865,85.3400,37.3384,39.3037
154.9723,86.2253,38.7324,38.7399
154.9863,84.5743,39.9245,38.3818
154.7697,83.2592,40.3576,38.5458
157.2285,81.2552,40.4099,38.8262
160.2921,81.1406,40.5215,39.0554
160.1338,82.4324,40.8381,38.9782
160.0539,82.9826,40.9981,39.1345
159.3582,82.8483,41.1275,39.4031
159.3877,83.4012,41.0686,39.5655
159.2847,83.8761,41.2745,39.8856
157.3125,84.4460,41.3848,40.0237
156.8348,84.2008,41.0581,40.5142
156.9314,83.4186,40.8650,40.7940
156.2695,83.3196,40.9028,40.9920
156.4027,83.1547,40.6364,41.3217
157.1033,83.0816,40.5259,41.4680
157.8746,83.0195,40.2744,41.5922
157.9568,82.9851,40.1101,41.6610
158.0963,83.6408,39.8310,41.6373
158.1749,83.7086,39.6738,41.5017
158.3302,83.7262,39.3633,41.4665
158.9951,83.7585,39.3064,41.4018
158.9945,83.2720,39.3075,41.1039
158.4500,82.6616,39.1303,41.0586
157.2670,82.6664,38.9708,41.0488
156.6145,82.6777,39.0157,41.0263
157.4245,82.5706,38.6562,41.2405
157.4214,82.6748,38.6624,41.0321
158.0436,83.3033,38.6729,41.0299
158.0479,84.6291,38.6642,40.8885
157.5536,84.6057,38.4002,40.9353
158.1508,84.7006,38.4549,40.7454
158.6860,84.8125,38.6316,40.5215
157.9341,84.9871,38.8890,40.1724
159.2000,84.9371,38.8474,40.2725
157.7752,85.1228,39.2051,39.9010
159.6022,84.5881,39.2883,39.7248
158.9578,84.6536,39.3329,39.5938
158.8824,84.1576,39.4837,39.3427
158.8043,84.2559,39.6398,39.1462
158.8193,84.1770,39.6099,39.3039
158.7242,84.8275,39.8001,39.2456
158.0757,86.7643,39.8521,39.1066
157.0423,86.7405,39.4322,39.1541
156.8324,86.3492,39.8520,38.6991
156.0536,85.8947,40.1725,38.3711
155.4198,84.0809,40.2034,38.2883
155.5583,83.3710,39.9263,38.4721
155.9008,83.0221,39.2414,39.1698
154.8764,82.2176,37.5856,40.7788
154.4627,101.7157,38.4131,40.0314
157.6906,103.5776,39.3690,38.7781
154.8714,114.0337,40.0847,37.5564
151.1496,116.7376,40.1933,37.0388
2
0
0
0
0
1
156.7151,80.4735,33.8848,69.1974
155.3979,82.0852,36.5193,67.5734
153.3443,83.4471,39.0055,66.4706
152.6027,84.3814,40.4888,66.2488
151.0925,84.5807,41.8404,65.8502
150.7050,85.2774,42.6155,66.1421
150.4186,86.0287,43.1882,66.3422
150.0074,86.0805,44.0106,66.2387
148.9387,86.0270,44.4207,66.3457
148.7809,86.9759,44.7363,66.1837
148.7579,87.7357,44.7823,66.4026
147.9122,88.5501,44.7311,66.5165
144.4235,90.0583,44.7344,66.9871
140.8976,95.1607,44.7837,67.2863
139.0698,96.0705,44.9273,67.2225
138.9793,95.3138,45.1083,66.9787
138.0741,95.2811,45.1619,67.0441
137.9944,95.3455,45.3214,66.9152
137.8805,95.4925,45.5491,66.6211
137.7475,96.4040,45.8152,66.5569
137.6994,96.3901,45.9114,66.5847
137.5839,96.4173,46.1424,66.5303
138.3503,96.4445,46.3767,66.4758
138.2944,95.5975,46.4884,66.3997
138.1676,95.6978,46.7421,66.1992
138.6816,95.0256,47.4861,65.7715
137.9964,92.0039,48.8566,64.7038
137.3290,92.9358,50.1912,62.8401
136.8682,91.3071,51.1129,60.7658
136.5957,92.1135,51.6578,59.1529
136.4454,91.9534,51.9583,57.7291
136.2501,91.7342,52.3491,56.4408
136.3332,91.2948,52.1829,55.6067
136.3714,89.3178,52.1064,54.4689
136.3807,89.7920,52.0879,53.5205
136.5523,89.2529,51.7447,52.9356
136.6694,88.6666,51.5105,52.4596
136.7023,88.2143,51.4446,51.7270
137.5352,85.1521,51.4035,51.3524
137.5035,81.3749,51.4670,50.8157
137.4348,76.5912,51.6043,50.7186
137.6041,74.8948,51.2659,50.8887
137.5814,74.1398,51.3111,50.7899
137.5482,74.1613,51.3776,50.7471
138.7669,74.5318,50.5485,51.6143
142.7176,74.7430,49.0825,52.8006
144.1250,75.7753,47.8718,53.9445
144.6452,75.3312,46.8314,54.8327
145.9376,74.2595,45.8463,55.3763
146.1031,68.7844,45.5153,55.1806
145.4082,69.9453,45.3212,54.4425
143.6250,72.9489,45.7488,53.1438
139.9214,77.7089,46.9308,51.4051
137.7656,78.5106,48.1461,49.8017
136.7101,78.1789,48.7146,48.9226
136.6442,78.3530,48.8464,48.5745
137.4203,78.5691,48.8284,48.1424
137.3887,79.5348,48.8917,47.7380
136.7863,79.6625,48.5747,47.4827
136.2660,79.8180,48.1026,47.1717
135.0553,80.5482,47.5233,47.2116
132.1747,82.1381,47.3170,47.0154
129.3065,85.9687,47.1111,46.7822
129.3884,86.7557,46.9474,46.6867
129.4420,86.1734,46.8403,46.3768
129.0144,87.4064,46.2274,46.8467
128.7533,86.8821,45.2838,47.8954
127.0331,85.4123,45.7899,47.9005
126.9930,84.3010,45.8701,48.6477
125.9486,83.5017,46.4705,48.7580
125.7518,82.5381,46.8642,49.1856
124.7156,82.5335,47.4240,49.1947
124.4911,81.8116,47.8730,49.1170
123.5495,80.2733,48.2288,49.1390
123.4489,79.3073,48.4300,49.5377
123.3045,79.2202,48.7187,49.7119
123.2397,79.1105,48.8485,49.9313
123.1213,78.9641,49.0853,50.2241
122.9854,78.8356,49.3570,50.4811
122.8645,77.2004,49.5989,50.6069
122.8372,76.1922,49.6535,51.0454
122.7854,76.0182,49.7570,51.3934
122.7263,73.6663,49.8752,51.3186
122.7410,73.5232,49.8458,51.6048
122.5988,73.4336,50.1302,51.7840
122.4875,73.4150,50.3529,51.8211
