1
235.0139,161.9709,34.5215,66.2419
235.4672,167.6789,33.6149,65.7952
231.3716,165.9980,32.5369,66.0673
233.2718,171.3593,31.7968,66.0562
235.0937,176.8611,31.1876,65.6729
231.4356,185.9512,30.9988,65.5048
220.0656,191.6795,31.3099,64.5150
225.3422,202.6300,32.6465,63.4212
238.6080,231.3886,31.5017,64.1444
265.4560,264.5121,31.2350,66.1680
257.7351,279.2218,31.5864,66.9295
241.7478,284.4742,34.5619,64.0560
226.4322,294.3453,36.0172,62.7407
210.5685,312.9145,40.0077,59.5031
178.4933,312.7354,44.8947,55.1825
154.5022,309.1869,50.3807,51.2620
146.3979,297.2791,52.1834,49.4671
126.2423,291.3679,52.4783,48.4843
104.4795,296.3227,54.6730,46.5229
82.1603,289.4713,57.9103,44.3024
66.0072,283.3623,59.7010,43.6716
60.2728,280.4439,61.4318,43.0164
42.6412,273.7665,62.2875,43.2636
38.2441,250.9924,59.4935,45.7699
26.2919,246.2301,60.2396,45.3694
2
0
0
0
0
1
239.8962,267.6111,56.7605,44.2242
245.0383,274.1982,59.1743,43.7480
249.8691,275.9056,60.8265,43.5656
262.4370,281.6639,61.9041,43.5176
271.2790,283.1658,62.4126,43.8215
286.0333,288.0300,62.9020,44.0924
305.5182,294.0936,64.2146,43.7142
324.1938,299.2844,65.7790,43.4846
335.1441,305.1507,66.1306,43.7339
335.6356,310.0876,66.8688,44.1868
329.4901,310.7081,66.9814,44.6856
348.2263,319.4260,68.0035,44.7474
374.2931,338.3684,68.8541,45.7176
367.6400,336.1479,69.5947,46.5685
365.7541,328.3730,69.7260,47.5556
374.5407,329.0274,70.5396,48.0855
393.5506,338.1642,71.5741,48.4090
408.8321,340.7259,72.9825,48.9278
421.6784,343.2910,74.0367,49.5289
434.7051,359.3110,75.0918,50.4064
439.5522,361.8684,75.2314,51.1920
412.4137,351.1586,74.0152,52.7926
390.4507,332.3401,72.1719,54.6101
379.0211,307.8314,71.1297,55.8249
367.3419,293.6547,70.5404,56.2393
359.4662,281.7114,70.3450,56.2057
341.3586,276.2758,70.7436,55.1379
325.3459,269.7410,71.1117,54.3575
306.3723,265.1181,71.6008,53.7458
289.4138,263.6485,72.0455,52.7472
281.3586,254.1397,72.4811,52.1713
264.7572,245.5107,72.4234,51.8206
243.3170,230.9378,72.4067,51.7185
228.3530,216.2628,73.1158,51.8496
217.8733,208.1416,72.5063,52.4055
197.4440,199.8933,72.1894,53.2161
170.1576,184.8405,71.6236,53.7833
148.9452,170.6377,70.7104,54.6101
130.5636,163.3610,70.0536,55.3771
123.0289,158.1690,69.3477,55.9016
115.5016,144.8856,68.6457,56.8638
105.7932,137.6909,68.3190,57.4328
95.9614,144.9242,68.1977,58.7941
104.9545,163.4538,68.1980,59.7065
122.2014,192.9255,67.9276,61.1570
124.3589,190.7771,67.6768,61.3896
123.3372,175.3421,67.6883,61.7804
120.0759,175.3365,68.0958,61.7917
120.5259,188.7923,69.2406,61.4634
121.3313,206.2018,69.6873,61.6205
137.9994,225.2488,71.4878,60.7300
169.2332,238.7860,71.4335,60.7014
200.8820,245.1452,70.5103,62.5371
2
0
0
0
0
1
148.9363,75.1107,43.1142,66.4467
146.1746,69.3784,46.9219,64.1869
151.8758,76.0152,49.4752,63.1245
158.6929,79.8240,51.7707,62.5867
157.1019,79.9107,53.1537,62.4133
159.3991,79.9863,54.0149,62.2620
166.6815,80.7480,54.0898,62.5688
185.2552,83.6473,53.6612,62.2779
192.3998,78.8345,52.1438,62.7807
189.4812,74.4026,50.7493,62.6050
182.9336,70.9685,49.5832,62.3425
176.3489,72.2993,48.6748,61.4407
172.2410,72.7324,48.2346,60.5745
156.1554,73.9357,47.9011,59.8786
136.3960,80.2345,48.4420,59.1440
127.7104,86.8801,48.8914,59.3901
122.3558,93.6039,49.3813,59.5682
114.1148,106.4821,50.4386,59.5199
106.4730,118.4010,51.8809,59.9042
98.6040,118.3403,53.5449,60.0255
97.1068,118.0319,54.7515,60.6423
99.6333,132.1367,55.1484,61.4989
97.3589,138.2988,56.0245,62.0286
97.9126,143.6763,56.7756,62.4247
106.2406,141.4462,57.0094,63.1317
113.8875,132.7030,56.8466,63.5956
111.6075,125.0394,57.6147,63.7550
103.3707,119.2309,58.8024,63.9076
101.5478,106.5396,58.5842,64.1739
