1
285.6481,251.1169,41.9555,44.3921
286.3827,251.2986,40.4863,45.3882
290.1039,251.5099,38.4511,46.3176
290.7020,251.4016,37.2550,46.5341
290.9074,255.4810,35.5267,47.5978
291.1233,254.7359,35.0948,47.7823
291.1717,257.9824,33.6968,49.0974
291.2576,258.3065,33.5249,48.4492
290.9116,261.1239,32.9313,49.2421
287.1016,264.1532,32.8253,49.6221
286.5615,262.7948,32.6138,49.7554
286.2286,263.9919,31.9895,49.9417
284.0757,265.1170,33.7304,47.6913
283.7103,266.7648,35.7387,45.6733
281.1417,268.0418,37.0368,44.3989
281.3553,271.4592,37.8907,43.9698
281.9297,271.4963,38.0301,43.8957
281.9091,271.4407,38.0715,44.0069
281.8216,276.1294,38.2465,43.6716
283.5479,274.7256,37.3725,43.9006
283.7137,271.4729,37.0409,44.0115
284.2404,271.6248,35.9875,44.9830
283.9623,271.4845,35.2705,45.2635
283.7011,270.7313,34.5270,45.5042
282.6960,271.1608,36.5373,43.3878
281.6233,273.8075,37.4253,43.1244
279.8608,274.0656,38.4147,42.6082
280.2490,274.7704,38.9139,42.4742
279.3494,274.1483,39.4317,42.4369
277.7675,273.7366,40.0175,41.9713
277.2804,278.6904,39.7006,42.3923
277.0379,280.1643,40.1855,42.0297
276.4233,279.5551,40.1201,41.9535
278.9124,279.8139,40.3115,41.4359
275.8843,279.1266,39.9311,41.5231
278.3550,279.9398,40.1204,41.1795
278.2407,281.3271,40.3491,40.9655
279.1580,278.3519,39.7951,41.7937
278.1691,278.2100,39.2033,42.0775
278.2864,278.1684,38.9686,42.1607
280.1102,278.9587,39.1531,41.8574
279.3776,275.0743,39.3428,41.9728
279.1713,275.0881,39.7555,41.9451
277.1857,271.8183,39.8672,42.0523
278.0108,272.8984,39.5069,42.4719
275.4530,271.0415,39.4592,42.3134
275.4501,271.1450,39.4651,42.1064
274.7446,270.5051,39.5916,42.1017
274.6701,271.0778,39.7407,42.2428
274.9059,272.7498,39.2690,42.7715
274.2631,272.1173,39.2630,42.7448
274.6732,269.2807,38.4428,43.2533
274.5331,272.2324,38.7230,43.7799
273.7014,271.3777,39.0876,44.1906
273.0771,271.6472,39.0255,44.9626
272.2455,271.4126,39.3669,45.4317
270.2809,271.0438,39.2924,46.1693
269.0788,270.6698,39.0070,46.9172
268.3970,269.8691,39.0189,47.1670
268.1674,269.8777,39.4781,47.1498
267.7849,269.5472,38.8802,47.8108
262.5476,269.2258,38.4476,48.4537
262.7833,269.6287,37.9763,49.0141
263.0041,269.1982,37.5346,49.8750
260.3829,269.4821,37.2847,50.6804
259.0237,269.9721,37.2405,51.0816
257.5140,268.4367,37.4868,51.3792
252.9102,267.0815,38.3232,49.9040
250.7225,267.7896,38.5394,49.8742
249.8462,269.2040,38.9025,49.8244
249.0758,269.1483,39.0488,49.9357
246.9935,268.2241,39.0171,50.3856
245.7897,268.6583,38.6145,50.9221
245.7274,268.5214,38.7392,51.1960
244.4881,266.1712,38.3920,51.6577
244.5257,266.7438,38.3168,51.9266
244.6625,266.6868,38.0433,52.0408
246.9785,268.3389,37.6543,51.5652
250.8868,269.7435,36.8415,51.5576
250.6666,269.9374,37.2819,51.1698
250.3699,269.4418,37.8752,50.7722
251.0835,269.9654,37.8405,51.1174
251.5798,270.7029,38.2448,51.0394
252.2335,270.3470,38.3398,51.7511
252.6959,270.9097,38.8298,52.0406
253.3293,270.9747,38.9904,51.9106
253.4102,270.9169,38.8285,52.0263
252.5816,271.6490,39.0587,51.9891
251.8217,271.8633,39.1483,51.5605
251.2456,271.2570,38.8753,51.3479
250.4608,270.5811,39.0275,51.2822
249.8403,271.2534,38.8495,51.3565
248.9576,270.7670,39.1978,50.9122
248.5046,270.6486,38.6878,51.1490
248.0354,266.4683,38.2149,51.0416
245.8143,267.2846,38.4511,50.8109
244.1254,267.0605,39.0242,49.8568
243.3578,265.2909,39.1624,49.2047
239.0058,269.6578,39.5303,48.8070
239.5592,270.1230,39.8127,47.8767
246.5910,288.8830,40.9232,46.2230
230.0299,297.7186,43.8669,43.6410
273.1781,315.9935,44.3893,42.9211
264.1783,316.3447,47.2648,40.8439
278.9819,327.5013,50.9365,37.9432
2
0
0
0
0
1
367.9082,316.7072,46.2687,51.5857
370.5574,317.2956,45.5917,51.9492
366.0557,315.9100,45.3836,51.6499
364.9370,316.5114,44.5663,51.9745
365.5340,320.4554,44.8917,51.6824
364.8865,320.8972,44.6666,52.3188
361.0200,322.5402,44.7690,52.0850
358.8111,323.1091,44.6143,52.4714
358.8388,323.7914,44.5588,52.6346
358.2991,323.3782,44.1089,53.4609
352.3223,325.1393,43.7844,53.0082
350.0457,325.3374,43.7700,52.6119
343.9815,320.8394,43.7686,52.5107
335.1223,317.0688,43.3111,52.4785
331.4429,316.1602,43.1362,52.7891
331.6379,316.6975,42.7461,53.2231
333.0840,318.8760,42.8720,53.3933
333.0871,317.4434,42.8659,53.2311
328.7099,316.7816,42.5534,53.0437
330.3782,316.9765,42.2232,52.6537
329.5959,317.1695,42.2960,52.2678
330.3870,316.5982,42.2009,51.9232
331.1650,310.6263,42.1251,52.0248
325.0043,305.5910,42.6015,51.7309
320.6448,305.5605,42.4177,51.7921
320.1798,306.3718,41.8660,51.6512
315.6770,310.6059,42.0473,52.0072
304.7803,315.9322,43.1335,51.7083
302.2346,318.6093,42.2566,52.3221
303.0738,318.4515,42.0656,52.6378
304.5678,319.1996,42.0557,52.6307
304.6355,319.1687,41.9203,52.6925
304.6816,317.7592,41.8281,52.5363
307.1879,312.2385,41.2665,53.1922
307.9367,306.2802,41.2534,53.2322
309.4195,302.6859,41.2578,52.9958
310.0911,298.3009,41.3960,52.8773
312.6494,292.6327,42.2068,52.3588
316.4307,292.5622,42.0796,52.4998
316.4244,292.7132,42.0922,52.1979
316.3651,292.8011,42.2110,52.0221
317.8373,292.8055,42.2303,52.0131
318.0623,292.2275,41.7805,51.6871
318.2364,287.9334,41.4322,51.4560
319.9993,285.4608,42.2884,50.5586
320.6338,284.9156,42.4802,50.1882
322.0487,281.8890,42.5665,50.4092
322.5986,279.9984,42.9295,49.8016
321.8723,279.7632,42.9230,48.8129
322.3347,273.7813,43.4420,47.7813
324.9451,272.0124,43.9659,47.0106
324.5137,272.4881,43.3962,47.4916
324.7034,273.0730,43.0167,47.7529
324.9214,273.7213,42.5807,47.8852
325.6191,271.5822,42.6095,47.8912
329.9814,270.0813,42.4323,48.0438
329.0947,267.4194,42.7817,47.6712
332.0727,267.3683,42.5216,47.7734
334.4516,268.0478,42.0277,47.8357
334.3900,268.9931,42.1508,47.3595
334.2656,270.0288,42.3997,46.6970
334.3141,270.9507,42.3028,46.2561
334.5034,269.5980,41.9241,46.1728
334.5941,266.3586,41.7428,45.7170
334.8819,266.2213,41.1672,45.9916
335.5992,266.4041,41.1045,45.6258
335.5557,260.6481,41.1917,44.8497
336.7534,254.4029,40.1509,45.1479
337.6712,251.6485,39.6580,45.2859
338.7904,247.9734,38.7566,45.9512
340.1574,247.4640,38.6881,45.6373
344.0158,242.9370,38.9322,45.4035
346.7136,243.7095,38.8453,45.1856
348.0094,245.8323,38.8984,44.9071
352.9868,245.7324,38.1762,45.1069
354.2097,246.0747,37.0408,45.7328
357.8709,244.9127,36.2269,45.4532
358.5386,244.5668,34.8915,46.1452
358.4987,246.6802,34.9713,45.7376
359.1431,246.2037,34.9507,45.4224
359.5530,245.9117,35.3939,44.7434
359.4932,246.5022,35.5135,44.8221
360.2513,246.3324,35.2603,45.1618
361.3366,246.4103,35.6178,45.0061
362.0303,246.3946,35.4981,45.0375
364.7859,244.9197,36.3171,44.1891
366.9496,245.4455,35.7885,44.4038
366.9048,244.8239,35.8782,44.3858
366.3645,244.8100,35.6965,44.4136
367.1363,245.3141,35.4127,44.6653
367.6506,240.5480,34.3840,45.3846
369.9065,240.5248,34.8852,44.1779
369.9747,241.3476,34.7486,43.7751
370.4801,241.6394,34.9723,43.1915
370.6729,242.9320,34.5869,43.0648
371.2253,246.7119,34.7032,42.8312
370.7991,247.2638,34.3361,42.9468
368.1924,247.5198,34.6889,42.4348
365.7664,251.2877,34.6889,42.1771
366.8297,249.6660,34.9804,41.7934
362.4963,254.6777,35.1922,41.4327
358.2318,255.9924,35.2814,41.2148
358.4072,252.8872,34.9307,41.4062
357.8811,248.7934,34.7817,41.1865
357.2561,245.0476,34.8364,40.3110
356.4546,247.0478,35.2567,39.8585
355.8210,248.2968,35.3417,39.7252
352.5050,248.8479,34.8837,39.8048
348.0325,248.5802,35.5998,39.1646
347.5244,245.6770,35.4389,39.0856
343.5811,245.5551,35.1127,39.3295
343.6055,245.4608,35.0638,39.5181
342.5639,243.6401,34.7991,39.6374
340.0283,243.6284,35.1839,39.6608
339.9010,241.7472,35.4384,39.8888
339.7449,241.7252,35.7507,39.9329
340.3890,241.5775,35.6539,40.2283
340.4973,239.3146,35.4372,39.9762
343.5929,235.1243,35.1814,40.0472
343.6596,236.2804,35.0480,40.1033
343.8818,233.7701,34.6037,40.3927
344.2006,233.3213,35.1462,40.1100
343.9715,229.8129,35.6044,40.0198
344.8750,230.1706,34.9878,40.4949
344.9849,230.6469,34.7680,40.7303
345.2780,227.8545,34.1818,41.5630
345.5988,227.6397,33.5402,41.9926
347.9270,224.0541,32.4467,43.2256
347.6316,223.6071,31.8490,44.1196
348.2823,223.5181,31.7400,44.2975
348.2260,223.5291,31.8526,44.2756
347.4926,216.7259,32.1245,43.5436
348.6796,218.1493,32.1270,43.0731
348.9974,217.9535,32.6723,42.2837
348.8345,217.5805,32.9982,41.8517
348.5165,217.8591,33.6342,41.2944
348.4202,217.4219,33.8269,40.9905
348.8849,217.5437,34.0744,40.7469
349.0428,217.7900,34.9357,40.2543
348.4125,218.9726,36.1962,39.0724
348.2845,218.3933,36.4521,39.0459
348.9412,215.7621,37.5164,38.3645
350.3234,213.6694,38.3367,37.7699
350.4418,210.7155,38.1001,37.6852
353.6104,211.8100,36.5367,39.0766
359.0760,216.0598,36.3207,38.9110
362.6426,218.0970,36.2951,38.3904
361.1399,222.5837,36.9484,37.6492
357.4911,233.3297,37.1975,37.3029
356.5601,234.3545,36.7130,37.5997
353.6735,236.7045,36.6349,37.5807
349.3664,238.2345,35.8993,38.0269
343.9319,239.0687,36.2917,37.5226
346.0301,243.9190,35.5824,38.2835
345.9693,240.5445,35.7040,38.0542
347.2067,246.1966,35.5521,38.3641
346.6907,247.6245,36.5839,37.8359
345.5741,252.0384,37.6454,37.2115
345.7910,249.4098,38.3904,36.5745
345.8876,246.4732,38.1971,36.5454
348.3424,246.1894,39.1724,35.9361
346.6539,248.9284,40.1843,35.1882
347.0271,250.3002,40.6242,34.8173
348.2135,250.9956,40.6258,34.6136
347.3328,253.0942,41.2034,33.9681
348.8128,251.7546,41.7906,33.1001
349.5564,252.4059,41.4809,32.9749
349.4544,238.6558,40.5142,33.5508
353.8686,238.1479,38.6764,34.5667
355.6248,237.6341,38.6228,34.4412
355.7216,237.2847,38.4293,33.9899
355.3303,235.1985,38.0720,33.6025
359.8140,237.1092,37.0019,34.2940
361.9721,239.9801,36.0533,35.2875
362.9416,239.0032,35.2377,36.1179
363.6175,243.4589,35.0097,36.1960
365.4452,242.7571,34.7182,36.4783
367.0408,242.8912,33.7693,37.3312
367.9365,242.7361,33.0972,37.6413
369.9442,243.7360,32.4220,37.8685
374.2959,253.6679,32.5674,37.9146
374.7756,253.2600,33.8263,36.5121
374.6831,253.6772,35.1188,35.6776
375.4071,255.6776,35.9007,35.0215
374.1233,256.7457,35.1177,36.2358
382.9238,236.4775,33.2477,38.5684
385.5631,237.3229,33.6200,38.0078
385.6847,236.8040,33.3768,37.9182
386.3634,236.1329,33.1416,38.1382
386.7233,236.2170,33.5437,37.9700
387.9574,235.9371,33.3268,38.5297
387.9392,235.4560,33.3632,38.3611
388.2712,234.2451,32.6991,38.5252
388.9720,233.8169,32.4181,38.2610
388.4074,234.6837,32.4353,37.6394
387.5925,231.2112,32.9624,36.8651
387.7018,231.7313,32.7437,36.9240
388.0781,232.5294,33.0878,36.4244
387.6598,241.4055,33.9244,35.0877
387.1772,234.2965,33.8029,35.1777
386.2346,238.2971,33.5154,35.8665
385.8754,235.8943,33.1414,36.3024
386.0319,236.7153,32.8285,36.8469
386.6452,233.8377,32.6986,37.1181
387.2422,234.3382,32.6035,37.2162
386.7126,235.9090,32.5638,37.3714
388.3391,235.8806,32.6129,37.4282
387.8781,233.9969,32.4325,37.8885
386.4717,234.7159,33.0322,37.5570
387.2706,230.9973,32.5455,38.3278
387.0162,230.7031,33.0542,37.8009
386.3825,228.2535,33.2065,37.1242
384.0442,228.1645,32.3474,37.3021
387.5181,233.4456,33.0726,36.6053
389.2578,228.3274,32.8841,36.9693
388.0292,226.3957,34.2416,35.3348
373.5923,233.3123,34.6282,34.6495
367.5332,237.2757,34.7456,34.3596
364.5646,238.1074,35.2415,33.7844
364.0098,236.6713,35.2643,33.3958
363.0345,236.1625,35.0524,33.3322
361.5265,236.5755,35.9149,32.5063
359.6705,238.1747,36.3952,32.5392
361.7797,239.3249,36.5175,32.4093
360.5417,239.3853,36.8237,32.2883
359.4958,237.5948,36.7397,32.6060
360.2228,240.6994,35.2857,34.0379
359.9975,235.0049,34.6447,34.5101
360.3547,233.6696,33.9302,35.0026
