1
141.9013,31.9740,35.9904,117.3570
140.1253,32.4261,39.3633,112.5167
138.7748,34.7065,41.5419,109.7493
137.3370,35.6390,43.4240,107.3550
135.4291,36.7980,44.4097,105.7733
136.0403,36.7981,44.4928,105.7942
134.5401,38.2236,45.3423,104.2815
133.2064,38.9276,45.8795,103.5208
132.7863,39.9344,46.2649,103.0984
132.2475,39.5422,46.1890,102.7231
131.2674,40.1768,46.3927,102.2652
131.2206,40.4763,46.2022,101.9668
130.0608,40.7521,46.5424,101.8231
129.9860,41.4840,46.5808,101.3092
129.2228,42.0793,46.8038,101.4109
128.0007,42.6119,47.2622,101.5127
127.7305,42.5917,47.1063,101.1461
129.2075,45.1477,47.0652,101.6713
128.5803,46.0901,46.8693,100.8618
128.1507,44.5763,47.2058,100.3465
129.1534,43.2913,46.6836,100.8519
131.0860,41.4560,46.7566,100.7119
131.9092,41.2028,46.3939,101.0363
131.2442,41.4994,46.5171,101.3274
132.1972,42.0155,46.3544,101.5167
131.7077,41.8128,46.0859,101.8754
133.2051,42.3675,46.0176,102.0190
132.5175,43.1869,46.0720,101.7836
134.1260,42.0785,45.9261,101.5532
133.6639,41.9507,45.6011,101.4192
134.5048,42.7464,45.5859,101.7209
133.8435,42.9195,45.6286,101.5991
134.1214,43.7170,45.5654,101.4030
135.1556,44.3293,45.5855,101.3695
134.0916,44.9484,45.6549,101.0376
132.9330,45.6744,45.8874,101.0688
133.0052,46.6693,45.6659,100.8592
132.0847,47.4029,45.4718,100.8655
131.1106,47.8772,45.5679,100.5528
131.2816,45.8311,45.6804,100.8995
130.1568,46.6516,45.5715,100.7706
129.8094,48.6950,45.3245,100.0975
129.8485,47.5013,45.3382,100.1799
129.3396,47.6550,45.1821,100.3360
130.3127,46.9969,45.2588,100.3677
129.7454,48.5284,45.5756,99.6151
130.3793,47.5767,45.4136,100.4437
129.7578,47.4286,45.3584,100.7395
130.7934,47.3555,45.4066,100.6775
130.7603,48.0739,45.7532,101.3871
130.3380,47.8554,45.1817,101.7860
130.2856,48.3547,44.6477,101.5472
129.7776,49.0932,44.6468,100.7401
129.2913,49.8870,44.4614,100.3780
129.4435,50.3913,44.4608,100.2981
129.3846,49.2712,44.5536,100.5235
129.5796,48.8053,44.4207,100.5373
130.6322,48.4752,44.4615,100.3790
130.2865,48.4994,44.5153,100.6375
130.9640,48.5182,44.6449,100.5314
131.1975,48.0977,44.8180,100.6672
131.2088,48.5337,44.7383,100.7250
131.8261,47.3703,44.6808,100.6559
131.6167,48.4397,44.1909,100.2706
132.3625,48.5771,44.1625,99.8692
133.3716,49.2896,44.1588,99.3347
134.2100,48.7755,43.7746,99.3431
133.7023,48.3089,43.5945,99.1504
134.1987,48.0455,43.5747,98.7124
134.6429,48.3853,43.5698,97.8088
134.6798,49.7162,43.8918,96.9612
134.4460,51.0287,43.7174,95.6646
135.5468,53.3245,43.5363,94.8902
133.6085,53.3046,43.2969,95.4771
132.3823,51.6745,42.5549,97.3384
128.2312,50.2415,43.2220,96.7068
120.3420,51.6972,44.3878,96.1485
119.9075,50.6524,44.8587,94.6656
111.7872,50.6079,45.5574,93.9166
104.2775,48.0258,45.6091,94.4157
104.8871,49.2691,45.5771,93.8571
97.1950,44.3279,46.0517,94.2422
97.0834,44.1258,46.0249,91.7949
95.1098,47.3710,46.3906,89.0981
88.6782,47.6860,47.8043,86.7038
90.0627,49.1311,49.7151,82.6786
89.5787,50.9365,51.8881,79.2249
88.4011,51.0128,54.9764,76.2627
86.0335,54.1063,57.3302,74.7261
88.1349,54.4671,59.5346,74.1952
87.7589,52.7753,62.5801,73.3323
82.4691,51.9761,62.4499,73.3237
75.9280,50.3531,60.8861,73.5370
81.0063,50.0097,62.8729,71.4842
109.4947,48.7744,63.0476,72.6975
117.6829,46.6900,59.7575,76.0033
121.5520,42.6672,56.8828,79.0013
119.2958,40.2823,57.1488,80.4326
118.1756,38.4684,56.7639,82.1413
117.1881,35.4377,55.9450,83.3798
114.2076,33.2443,55.5577,85.3044
111.2075,38.9725,54.9029,86.2312
110.9544,40.0922,56.1212,85.3166
113.8779,41.7517,54.4435,88.5998
116.0337,43.7026,53.6268,89.6719
109.8996,46.6050,54.5924,91.4072
116.6175,41.7074,53.2078,90.9755
117.6145,46.7214,52.0772,90.6504
117.3267,46.4610,52.1208,89.1540
123.3071,39.2108,52.9720,89.4083
125.2626,34.1274,52.9592,90.0178
125.4783,41.3874,53.6898,90.5838
129.6307,34.5065,52.1820,92.8410
132.4678,28.4397,48.7972,98.3709
122.8129,38.9945,48.9505,100.1618
124.4300,44.6327,49.0574,97.7613
123.4289,47.2472,48.6530,96.1770
121.6346,49.2083,49.6405,93.5483
125.7983,45.0327,48.3179,93.4250
127.7733,42.7683,46.9388,92.8781
130.3815,42.0227,44.4184,93.3118
132.3816,43.2923,42.6857,93.4348
132.5134,50.9349,42.6024,93.2635
133.0257,51.9022,43.7089,92.7687
135.4939,48.2389,45.2778,91.4920
135.3770,46.3732,46.7631,90.4802
137.2871,46.6119,46.6324,89.7179
135.6819,46.7136,46.0818,88.7876
134.9338,48.3823,45.5727,87.6032
135.8838,51.9822,46.0578,86.3236
135.3062,59.0848,47.6802,84.3357
134.8241,61.7481,49.5130,82.3742
136.1106,65.1209,50.2002,81.6470
137.2029,71.2649,48.5553,82.4847
138.2389,68.3871,46.8275,84.3354
135.4451,74.0133,46.5007,84.6347
127.0786,74.6915,46.7430,86.0649
126.4288,71.9344,50.5015,83.2636
115.0299,63.8265,55.2773,77.8499
105.3483,61.3210,64.6238,69.6060
98.2644,50.6907,75.1820,61.6310
89.5785,40.0551,81.8123,56.1772
105.5064,36.0299,78.3695,58.8162
115.3595,31.7172,72.9518,63.5052
128.7142,27.3959,64.7827,70.9884
140.2245,27.5066,58.2555,79.6228
146.3167,29.4815,54.2778,85.2933
148.3150,42.5254,51.4964,88.3601
150.5732,42.3745,51.5060,87.6841
143.0043,53.0801,54.1776,84.3734
146.1933,64.4900,60.1934,77.5785
140.7131,71.2603,67.2934,69.8526
144.8296,79.3549,75.2462,62.6035
140.6670,86.6046,77.3110,59.9909
135.3707,90.0198,74.3241,60.1638
142.7523,92.6011,68.6309,64.9868
150.7404,86.9972,61.9175,71.9225
145.0464,77.8143,57.1839,77.8499
139.3428,70.6430,56.2601,79.1851
133.5894,62.8546,56.1240,80.6241
127.1629,62.4275,56.5572,80.4727
120.5034,59.9594,57.3719,78.8677
109.0824,52.9985,59.2790,75.9565
112.5893,46.3655,67.5530,68.9909
105.6636,35.0561,74.8103,63.0393
111.6043,26.9454,78.1748,60.9224
111.5558,35.2206,82.0112,56.8564
110.7104,39.5220,83.2334,54.7510
108.4406,38.9327,81.6985,56.2256
121.6802,37.6351,73.5707,61.7166
133.1084,36.2439,65.0023,66.9158
141.2919,30.5100,56.3368,72.5840
146.5386,34.4916,49.2447,74.1471
150.6133,36.1276,45.0704,72.2030
153.3570,33.4488,44.8982,69.0392
156.0688,41.3171,48.7260,62.7930
148.7838,46.6094,52.3252,57.4320
153.7651,52.3337,55.0047,52.1293
154.2201,57.7918,56.0103,47.8322
155.1716,60.9356,57.1656,43.8118
155.6376,63.4788,53.2620,45.3621
152.0639,64.3809,48.6061,48.8030
157.8743,61.6173,43.7373,52.1431
162.9228,70.2565,40.7990,54.6408
163.4047,70.3449,40.2730,53.8419
164.0690,70.2163,39.8463,53.0178
164.4898,70.0629,39.1155,52.3948
163.8693,68.7323,38.5814,51.0586
158.7291,69.7868,38.5753,51.4190
162.1940,68.0753,37.6038,50.7911
163.0551,66.7019,36.9020,49.6669
163.4432,64.8170,35.9879,48.6646
164.3904,66.5207,34.6186,49.4964
165.9704,64.1998,34.3657,48.8152
167.7298,65.1965,34.0267,48.5444
170.0140,65.2513,33.5929,48.4436
171.5393,62.6386,33.0481,48.5105
172.8902,63.8566,32.6302,48.8341
173.9704,64.8071,33.0779,48.6276
174.7193,62.2056,32.8717,48.6457
176.5051,63.5613,32.7197,49.1873
176.6340,64.0235,31.8002,50.7971
176.2924,63.7564,30.6549,52.3774
175.9827,62.7783,29.5535,53.3107
174.6137,63.8219,28.8787,54.4121
173.4978,62.7796,28.7580,55.1269
173.2499,62.7627,28.8072,55.2893
172.0479,61.4845,28.3851,56.5557
171.3744,60.7498,28.2962,57.7645
170.8813,59.7977,28.3664,58.3624
170.6130,59.2435,28.0858,58.4151
171.2255,58.5362,28.0913,59.0995
171.4430,56.9217,28.1796,59.5260
172.0582,56.1483,27.9858,60.4355
173.3555,54.4524,28.9051,58.8932
174.7780,56.7598,28.3346,59.1387
177.1656,52.9516,27.6923,58.9463
179.1554,50.9579,26.6587,59.1142
181.4660,49.1098,25.9068,59.5862
182.5176,47.7157,25.3091,59.9091
184.6754,46.5326,24.7985,60.2258
185.7058,51.9429,24.6972,60.4503
185.7097,48.8188,24.8620,60.0615
186.9792,53.6913,24.9799,60.0586
187.0570,50.6197,25.6641,59.0725
187.0436,55.3529,26.2542,57.8577
188.4794,58.8734,25.9274,58.5089
189.7645,58.9310,25.6654,59.0866
190.3092,55.4351,25.7720,58.2061
190.8415,52.3708,25.6122,57.7249
191.9749,56.3964,25.2356,57.6525
192.8004,54.3567,24.7857,58.0421
194.1882,52.3048,24.3906,58.0704
194.1413,51.4788,24.2513,57.6497
195.4954,50.1839,24.1809,57.2542
195.2873,49.0255,24.1271,56.6315
195.3517,53.8925,23.7182,56.8291
195.1552,55.8494,23.3816,56.8269
196.4988,56.6094,23.0861,56.9330
196.7440,58.0006,22.7017,57.3673
196.8337,53.2211,22.7650,56.8584
197.3146,56.2773,22.6493,56.5369
196.7072,58.7007,22.6334,56.4603
196.8013,54.3258,22.9701,56.0931
197.9045,57.8816,22.8882,56.5472
197.5384,54.9875,22.8554,56.1480
197.8307,56.7605,22.7607,56.0766
198.0130,58.9952,22.6635,55.9132
198.2987,61.1695,22.4308,56.2612
198.7177,55.8233,22.3618,56.3466
198.8018,59.2702,22.4646,56.0506
198.1346,54.8359,22.6031,56.2458
198.6050,57.8127,22.9715,55.8072
197.7547,60.2173,22.9558,55.9372
197.8991,55.4708,23.5510,55.2464
197.7370,59.2643,22.9808,55.8580
197.3999,58.0812,23.0557,55.0777
197.4301,57.2131,23.0459,54.3277
197.2138,56.0723,22.5815,54.2606
195.9434,53.8328,22.2313,54.3868
194.2368,50.5394,22.2332,55.1929
193.8841,56.9413,21.9027,55.5396
193.2354,61.0251,21.9572,55.2171
192.9410,62.3281,21.9590,55.6244
191.7226,54.6741,22.0975,55.4138
190.4880,52.8309,22.2694,55.2247
189.6948,56.7763,22.4510,54.5633
189.4013,60.4041,22.3402,54.3022
188.7629,61.0314,22.0002,54.6011
188.7497,56.6472,21.6878,55.4270
189.1670,59.8414,21.4561,55.4904
189.2401,56.8584,21.2719,56.0234
189.7845,60.0523,21.0370,56.1851
189.9498,57.2267,20.9282,56.7768
189.8051,61.1175,21.0900,55.9948
190.3446,58.9709,20.9457,56.5223
189.9867,57.1556,20.8008,56.3194
190.0722,60.7999,20.8827,56.2051
190.0982,65.2917,20.8777,55.5843
190.6139,66.6848,20.7516,55.7282
190.2009,60.7297,20.8531,55.8494
190.7567,65.0365,20.8131,55.3989
191.1384,62.5442,20.6388,55.7014
191.1911,59.8615,20.4360,56.5306
191.4328,65.6087,20.5722,55.8244
191.1659,61.8643,20.5780,56.1502
191.0123,59.7938,20.6268,56.4285
191.6052,64.6838,20.7270,56.0476
192.0107,61.5322,20.7059,56.5215
192.7138,65.9576,20.5888,57.4392
192.6240,65.4801,20.7228,57.6519
192.7394,61.5987,20.7984,57.9465
192.6524,58.4016,20.7663,58.6117
193.5856,64.2907,20.7647,58.9179
194.0339,59.3048,20.9074,59.0745
194.1650,57.8722,20.8554,59.4337
194.3935,63.8504,21.2278,58.9130
194.5776,64.3560,21.4886,59.0438
194.8591,65.0593,21.7854,58.6726
194.1515,60.0711,21.6044,58.8236
194.0837,63.2697,21.4503,59.0404
194.1366,63.4979,21.6373,59.0598
194.2166,58.7007,21.5859,58.9088
193.3410,54.9347,21.4671,59.0268
193.6062,58.4774,21.0938,60.3428
194.3503,60.3632,20.8240,61.6281
194.4053,60.4268,21.1153,61.3896
194.0082,56.0709,21.1332,61.1288
193.9889,59.7416,21.2309,61.0061
193.8310,54.8343,21.1668,60.5539
193.7856,57.3135,21.0325,60.7889
193.9469,58.7385,21.0409,61.2497
192.4516,54.8160,21.3586,60.4905
190.7649,58.1547,21.9055,59.6915
190.2079,53.9099,21.8623,59.4356
188.5763,59.3260,22.6404,57.8754
186.5982,63.0835,24.0957,56.1125
185.2518,64.7442,25.6311,54.2510
183.3329,68.8711,26.6033,53.3628
180.2836,70.5330,28.6468,51.3926
177.8028,72.6014,30.6692,49.7485
175.0252,73.2441,32.8473,47.9830
172.4565,73.8716,34.1651,47.1270
170.1238,74.3274,34.5507,46.8219
166.8581,75.0964,35.2410,46.1153
164.1383,76.0156,35.6203,45.7973
162.2081,75.4911,36.1416,45.4511
161.6873,74.8950,35.7101,45.8973
159.9166,73.2121,35.9489,44.3291
159.4732,73.6499,34.9115,45.1045
159.4869,73.4371,33.9624,45.6587
154.6291,73.8895,34.1052,45.4042
156.0011,74.4011,33.6808,45.9191
155.8277,73.7427,34.4762,45.7080
151.1605,72.7873,33.7712,45.9775
152.5594,71.2455,33.7986,46.3908
150.2205,70.1433,34.3108,46.9100
148.1493,67.4515,34.3466,46.6405
146.8368,66.0622,33.5059,47.1182
146.1329,64.9070,32.2038,47.7148
140.8088,70.0816,30.8461,48.7440
142.8618,66.9858,29.5720,48.6990
145.3758,65.4794,28.2024,48.6074
146.6108,64.6414,27.6196,48.3192
146.9863,69.1882,27.0773,48.4605
147.8248,63.9893,25.7422,48.4528
148.7431,58.9600,24.3523,48.6666
148.9202,53.9569,23.2819,49.0392
148.6124,51.1982,22.8918,48.1891
150.6040,54.3403,23.0310,47.0224
152.7384,55.5229,23.0910,46.3651
156.2103,55.1382,23.5213,45.9080
159.2369,55.7419,24.4405,44.8695
160.6958,56.7917,24.3632,44.9264
163.5809,56.5040,24.8002,45.0206
164.3028,51.2909,24.3828,46.1839
166.4773,54.0244,24.2185,47.4822
168.2511,50.8040,24.2939,47.8629
171.1387,56.6206,25.4690,47.8331
172.8438,59.7784,25.5749,49.4048
174.2664,62.5834,25.9621,49.8109
175.5184,64.8134,26.3760,49.8266
175.9716,66.5547,26.3797,49.6427
176.6960,70.7777,26.8567,49.0893
177.8319,73.9288,27.5163,48.3722
178.5138,76.6607,27.9959,47.3301
180.8944,78.4855,29.0368,45.6902
182.0494,79.9556,31.8039,42.1324
181.9566,80.5152,34.2799,38.8558
182.8782,85.4546,36.2842,34.9146
185.7740,85.5601,36.4115,33.0631
187.7723,84.4169,36.3881,32.0689
190.5460,79.6390,35.5862,33.6006
192.8285,72.7445,33.0693,37.3473
194.3066,68.0879,29.7217,41.2126
194.4368,63.6508,26.1180,45.3635
194.6124,61.7180,24.9645,47.2639
193.6523,61.8215,24.2047,48.2934
190.9549,57.3721,24.6793,47.5392
190.9244,62.5987,26.3646,45.7519
193.0933,67.5140,28.0027,43.5268
192.6004,67.8675,30.8201,40.0066
187.9525,63.6870,30.5858,40.2806
189.4337,68.1540,30.1477,39.5793
186.6024,67.2564,29.2040,41.0322
190.7306,58.8176,26.5819,44.5684
192.6494,54.1605,23.8475,47.6386
195.0954,49.5687,21.5229,50.0209
195.1143,45.0875,20.8999,50.7923
194.3618,45.6711,21.0178,50.6597
191.4813,41.2262,23.5389,48.0150
185.5236,37.0652,26.6440,44.5455
183.6401,32.7602,28.4316,42.9824
183.5678,35.6950,29.8256,40.6853
183.6579,25.6490,29.6302,40.2670
183.1769,22.3519,29.1106,41.1340
183.2467,18.4754,27.7615,43.0828
182.4514,23.4547,28.4371,43.5461
183.6945,18.6789,28.0122,45.3852
183.5804,17.9227,28.5119,46.0756
181.1849,19.8043,29.5826,45.8726
173.1918,24.8054,30.7684,45.9364
170.8940,24.2675,29.8426,48.5677
167.9669,26.8472,29.2866,49.6317
165.9345,27.0124,28.6272,50.0562
166.4397,31.3714,27.2313,51.5244
164.8740,35.5033,26.7859,51.6809
164.1528,40.4801,26.3603,51.9350
162.1673,44.0254,27.3986,50.3208
161.9163,46.2200,28.7796,47.7828
162.5866,49.4727,29.1872,46.6478
162.6050,54.8936,29.1740,46.3841
163.4821,56.9941,28.6255,47.2694
164.8414,58.7537,27.5854,48.7574
164.7783,59.6950,27.1511,51.3157
166.1124,66.5671,25.7174,52.7383
167.0498,64.4604,24.5379,54.8821
168.0995,62.9551,23.9736,55.0478
167.1777,60.8411,25.1044,52.7585
167.2837,57.1967,26.1752,51.5138
168.0061,52.8411,27.2002,49.8943
166.1012,46.8723,29.2312,46.8933
164.6548,46.1968,30.0675,45.2305
164.1700,48.1816,31.4029,43.5904
157.2262,52.0989,31.9065,43.0091
157.8109,52.7278,32.4272,42.0202
158.7899,50.2022,31.2407,43.4434
158.7980,50.6137,28.7486,46.2076
151.5697,57.2040,27.2790,46.1148
149.2623,59.1860,27.9296,44.2014
145.1778,62.4822,29.4217,41.3358
143.2333,64.0388,31.1986,38.8585
139.1927,67.3093,33.6287,35.9990
135.9697,70.1196,35.3644,34.0453
134.2211,72.1616,35.1171,33.5886
132.2519,74.6480,33.7252,34.7486
135.4250,76.1129,30.7527,35.7843
133.0507,73.0734,29.2916,36.9162
136.0873,70.7106,27.1641,37.5879
138.6523,71.7110,25.6038,37.0648
140.2172,70.0334,24.5212,36.6664
141.3276,68.7415,23.5616,36.4542
142.8482,67.7344,22.9265,36.3187
144.0701,67.1426,22.2971,36.2538
146.4178,69.3688,21.5693,36.2099
147.9151,68.8491,21.1147,36.1785
149.4414,70.5379,20.7539,36.1817
150.4204,69.0734,20.5510,36.1760
151.1967,71.2574,20.2990,36.1661
152.0443,70.9543,20.0888,36.0697
152.1538,71.6068,20.2054,35.8659
152.8297,71.2628,20.2940,35.5693
153.0829,73.6698,20.3176,35.4928
153.4659,72.9018,20.2640,35.6472
153.0820,73.2240,20.1108,35.7204
153.6979,72.6818,20.1623,35.7255
153.8484,72.2630,20.0049,36.0461
154.1485,73.7031,19.7840,35.9914
154.3651,72.8269,19.7279,35.6769
154.1675,73.9796,19.4248,35.8412
155.0248,73.3890,19.0467,36.2323
155.0130,72.3283,18.8706,36.5887
155.2382,71.7949,18.8578,36.7585
155.4538,70.5665,18.9554,37.0529
155.0424,70.7387,19.1173,37.2459
155.1460,69.4362,19.3574,37.4137
154.6584,69.2628,19.7630,37.5707
154.7826,68.5508,20.1044,38.0910
155.2133,67.6447,19.9516,38.9256
155.9408,68.0262,19.6956,39.5315
156.3265,65.9958,19.1049,40.5242
157.5710,66.3188,18.6037,41.3490
158.4523,66.3389,18.4324,42.4668
158.5002,66.4676,18.0895,43.1860
158.9807,65.4711,17.8775,43.9858
159.4075,67.1771,18.2615,43.9860
159.0495,64.6189,18.5030,43.7339
158.4871,65.8353,19.3968,43.3443
158.4629,66.3720,20.2796,42.9176
158.8889,67.7603,20.2308,43.5632
158.3591,67.3114,20.8919,42.9775
160.0205,67.9997,20.3910,44.0617
160.3096,68.5263,20.6057,44.2551
161.1446,70.1705,20.6499,43.9594
160.8123,69.4037,20.5486,44.2710
161.1050,70.0398,19.9739,45.0209
160.9865,70.0862,19.8741,44.9961
160.8709,71.6810,19.5849,44.9796
159.9712,72.2177,19.4479,44.9966
160.2238,72.8164,19.4667,44.7394
160.6196,73.9864,19.5601,45.0261
160.1432,75.1276,19.5270,45.4544
160.3015,75.4123,19.4234,45.3653
159.9584,73.8565,19.0158,46.0393
159.7366,74.0739,19.0127,45.9811
158.8809,72.1432,18.8407,47.0252
159.7360,73.8778,18.9680,47.2845
158.5707,74.1960,19.1143,47.5667
158.8826,74.3935,19.2899,48.0677
157.8907,73.6311,19.4992,48.3508
156.7535,73.6536,19.5622,48.7707
157.8056,74.0498,19.7945,49.4990
156.0742,75.1447,20.2798,49.6269
155.5123,76.5599,21.1858,48.5808
153.8008,76.7854,21.6623,48.3056
152.1714,77.1801,22.0814,48.0882
151.5049,77.0597,22.2783,48.1971
148.8236,77.5896,22.8755,48.1163
140.9387,76.7956,24.2479,47.4775
141.0964,77.1134,25.2657,47.1536
139.8659,77.0986,26.5484,46.8395
137.3876,76.4833,27.4946,46.8277
136.7590,79.4754,27.7267,46.5773
138.2273,77.7285,27.5115,46.6908
139.9249,75.4101,27.9842,46.7667
139.0570,75.6913,29.2894,46.3235
138.6928,75.7372,29.8156,46.7064
139.2149,75.0724,30.4601,46.7082
140.9273,73.7473,30.4473,46.7568
138.4604,73.2783,30.4109,47.7113
142.7740,71.2384,27.7676,50.2539
143.6023,72.3270,26.3246,51.5921
145.7667,69.5749,24.4759,53.4691
144.9905,67.4679,23.6226,54.3673
145.8596,66.6831,23.0097,55.6275
144.8989,66.0061,23.5864,55.6955
144.2891,68.3136,23.3454,56.8243
144.3952,68.0007,23.2512,58.0412
144.2819,69.1874,23.4640,58.9602
142.6472,69.4410,23.7900,59.5451
142.6096,69.4906,23.6330,60.4807
143.4694,68.3142,23.7611,60.4343
142.5088,69.1137,24.0569,60.7656
142.1375,69.0852,24.1386,61.4944
140.4801,69.6489,24.4721,62.4479
141.4064,69.6496,24.4001,62.6318
141.1280,69.8329,24.6243,62.8538
141.4026,70.3264,24.7214,63.1529
140.5735,70.4216,25.2090,63.3376
140.7360,68.2042,25.1851,63.5868
140.4197,69.4678,25.3452,64.0441
141.1825,69.3861,25.1239,64.6661
142.0847,68.8024,24.9449,65.1816
142.8956,67.9795,24.8993,65.4941
143.4787,68.0224,25.0024,65.3205
143.3829,67.9683,25.2790,65.0496
144.4420,67.9527,25.2813,64.5388
144.0497,67.0365,25.4245,64.0896
144.2987,67.6298,25.5467,63.8512
143.9716,67.0295,25.6880,64.1898
144.0291,67.0676,25.7095,64.1339
144.2990,66.9856,25.6154,64.0203
143.6947,68.1053,25.5416,64.0543
144.0553,67.0996,25.6254,63.0787
144.1463,68.1419,25.7118,62.8877
143.4930,68.7995,25.9361,62.8843
143.2840,68.6342,26.1889,63.2464
142.4760,68.2714,26.6447,63.3352
141.6257,69.2874,27.5610,63.0131
140.8714,70.3194,28.4656,62.5688
140.2866,70.6935,29.2426,61.9112
140.6371,71.7703,29.7383,62.0284
139.7691,70.8105,30.3793,61.6858
139.7805,72.0961,30.8820,61.4027
139.7321,72.1782,30.9570,61.6162
140.4782,72.0592,30.8243,60.9164
