1
194.1547,25.9672,76.6083,78.9372
193.7390,25.5464,78.3088,78.0817
193.6743,26.1892,78.5814,77.9529
192.4318,25.8740,79.4121,77.8160
191.0011,27.0760,79.6086,77.8711
191.4331,26.9053,80.5200,77.1829
190.2699,27.7195,80.2346,76.6969
191.8414,28.6924,79.0910,77.9058
190.4485,28.3516,79.6048,77.7576
190.9034,30.5231,78.9806,79.0797
190.4840,30.7327,78.3391,79.4405
189.4885,33.1525,77.0005,80.7391
185.8399,31.9362,77.6757,82.0501
185.5351,34.9332,77.5034,84.2279
185.7090,34.0323,78.5554,85.8969
184.2132,35.1100,77.3757,89.0466
183.1101,35.8881,77.7790,89.6540
184.3526,36.4385,76.5917,91.8466
181.7615,36.0674,75.9056,91.4842
182.8612,38.3077,75.2895,93.3064
181.5126,41.3974,75.7561,91.6944
183.0521,43.8501,75.9126,89.8273
179.8101,45.4385,75.8818,87.3286
183.4066,48.2047,75.0514,85.4019
181.2730,48.4597,75.2977,85.4282
183.5659,49.6576,73.8927,84.2242
182.0026,50.6090,73.9713,83.4334
183.1226,50.6937,74.2597,82.7430
185.6408,51.2049,73.6734,83.2882
186.9826,51.0520,73.6671,82.8444
187.2496,50.9503,73.8935,82.6354
187.6044,51.4472,72.6868,82.7561
191.2599,51.6140,71.5786,83.6069
195.0513,52.6816,67.7094,84.9062
200.8950,50.7273,63.6996,85.9898
205.0590,50.7335,60.0527,86.7894
206.5192,50.4834,57.6086,87.2054
209.9607,50.6091,56.2311,86.6351
211.1882,49.9721,56.3184,85.3241
213.2256,48.8080,56.0589,84.6949
214.8415,49.6076,56.0107,84.0594
217.0699,52.2215,55.0704,84.1677
219.0704,52.9361,53.8976,84.2391
220.4603,49.5563,53.8003,83.9907
224.2433,50.0286,52.0803,86.4146
222.3981,47.8940,51.3836,87.1666
220.6302,49.0652,50.9159,88.3108
220.9056,45.6458,52.2149,86.5752
221.3136,45.0062,52.1389,85.7505
221.3717,45.0360,51.7467,85.7802
216.8405,43.5029,53.2074,84.4565
214.7459,41.7725,54.3670,83.5140
212.3980,40.6838,54.6487,84.5866
211.9827,41.7735,52.9953,87.1861
211.3356,39.4618,52.8018,86.9820
207.1471,38.4841,52.4620,87.9256
206.9376,37.6923,50.7618,90.1278
207.1885,38.9235,49.5898,91.5456
206.0351,39.3155,49.0746,92.4979
203.5768,36.7063,49.4756,93.0267
202.4150,38.6669,50.5472,92.8733
202.2061,39.7644,50.9380,93.3352
199.5732,40.1123,51.1664,94.0840
194.7850,39.9891,52.1043,95.2472
191.4453,40.7771,53.6484,95.2583
185.5563,40.5781,54.8679,95.4410
186.1669,41.9173,54.3655,97.3876
181.2613,49.8577,54.6779,97.1137
178.6700,47.1662,55.0602,97.9087
174.5683,56.6161,56.2352,94.7915
169.3742,57.1771,57.6979,94.0091
163.9347,54.7629,59.8500,93.6271
157.5828,58.2447,62.4857,91.3222
151.7763,60.0738,66.3639,89.4850
152.0587,60.3328,68.6866,88.8861
149.6306,61.6141,70.0484,86.6960
146.4133,64.3417,72.3749,84.5287
144.2365,66.9563,74.0773,82.1009
139.7032,70.9652,74.1222,80.3103
136.9920,70.6750,73.6017,81.1408
131.8610,73.1049,75.5826,80.4427
127.2981,74.9308,77.6108,80.2797
122.7131,79.1489,79.4181,78.5345
118.9726,81.6858,82.8985,76.0841
115.2259,81.0909,82.3864,74.4994
109.3284,80.4646,82.9958,77.1964
110.5597,80.9194,82.0782,78.9483
106.0900,81.9640,81.4192,79.1996
104.0517,85.0300,79.8236,78.5089
103.7342,89.5634,77.7610,77.9767
101.4511,91.3239,77.8125,78.3898
99.4976,94.2169,78.2209,77.8097
93.9420,96.9987,80.7376,77.1375
90.7038,98.1771,83.8221,75.6547
87.6872,102.2480,86.8011,75.2729
86.8044,105.3063,88.5682,74.2911
87.7636,108.5312,87.7150,73.8623
85.1551,112.6553,88.8672,73.0699
84.4292,113.0223,87.4888,74.6170
86.1134,114.4558,87.8617,74.0604
83.6281,117.4596,86.7867,73.4883
80.7512,122.2301,89.6876,71.2175
82.1837,119.7011,87.5771,73.1719
84.5987,125.5611,85.8135,72.7015
93.2064,126.2706,80.9969,72.5859
96.6316,128.1660,80.3131,69.1683
97.5862,131.3532,80.9544,66.9789
101.0079,131.4088,80.1548,65.7478
104.1908,132.5659,80.1821,65.7451
108.4620,130.5452,82.9488,65.7552
113.1156,127.3816,84.3046,67.5195
119.2844,125.6016,82.1329,70.0675
123.1542,121.5771,77.4166,72.3959
127.6450,116.0896,72.8540,75.4958
129.0175,116.0213,71.3557,77.2447
133.8284,114.4368,71.6726,78.2269
133.8540,113.6564,71.4617,78.2618
142.0661,111.6053,69.0371,80.3987
147.9989,110.3098,66.1747,82.4128
156.6482,97.4240,64.1150,86.5818
162.7218,93.8677,61.1629,87.3286
166.4413,87.5694,59.2466,87.5842
169.5853,82.9324,58.1666,87.1210
173.8306,77.3379,58.7637,85.8721
187.2271,65.4045,58.6859,86.4158
189.8672,65.7552,57.4550,87.1859
190.5910,64.0488,57.5226,87.4831
194.7063,60.0472,57.2426,87.9837
197.2191,59.9416,55.6425,89.9371
197.2655,60.2089,54.9812,90.6195
197.9916,50.3112,53.8168,91.9315
198.5973,49.2184,52.8431,92.6337
208.7571,66.4799,53.8229,90.8434
216.9787,90.4294,54.8924,89.4573
218.7482,94.6697,55.3274,90.9211
218.6559,91.9853,55.1961,93.6673
220.1739,96.1998,54.8551,94.9952
220.2854,95.7092,55.7203,94.7870
220.6710,90.3701,55.6807,96.3313
222.1379,79.4826,55.9464,97.9370
224.4390,77.1052,55.8162,100.7220
224.5814,77.7379,56.0287,103.6795
224.4216,77.2678,55.4264,105.9792
223.2491,74.5894,55.1772,108.0980
221.8428,73.2439,54.6280,109.3757
220.2456,73.1044,52.8827,112.2976
218.4731,75.8468,53.0514,113.5346
218.1415,79.1027,53.5230,112.7131
218.4672,82.5378,53.3548,112.5558
215.8935,86.1722,53.9547,111.3791
214.0257,89.6710,54.9201,109.1380
213.7644,91.4506,54.6809,107.8420
212.7699,92.4193,52.7628,106.5417
212.9538,93.4803,50.3954,106.8176
213.2719,95.3959,48.4300,107.5658
213.5263,97.5364,47.2851,108.5388
214.7270,98.4320,47.1591,109.0257
214.1249,102.9198,47.8578,107.7398
212.0714,107.0937,50.3922,103.4721
212.2090,113.2597,51.9467,99.6426
211.9147,106.3756,51.2110,101.6352
212.1082,117.4940,51.7082,101.1261
212.0204,104.3216,52.5398,100.3934
211.2213,105.1554,53.1141,99.6843
210.9163,105.6071,53.5648,99.1344
211.5277,115.4636,54.2693,98.4739
211.7350,123.5749,55.7572,96.5989
211.0065,124.4862,56.8781,94.9058
211.6045,127.6941,56.6079,94.8515
212.7976,126.6212,57.4704,93.7682
218.9786,127.6477,58.6169,92.2752
214.4250,129.1240,58.2163,91.9470
212.4701,126.3229,58.2315,90.2827
210.1198,138.1862,59.7050,85.6127
207.2007,135.4035,60.2917,82.3756
204.1197,130.5968,59.6812,82.1742
200.3433,131.3169,61.5542,80.0739
195.1988,130.8472,63.7279,77.5919
191.4274,131.0327,66.8287,75.1794
189.0092,131.0467,68.7792,73.6045
187.2559,130.3717,69.3450,73.4056
185.6880,128.6300,70.5944,72.8830
182.4212,127.2703,72.5165,72.1413
179.3930,119.2593,71.7777,74.2676
178.6814,121.9888,71.5436,74.3851
179.2013,116.7840,68.1534,77.5361
177.8384,118.3344,65.7351,78.3455
175.7792,109.3607,62.6776,82.0421
172.9882,100.1974,59.3036,86.0843
172.0161,96.8089,55.5461,89.2155
169.5453,90.9743,53.0824,89.9423
167.3164,85.3609,52.8321,89.1678
164.1597,84.3369,53.8152,87.0226
160.3273,82.2319,53.4579,86.1747
157.5520,78.7497,51.9595,85.7368
155.1417,74.1728,51.6326,84.6709
153.0802,68.8063,52.3992,83.4794
146.9184,67.2972,54.3990,80.7232
139.0130,68.7292,55.1369,79.1229
132.5556,65.3132,55.9165,78.5585
124.4279,58.9333,57.2273,80.0565
118.3867,56.7877,58.4626,81.1007
111.6908,58.8274,61.6753,80.4048
107.4973,58.8412,65.0956,79.1519
106.3892,51.6710,64.6666,83.4181
101.5786,49.0727,66.2407,85.2907
99.2395,46.4402,66.6982,88.5501
94.9619,42.5902,68.7568,90.0112
91.3669,38.1950,71.3327,89.9991
91.5623,36.5991,72.2198,92.0046
91.0426,34.2366,72.4548,92.3103
89.4770,33.2125,72.6439,92.3758
90.0301,30.2950,74.0254,90.4176
82.1842,27.5555,78.8457,86.5537
72.9130,31.0524,84.8689,82.5458
65.5345,32.8984,92.1198,79.3505
64.5936,34.0275,97.0271,78.5684
54.3228,36.0101,103.7316,76.7260
49.9481,38.9211,109.0814,74.8035
45.6620,41.0829,108.7148,72.8138
48.6484,45.3483,108.6497,70.9686
46.4929,46.9243,106.1839,69.0041
45.9926,51.1800,104.8955,67.9158
44.8287,54.1624,103.1048,66.8154
46.1496,52.2979,100.7571,67.5117
49.1482,54.5733,97.0452,68.9642
51.6866,56.4342,93.3984,70.0222
57.5907,60.1600,89.6967,70.8080
65.4433,58.5932,87.8232,72.9166
67.3268,61.7191,87.7680,72.2181
68.2177,64.3381,89.6865,70.8606
69.2177,67.6687,92.1408,68.1253
65.0552,70.6390,97.1046,65.0443
66.8504,73.1767,98.6181,63.8066
71.3463,72.5958,96.3752,67.0067
73.2060,74.6687,95.5499,68.7340
81.3721,68.6068,90.7197,74.6213
88.1742,60.4536,84.9744,82.9179
91.3862,58.3223,80.6569,89.0481
92.9622,56.1588,77.5537,92.9035
96.1296,55.2402,75.0016,96.4382
98.4455,52.0184,73.0202,98.2487
100.9401,48.9224,72.4598,98.3792
100.0649,45.8766,72.1105,98.4705
100.9425,46.0216,72.5758,98.2495
101.5810,46.9780,73.2236,98.1736
102.6103,50.7386,74.5173,97.2455
103.1023,53.4289,75.3166,95.6649
103.8658,55.8973,76.2694,95.7790
105.9220,60.6953,78.7208,93.6610
107.9207,64.9485,83.2294,88.9042
110.4231,73.1971,88.8913,83.0473
114.7917,83.0298,92.1820,79.4194
124.7379,90.1655,93.1898,77.6436
127.9211,91.2947,94.1304,76.3616
130.8437,92.2609,95.3429,75.4915
134.9019,93.4497,94.2788,75.6103
138.7916,94.3486,92.5613,75.9731
143.7061,94.8632,91.1118,76.4379
147.7850,94.8602,89.7139,76.8330
149.5218,92.8053,88.2521,77.1787
149.9288,95.1283,88.0225,77.1629
158.9575,95.8205,85.9567,76.5691
157.3505,98.5792,87.7674,73.2092
164.6784,100.5481,88.1435,71.2579
166.9961,99.5275,88.9157,70.0813
170.5100,105.9919,89.5667,67.6012
169.1181,109.2941,92.5097,64.9092
174.3840,111.5602,93.5248,63.7694
176.6726,116.3156,92.5814,63.2843
182.2589,121.4137,92.5984,61.6338
190.5755,122.6516,96.5972,59.2692
195.2022,124.4470,97.6071,56.3713
197.4216,123.5270,98.4353,55.5404
200.4956,126.0307,98.5656,54.3046
202.0525,126.6402,95.0920,54.6639
205.2650,127.2391,90.4086,56.2682
210.2378,126.9408,85.7471,58.7369
215.8185,126.4541,84.8332,59.2060
220.4624,132.6802,83.5429,59.6832
224.2044,132.4185,82.6898,60.0672
226.9273,138.0273,83.8000,59.3415
230.5968,142.5791,85.2990,57.9794
234.8568,138.2208,84.2448,60.0298
233.5511,132.0828,83.0095,62.8321
231.1494,125.4043,82.2446,64.6736
227.7843,118.6101,82.1423,66.6247
234.3337,116.0599,83.1113,68.2507
229.9794,108.4985,83.8490,69.6204
227.1000,108.6886,85.4832,68.3184
222.8838,95.4333,84.7360,70.2097
220.4823,88.8975,83.7250,72.0246
223.0439,92.7692,82.9972,72.1034
221.5902,93.6325,82.9320,71.0702
214.9726,83.6855,82.8164,69.9334
218.1310,79.6363,78.4690,74.2214
213.7209,71.2055,74.7374,78.3650
208.6723,78.4827,76.0838,74.9343
205.3778,79.6385,76.6368,74.0101
202.7943,77.8811,76.4349,73.7781
196.4622,77.8822,77.9824,72.3596
193.5229,75.3996,78.1025,72.4487
191.6211,74.6938,77.1725,73.7176
188.3219,79.2292,78.6837,71.2118
183.7799,75.8938,79.1246,69.8551
173.5180,75.1309,79.5034,69.8481
169.7511,75.5389,82.7877,69.0808
166.1723,76.9608,85.7276,67.8779
158.3234,73.3993,86.5219,69.4725
151.4606,66.0602,84.7433,72.0147
149.7648,61.5485,83.6539,73.4070
142.2527,57.6323,78.5953,76.4894
138.9597,57.0167,76.3474,79.0481
133.8878,57.7852,75.5330,79.4106
131.9801,56.2228,75.9445,78.9003
129.0010,54.7306,75.1794,79.4373
126.8790,53.7551,74.4383,79.1828
125.8515,53.0221,73.9400,78.6139
126.8709,51.4087,72.2763,79.4660
125.4579,49.6380,72.7865,77.6882
123.2868,50.6740,70.9831,79.6787
122.3861,50.3814,71.0014,78.5040
122.4310,50.9788,70.0018,78.7634
122.2430,52.2255,69.8026,79.7728
120.8667,49.8556,69.2389,79.7564
