1
299.1707,136.3489,71.6544,85.2863
296.2215,139.2593,72.6145,84.4038
295.9451,143.6349,73.1673,85.5367
295.8736,145.2493,73.3103,87.3025
295.7155,144.7242,73.6265,88.3527
302.0856,144.3394,73.6275,89.1223
303.5637,143.2272,73.2313,88.7868
301.3274,143.4764,75.1554,88.2883
300.2997,146.1570,77.2106,88.0709
301.0746,145.4997,78.2623,89.3853
307.9901,146.2574,80.2633,90.5088
309.7267,140.4838,82.1665,91.3034
313.4377,135.6345,82.9369,92.8095
316.0987,128.5666,83.1482,93.1124
321.3856,128.7283,83.6729,92.7889
321.1489,125.4512,84.1463,93.7871
328.0925,127.4892,84.2646,95.3133
327.5054,128.3626,85.4386,96.3931
327.3943,121.3432,88.5231,96.1210
332.4304,116.5343,90.0795,97.0173
341.3434,114.5047,89.9291,98.1307
343.1062,111.4408,89.3643,98.3366
348.9569,111.1943,89.4832,98.8297
358.7798,121.5442,90.5899,98.8824
366.3018,130.7629,90.4613,101.3267
373.5616,132.5938,91.0372,103.7030
363.8688,120.5314,92.0318,103.3067
353.5526,108.4810,91.1398,102.8082
343.3329,94.6077,90.2088,103.0784
339.5062,85.9825,88.7355,102.0757
334.9437,84.6094,85.8482,101.8187
334.9703,83.8419,85.7952,100.4010
334.9393,86.7241,85.8570,100.4966
334.5720,97.1318,86.5917,100.2082
345.6850,110.4243,87.8839,100.0813
350.4458,119.1490,90.1963,100.3830
369.4130,146.1205,91.2642,103.4433
359.1178,129.5666,93.4661,102.8387
356.6778,120.4706,95.2556,102.4877
355.9585,109.0734,93.5807,103.4872
355.2551,97.5967,91.8850,104.7235
353.3405,88.2803,92.6196,104.7889
350.2642,87.7213,92.5575,105.9070
348.0328,90.7163,93.8967,106.1643
350.5849,100.5261,95.0907,105.4393
351.4781,108.2966,96.4611,105.6827
357.6139,121.0865,96.9198,105.5632
369.2695,148.4409,95.9244,108.2381
367.2101,149.1613,96.8296,110.0109
357.2700,134.4974,97.1758,113.2933
357.5388,127.4218,96.6381,114.1963
349.1641,117.0715,96.8008,114.9929
348.8086,110.2386,97.5118,115.3297
346.5085,108.6261,98.7630,115.2057
346.0256,115.4911,99.7289,114.9441
345.9652,126.2087,96.4711,117.1588
345.8376,137.5060,93.3661,118.0864
346.3090,156.3514,92.4232,116.9625
346.5405,170.2384,91.9602,115.5224
335.4254,166.9411,91.3552,115.5927
324.7425,144.7651,89.9469,114.3968
321.9859,134.7698,89.0358,111.9016
309.6739,123.7659,88.3858,108.6354
297.0057,114.2063,88.9334,102.9659
296.6868,116.7418,89.5713,97.8950
294.4061,122.6530,88.2297,94.9269
294.4783,127.0961,85.2013,94.6924
294.2986,137.4803,82.7287,96.5799
295.3158,156.0341,80.6943,96.1538
296.8348,172.3949,77.6563,96.8204
298.2136,193.7818,74.8988,97.9426
292.6420,184.9613,75.1785,99.2885
281.4841,166.4712,75.5668,97.8955
275.7112,153.7793,76.2084,98.7451
270.9922,135.6207,74.6487,99.3195
261.3271,127.1741,74.8495,97.0833
261.1322,127.3619,75.2394,94.0057
258.7301,127.4542,74.7211,91.1599
258.0197,130.8299,73.5328,89.6267
256.2125,146.0150,72.0147,92.6187
255.9921,161.3840,72.4554,92.9316
253.1389,179.3978,72.9628,93.2973
249.2443,189.4657,72.9119,94.0685
249.3367,191.7334,72.7270,94.7817
247.4270,182.9918,73.9144,93.8393
246.2191,177.7823,73.6930,91.0727
239.0536,178.7964,72.4771,89.0445
237.2235,185.5952,73.5971,85.6082
236.1328,194.1326,73.2730,83.5658
236.2469,200.0578,73.0448,81.5896
235.2112,209.6171,72.6820,79.5108
232.1152,211.5088,71.6856,78.1235
230.6441,215.3161,72.2692,77.5848
231.4308,217.9678,73.0554,77.0005
231.1529,216.1655,73.6111,75.8795
233.8748,208.9971,72.8755,76.0914
236.0517,210.1631,73.2133,76.1052
235.5341,214.1258,74.2486,75.2340
236.2453,211.9845,75.1802,74.8085
236.8712,205.1484,76.2905,74.3086
238.3655,192.7505,78.0450,73.0168
240.8781,184.7554,77.7770,72.3568
303.3929,160.8307,80.3996,72.9277
2
0
0
0
0
1
280.2993,147.9569,37.1774,60.6439
278.1138,138.2081,40.0191,58.7304
270.3309,140.2756,41.6518,57.6916
251.1075,136.5168,44.2336,55.8531
225.2327,143.7669,48.7778,52.3673
247.0314,150.4708,49.7727,51.7003
260.2417,159.3710,50.5170,51.4771
247.4745,149.6085,50.3524,51.7278
231.7158,143.5326,51.3267,51.0193
247.2010,158.7121,50.9796,51.2836
256.9355,131.9927,50.8357,51.5778
258.8755,139.6418,50.1815,52.4075
256.2737,165.4451,52.1540,50.8808
254.9001,170.1489,53.2788,49.5861
260.9223,168.8970,52.5719,50.4702
263.5406,141.3898,52.2032,51.9380
269.3884,141.5714,51.9877,53.2148
272.2140,145.6705,52.9633,51.6433
282.3401,144.2260,52.4789,51.2378
282.0017,142.4834,53.1557,49.8231
308.1100,172.1722,51.2058,52.0624
295.7601,170.7666,51.5116,53.2475
289.0374,152.5111,51.7595,53.4651
290.7184,158.6482,53.3685,52.7901
292.8399,160.9440,54.1409,51.5422
296.7206,161.3960,53.0363,52.3023
296.7071,161.6610,54.7221,51.7722
296.3519,160.6263,55.4324,50.4879
298.0121,153.9424,55.4473,50.5151
299.2939,152.2528,56.2201,50.5577
292.8531,158.6809,55.6541,51.1490
296.9650,156.1371,54.1566,52.8736
290.6812,156.4619,54.9259,52.2240
287.5528,162.8683,54.4336,52.9092
287.8950,162.1449,53.7491,54.3560
286.2850,159.0342,55.2667,55.4701
282.7802,152.6107,55.3008,56.1100
274.9831,148.1104,55.1046,58.0927
268.1158,150.2108,54.5793,59.2392
260.8650,145.3508,54.7446,59.9990
246.1418,146.8785,57.0933,58.7501
240.0726,144.6000,58.2861,59.6586
235.8506,169.5135,59.3007,59.9805
235.3683,170.5280,58.3869,59.8299
229.5962,149.2854,58.7612,61.3589
227.2308,153.0784,59.7090,61.3391
224.5638,151.7677,61.2305,62.0542
219.3190,148.0216,62.0127,63.7220
220.3925,146.4607,63.8258,64.8638
219.5062,152.5181,65.5984,64.9086
217.9953,149.8375,66.5650,66.1593
218.8494,148.9347,66.9468,67.9649
223.6341,156.4039,68.0003,67.8985
229.1997,161.7383,67.5698,67.9304
233.9638,168.5635,68.7110,67.0832
242.2861,174.0569,69.1739,66.7887
246.0708,171.0993,70.1688,66.2806
262.4913,171.0005,69.5567,66.4782
266.8421,170.3035,69.4237,67.8723
272.2204,165.9115,71.6396,68.0079
277.0564,178.5375,70.7636,66.9447
284.9815,181.2594,70.0925,65.8377
286.2241,188.0697,69.7476,65.0593
288.4523,187.6770,69.5364,63.7222
292.4062,188.0419,70.0208,62.9924
296.4891,182.0019,70.2310,62.5086
303.1887,186.0999,71.4582,60.5810
301.2016,188.6176,73.3548,59.7008
308.2979,188.4280,73.8105,60.0801
311.5101,189.9862,73.7033,59.0694
311.9649,189.6330,74.8814,57.6880
317.4093,181.4184,76.4926,57.4508
319.6442,183.0536,78.3348,56.2844
329.3079,183.1312,78.0231,56.1291
341.4554,174.7080,78.9952,56.1309
339.6442,182.5150,78.3769,55.3593
347.9281,182.0435,76.4970,56.3022
351.0530,189.4702,74.4177,58.1311
358.8248,190.8639,73.4581,59.5105
355.0490,192.1400,76.8277,59.0494
353.5219,200.4381,77.7467,59.5349
351.2675,184.4728,75.7840,61.2654
350.3180,176.3649,73.3724,62.3946
349.0867,161.4617,71.5624,62.2926
345.7981,164.9913,69.7130,63.6600
346.5973,177.0313,68.1145,64.7779
343.3341,197.4979,68.3629,65.6974
349.3007,213.9603,69.0964,66.5500
350.9276,204.8565,67.9785,67.6689
352.1621,197.1113,67.6457,68.2061
349.0952,182.6538,67.3612,67.1695
355.3180,174.8309,67.6274,65.8667
350.0291,159.7788,65.5917,66.5397
348.1194,151.8709,65.2496,65.7091
348.0645,144.7899,63.2971,67.4971
349.0807,169.8740,65.3835,64.6971
338.2845,176.6126,66.4909,63.5109
345.1975,182.7969,64.9478,65.4722
329.8783,187.5599,66.8322,64.1616
327.5772,176.3219,67.3088,66.0097
317.6305,176.4701,66.2075,65.7133
313.4006,165.6829,66.3574,64.4354
312.4202,159.4080,66.2584,62.5674
308.6602,168.6253,65.6643,62.3898
305.9686,174.5195,64.9981,62.7000
304.2310,173.8558,64.4516,64.0273
301.3986,189.4158,64.0464,65.2800
298.4034,199.8187,63.9270,64.8403
303.2929,204.3332,64.2872,63.9226
310.1952,194.8187,64.6158,64.7801
304.1418,188.8772,64.4963,64.4368
304.0015,183.3091,64.7769,63.3902
303.6097,180.4458,65.5605,61.0435
303.6876,187.2578,65.4047,59.3801
303.8661,193.0239,65.0477,59.6352
302.4848,189.5824,63.8841,60.6291
300.8615,196.5910,63.2094,60.3365
303.0922,198.1323,62.6390,61.1450
303.2809,190.4838,62.2617,60.8474
298.5173,177.1344,62.0953,60.4046
291.8745,167.3554,61.8774,58.7425
289.8148,160.5091,62.1980,57.2401
287.1371,164.0934,61.9120,55.7132
287.4408,168.8538,61.3045,55.4509
289.0264,178.9416,59.9714,55.4943
290.7643,186.2728,58.3135,55.3760
292.8585,187.6163,57.7057,54.4794
294.1852,188.1102,56.8187,53.4916
296.5308,174.7302,55.6016,52.4599
300.4795,178.5180,54.5104,51.6906
303.4958,182.1501,53.4947,51.1157
309.0274,188.7685,52.3153,51.0573
308.8820,187.7038,52.6062,49.9310
308.2033,178.6662,52.3489,50.2453
306.5522,170.1644,52.4201,49.4776
304.7242,158.3881,52.8669,48.9624
304.1279,155.4846,52.4562,48.3561
303.7738,151.1490,51.5771,47.5037
302.7407,149.1455,50.5235,46.8308
303.8860,149.4475,49.7655,46.2268
305.7855,153.1114,48.9895,46.4562
306.1296,159.8535,48.3014,46.4984
306.6770,159.5161,48.6994,45.6804
308.1073,150.8976,48.8109,45.0841
308.6556,142.6669,47.7144,45.2834
309.2461,134.3456,46.5334,45.8177
309.6132,132.3299,45.7991,45.4859
309.8490,129.2319,45.3276,44.4942
309.9274,129.8232,45.1708,43.3116
307.3289,130.4763,44.7944,43.3988
306.3549,139.7415,43.9648,42.9232
302.6555,143.5187,43.1539,42.2101
302.8296,142.9116,42.8057,42.0800
301.2287,136.8718,41.9971,42.1288
299.4484,135.3796,41.5833,41.1388
298.5710,127.9924,40.7327,40.2806
296.7463,128.5092,40.5545,39.2470
296.2076,127.6677,40.3753,38.4166
296.3492,133.8609,40.0922,38.4374
295.9812,143.1808,39.5915,38.3469
295.4031,151.1318,39.5203,38.4004
292.0161,157.2776,38.9321,38.3793
291.6915,160.3240,38.3637,38.3741
288.6385,158.2268,38.4273,37.7345
288.1218,159.5374,39.4608,36.3127
290.4608,159.8029,39.5548,35.7817
291.6954,156.3618,39.4577,35.5477
294.6886,156.5524,39.3752,35.1666
296.2652,160.7838,39.7423,34.9177
298.3505,164.8407,39.0971,35.0300
299.8374,167.5389,38.4572,35.4681
297.2260,166.1972,37.8603,35.8235
296.2400,161.3543,38.6720,35.0670
296.2552,155.2671,39.8025,34.4715
296.6685,149.4735,40.1449,34.3695
297.5060,157.4062,40.8150,33.7475
296.5441,151.2601,40.3930,34.3109
296.9084,152.4645,40.8399,34.2530
302.3913,155.2298,40.5069,34.6296
302.3144,155.8223,40.6607,34.6270
302.1312,154.9349,39.8424,35.2171
302.3524,151.1874,39.4001,35.6232
304.4316,139.8268,38.7849,35.9036
304.2138,139.9040,39.2205,35.7491
309.7851,135.1704,38.7007,35.7738
311.1371,137.5971,38.3418,35.6109
312.7720,143.7243,38.5652,35.0006
314.5638,146.1309,38.4563,34.8202
314.6289,154.9461,38.3260,34.4938
317.1794,155.9146,37.8106,34.8496
311.7966,156.1762,37.1359,35.4704
310.0972,156.1028,37.1048,35.6172
312.0427,143.8726,36.6493,36.0290
316.4918,147.7684,36.9073,36.2492
316.0128,138.1139,36.7132,35.9732
317.1654,134.2323,36.6973,35.7238
316.7062,141.3689,36.4752,35.1361
316.8867,148.3504,36.1143,34.7054
316.3808,154.2042,36.0108,34.1500
318.8927,155.7580,35.4062,34.3566
320.0981,149.9424,35.1925,33.9034
321.9182,142.9765,34.8168,33.6902
322.4021,143.7854,34.9277,33.1513
322.9063,138.7246,34.9913,32.5526
321.7609,135.7878,35.1551,32.0452
322.3053,140.5434,35.1242,32.0558
321.1471,144.8127,35.3253,31.9787
322.1405,150.0450,35.4577,32.1098
322.1480,153.2109,35.4427,32.1604
323.1785,141.9261,35.5103,32.3797
320.2922,134.1723,35.9385,31.8544
319.0940,126.4305,36.2008,31.3313
318.2629,124.8543,35.7374,31.2953
317.2793,123.2200,35.5945,31.3988
316.7900,123.7425,35.5185,31.4082
313.1691,127.9584,35.3861,31.4041
310.6704,133.7445,35.1268,31.3967
304.4096,139.5510,35.0818,31.3030
304.2408,139.6345,35.4194,31.1359
307.8496,133.7485,35.5349,31.3847
307.7019,129.5841,35.8304,31.2867
305.1457,123.1139,35.6609,31.5508
308.3246,132.3792,35.6510,32.0635
307.9236,126.9415,35.3868,32.2789
308.0118,129.5050,35.2105,32.4785
305.8672,133.6813,35.2368,32.6519
305.8484,144.7754,35.2742,32.9109
308.6102,153.6985,35.1187,33.3163
308.8395,147.3864,35.7378,33.0092
310.6144,142.7156,36.5177,32.6090
310.6699,135.6633,36.4067,32.5674
311.0865,132.9766,36.6593,32.5118
309.8965,142.0754,36.8616,32.8240
311.2258,148.7024,37.4938,32.7334
314.4606,157.5102,37.6560,32.8027
318.9943,167.1882,37.4600,33.4075
322.7740,147.1579,36.5941,33.3075
323.6040,144.8088,36.0346,33.6039
326.5715,141.9670,35.5822,33.8048
321.3909,145.6637,36.1097,34.0599
320.3473,147.5619,37.0921,33.5782
323.6981,139.0326,35.9533,33.9481
317.6671,147.1479,35.9077,34.2280
310.2458,156.0508,36.3928,34.0928
314.4753,149.2447,35.7029,34.3868
316.8661,147.5477,35.3361,34.4697
315.9182,148.6590,35.0333,34.4455
311.5988,152.3163,36.0133,33.6959
307.0752,161.0596,36.2794,33.7712
305.7870,163.3338,36.6499,33.6348
304.1049,165.3583,36.6942,34.0122
300.5826,162.8122,37.0591,34.6512
296.6344,164.2825,38.1806,33.9689
305.3541,151.6097,37.7772,34.3285
305.5029,152.0404,37.4796,34.6023
304.5963,154.1570,37.0229,34.9088
305.4980,148.1469,36.3522,35.6023
308.6688,138.2563,35.6762,36.1205
305.9157,142.1930,35.5291,36.1615
303.1210,150.1254,35.4737,36.1025
299.4429,161.9256,36.0668,36.1726
300.6872,168.2836,35.8535,37.1082
299.0135,170.1359,35.7541,37.9995
293.1510,163.6052,37.0270,37.1248
303.7275,156.1376,36.8935,36.8794
310.5819,146.5262,35.9640,37.5138
314.8496,144.6572,35.5281,37.7805
318.6017,141.9290,36.1044,37.4652
318.5476,158.5069,37.3711,36.7483
322.0776,167.1549,38.4815,35.7934
325.6622,176.0452,39.4988,35.5551
328.2616,183.6908,40.2079,35.6239
342.7396,176.8023,39.8996,36.2707
345.8063,177.9941,39.7621,36.2855
350.3694,184.0556,40.2142,36.1355
355.2510,191.5573,40.0664,36.7570
367.8177,197.7583,40.3332,36.4504
357.4527,197.4165,39.3049,38.3428
370.8430,198.9503,39.4253,38.9436
376.8552,206.1495,39.7423,39.3549
369.9585,210.1899,39.8340,38.7480
2
