1
511.2512,198.6285,54.8184,30.8161
506.2423,197.7321,55.4893,31.2736
494.2629,197.3766,53.7416,31.9846
481.4837,198.3575,52.5180,32.7011
476.8438,198.3714,52.4672,32.6733
458.8416,198.3403,51.1838,32.7354
441.0819,193.0371,49.9237,32.8334
436.1806,192.6512,48.0598,33.6052
425.8493,191.0033,46.9450,34.3389
414.9445,190.1194,45.7830,36.1067
407.2001,185.9785,44.5362,37.9517
395.2723,176.1744,43.7301,39.3883
383.8667,185.8801,44.2966,38.2959
375.5251,182.6496,44.0823,38.2578
358.0548,182.8570,46.6258,36.5471
343.3216,184.2881,48.6368,34.9923
340.7052,180.5300,48.6191,34.6328
327.9708,175.1360,50.5724,33.6632
318.1784,171.3776,51.6794,33.2608
311.0059,169.2642,51.3971,33.4983
302.3930,165.1784,51.3395,33.6931
279.9388,159.7446,50.9644,33.9056
266.9805,153.3974,51.6154,33.3024
259.0927,145.3455,50.1075,34.7818
261.7574,159.8359,51.4352,33.7601
266.8262,160.1568,51.9729,33.1181
277.4366,149.7073,52.0605,32.7089
2
0
0
0
0
1
176.3363,163.5300,53.6688,28.2101
172.2031,161.4356,51.7451,29.8513
154.9569,156.9376,51.8567,29.9338
139.4353,150.8148,50.9895,30.6915
149.2400,147.1618,47.9725,32.8921
152.1298,148.3159,45.9966,34.3877
134.8616,161.9594,47.7057,32.3525
126.6022,165.0187,49.1650,31.2538
122.0551,176.8285,49.4494,31.5468
111.0916,182.2555,46.0221,34.6376
114.3692,186.6749,43.2681,37.2025
116.8671,190.0636,42.0713,38.0232
123.1025,194.0710,40.9489,38.8348
125.1883,198.4831,40.5462,38.8048
131.1738,199.5445,39.8212,39.1812
134.0032,204.4228,39.1388,39.3775
137.5719,203.0131,38.1838,39.7240
139.7200,206.6540,37.5681,39.8032
2
0
0
0
0
1
166.4285,179.9738,36.3592,30.3728
167.9957,178.9474,36.3743,30.3259
168.4313,179.5245,36.5525,30.2210
173.0694,180.7051,36.7296,29.9605
178.3948,183.2931,36.5676,30.0289
180.0062,185.9288,36.4874,29.9951
182.3704,186.2623,35.9418,30.3738
184.0798,187.6519,35.6533,30.7248
186.4833,187.2756,35.0246,31.4776
187.8580,189.0760,34.3692,32.0644
189.4111,188.5947,33.3551,33.0269
196.5293,191.4584,32.7086,33.5719
202.1552,193.6475,31.8945,34.4125
203.4955,196.5511,31.3017,34.8693
206.6986,202.2701,31.1457,34.8898
210.8264,201.2911,31.2062,34.7688
210.2597,204.0061,31.3011,34.5317
215.8409,206.7746,31.5393,34.1770
219.3955,211.5190,31.6729,34.0005
228.3807,221.6729,32.3157,33.3398
223.4532,219.3382,32.8655,32.8396
228.7394,224.2984,33.6751,32.2318
225.8920,224.9608,34.1807,31.9448
232.3644,227.2290,34.7715,31.5733
237.4133,230.4584,35.1185,31.3814
239.3925,235.2047,35.3476,31.3102
226.8911,243.4369,35.1683,31.6339
240.4015,239.2966,35.4901,31.5014
238.1012,238.4482,35.8726,31.0892
243.2255,239.2014,36.1625,30.6366
249.8090,243.2749,36.6591,29.8469
255.9324,247.6314,36.9639,29.5017
261.1784,252.9542,36.9226,29.3066
261.2158,257.7277,36.8478,29.1309
262.1343,258.9484,37.0852,28.7640
236.0749,257.9955,38.4927,27.5649
239.3094,258.3889,39.2807,26.7782
252.2168,260.6377,39.3565,26.4231
263.0424,265.3824,39.3538,26.2116
270.2377,270.6052,39.3459,26.0393
273.3179,274.3269,39.3317,25.7664
272.3911,274.9609,39.1460,25.5179
274.0568,281.1348,38.8525,25.3220
271.4192,268.9569,40.1079,24.5530
269.3722,268.7664,41.1692,23.9232
269.1382,271.9255,41.6372,23.7011
267.9905,276.0184,41.8942,23.6692
268.5335,277.9573,41.8306,23.8811
269.7123,279.8208,41.5232,24.2547
282.0084,279.9625,40.5501,24.9982
276.3798,284.4395,40.5326,25.2689
282.1011,288.5685,40.4117,25.2450
276.6447,291.5501,40.0271,25.4440
274.2325,295.0539,39.7284,25.6087
278.9627,301.0700,39.4741,25.8515
290.2639,306.6590,39.3808,25.9281
300.5931,308.0561,39.1827,26.2030
302.2267,309.4746,38.9894,26.4397
288.6455,310.3010,38.4597,26.8381
287.6810,309.2690,38.3403,26.8536
284.6695,307.1740,38.2272,26.9530
285.3011,308.0943,37.9866,27.1576
286.3803,309.5547,37.8729,27.3039
272.5135,305.2800,39.0078,26.6460
267.5233,307.3311,40.7536,25.6319
269.6871,310.1449,41.6191,25.1973
265.9001,309.2937,40.8392,25.8556
266.7881,309.4164,40.1067,26.6537
268.5771,312.6629,39.6667,27.4827
269.8170,314.4943,39.2931,28.0325
270.1771,314.1760,38.5731,28.6691
269.1887,314.0837,38.4377,28.8535
266.7090,316.0569,39.1691,28.0783
257.9685,319.4628,40.8190,26.5435
258.1007,319.2849,41.6094,25.8445
258.6529,320.7992,42.6149,24.9258
255.3641,324.5895,42.8657,24.7264
254.6182,327.9070,43.3027,24.4205
253.6947,330.9745,43.0375,24.6219
256.4856,335.6659,42.7338,24.7395
250.9676,341.7091,42.1859,25.2900
244.6816,350.5921,42.1067,25.4463
246.0032,354.3570,42.6306,25.3064
257.5218,354.1811,40.8163,26.7194
263.0729,357.1855,40.2916,27.0572
2
0
0
0
0
1
241.4427,351.9470,54.2543,27.6436
247.5332,350.5355,52.2542,29.1939
252.1152,353.1823,50.7084,30.2490
266.7055,348.8153,50.6161,30.1300
260.2152,352.7985,50.9834,29.7315
253.7812,357.9161,51.2510,29.5767
232.6660,352.0400,50.5943,29.9764
234.5939,354.4893,50.5139,30.1114
232.2995,346.7907,50.0646,30.3947
