1
332.5773,110.5833,77.7073,15.1382
320.5386,113.9098,81.2589,14.5289
311.8379,115.8718,82.7347,14.2759
304.2977,115.8360,83.0252,14.5332
294.2567,116.6160,84.3792,14.6893
290.9550,116.2559,83.3678,15.5010
290.0660,115.3619,80.9230,17.9096
291.0976,115.3507,75.0988,22.3233
292.2534,113.2666,69.1171,27.3890
286.3448,110.5859,63.2192,32.6103
281.7657,103.6676,57.1820,39.4067
278.9906,94.4799,51.4998,46.3762
279.7603,86.7771,46.0518,53.3094
279.6918,79.3913,42.2419,58.5624
276.8717,61.4137,40.4023,61.7280
277.3906,50.5846,38.8111,65.9620
274.8849,35.7727,34.7346,73.6896
275.1462,21.9649,30.0636,79.3242
274.2596,19.5252,28.4081,82.5927
277.7659,17.4892,26.8686,84.8741
274.9557,16.7112,27.3547,86.2327
278.3072,15.3894,26.2091,87.1230
282.8329,15.4511,27.7272,85.5535
281.3468,13.5938,31.6963,82.9784
278.4633,12.8652,36.8414,80.7861
277.5663,12.1295,42.3454,77.7581
275.2235,12.2498,47.6542,74.0696
273.5183,13.0757,52.4379,70.9215
267.2438,12.7825,56.0732,67.3553
263.6107,14.6571,57.9127,64.1811
270.1830,16.2753,55.1409,65.2765
281.1247,19.7734,49.8309,68.1441
282.2682,19.8842,47.6927,70.1063
281.4804,16.7285,48.6921,69.0827
280.1427,14.8517,50.5452,65.2879
278.4687,15.9876,51.8108,62.2505
273.3524,23.5086,53.8805,59.5329
269.4650,30.2464,55.5268,54.7301
270.6334,32.6758,56.8445,49.7938
267.0837,38.1137,58.2952,49.4833
267.0046,39.4212,58.8398,50.9744
276.8537,37.4076,59.7151,49.5987
283.0420,35.0336,62.7947,46.4255
285.3857,37.0014,65.7664,44.2797
291.5222,32.4366,70.6838,40.3645
291.5473,34.6111,73.7321,37.5332
291.9012,36.2673,75.8362,35.7106
2
0
0
0
0
1
229.1287,105.9543,46.3024,45.0682
230.3760,106.9197,49.9282,43.7256
230.7483,107.9227,53.2865,42.8496
229.5882,114.6349,57.0493,42.0406
222.0343,127.9398,59.6848,41.3775
220.9577,130.8577,56.6585,44.6702
216.1958,136.3092,50.1234,51.4868
215.9394,138.3877,44.1294,58.4279
215.0385,144.4046,38.4591,65.1456
214.9035,148.7118,34.4699,70.6424
214.6444,152.7903,31.9738,73.9191
217.8376,158.3316,29.5124,76.6637
216.2487,163.9522,29.3680,76.3065
215.6513,165.9783,30.2386,74.1686
213.9333,169.1546,32.4070,71.5488
216.4960,171.3433,34.4525,70.3757
218.7285,174.1889,35.2213,71.2943
219.4983,180.5587,32.6117,74.1690
220.9949,186.0292,29.7197,78.4831
223.6516,196.5395,27.9241,80.5067
226.5895,203.2605,26.2616,81.5764
229.8101,210.6607,24.6850,81.9868
232.0491,216.2538,23.5430,82.6284
234.3120,222.8023,23.1813,82.2059
236.2927,226.6846,23.3113,82.7061
238.3760,229.6249,24.6276,82.5694
238.6974,239.4921,28.9387,80.3017
239.4719,250.1471,33.5127,76.8280
240.6159,260.1296,36.3941,72.6214
242.1676,268.1288,37.5266,70.1060
243.9536,273.4910,36.6024,69.4270
248.3295,275.6881,33.9211,70.9651
252.9972,279.9062,30.9657,74.4878
257.3648,280.5864,27.8434,76.8817
259.6414,283.7064,25.4249,78.9555
262.2900,289.3481,23.6957,80.0760
264.2170,294.5848,22.8639,79.9994
265.6518,299.4857,22.3990,80.0215
266.1784,304.9111,22.1430,79.7952
267.1714,309.6326,21.6595,79.5131
266.2926,317.9738,22.8589,78.1088
266.4843,321.2686,24.4237,78.4538
265.4614,328.8119,25.8075,79.7010
264.7962,333.3061,27.2985,81.7245
260.6030,343.8870,27.9083,81.4394
257.9711,349.4305,27.7689,81.8751
256.0714,356.8105,30.0437,82.8164
252.7050,367.3676,32.6344,80.4967
249.0124,376.1529,33.6722,79.4039
248.2597,383.3965,33.3889,79.1687
246.1460,387.2162,31.7664,80.6876
243.4779,393.0965,30.2769,81.6154
242.0961,394.2708,29.4847,81.6971
240.9164,396.4947,29.0018,82.0087
239.6243,400.4904,28.8327,81.1312
242.5359,401.2355,27.9052,80.7967
240.6651,404.4753,27.7967,81.0183
239.2344,408.2195,27.9747,80.4892
241.5581,410.7692,27.3908,80.0923
238.8428,414.0238,27.2615,80.0763
240.7921,414.1591,26.6830,79.7255
238.3537,417.9551,26.5694,79.6107
241.0719,418.7038,25.9441,80.7425
241.4877,424.5821,25.4978,81.2467
241.9949,430.0616,23.6121,82.9708
243.3321,438.5305,21.6735,85.7945
245.1663,446.5288,20.5150,86.5655
247.2037,453.2670,20.7752,85.2789
247.6216,458.0249,21.9931,86.4572
248.6238,470.3545,25.0143,84.5825
249.4496,482.3877,28.3100,80.3374
249.8324,491.3180,30.0682,78.6684
252.0818,498.6011,29.9223,78.2551
256.0468,502.2366,28.1818,78.0625
259.1176,507.1259,27.6735,76.9584
261.1423,510.6095,26.3641,76.9749
261.7296,514.0417,25.8715,78.1493
261.1418,517.7608,25.8326,78.8668
259.7776,523.0339,26.0479,78.9724
258.8764,527.1585,26.1185,78.7642
258.0282,531.9717,26.3258,78.3553
256.4706,534.8904,26.2023,78.0362
254.9540,540.2086,26.4470,77.5683
253.8196,544.3069,26.8744,77.1634
255.8188,547.0892,26.6842,77.8351
255.4747,553.5234,26.1341,78.5301
254.5591,561.5116,25.3262,79.8743
257.1926,570.7142,25.0663,80.3826
258.6340,577.7283,31.9667,73.1467
267.2930,586.6766,40.1671,65.9406
286.0202,576.6423,46.9735,60.8595
296.2754,564.9868,54.4124,56.4093
310.7346,555.4951,59.6049,54.0634
329.4510,544.4318,62.8002,52.9273
344.1195,535.2000,65.5256,51.3730
353.9285,526.6816,68.0991,50.7324
364.2882,517.9211,70.2849,50.3280
373.4509,510.6372,72.0926,50.3281
382.1541,503.2328,73.9571,50.1200
394.6646,499.8033,75.4899,47.9373
409.1421,499.2829,76.7927,44.2466
415.9377,494.8610,76.5396,43.0955
425.5475,493.2557,78.2749,45.9021
437.5424,494.1883,75.3745,50.7040
438.3027,502.2846,71.1711,54.5310
445.9000,502.6039,65.4889,60.1644
461.6396,499.3100,57.4801,66.0935
469.1578,500.0619,49.6143,72.0284
475.8194,505.1274,43.4913,74.8517
477.1492,507.0346,39.5548,77.2131
479.9430,515.2106,38.1767,77.8256
479.6660,521.0132,38.5270,78.3358
478.3805,525.5750,38.9435,78.5463
475.9101,529.9056,38.5795,77.9833
474.7535,534.9565,38.2975,77.2538
476.5192,539.7803,37.9130,77.3233
475.4334,545.6375,37.4816,76.9090
474.7245,556.7878,39.2809,76.2756
477.6286,570.1317,42.6014,74.6433
481.6464,582.2670,44.2467,73.3888
486.7002,592.8192,45.4488,72.1416
491.3339,602.3450,46.4445,70.7619
495.7946,608.3059,47.4287,69.9626
502.9679,611.1464,52.4973,64.9646
501.9122,617.6910,53.3061,61.6307
509.5393,609.5781,49.8206,67.3254
526.4805,596.1043,45.2975,74.8743
528.0667,570.6139,45.1377,77.4963
540.5960,550.8669,42.5874,81.0466
548.9474,531.6131,39.9802,84.1783
555.4378,514.0514,39.7187,85.3964
567.1835,505.7211,43.7820,81.1034
569.6294,494.6251,50.8130,71.2866
571.0715,495.0199,58.7440,64.3614
589.7656,498.4185,63.5901,62.9891
604.0165,512.2485,69.0770,61.2428
619.5336,526.8868,70.8816,59.8337
637.8768,533.6736,71.1134,61.2432
646.5986,539.8851,74.3828,62.3662
656.6946,553.3766,76.1621,61.3599
665.8467,560.9719,78.3423,61.6661
676.1542,568.9748,79.9909,62.2072
683.9152,577.0593,81.4545,62.9826
690.5575,585.1066,82.6402,63.2165
699.8729,593.2584,82.9734,62.6635
708.2833,599.5970,82.3000,62.1269
716.2386,605.6467,81.7686,61.6015
722.7455,608.4537,82.8858,59.3258
736.8552,608.1198,79.8589,58.0335
738.7545,616.0051,79.1754,54.2087
740.8167,618.8880,79.8500,51.1858
747.1321,623.2114,80.5783,48.8655
753.4949,626.7785,80.3463,48.0081
759.9846,625.2736,80.0081,48.2771
765.8496,622.4769,79.8816,48.9037
772.2950,617.9700,79.3979,49.1762
775.6567,613.8086,79.8059,48.1585
777.3205,610.4124,80.6128,47.1787
783.1107,609.1279,81.3241,46.4968
797.8312,613.3705,80.9533,45.0366
803.9413,608.4731,85.2501,39.1262
807.6865,600.4659,90.5704,35.6245
814.6585,606.6989,95.9693,31.2602
821.5999,611.8062,100.3368,27.5456
828.9348,609.4500,101.8937,27.1370
836.6735,612.8787,102.9044,26.0784
847.0051,614.6464,102.3447,25.9472
857.0178,615.8097,99.4273,26.5801
867.6937,614.7242,96.5524,28.4669
881.5535,616.4006,94.3281,28.6977
884.9805,613.7456,95.4393,28.0142
893.2584,611.3642,95.1752,28.1823
899.4402,611.2963,95.9567,28.7515
912.2521,607.7829,93.8979,29.9768
917.9477,606.6763,92.6682,30.8737
924.9857,603.3009,93.3855,30.9393
931.3750,602.3172,93.3489,30.9862
937.7523,601.0612,92.8778,31.2311
944.0610,598.9744,92.7687,31.7050
953.1780,601.5637,91.4504,31.0003
964.3021,600.4763,91.3293,30.3492
968.5316,599.3057,94.2827,28.1537
976.8083,600.2769,94.1487,27.1265
988.2306,602.6105,92.4108,26.8050
993.1074,603.6245,92.6584,27.2674
1002.4758,605.1326,92.0428,28.2192
1009.2321,605.9659,93.0567,28.7579
1014.4482,606.7704,93.6065,28.9837
1019.9536,608.8055,94.2008,28.7063
1022.3665,607.8917,95.0987,28.4881
1037.8126,611.1191,91.9443,28.9753
1046.1313,613.1626,91.2015,29.3475
1050.9478,612.4322,91.4712,31.5207
1064.3055,610.1641,90.4362,34.5322
1077.0823,607.0486,89.2738,35.9829
1080.7662,603.6765,90.1311,36.8738
1078.8038,600.6074,94.2401,35.9049
1092.9414,598.2516,95.0041,34.9625
1096.9546,597.8412,97.0805,33.4238
1105.2247,594.5779,97.6778,32.1325
1121.6793,594.5190,94.2508,32.0537
1129.9542,591.7191,85.2440,40.3099
1155.9854,597.8117,76.6224,49.5854
1169.5953,613.8842,66.8017,59.7752
1180.3483,628.1343,58.2089,69.5829
1190.1738,641.2952,50.3631,77.6011
1198.4474,652.5483,43.8672,85.3175
1205.0697,663.0964,39.4237,91.3667
1210.5988,675.4763,37.1438,95.4533
1218.8889,687.4178,42.0924,87.9528
1222.8149,711.0529,51.4826,78.3814
1250.5192,714.4383,57.8693,72.2855
1286.3993,712.3453,66.0888,65.2705
1314.3854,719.9827,76.1234,56.7670
1346.0676,710.2117,71.6008,63.0985
1380.6440,673.4431,64.4203,70.6353
1397.1554,633.7597,64.0029,72.3742
1421.3478,604.0258,64.5464,72.8128
1439.2598,579.2222,67.3768,71.4976
1458.1036,557.3610,70.1080,69.7328
1476.8342,539.7581,71.5809,69.7660
1496.0654,522.2590,71.8494,70.2415
1509.9211,505.1926,70.8376,71.9765
1515.3716,483.6798,68.2522,71.3623
1525.3210,473.0136,65.5978,72.5089
1522.6670,449.1863,67.8588,71.9268
1507.5994,429.3242,70.0827,72.0712
1491.6724,411.4662,70.1726,72.0159
1481.8392,391.7776,70.5820,71.0731
1471.2485,377.4869,68.7248,72.5507
1460.8223,365.4932,65.9184,74.9243
1451.8418,350.6634,62.8506,75.2666
1445.5714,338.0539,61.2800,74.7851
1438.3606,327.0607,61.2647,74.4625
1432.3165,316.7496,61.4287,74.0654
1424.6594,307.8652,61.5975,73.5159
1395.4758,308.0681,70.0027,66.4516
1339.3971,314.2654,81.3685,58.3066
1286.2478,328.1917,92.1057,50.6114
1244.8729,333.7122,101.7484,43.3255
1212.4392,338.8064,107.1026,37.3028
1183.1324,335.5063,110.1451,35.5622
1153.4404,339.5772,112.2365,32.2265
1128.6318,343.5880,112.2889,28.9691
1107.4443,339.3203,111.4066,28.8180
1087.2887,343.4264,110.7855,26.6949
1069.0295,346.9109,110.3009,24.1692
1047.3964,342.3768,112.3839,25.0541
1035.2905,346.1293,111.8008,24.2401
1023.6361,349.6054,111.0240,22.5585
1003.7538,345.1229,112.2486,22.8920
995.7114,348.7705,111.1225,22.4322
984.3630,350.8605,110.4014,20.8249
973.6114,346.9304,108.7362,21.8040
965.5847,351.2319,103.2281,23.2503
961.7282,349.4028,93.0242,30.0455
957.2773,345.7125,82.6890,37.4677
962.8666,350.5773,76.3630,43.6465
967.8953,356.7173,75.5973,46.7350
973.4542,361.9880,75.9967,47.7861
980.9924,366.4078,76.9458,48.4719
986.2437,371.1071,77.2106,48.7860
984.4289,381.4568,74.9310,50.3393
997.3297,381.4695,68.4887,56.6056
1008.5201,380.9167,60.1679,61.9923
1007.2006,379.0017,57.8564,61.7973
1007.9578,385.0895,59.7977,58.4574
992.2141,389.7029,65.0108,56.8232
966.1149,375.9680,70.4921,54.5560
946.7045,366.7029,77.1934,49.9610
918.7351,363.1461,83.3805,45.3775
896.9169,355.0666,89.2247,38.5467
873.0007,350.7921,93.4673,34.9932
848.9347,350.4964,95.3109,33.7523
831.2656,343.7149,96.8362,30.8812
811.5842,339.0509,98.9233,27.7800
797.2075,335.2651,98.4605,27.1708
784.7872,332.8536,96.7159,28.7229
776.0643,327.3355,93.6793,32.9740
760.1576,323.4701,89.3982,37.9517
743.8421,318.4360,86.3848,36.3694
729.5112,310.2559,91.4761,32.0199
702.8080,308.6652,96.2581,30.7686
684.2290,307.2500,97.7573,30.9701
666.9799,305.5487,98.1147,30.3701
650.5839,303.2500,97.5700,30.4854
635.6967,302.9182,96.3052,31.4726
621.6639,299.0762,95.1290,33.1467
609.1068,294.4363,95.0119,34.4099
597.2357,289.8794,95.7023,34.7910
584.5095,287.5953,95.6718,34.8931
572.5098,284.2564,96.5133,34.3366
561.7096,279.6565,97.2685,31.2816
552.7151,276.1360,98.2548,29.3550
542.0549,272.7634,98.7328,28.5683
533.1983,270.0276,98.4670,28.5435
526.1617,272.3217,98.2887,27.8088
518.1394,270.7348,97.6918,27.4324
506.7070,272.8371,94.6802,27.6543
486.5101,269.1255,91.9256,29.5675
458.4988,273.4690,94.1645,30.2254
424.2679,284.6112,98.4935,27.5098
400.0510,288.8222,99.5606,27.3327
376.8557,293.3808,100.6188,26.4058
353.5426,297.5924,102.1479,24.9441
336.9902,301.8212,102.3276,23.6560
322.0588,301.9079,98.9784,24.9098
308.9495,293.9034,90.3862,32.5623
296.9867,281.7899,81.0859,42.0181
288.0847,265.4067,71.4782,51.2058
282.9633,247.8519,63.0668,58.5044
278.9394,231.6173,56.3907,64.0245
274.3351,218.6987,50.7152,67.9627
270.4497,205.8793,45.6405,70.8764
266.7058,194.2750,41.7036,72.4647
262.9018,182.6469,38.8803,73.3316
260.5683,173.2519,37.0066,72.8071
257.4311,165.0098,36.0455,72.0127
254.4177,155.3563,35.4711,70.8766
252.7454,148.7774,34.7199,70.5280
251.2823,142.1232,35.8040,69.2222
249.6416,143.4645,41.8448,64.3486
248.4376,134.9271,49.8687,57.4764
252.0285,127.7860,58.8980,50.2222
258.6377,125.0013,67.7472,44.0244
266.3369,123.3102,74.1118,39.6655
274.5674,120.2105,78.8034,36.8047
282.1212,117.6838,82.4218,34.3968
289.2424,114.9569,85.0731,32.4440
297.8361,111.5539,87.4174,30.4829
306.3811,109.3743,88.3797,29.4400
313.5948,107.0260,88.9330,28.8396
320.4812,104.7711,88.8574,28.3521
326.5958,102.4397,88.9559,27.7846
329.8920,101.7405,91.1191,27.5318
341.9820,102.8820,89.2497,27.6088
350.1286,101.8706,88.3085,28.8621
356.2376,98.8577,89.7280,30.8943
372.6489,99.4981,86.9789,33.8964
382.7802,103.4582,85.2701,35.8789
389.6000,108.4364,85.4143,35.9194
397.5410,112.3306,85.5238,35.7332
405.2529,114.2636,85.5084,35.7866
412.0592,116.8317,84.9983,36.3318
419.2281,119.5900,84.6005,36.9852
425.0077,121.9551,84.5379,37.6361
