1
528.3926,56.9334,18.8364,19.8742
527.2282,64.2467,18.0940,20.2440
525.4081,80.9765,18.0630,19.7212
524.0873,90.2012,17.6139,19.6043
521.3762,106.3064,16.9705,19.2808
519.6513,114.1028,16.9316,19.1107
518.5898,127.4718,15.9779,19.7146
514.2714,142.4880,16.5264,19.1685
512.3290,150.8018,16.4301,19.7703
519.9669,163.7676,17.0131,19.1896
528.0084,170.6139,18.2411,17.6877
536.6964,177.0039,19.2947,16.8571
549.4352,188.3642,19.7631,16.1472
556.1450,192.5197,19.9809,15.9967
2
0
0
0
0
1
607.9381,263.1385,14.0927,13.9660
610.5873,267.2327,14.4739,13.4669
615.2994,266.2559,14.3715,12.8918
618.3167,265.9778,14.7959,12.4293
622.2594,267.8565,14.7135,12.4579
625.4317,267.9878,14.8758,12.3088
628.4539,268.9260,14.5999,12.3466
634.3191,270.7863,13.6779,12.8011
635.5737,272.7324,13.3833,13.0296
638.5179,271.3755,13.3273,13.0338
641.1255,270.8650,13.4082,13.1340
641.3154,269.3746,13.6402,13.0551
642.7831,268.9459,13.7322,12.7395
643.1520,269.6396,13.7536,12.7372
644.6111,272.0367,13.4656,12.6000
645.6081,274.6648,12.8545,12.6754
645.9905,277.3818,12.8147,12.7545
650.2903,277.1854,12.8635,12.9035
651.7297,278.7672,13.1459,12.8504
652.4074,277.4138,13.1478,12.7050
