1
333.5870,218.9403,226.1133,153.2116
335.0481,216.4232,224.6191,151.2653
338.6140,214.4887,224.9056,148.0633
338.7052,215.5343,224.8757,147.5371
338.4752,213.3788,224.7501,147.5798
338.6447,211.4677,224.8813,148.3132
337.0508,210.6297,224.9488,147.5720
336.7327,208.7925,224.5629,147.3362
337.0810,209.2518,224.2590,146.5169
335.5876,208.1366,223.7172,146.3216
337.2015,209.0205,225.1777,145.1704
336.0975,207.0851,225.2701,144.4934
338.9495,204.9440,225.5760,144.1417
337.1602,207.4568,223.9143,144.5703
338.2130,204.9529,225.2306,143.1912
339.1176,205.0147,224.8963,142.6607
338.0813,208.9078,224.7016,143.1961
339.3035,203.2435,224.0046,141.6025
340.1942,204.5651,223.3735,141.0213
340.8015,202.7870,223.6294,141.1431
339.7146,204.8664,221.7905,141.9878
341.4708,203.5527,224.0274,143.3025
340.3773,201.6472,225.2949,142.4336
338.2767,206.5319,223.6792,142.9362
340.5882,212.3703,223.9304,142.9266
343.1807,214.0021,224.7596,143.0128
339.5592,224.5609,225.1056,143.0367
342.5855,226.1366,225.0439,142.7375
338.9288,228.4490,222.3132,145.2593
340.0488,228.3818,223.2747,143.9945
339.8561,229.9445,222.9043,144.0042
335.2433,233.5810,221.9256,145.0640
341.6791,227.2580,223.3008,144.1750
334.5529,230.7672,222.5404,143.9419
311.9401,226.6652,221.9674,144.9352
308.8344,225.0363,222.0394,144.6962
323.0562,225.8647,221.7270,144.9739
335.7028,222.5798,223.4231,144.7569
331.4244,226.2168,222.9747,145.4988
324.8752,224.6032,223.4820,145.5370
327.1192,220.7834,223.5199,144.3399
324.9017,224.5778,222.6228,145.1044
324.8804,219.4264,222.7982,144.7368
327.4360,219.3309,222.7795,144.5375
323.5141,222.4348,221.3465,146.7108
326.6051,217.3893,223.5450,145.0793
323.2929,222.5065,223.2275,144.6159
315.3160,222.3325,223.5448,144.8650
309.9982,219.4902,223.4742,144.9587
308.9973,222.0208,223.2092,145.4250
304.2332,219.6722,223.4480,145.3882
301.2069,216.4364,224.3585,145.3758
292.6087,220.7994,221.3387,148.2197
290.0259,218.4103,221.1059,146.4655
290.0550,215.2814,221.8596,145.2731
285.0018,219.4577,222.6780,145.0638
280.4284,218.3178,224.0345,144.5579
276.5258,215.4231,225.0843,144.1163
272.3794,218.5240,223.8188,145.1679
267.4534,213.0224,225.1944,142.4126
266.8567,214.2066,224.7277,143.4896
261.1257,210.0021,225.2935,142.8655
259.7072,209.7466,224.7161,142.6976
260.2695,205.6787,226.1794,142.5919
263.9849,204.7641,225.8911,142.6907
264.7887,204.3212,225.0619,142.6751
269.9389,206.6013,225.8650,143.4562
271.8059,202.1252,227.1615,142.1559
275.6149,204.3561,226.9077,142.0632
271.7416,204.1126,227.0188,142.1442
268.2173,204.7702,225.9305,142.4635
265.8487,201.8549,225.2455,141.8050
269.8630,203.4599,224.9648,141.4687
266.0452,204.1170,223.6445,142.1996
267.0240,198.3961,223.7037,142.1689
265.1088,200.5188,223.2744,142.5487
262.7689,201.6878,222.2461,143.0404
260.8817,198.2047,223.2523,141.0494
256.6035,197.8748,222.1673,140.2765
257.6011,191.6324,224.3248,141.5740
261.8826,187.6720,224.5442,141.1335
260.5601,189.0237,223.6375,140.9377
261.3298,179.9617,223.9435,140.9406
258.9411,183.5510,221.7870,141.1575
260.1897,180.6797,221.1353,141.7287
261.5483,175.4388,221.3341,141.0376
261.4398,176.0852,220.9311,140.8349
272.1780,170.5243,219.4792,139.9666
280.0969,173.0567,217.2127,141.2032
277.4384,170.2032,217.2568,141.0984
275.7737,169.1602,216.4373,140.7969
277.6559,168.5806,215.2250,141.7236
276.9921,170.8839,213.9321,142.4846
279.5308,170.4063,214.0373,141.9765
280.9027,173.0330,214.8540,142.2330
282.3782,176.1430,214.8627,142.4380
284.3552,178.9570,215.2083,142.3117
288.5409,183.0628,215.3401,143.1243
290.0050,193.4460,215.0837,143.0322
291.4521,204.4180,214.8885,142.9669
293.5062,213.1829,213.4069,143.4906
295.3236,222.2009,211.8926,144.0449
298.3060,230.0585,211.9017,144.4283
293.5898,234.5634,210.1769,146.5339
297.2511,237.5629,212.9104,146.7258
306.3730,249.6183,213.8426,146.6337
305.2545,254.8440,212.5061,147.7137
305.3033,256.2447,213.8592,148.5337
306.4090,256.8384,213.9106,147.9818
311.9544,257.4173,215.0962,148.0657
315.9886,265.6020,217.9514,147.4916
316.0498,271.7056,218.1554,147.4764
315.3119,276.7986,218.1444,147.1990
318.5660,282.3429,218.3692,147.2189
323.1734,283.8955,217.3111,145.4247
329.0150,285.8364,217.9262,146.0426
331.2245,287.5378,218.0613,146.0773
330.7036,287.7011,217.5824,145.8469
331.1184,291.9441,217.7208,146.2536
331.1506,291.7531,219.0356,144.8430
328.7521,289.2872,218.7261,144.6093
330.4850,293.4937,219.6687,143.8405
333.4133,287.1844,221.5024,143.5232
328.8444,289.8139,221.2296,143.3110
330.9494,289.1097,221.9899,143.4278
327.3000,287.1277,223.3914,144.9713
326.4933,284.2068,224.5648,146.3153
323.4836,284.8289,225.3873,147.7032
327.0153,281.9156,228.0157,148.1336
319.6847,284.1428,228.4164,148.5765
324.0056,279.0108,228.9735,149.0423
320.8207,280.2367,229.4327,149.6774
323.7959,283.6461,229.3320,150.4510
323.9443,285.2823,227.8071,151.4270
324.6335,287.9887,227.5386,150.6295
326.0464,289.0723,227.9949,151.2461
319.6531,289.4904,227.8955,151.4538
321.5031,282.4046,226.6996,149.8117
319.3384,288.1512,224.0612,150.9131
322.3497,288.3633,224.6499,151.6929
320.9304,292.1159,223.3531,152.4830
326.6741,283.6191,225.2345,152.7359
323.2360,285.3157,225.9028,152.8275
322.5407,283.8137,227.0349,153.4932
325.3858,284.8099,226.5000,153.8677
328.8220,280.9490,227.3459,154.6743
328.9495,277.1214,228.0502,155.2916
330.5018,276.2850,227.8295,156.1214
334.5991,274.5345,227.0681,156.6783
344.5633,281.2202,224.3109,155.0548
344.9563,294.3026,223.7512,154.3874
348.8341,299.1807,224.3922,153.7065
350.3943,300.6589,223.7833,154.4270
350.6350,301.3775,223.9038,154.3657
349.5294,305.2476,223.4787,153.6442
345.5585,305.3092,221.9920,154.5479
344.5809,305.5120,222.1660,154.8997
340.5930,306.3144,220.6694,155.9149
343.3114,305.6307,215.5198,156.6936
360.1528,305.3534,211.3086,158.0052
360.7215,305.7487,210.8040,157.5558
351.9890,303.3231,208.8254,158.1625
351.8990,300.5674,208.9657,157.1388
344.0760,299.5152,207.4097,157.8159
331.4680,298.2466,202.9176,159.8051
331.3913,305.9696,191.1843,160.6028
344.9718,302.9866,181.3364,160.4357
352.9734,302.7730,173.6954,159.4735
340.7248,298.8825,167.4083,159.8444
331.1571,290.3032,163.2332,157.8878
329.0395,283.6598,159.9018,158.1040
328.9242,275.9297,158.0036,156.2982
323.0952,272.6389,156.2596,155.3881
318.0502,282.1408,153.4871,153.4316
318.6111,276.6751,149.5825,153.9905
320.5626,273.5077,146.6056,155.2059
321.9428,267.1311,145.3779,155.9957
337.3324,251.4339,145.6394,155.5124
338.4256,224.1431,145.4136,156.4811
341.8213,194.3299,145.1066,156.6300
348.9403,180.3155,144.6940,155.9029
355.8868,160.0870,145.1377,156.2397
361.7548,134.7342,144.6913,156.7858
358.7924,131.9003,142.4122,155.1576
357.8549,144.5295,141.6644,154.9181
369.2390,142.1658,141.1125,154.0202
387.6312,132.6875,140.0530,152.6066
382.5074,119.0958,139.7652,151.6197
367.4586,99.3695,138.9222,151.9042
356.2604,89.8482,137.9163,150.6839
357.9948,73.0583,136.8451,152.4634
362.8795,61.5469,135.8675,151.4339
366.6864,52.1130,134.3015,152.8828
365.5990,57.9774,133.4076,153.8940
353.4711,67.6615,132.6433,152.9278
350.2098,77.3106,131.9857,152.7417
354.8289,73.6747,131.4385,152.9252
356.6943,69.8440,130.5274,153.8288
356.6718,67.0918,129.7756,153.6753
354.8779,73.8680,129.0081,153.6844
359.6967,72.2892,128.7245,153.6898
364.2313,78.4576,128.0453,152.3133
368.7304,91.1625,127.4143,152.0126
374.4619,109.8244,126.8360,151.7780
378.4745,128.6651,125.6607,151.9494
384.5839,149.6194,125.4086,152.7689
388.4322,167.1186,125.4657,152.5783
380.6672,184.5054,125.3100,152.1400
390.5432,204.3974,125.5922,151.2429
406.6109,207.6163,125.5144,151.2243
404.7260,204.2961,125.2962,151.1685
385.2223,201.0749,124.9628,151.6839
369.4399,203.7832,124.7167,152.7436
367.4220,207.1389,124.5281,152.4398
377.7046,208.0645,124.3756,152.2393
378.6226,204.9698,123.8769,152.0362
367.8400,210.3711,122.6092,152.5402
360.5062,216.8678,122.2600,152.4455
356.7954,221.5860,121.2215,152.6411
352.1385,225.9385,120.1783,152.9912
346.7059,234.1483,119.9495,152.6960
343.4119,245.7374,119.4275,152.8985
342.6333,248.5125,119.1002,153.7541
348.3114,253.1821,117.8073,154.4284
353.8288,257.6626,117.3568,154.1160
359.5869,254.8282,117.2493,153.7961
363.5469,252.0300,116.3587,154.0252
366.1428,248.2300,115.6540,153.8423
369.9735,248.9474,115.1567,154.1118
368.0374,249.9040,115.0577,154.8247
365.6966,255.6437,114.9178,155.2128
373.7588,265.0511,114.3624,155.5446
376.4023,261.8410,113.9389,156.1353
375.3084,264.5790,113.5093,156.3711
373.1713,269.2039,112.2461,157.4602
365.2720,276.7743,111.7545,159.2291
360.4102,276.8287,110.6398,161.2960
366.8268,282.4029,110.0865,161.7045
371.3914,289.9016,109.4497,162.3911
369.1795,296.1938,109.4676,162.8802
369.0175,299.9086,110.0768,163.3180
367.0652,305.1265,109.9279,164.0483
367.1205,303.7210,110.5409,163.9038
369.4785,304.1614,109.9527,164.5484
371.9345,306.7442,109.5450,164.4967
375.9445,304.4121,109.0181,165.5420
378.3928,304.4568,109.0347,164.9731
381.6287,302.8551,107.8012,165.8907
381.8125,303.4236,107.5250,164.7022
385.7222,304.2556,106.9488,164.1080
387.7495,306.6106,106.7478,162.4507
386.6488,307.1837,105.6660,161.9926
389.5314,308.1979,104.9891,161.0742
385.1895,301.6189,103.8435,160.0538
379.4424,300.5631,103.0734,159.9989
373.0744,296.0221,102.4503,159.3328
375.2464,288.2269,101.6366,157.0354
382.3756,277.8985,101.4066,154.8269
378.2300,268.8357,100.0495,153.1771
370.9421,263.2828,101.0621,151.8623
365.6652,258.9811,100.1924,151.2559
375.0102,249.3392,98.8200,149.3299
371.0996,238.6469,98.0927,148.1587
373.4420,230.3009,96.8357,147.1252
374.5682,223.8079,95.5287,145.4921
376.8368,222.5207,94.5867,143.6304
375.6096,215.7496,93.5163,141.8760
374.5237,207.7815,92.3254,140.3769
377.0451,203.2102,91.2615,138.4392
378.5961,201.7249,90.3687,137.0119
382.1302,201.6697,89.1161,135.8209
384.8415,201.2187,87.7464,135.3135
386.2485,201.4889,86.4808,134.9299
386.1358,200.1337,85.6522,133.5846
388.2778,201.0123,83.8518,134.0045
387.4746,201.5567,82.5059,132.4961
385.2608,202.6206,81.4827,131.5078
384.0850,204.2402,80.3444,130.1823
381.4144,204.8420,79.3696,128.9345
380.6419,208.6037,78.5975,128.8210
379.9606,206.8771,77.7747,128.0453
373.6461,204.8597,78.1071,126.4561
366.2357,206.9738,77.8907,125.3475
360.7278,201.5827,77.7773,124.9258
356.1715,204.4583,77.5245,124.8757
353.2499,205.8967,78.4918,124.5124
349.7435,205.0861,78.8845,122.8820
344.9138,203.8101,79.1963,122.2585
346.1750,202.2276,78.9245,123.0716
333.1297,204.7861,79.1356,123.2388
334.8079,201.9897,78.9363,124.0348
329.9979,206.9481,80.5448,123.1710
329.8637,202.8076,80.4808,124.7479
326.3029,203.4081,81.6800,123.8856
323.0098,203.8881,82.8194,122.4738
317.3844,203.3100,83.4049,123.0484
311.5166,201.1300,84.3641,122.7960
311.6804,204.4960,86.5832,121.2468
313.1931,206.0210,84.2711,123.1193
321.2637,208.0983,82.4734,124.7545
327.7468,204.9275,81.1923,125.6872
334.3311,208.2746,79.6168,126.9349
340.8236,204.3409,79.8117,126.9730
338.5335,204.4730,79.1676,127.2662
335.2158,202.3579,81.2846,127.4741
330.1540,201.4103,81.9323,127.9946
330.3361,202.2278,85.7364,126.5295
322.0437,198.9586,84.1765,127.7022
318.0409,200.2323,84.1099,127.7782
315.7704,197.1266,85.7745,128.1003
314.0607,197.7794,87.7918,127.5134
309.2868,193.3457,86.8399,127.3864
316.9666,193.7152,87.6471,127.6132
320.4397,191.0868,86.7502,129.2991
323.1678,188.1437,87.2938,130.4567
323.3393,186.6156,88.6368,130.4085
325.7588,182.5953,90.2210,131.0500
331.6773,181.8292,90.7818,131.0090
336.8315,179.7806,91.8163,131.1049
343.4976,177.1732,91.9577,131.3095
350.4999,177.3085,91.9988,131.4879
350.9569,174.1668,91.3134,134.0335
356.9854,171.2557,90.3640,136.1930
367.4802,168.6011,89.4450,138.1752
373.5879,168.3706,89.1325,139.6540
376.2911,163.3319,88.7150,143.3950
381.4961,158.3389,88.6052,146.9337
383.5156,154.0097,89.5263,150.6069
380.2790,151.0392,89.8104,153.9137
378.3617,154.4139,90.6138,154.2388
375.5554,146.1102,91.2566,155.7751
373.7705,147.7279,91.6422,156.8848
371.6968,140.2415,91.3930,159.9765
370.1227,141.6103,90.4116,161.9519
371.2137,135.0639,90.2382,165.4277
368.4150,139.8972,90.1689,166.0833
370.1332,134.6509,91.2796,166.5222
366.0046,134.7685,90.2938,167.9672
369.3382,132.6861,90.9718,168.0002
363.6049,134.2572,90.4700,168.7713
363.0048,130.9677,90.4203,168.4025
360.2194,133.1243,89.3779,168.5847
359.1070,130.9217,89.0043,167.9330
357.6108,133.9129,89.1034,167.3813
356.1786,135.6466,89.7090,165.2950
357.9196,137.8649,89.4946,164.7579
354.2917,142.6365,90.4420,162.6329
352.2043,143.8020,89.6147,161.5481
350.8062,146.5546,89.8595,159.2104
349.1190,146.7835,88.8518,160.8262
346.6438,150.1687,89.2704,159.8290
344.8388,148.1705,88.3963,161.4227
341.4441,152.4281,88.9940,161.3941
340.4965,152.6321,90.6056,160.7766
338.2354,153.3558,90.5570,161.2620
336.0460,157.4444,92.6992,160.4204
335.9294,159.0858,92.3931,159.9285
332.6717,161.5253,93.1279,159.2635
331.9275,161.3726,92.2492,160.6689
327.7867,165.7249,92.7795,159.8993
325.2267,167.5194,94.2959,158.7765
322.3776,171.4301,94.3679,158.4137
320.8161,170.2314,94.5878,158.1435
319.3813,174.4147,94.3835,158.2054
318.6689,173.1736,94.9838,158.6754
317.0985,176.7565,93.7712,158.3336
315.7341,180.0891,94.3771,157.8834
314.4596,182.7024,94.2207,154.1218
312.8177,184.9684,93.9433,153.7169
315.9765,189.4102,92.5955,153.5473
313.2620,187.2395,92.1386,152.3877
314.1572,189.4552,90.3880,153.5278
308.9839,197.1117,90.2802,152.4417
307.6030,198.5482,90.3625,153.2710
308.0679,202.6743,88.9986,152.1869
308.0958,207.1019,88.7981,151.7264
310.4187,206.8657,86.9107,152.2759
308.6371,210.9534,85.7629,151.2497
310.3657,215.8846,83.0141,150.9902
308.6185,221.6871,83.1761,147.9034
306.3757,226.9678,83.8132,144.5743
305.1188,232.5891,84.0323,141.9208
304.1541,233.4971,83.2862,140.4637
304.2813,238.7823,83.3238,138.4324
305.1632,241.2392,83.4639,137.9079
302.2566,238.1172,81.9301,139.2710
296.9514,239.5923,81.2388,140.6342
289.3810,242.9013,80.1583,140.7207
284.8885,243.0094,78.6507,141.6259
284.5474,242.1246,77.1942,142.8723
278.6380,242.5082,75.6835,143.1089
271.1548,244.1507,75.5972,143.3564
268.0447,245.7597,73.5417,143.5901
268.3564,248.5046,73.3902,144.1567
260.2823,251.6339,72.5002,142.7548
261.0038,253.2547,73.0214,142.5612
260.9944,252.2815,72.5531,141.8114
255.8582,262.3219,72.9469,139.3943
252.9303,265.4860,74.0709,137.1745
252.1980,264.8535,74.7840,136.1600
258.7831,263.0955,75.5434,135.8848
256.0206,264.2271,74.1346,136.4878
261.9020,265.5813,74.9176,136.2347
257.1541,266.1614,73.3352,136.2143
264.0560,269.8841,74.9463,135.6275
262.8155,272.1952,74.8886,135.1698
263.6148,273.9792,75.9211,134.4843
264.5007,276.3117,76.5315,134.0166
263.7932,279.9116,76.8339,132.3741
263.3037,280.5951,78.6313,130.5994
264.0501,282.9472,78.6926,129.5303
269.5266,290.4762,78.3462,129.4828
267.8709,287.4268,77.3236,128.0137
268.5319,283.2585,77.2156,128.5519
266.8031,287.8355,76.2181,128.1866
270.5455,301.6168,76.4639,127.0235
267.6638,305.0966,75.0237,127.9063
268.6178,309.2907,74.2587,128.6734
269.6444,314.5812,73.2237,130.1926
269.1055,308.8467,72.7951,130.2450
271.9251,310.0366,72.5683,130.3540
271.1729,300.8713,71.4264,131.1747
276.3683,300.8880,70.8158,131.3056
278.2110,308.4029,71.5517,129.5582
287.8784,294.4924,71.7191,127.4166
285.4632,299.3983,70.4177,127.4772
283.9831,295.4362,70.2116,126.4894
286.8608,297.1667,69.6283,125.3214
290.4323,297.5009,69.2535,124.4419
291.4689,299.6309,70.1284,122.9193
294.0784,318.3456,69.1950,124.5744
293.0399,307.2694,68.0254,125.6901
287.9587,315.2560,67.6943,125.3375
294.5763,304.2541,65.8139,125.1409
290.7983,311.6398,65.3084,124.9598
296.2812,300.0483,65.1757,124.3158
287.6167,287.8259,65.4059,122.9953
293.0681,283.2955,64.0208,123.1678
279.4270,287.2833,65.8409,120.9737
277.4799,280.8628,66.7553,119.5511
287.7237,278.4868,66.6218,119.2716
284.2007,271.7008,66.5395,118.7145
281.0398,268.1413,66.1030,118.6460
282.0074,263.3501,64.6456,119.1485
291.8004,290.5872,64.2671,119.8370
287.5011,286.6874,62.8486,122.0562
285.3144,283.9262,61.7871,123.4809
282.0919,282.3412,60.1882,126.3017
286.7640,286.7533,60.1211,127.5914
282.5944,275.6502,59.1063,130.0783
288.4360,264.6537,58.8505,132.5455
283.9722,261.3128,58.6283,133.8758
277.2742,256.2567,59.1277,132.8409
282.0312,261.2465,59.5639,132.2724
273.9550,253.2086,59.9165,131.1842
269.8626,259.8251,61.1048,130.9594
275.3133,248.9412,61.0559,129.3973
283.4742,250.5920,60.0766,129.3100
280.0692,250.2717,59.2606,128.7661
288.0302,250.1347,59.0752,127.1305
285.4669,256.0502,58.9009,126.9454
281.5923,247.5211,57.9839,126.1689
291.4939,252.6524,57.0827,127.3922
285.0520,247.4146,56.8906,126.4062
291.8658,260.7253,56.0678,128.8321
287.2944,256.1083,56.4120,128.2009
282.3186,250.1260,57.3714,126.6464
290.0698,256.0679,56.3529,127.1120
282.6967,245.3884,57.3440,125.0474
264.0193,236.0760,59.5421,122.4268
270.9745,238.3645,59.8662,120.7087
275.3406,229.2332,59.7024,120.0204
267.2220,235.3561,60.9849,116.3081
266.4108,233.3822,60.2524,115.5062
262.7515,231.0190,60.6224,112.3339
270.1429,251.1989,60.4473,112.2127
268.9536,253.1131,59.5387,112.8513
265.8672,244.6361,59.9995,111.5634
265.5611,242.9968,60.7005,110.1896
271.1638,228.4157,61.7765,106.2564
264.0481,216.6848,62.5366,105.2605
269.8049,222.4034,62.8933,102.7508
272.1406,211.0324,62.4424,102.3866
272.8878,217.8285,62.5664,100.4746
272.2646,208.0026,62.6868,100.0204
278.9012,215.8874,62.7692,97.7721
286.3130,212.4051,62.9880,96.8783
290.4362,211.6527,62.8626,95.2715
294.7945,213.0317,62.9049,94.1564
281.4659,211.1904,63.9778,92.9457
297.5871,211.0569,63.7807,90.6955
303.1036,203.8685,63.6010,90.5387
306.9322,208.0221,63.2159,88.8294
309.3247,204.0293,62.0320,88.9212
315.3633,209.7235,61.3937,87.8275
318.3492,206.8461,60.9083,87.7039
324.6666,210.7847,60.6163,86.9736
324.7372,211.5064,60.5197,86.8674
323.7579,215.0965,60.6309,86.5357
332.6683,217.1872,60.2654,85.9119
330.4837,214.8129,60.7739,85.2848
317.8112,212.6022,62.1739,83.8780
324.2047,209.8317,62.3170,83.7930
323.4740,217.4341,63.7102,82.1373
330.3210,215.2894,63.8490,82.0081
317.7580,221.2734,65.8606,80.4008
328.5982,218.7290,66.2256,80.2390
318.5948,222.8033,67.3600,79.2432
328.6150,218.1581,67.7728,79.0455
326.0371,224.2353,68.2622,78.5523
317.2391,218.6316,69.9333,77.1560
337.2039,221.0279,69.6621,77.2661
344.2778,226.8806,68.6368,76.9255
341.3099,224.0556,68.2889,77.0362
357.1636,233.0623,67.8926,75.4094
354.7622,228.9278,66.8967,75.8509
360.9187,235.4560,66.6414,74.5264
353.1398,229.0490,66.2132,74.6317
358.5955,234.1815,65.6206,74.1814
372.4856,238.9760,66.9782,72.5932
369.8515,231.1770,67.2477,72.3794
368.6922,237.3290,67.6022,71.2794
361.6358,228.9051,67.4948,71.2656
367.2154,232.6151,67.6397,70.4281
359.1665,227.5212,67.1017,70.6051
372.6013,233.9653,67.2878,69.1020
361.3709,224.3864,66.6585,69.3491
367.1494,231.8537,66.1513,67.9491
360.0190,224.6888,65.3743,68.2299
363.8947,231.0334,64.7127,67.8760
369.8749,226.7061,64.3253,67.6992
375.1920,226.7932,64.3686,67.3424
383.9006,226.7048,65.3385,66.1390
377.5639,223.7620,65.3446,66.0639
386.4745,229.0171,66.2481,64.8381
380.8901,221.5667,65.9279,64.9623
389.1495,226.9356,66.9230,63.6730
379.2636,219.6699,65.9921,63.9065
386.2549,225.1523,66.0688,63.3768
375.7390,217.2338,65.0397,63.7619
383.3235,223.2157,65.1333,62.9728
378.8388,219.5713,64.9927,62.8795
378.4602,221.6996,64.9027,62.6691
380.0170,225.4016,65.4739,62.3670
369.9748,223.5644,65.4848,62.0772
373.6467,228.0215,66.1115,61.4930
361.9133,222.4683,65.8647,61.5623
365.1850,227.5700,66.3519,61.0609
357.0780,220.9834,65.7719,61.2898
359.3831,226.4778,66.4295,60.5806
343.5725,220.9831,65.1390,61.0988
334.6219,226.3532,63.7595,61.0073
335.1883,219.6007,63.2905,61.1224
332.1540,227.8790,62.4156,60.6687
325.4124,221.1227,62.2669,60.6974
320.0681,228.5480,62.3583,60.1395
318.0092,221.5734,62.5372,59.9417
330.7159,228.1368,62.2889,59.7450
324.3332,228.5186,62.2711,59.4243
343.0595,227.2285,60.6033,59.7225
327.8307,230.5063,60.6771,59.1709
327.5908,229.0527,60.7200,59.1242
322.2747,231.1875,61.6978,58.1021
330.5557,225.8990,61.6894,58.0238
326.8514,229.9897,62.4836,57.1634
328.2042,223.8640,62.5235,57.0427
330.2840,220.8606,63.1238,56.3620
332.4417,211.8374,63.1560,56.3002
332.3079,214.0005,63.3018,55.8684
335.5771,206.2704,63.3870,55.7649
334.5201,208.5584,63.5419,55.6618
339.1928,202.3617,63.7693,55.3908
340.5671,202.3949,63.7877,55.3810
346.6089,198.0119,64.3355,54.7291
346.2312,197.3852,64.4313,54.6821
354.6049,199.3240,64.6905,54.3279
354.1046,194.0683,64.9665,54.1755
361.2583,197.8230,65.2806,53.6572
364.7974,193.1987,65.3497,53.5290
365.8948,196.1767,65.8480,52.9507
373.6726,191.1829,65.8505,52.8414
373.2443,193.2817,65.9751,52.6959
378.3803,193.7928,66.1657,52.4906
375.5505,192.4324,66.1789,52.4857
378.9363,193.7724,66.6033,52.0284
376.0633,193.4595,66.6294,52.0102
378.5088,194.1884,66.6671,51.7619
376.7953,190.0099,66.6408,51.7535
380.9102,193.7598,66.4933,51.5747
376.9462,190.2852,66.4880,51.5194
377.5937,194.0508,66.3724,51.3359
377.2785,189.6492,66.3168,51.2546
372.3686,190.5767,66.3939,51.2121
378.6104,189.5238,66.3675,51.1286
373.4245,190.3209,66.4328,51.0829
379.7444,188.4858,66.4504,50.9787
378.4506,189.9512,66.4995,50.9167
384.0244,188.5663,66.4341,50.7636
382.1010,183.5075,66.4933,50.7279
385.1115,185.5007,66.6003,50.4948
386.7823,181.1452,66.7702,50.3853
386.9112,183.3647,67.3731,50.0403
392.5954,176.5866,67.3546,50.0121
394.2525,177.8773,67.8136,49.5471
401.9084,172.1289,67.6782,49.5408
399.9162,173.5170,67.8921,49.3688
406.4428,167.8096,67.8150,49.3659
407.6272,163.4399,68.0912,49.1143
414.6841,162.6446,68.0014,49.1323
397.7072,155.0129,68.1347,49.1353
391.6664,149.7630,68.0782,49.1585
394.3258,149.8078,68.1135,49.1701
392.0424,150.2622,68.4089,49.0120
394.7414,143.3761,68.3472,49.0628
386.4305,146.9892,68.5167,48.9059
384.2401,146.8962,68.5085,48.9403
375.5953,148.6017,68.5478,48.8433
369.2910,146.1383,68.5234,48.8765
362.3340,147.2484,68.5811,48.7397
356.9767,146.1833,68.7967,48.5806
356.6964,138.6956,68.8128,48.6056
347.8893,138.6729,68.7613,48.6363
339.8764,137.7997,68.7033,48.6605
331.1422,140.5684,68.7136,48.5346
324.1006,132.5733,68.6887,48.5780
318.1098,138.6971,69.6048,47.8896
323.6070,136.8992,69.9472,47.6609
333.3708,138.1013,70.3890,47.3072
336.4761,136.6413,70.6871,47.1210
2
0
0
0
0
1
360.4842,156.8282,16.5646,17.1497
366.6712,156.0360,16.6077,17.2454
367.7450,155.2703,16.3148,17.4511
369.6382,154.9642,16.4411,17.6036
379.9837,153.6366,16.6206,17.3155
390.2082,152.7254,16.2890,17.5163
394.0153,151.7750,16.4735,17.6302
400.0192,150.9110,16.3927,17.7468
400.3238,150.6289,16.1403,17.4952
394.7832,149.8660,16.2328,17.3375
388.7491,149.5773,16.6332,17.0464
382.2295,148.6213,16.8509,16.9765
376.4140,147.8340,16.8401,16.8009
371.5814,148.5001,16.9527,16.7123
365.4598,148.4212,17.2633,16.7517
360.3234,148.6265,17.1175,16.7845
354.5880,150.1258,17.1764,16.5787
349.3061,150.5127,17.2341,16.6534
346.3214,151.5218,17.0162,16.8899
340.5403,152.5078,17.1956,17.0724
344.1491,151.9606,17.2365,17.2449
345.4481,152.0167,17.1693,17.1965
347.7645,152.6574,17.1093,17.0886
350.1228,153.3107,17.1056,16.9154
353.0620,152.7297,17.2563,16.8750
356.2623,151.6937,17.5660,16.8491
359.7813,148.0591,18.0906,16.7399
365.0192,147.3990,18.9908,16.0689
368.5583,146.2624,20.1277,15.5831
374.5893,144.2742,20.7999,15.8438
380.8355,144.5411,20.8397,16.2559
384.0785,143.7620,21.3166,16.5369
387.4311,143.1811,21.7768,16.2632
390.5378,142.7524,21.7686,16.4006
393.3050,144.8184,22.0476,16.2985
396.4696,143.2989,22.3628,16.0580
400.2071,144.4389,22.8653,15.8294
402.9945,144.8337,22.6457,15.9248
407.5217,145.0124,23.2448,15.6240
410.2172,145.9233,22.9978,15.4701
410.9834,144.2095,22.8919,15.2089
410.9745,145.2932,22.4091,15.2056
409.8096,145.0563,22.3634,15.1702
409.0893,142.5139,22.0389,15.0657
406.6424,142.0515,22.3483,14.8887
404.3755,140.7206,22.2984,14.8888
401.6031,140.8127,22.8013,14.8762
399.2177,141.3996,23.5602,14.4778
399.4934,140.3687,23.2032,14.5484
397.5197,138.6747,23.2323,14.5126
397.9007,138.9450,22.5522,14.5282
395.8900,137.9892,22.1680,14.6657
396.5661,138.1180,21.7947,14.8077
395.5639,138.1401,21.4849,14.7032
391.8676,138.4214,21.4853,14.7813
390.0526,138.7601,21.4295,14.9865
387.5100,139.2083,21.2994,15.1836
385.4055,139.2333,21.4925,15.5724
383.7873,141.3905,21.4429,15.1687
381.4598,143.3931,21.1503,15.4811
380.5057,143.6693,21.2041,15.6468
378.3926,145.6881,20.9925,15.5800
376.4613,147.9840,21.0936,15.3397
375.0033,147.9034,21.1264,15.3146
372.3443,147.9055,21.0363,15.3562
369.5447,148.6185,21.1894,15.5390
364.0150,150.3491,21.4923,15.3948
359.9435,149.2676,21.7783,15.2223
354.5037,149.9080,21.9348,15.0586
351.6612,149.5012,21.9663,14.8787
350.0029,149.5082,22.0745,14.8164
346.8259,151.0622,22.3773,14.5460
