1
291.9677,76.0987,64.2481,223.9740
289.9619,78.0475,66.4261,220.5514
287.5679,77.6976,68.2328,219.3721
279.7726,78.5189,69.2665,217.3056
280.0203,78.8889,69.5793,215.9119
277.4961,82.0956,72.1812,214.8806
272.7645,81.2842,73.4387,214.8437
272.6494,81.8517,75.0279,213.8156
269.5125,83.7724,76.2578,213.4767
261.0711,88.3856,77.5564,212.4010
261.4814,90.6697,79.0651,210.5785
255.4045,88.4096,79.7697,212.6332
249.5206,94.4121,79.7944,208.0177
249.4469,98.2607,80.6333,204.2559
243.0746,106.2504,82.9038,198.5467
243.3961,108.1026,85.4134,193.0681
244.6038,105.9791,86.9973,191.9281
239.0423,115.1342,90.1795,189.0204
237.7753,117.8633,93.0262,185.6773
234.1464,121.8892,95.0478,180.3602
234.4306,126.0992,97.4978,176.0413
227.6229,130.1605,101.6654,171.3303
223.4667,135.2978,106.1880,169.2056
220.9572,136.6072,109.5085,166.5882
221.7956,125.8183,108.2814,172.2211
217.0480,128.2133,109.5922,175.3303
213.3900,128.6882,112.7683,174.9453
217.1511,120.5031,112.5993,178.0966
227.1002,114.3096,111.1787,183.1904
226.7912,113.9045,111.0446,183.9888
233.2816,114.9707,110.5346,185.1314
226.5712,121.3426,111.3796,181.2397
230.2193,118.5692,110.7889,181.1302
228.2216,116.9125,111.3996,183.0481
222.5233,139.5961,113.4783,176.2847
221.4564,144.9696,115.4321,169.8523
219.1994,153.0180,118.5229,163.6993
220.7909,157.0649,125.3081,157.9329
217.5211,157.6112,128.6255,154.5993
213.5036,158.4143,131.2549,154.7854
205.9810,160.8735,137.1529,152.1654
204.8047,160.7524,141.6558,150.4518
209.6829,155.3747,143.9226,152.0557
236.2991,138.9778,136.1514,158.0982
248.1942,130.5327,128.5319,165.8432
261.0949,124.5396,120.3152,172.1488
268.7061,112.3319,110.7598,179.3233
271.7248,114.6157,105.4132,180.7385
275.4925,109.2707,100.9088,182.9541
275.1375,96.8801,97.8914,189.7158
275.9406,92.8823,95.9395,196.7513
269.8364,88.6936,95.9743,202.1918
265.3765,88.4543,92.9534,205.8808
265.1780,86.8178,92.8204,207.9067
268.7200,84.7446,92.2071,209.6635
268.8698,92.1423,92.2905,207.3118
270.0475,92.0988,92.6581,206.3265
272.1017,93.2255,95.8353,203.8848
266.1741,102.5875,99.4730,199.3212
263.7871,103.0910,103.6344,195.6388
258.0759,108.3723,106.8146,191.9215
254.6301,117.3977,117.6704,185.6227
272.2355,108.4047,121.2161,186.7514
272.6574,106.5125,127.3453,187.2628
282.8480,106.6088,126.5355,184.4170
296.8473,102.6312,119.1076,186.2063
310.4256,97.5209,111.2940,191.0081
316.3400,93.7061,102.9131,194.4509
321.3441,93.3235,96.5961,196.6572
322.5129,90.6260,91.9729,198.8866
323.4405,87.3853,87.5721,202.3697
323.7511,85.0120,84.9558,205.7326
325.8860,82.1431,83.9931,208.2226
320.6683,78.3938,83.1468,211.5920
317.2637,79.7494,83.3951,211.8237
317.2709,80.5899,84.5757,211.8513
315.4381,83.4708,87.6450,210.0392
317.9516,81.3374,87.4206,211.1819
318.6319,80.3915,90.8912,211.4668
312.8883,82.9302,93.4244,208.3458
310.5677,84.6874,94.2360,206.7930
304.3394,83.4232,93.3410,206.1046
298.9122,84.1283,92.0288,204.2773
298.5706,83.5947,89.3487,202.3639
298.3159,83.0822,85.8095,201.1597
298.6442,83.1169,86.5512,199.4359
298.3246,84.7685,87.0428,198.3760
305.4298,84.4426,84.2694,200.2063
309.3533,80.9998,83.6909,201.2292
307.7527,82.5648,83.5348,201.2362
309.0731,80.8022,83.9867,201.3046
316.4756,80.6113,82.7930,203.5627
312.7614,73.6770,82.4212,203.6148
313.8979,77.0592,82.2761,205.1887
313.8345,74.6412,81.6977,206.8969
314.6568,72.6700,81.5880,207.6938
312.1076,75.7691,83.8410,206.2261
309.2916,67.4186,83.7836,208.7871
306.4858,66.1632,84.8246,209.9629
303.8694,58.6599,84.2795,214.8621
312.3410,62.2623,81.6300,220.4023
317.0867,58.5585,80.4160,224.8573
311.1519,62.0807,82.3642,224.4756
298.4560,62.4064,84.3715,223.1627
293.2497,62.3198,84.1595,222.8522
289.0987,59.7941,83.9248,223.5481
276.6388,81.0451,91.9427,213.6944
271.5397,85.6013,96.9843,207.2148
273.0774,79.0623,100.3857,206.9792
284.7347,81.9265,99.3366,208.0609
288.4660,74.1929,98.0538,211.0863
281.2986,74.8961,98.3261,212.4842
285.1093,75.7505,97.8135,212.4123
280.8659,68.6595,99.7618,212.2248
281.8851,74.5559,99.1496,212.1496
269.9106,76.5702,99.1178,210.9285
272.9282,75.6889,97.9626,210.9001
267.5859,78.5943,98.5141,210.4576
266.1873,79.4552,98.5402,211.8587
264.7727,80.5748,98.7472,212.4705
268.1243,83.0369,96.5816,212.3842
276.0103,75.7918,92.4043,213.6394
277.1196,75.4270,89.8172,213.6103
276.4043,80.6284,87.3867,211.8514
285.5210,78.6222,84.3992,212.5675
291.8277,78.5250,80.7610,213.0494
295.6383,79.4550,79.2590,212.6209
299.2808,74.0297,77.4009,212.8349
299.6639,73.8802,75.7232,212.6985
301.6859,76.6783,75.4795,211.5233
301.5230,78.6013,76.6631,210.9104
302.5051,78.8848,77.6189,210.3860
300.5388,80.2220,79.7038,210.3328
297.2281,80.5074,80.9154,210.5222
296.9736,80.9538,81.6736,210.0646
292.2784,80.3509,82.5948,209.6539
286.3538,89.8649,83.5685,204.3277
284.2629,93.2300,83.7011,201.2441
277.1859,92.4553,84.7442,200.9083
277.5596,98.9129,87.0053,197.2284
277.1388,99.9595,88.2391,195.5359
277.9904,104.2181,91.1615,191.9575
279.5025,108.2907,93.7261,190.4232
280.7118,107.4928,95.2374,188.6130
283.1617,111.7750,98.8035,186.2830
276.2163,117.4869,99.9433,185.6104
281.6770,116.3009,103.7244,182.7978
279.4075,109.9372,106.7100,183.7494
284.5130,113.1051,110.5590,182.3329
278.8813,110.6069,113.2501,181.9522
288.6270,112.9718,116.3654,180.8812
294.5274,112.4434,117.2206,181.2978
297.2775,108.4808,118.1462,182.9995
291.0197,102.5233,117.5433,185.1414
279.8014,90.0830,113.9276,189.9573
286.1686,92.3262,111.2204,192.8090
277.8813,83.6588,107.6404,196.5049
270.2823,73.2331,102.3868,204.6699
268.9266,71.4275,100.8971,207.5014
267.5648,69.2384,98.9831,211.3822
264.5376,67.7213,97.6068,215.6260
260.7372,65.8222,97.6634,219.2620
256.1926,64.4460,98.4512,221.5348
251.0079,61.0924,99.5126,222.1428
248.1613,60.8309,100.3172,223.1186
243.6020,63.1920,99.4518,223.1263
247.9574,62.1708,97.3008,222.7434
250.3258,60.6769,95.0388,222.6347
252.4582,60.2299,92.9849,222.7574
249.6622,61.6339,92.0041,221.6865
248.6247,60.7907,90.6124,221.0085
239.8531,66.0179,88.5211,219.9190
235.1318,69.7636,86.7298,217.7509
241.5548,69.0205,85.3431,215.3398
241.6279,71.1724,83.7249,212.4511
243.8796,74.0489,82.3446,210.1087
243.6883,74.0131,80.7263,208.8177
249.5391,74.2480,79.6717,208.8453
252.1445,73.7411,78.8438,209.7367
251.5726,73.2534,78.1857,211.0590
252.6500,70.2936,78.1236,212.5992
255.4373,67.6172,77.9641,213.3797
256.1962,68.4108,77.3049,214.0929
257.1942,66.5986,77.7290,215.3643
261.3185,63.5456,76.4273,215.7894
262.7381,63.0650,76.0701,216.5089
265.1067,65.0583,76.5678,216.3745
268.1856,66.3783,77.9434,216.5328
267.9070,68.1324,78.9847,215.7683
268.6224,70.1169,79.4477,214.7158
274.9618,73.6291,79.6785,211.9022
274.1178,76.0485,80.3997,209.3532
276.3697,77.9722,81.9699,208.5144
277.5246,87.7343,84.1455,205.1353
276.6028,86.0628,85.6132,204.5854
275.7788,90.8415,86.8596,203.5348
281.8020,97.2835,85.4048,200.0385
280.6341,99.2331,84.1392,199.1419
282.7586,99.4221,84.3063,197.0433
289.2019,96.1003,82.4278,196.7346
288.5812,99.2811,81.6438,195.5373
289.5064,90.5122,81.4157,199.1168
290.6677,80.3271,79.9936,203.9785
291.2501,77.0800,79.8725,208.3506
288.6847,70.5906,79.6050,211.9557
286.4431,68.3677,81.0278,216.0364
286.0052,64.9480,82.0670,220.4763
283.3947,63.7634,82.2644,222.7069
277.3741,68.7682,85.3731,223.5116
276.1948,74.1462,88.6758,220.5776
271.4793,65.9398,88.5799,223.7095
264.5596,71.9441,91.5991,221.6275
257.5805,72.6529,91.4551,220.4517
256.9104,71.1524,92.5792,220.2789
273.4235,69.2127,93.1326,219.8134
272.5226,68.7954,93.0355,220.9329
272.3227,65.1729,91.2877,222.9611
273.5425,61.8889,89.4831,224.9701
274.5408,59.3067,88.5981,227.9846
276.8636,55.9697,89.0913,227.9843
276.7424,48.8287,89.1927,227.8047
277.1270,51.4386,89.4381,226.8273
273.7704,50.1165,89.6758,224.5909
274.9639,48.3701,89.5451,225.3691
275.1200,48.3078,89.6065,225.5025
280.1766,49.2436,90.1392,225.4884
283.8903,58.0412,91.9165,221.4444
283.6756,57.5048,92.9713,219.7447
286.6584,59.2360,94.6146,216.7327
285.4441,61.5375,93.6758,211.2506
289.1375,63.5411,93.7953,207.6583
288.0823,66.3792,94.1457,205.7010
291.2544,68.8525,94.7798,204.1458
291.1296,69.5038,95.6991,202.2385
292.7101,75.6281,97.4538,199.1726
299.9613,74.2197,97.7820,196.5092
300.2119,76.2730,98.7855,192.6409
301.4873,72.7801,95.3099,192.4134
302.9186,67.5442,89.5068,195.0247
304.8950,69.4732,85.8028,194.9801
304.8645,63.8980,82.8009,197.9676
310.7593,61.4811,80.0230,200.9561
311.1325,60.7814,77.7253,202.6052
314.6399,54.1482,77.1137,204.1648
309.9079,48.1316,78.3062,207.8674
307.9186,49.3453,80.9247,208.4281
312.9148,48.6608,83.0471,207.9576
319.7338,49.0264,84.0611,205.6837
319.9118,52.1434,85.4881,203.1022
316.7225,50.9385,85.5492,201.0681
324.8492,57.4813,83.6153,199.2206
324.6495,58.3045,81.9935,197.2714
323.1875,60.9942,82.1891,196.5884
325.7876,59.0982,83.5426,195.4182
326.1598,59.0747,83.3608,195.8480
326.0172,58.5219,84.3880,195.4419
320.9435,57.3005,86.1804,193.4095
319.8594,55.8716,86.9630,193.3774
318.2081,56.9372,87.4012,194.1178
318.3251,58.8294,87.8007,195.0256
317.9491,58.3122,88.7135,195.1916
315.7529,57.6308,89.2014,195.0567
308.1329,56.7550,92.6740,194.7267
306.1208,53.7317,94.8136,194.0915
303.1176,60.8285,97.4818,189.9500
313.9493,63.4808,93.8141,188.8748
315.1025,63.0872,92.8025,187.3668
324.3100,62.1054,89.3826,185.6494
324.6821,64.3584,87.7352,182.6395
325.9962,65.9280,88.7831,181.1746
326.9438,67.4569,89.0578,179.8091
329.4731,66.3840,90.2052,180.2162
332.5559,66.5918,92.3245,180.9208
330.6281,68.5282,92.8955,182.5587
328.4794,65.2270,93.5562,185.6834
321.8875,65.0461,92.5322,182.6275
321.4297,65.5779,89.8191,181.5049
316.6966,69.0486,90.7186,178.2982
306.9445,72.0029,100.4073,172.4129
302.9622,71.0903,108.1394,168.9428
295.2092,75.0476,115.3817,165.4309
283.0872,80.1551,123.9784,161.0514
279.7201,81.1606,131.4193,157.9351
272.4752,81.9444,136.8265,156.2442
265.3531,83.8363,139.2469,154.0968
264.5012,84.4046,139.7642,153.5321
261.4116,87.3168,140.9769,153.6026
254.0120,86.0663,142.1446,153.3297
253.3151,84.6771,142.0763,154.6529
249.8926,84.3925,141.8561,156.2612
247.9818,84.3788,141.6474,157.3769
247.0803,82.4945,141.3388,158.9255
247.6074,80.1828,141.9348,159.8724
251.9077,80.7611,142.8240,158.9665
252.2399,81.9390,142.8450,158.3864
257.6582,80.4583,142.1870,158.8620
276.2480,74.0222,140.4589,162.7071
279.1078,71.5079,139.9507,164.6944
279.7802,68.3121,139.2440,167.8107
267.1950,66.5509,134.5179,170.7466
272.3243,67.6066,134.1862,171.8844
258.0788,63.6627,127.9282,173.2703
243.4879,66.7664,122.0296,174.4711
246.5326,67.9360,117.4785,175.2205
239.4871,64.5101,115.0082,175.6170
248.4530,65.9199,109.0571,176.9250
252.4785,61.8210,105.9025,177.6934
249.5528,61.5879,100.5383,178.9443
261.6023,64.2828,95.6443,177.9170
261.5292,64.3443,89.2033,177.3745
259.6971,59.3755,83.1697,178.1360
263.6714,63.2406,78.6544,176.8542
266.2312,63.0890,73.8876,175.8254
266.4626,62.2395,71.0688,175.4425
268.2950,57.9949,67.6995,175.9384
269.0699,56.7397,65.3203,176.4176
269.8993,56.6378,63.2628,176.3143
272.7548,56.7250,63.9789,174.6489
274.5726,56.1370,64.8010,174.0902
269.9948,60.0450,64.0587,174.4411
268.6838,64.6461,63.2254,172.6789
271.8584,65.6196,62.9896,171.7057
275.8129,65.9407,63.5114,170.8600
271.8353,71.6024,62.6219,169.4654
275.3371,75.3995,61.7873,167.6146
273.9496,74.6700,61.8647,166.6127
273.7582,76.1797,62.6358,165.8968
273.1864,74.4504,63.5735,165.0437
281.2327,80.2974,65.2161,163.9203
281.4144,79.3683,66.4717,162.5769
281.4083,79.8514,67.8255,161.1412
280.9016,81.1044,68.3891,160.2110
279.3806,84.3737,69.6606,158.6631
279.0615,85.4655,71.1181,157.0017
278.7538,86.5105,72.4080,156.4347
280.4882,88.1144,73.5823,154.7549
280.3985,87.6695,74.8119,152.6110
281.9003,87.9895,76.9591,151.3949
282.7504,87.1575,78.3847,149.9045
283.4937,87.6443,80.0270,148.6654
284.3245,88.7665,80.6060,148.3507
294.9056,90.5961,80.7261,148.4315
293.9059,89.9563,80.8456,148.6047
296.2185,91.0755,80.8883,148.7322
300.9441,90.6308,80.7782,148.6902
302.1622,90.8521,80.7972,148.7282
305.4331,88.9476,80.8731,148.7028
304.9950,85.6460,80.8510,148.5762
304.9850,85.9556,80.8965,148.4092
303.3034,84.6713,80.7977,148.4137
289.3356,74.8278,74.4939,157.1013
291.2672,71.4200,71.4280,162.9350
285.5597,69.6883,68.5749,163.7643
281.1927,72.2774,67.5761,163.9196
279.2146,70.5011,66.4395,164.2216
281.9905,67.6445,65.6944,168.7921
278.4835,64.1480,64.1395,169.0059
286.7878,65.1355,62.8772,168.7091
281.7121,68.8992,62.6558,168.4823
278.2268,65.6549,61.9135,168.7060
281.6586,65.3090,61.8560,168.3559
277.0105,61.8061,61.2079,168.9358
272.2054,66.0259,61.1508,168.6637
273.9616,63.9808,61.0464,168.5622
271.8761,66.0974,61.2277,168.5236
273.5001,72.7145,62.7152,166.9621
268.6691,71.9913,62.6595,166.4893
269.5612,78.0023,65.1249,163.8612
261.7079,79.5482,66.4028,162.8211
264.1906,81.7747,68.0777,161.4442
271.9211,77.9728,68.2710,161.2940
276.4455,78.0413,67.6684,162.3517
273.6802,75.1991,66.8416,163.5110
281.8468,78.5199,65.8000,163.8960
289.9225,79.1141,66.0269,164.4003
287.8484,75.9615,65.0155,166.0194
294.7303,73.3993,65.1476,167.0499
293.0158,75.4861,65.9001,168.6921
292.0866,76.8843,66.3289,169.9741
291.4643,75.3296,67.9769,171.8877
295.1611,79.3181,69.8204,170.5048
290.0849,83.1376,71.4899,168.9031
289.4147,84.4446,72.9334,169.0025
300.3602,82.4494,74.7398,167.7862
298.4004,81.5572,75.4785,167.5018
298.5118,81.6244,77.4851,166.5392
304.5501,84.5846,77.2194,165.5518
304.2351,89.0609,76.1525,163.4359
308.2084,87.5349,76.0654,162.3529
306.1987,88.8133,75.1907,162.4684
308.4942,90.5619,74.7108,162.0392
307.6565,89.9685,75.4960,161.6307
307.9984,92.6200,77.7970,160.8304
307.1913,91.4686,78.8555,161.0752
310.0145,90.2900,79.9659,160.9935
307.2712,89.5937,81.2550,161.2213
306.3605,89.2702,82.0441,161.4373
304.1348,92.4263,83.3794,160.9756
308.9110,94.5220,83.9274,160.7052
292.5593,88.9347,83.9088,160.5003
293.2443,88.7902,84.3478,160.2086
290.2776,88.4758,84.2546,160.3867
289.9115,90.4853,84.2648,160.3601
287.5070,90.8229,84.2665,160.0472
298.3980,101.2106,84.6745,159.7197
310.6496,108.7370,85.2741,159.2805
316.9302,111.7566,86.0115,158.3254
312.5407,111.6739,86.9652,156.7968
305.9169,112.0021,88.2984,155.2782
306.1192,114.2079,89.6017,153.8228
301.7699,110.7184,90.8300,152.9565
303.4792,108.6392,92.2057,152.1714
308.2755,101.9501,94.5683,151.0392
309.6703,97.5206,95.6270,151.0394
308.4668,100.6221,96.1912,150.9384
307.1342,95.9490,97.4717,150.4180
302.5820,95.9858,98.6060,149.7969
300.6017,98.1038,99.6814,149.3830
299.7984,100.0142,99.8216,149.1654
292.5720,102.6538,96.5752,151.4639
298.0090,102.4940,93.1514,153.6214
300.1714,101.2424,90.6786,154.2814
290.0720,104.0162,88.5727,155.8918
293.6622,102.2287,86.1474,157.8010
287.3701,101.0078,84.8171,158.1925
286.3521,104.5709,86.4111,158.0706
280.6057,107.1638,85.4806,158.1753
281.5647,103.5700,86.6542,157.7864
273.3430,105.4249,92.0306,154.1836
267.1512,107.2227,95.4585,152.0475
248.7640,111.2279,96.2052,151.2385
251.8515,110.7533,95.6312,151.2443
253.5817,110.3973,94.9828,151.5298
255.2930,107.8752,92.2590,152.4210
258.6114,106.3770,86.9449,153.0128
261.0740,105.7708,82.2968,153.2893
263.2819,103.2514,77.8136,153.8837
262.2439,100.1354,73.6960,154.2838
266.0343,101.1868,71.2954,155.0981
263.9377,98.2891,69.2805,155.2672
263.7824,91.9664,66.8466,156.2615
263.1154,89.2768,64.7261,157.7908
261.2513,86.2951,63.9876,158.9218
273.8135,89.1378,64.1804,161.6448
273.1419,88.4404,64.8700,163.0501
273.0273,88.7832,65.9109,162.8737
282.7093,94.1318,67.5086,163.8064
281.1652,90.9366,68.3806,164.5872
282.8129,91.9695,70.2777,165.1911
283.7823,97.1967,70.5639,164.5317
284.2706,98.8124,70.4253,164.1215
286.3578,104.0841,71.2298,163.6693
287.9919,108.7209,72.7370,162.1880
291.2903,110.1134,73.8667,160.9873
291.8987,112.2730,74.6695,160.2719
285.4540,112.1895,77.9474,158.7319
284.3175,112.6279,81.3317,157.2973
283.6086,113.1185,85.0704,156.6231
281.0934,114.5397,86.3782,156.3363
280.2676,115.6897,87.6222,156.1048
276.8364,113.8548,89.3861,155.8277
271.0911,113.6486,91.3270,155.2547
269.3396,113.2002,92.6389,154.9401
266.5715,110.9658,93.8571,154.5771
268.4439,102.3695,96.7026,153.0330
269.5615,103.4054,99.8074,150.9107
269.5907,105.9551,103.1384,148.8489
257.4396,111.2773,104.6452,148.8059
234.0677,116.2040,102.6992,150.5742
233.8600,114.8925,101.9518,151.7986
232.4098,106.2348,97.5480,154.8916
245.4869,104.4258,96.2983,157.6656
248.4136,108.2458,95.9711,158.9085
250.1023,108.7130,99.3805,159.0223
252.4043,108.5577,102.4959,158.9957
250.2875,109.1319,105.8431,158.6286
245.7600,110.9851,108.2005,159.2917
244.4617,110.2476,109.7114,159.5126
240.4980,111.5521,111.6562,158.8402
241.9317,110.9418,115.3433,157.8440
245.4371,108.1256,117.1791,159.0251
243.3918,106.7824,118.4226,160.4538
246.2464,102.7815,116.4152,162.5826
248.2964,103.9418,114.8865,163.4272
254.6019,104.3012,110.1716,163.6099
257.9206,104.2559,105.2039,164.9773
259.7877,102.7678,101.2130,166.2946
262.5865,103.1488,96.1398,167.0734
267.3327,88.1270,88.3451,174.6026
271.7794,85.3778,83.8708,179.1344
272.9320,81.5508,79.5980,183.7938
275.7685,82.5564,76.4613,184.8313
275.6140,79.7821,73.6703,186.4564
280.0951,83.7545,73.4150,184.5327
282.6267,85.6867,73.8635,184.2765
282.9731,83.4856,73.6920,184.3450
284.3286,82.9509,73.8021,185.6517
289.8251,84.4513,73.7053,185.8997
289.5389,84.0873,73.2057,186.8390
291.6067,85.2116,74.7732,185.9675
295.2890,94.5949,75.7653,181.3088
294.8081,95.7302,75.2386,179.5731
295.1227,94.7390,75.3862,178.7362
295.3229,98.9335,74.6725,176.2143
293.6185,100.9528,73.3319,175.1243
294.6739,101.3889,72.7578,175.0955
296.8289,108.3860,71.8018,172.0380
297.1468,110.3222,71.0375,170.3687
297.8080,108.7597,70.3765,170.2597
294.5195,114.7135,71.5676,167.1855
293.0934,112.4365,72.2197,166.4643
292.6046,118.1955,73.9239,164.0566
284.1271,114.5376,74.5946,164.6636
284.3618,116.1391,75.1014,164.0327
282.0459,116.0259,74.3031,163.6911
280.5301,110.8370,71.5669,167.1558
280.7186,109.3739,69.5585,168.8089
279.8699,106.4496,67.0238,172.5515
276.9691,104.0353,65.5063,176.3332
276.6780,107.5240,67.0473,179.8989
274.8276,104.6263,69.5988,182.7360
269.4192,105.7426,72.5801,183.9391
270.8580,106.9185,71.8835,184.3258
269.4357,107.0291,72.2031,183.8035
271.8827,105.5573,70.9880,186.0051
269.2565,109.0015,71.3346,184.7750
268.9000,109.9132,70.7605,184.3172
265.3742,111.3456,73.3668,183.3567
262.6491,117.9871,76.9051,179.7679
260.9899,118.5010,78.5940,177.5143
264.0693,118.3711,79.7209,176.8488
265.2176,122.4281,80.7142,174.0505
267.1806,121.9704,80.4491,173.4341
265.9545,128.3924,79.9239,169.3639
262.8871,127.7063,76.7960,168.1375
264.8117,127.1262,74.4833,168.2831
261.6935,124.5230,73.1484,169.1104
259.5829,128.7725,72.4614,167.0372
258.7840,129.4358,71.8935,165.9269
264.0021,120.1018,69.2733,170.4371
269.4149,104.6917,65.7392,180.2402
270.5609,101.8344,63.9647,186.0425
274.0903,96.5208,62.9485,190.7482
275.6116,94.0395,63.4121,195.0390
275.2341,92.1549,64.4798,198.3006
268.5714,90.3541,67.2071,201.6636
258.5753,88.7594,70.1130,202.9239
244.8889,88.6948,73.0148,202.6882
241.9199,85.8979,73.9962,204.4317
245.1449,83.3479,77.4451,206.1520
245.4369,85.8785,81.3649,206.5612
248.1728,84.7179,85.9423,206.8127
253.0063,86.6935,89.7219,207.9543
254.2018,85.6815,91.7742,210.4544
250.5496,84.8724,97.3463,210.7766
255.2074,89.4862,103.2372,211.1763
272.9579,78.9669,107.0631,209.6699
264.1285,87.4944,110.7469,210.4162
264.9696,85.9640,113.9450,212.3125
265.0684,83.6404,117.2441,214.5141
266.8637,83.0009,119.2822,215.5725
270.4679,80.0786,115.7990,217.5129
273.8460,79.7122,112.9719,220.0650
272.7033,76.6907,108.9017,221.0557
266.6735,69.8235,106.0237,224.4078
269.9729,69.8762,102.6934,227.1937
269.8246,68.8772,100.6841,229.2269
271.9796,73.8535,99.1286,227.7933
271.1853,74.3366,98.6871,226.7601
275.9860,80.2562,99.2688,223.4946
275.4644,85.8187,97.9901,220.1976
278.3227,89.6938,97.1915,217.4865
279.8097,88.0329,94.9206,217.4366
281.0978,85.7051,92.9687,216.4205
281.4751,85.8383,92.4822,214.7526
280.9554,87.8079,92.9116,214.1466
280.2753,85.0139,92.2579,214.7966
277.8161,84.5770,91.8401,215.7358
270.9664,79.2049,93.8691,217.2220
273.7927,77.9206,90.2727,218.1452
274.6329,77.8647,87.8742,218.6075
275.0761,77.4708,86.3672,217.6141
288.6136,70.2974,86.4478,219.7061
295.4397,65.0097,86.8649,222.6712
301.9036,62.6376,86.4659,224.9412
297.2612,63.4146,89.3224,224.1548
295.0128,71.3229,91.0830,220.4775
296.3809,67.6673,90.5570,220.6277
286.9187,73.5904,92.4034,216.7780
284.6933,76.7141,91.5406,214.2911
279.5490,74.4805,89.8328,212.9196
296.2241,69.9043,88.8463,213.9310
291.5770,69.9245,88.8969,213.7853
321.9557,59.9291,89.3425,217.3902
329.6490,58.6021,90.9142,221.4221
335.0402,56.4156,91.9414,223.5048
338.0818,58.6157,94.9988,223.6228
353.0879,61.7981,94.3355,222.0820
349.2127,62.6583,94.8172,220.1124
353.6319,60.0132,95.0329,219.1610
363.3416,59.2398,94.2576,221.8525
368.1456,57.0578,92.8377,224.7331
372.9659,59.7807,93.2347,224.3229
378.3669,61.3565,93.3864,222.8897
381.8391,60.3867,94.7895,222.8282
402.7168,62.5444,92.7692,222.3250
403.3144,63.9592,91.1971,220.2260
403.5011,64.4083,90.7129,219.2499
401.0572,72.0291,92.7668,212.6027
399.4752,73.5966,93.3772,207.9315
400.2112,77.1985,93.8412,203.1963
396.9654,83.2147,93.0966,200.4071
395.7977,83.3886,92.8653,198.0062
390.9235,84.9999,93.4729,196.8360
386.1897,87.2311,90.1256,195.3335
383.9190,87.5579,87.0472,192.6823
383.0698,88.2380,83.4903,191.7460
388.4937,85.6672,80.0487,191.2252
386.3848,85.8916,77.6225,191.0963
389.1432,84.5050,73.5188,191.9542
389.6804,81.7330,70.0058,194.4903
389.0863,81.4730,67.9284,194.8206
392.2098,77.5605,66.2794,195.9481
396.4449,72.0606,66.6628,198.4802
396.4726,75.7522,67.0219,199.6798
392.1752,71.7758,66.6159,201.7473
390.4695,70.7890,65.3891,206.1636
391.7893,67.5083,64.3527,208.6437
390.8861,71.4713,65.2599,210.4688
390.0127,75.9782,65.2232,205.8236
391.0793,77.4249,65.3304,202.8848
388.6607,80.3662,65.3420,199.9302
388.5325,85.6648,65.8203,196.7234
388.3557,88.7704,65.4144,194.5688
386.8693,88.4388,65.2550,193.6384
386.3953,88.8608,64.3452,192.7169
386.6802,88.4739,63.7102,191.9249
386.1492,86.7300,62.2119,193.1260
383.7122,75.0527,60.1087,197.1680
386.0530,76.3797,58.5958,200.8315
384.0695,76.0680,58.7079,202.7114
382.1541,84.2421,60.2641,203.9111
380.6908,81.2935,62.0161,204.1673
379.7388,80.3004,64.2331,204.4882
375.3974,82.6599,65.8368,203.4521
376.3663,83.5524,67.9935,203.6614
374.0611,85.2516,69.2743,202.2383
375.3062,83.1415,70.5059,199.7556
374.6824,87.1464,70.7831,197.3573
374.4252,84.3883,70.7195,196.4975
374.5936,87.0969,72.6862,195.5147
374.4078,86.8346,74.4029,194.8677
371.5850,86.8189,73.6988,194.6649
369.6347,86.4269,71.0961,194.6968
369.5938,86.0139,68.3627,194.7033
368.7354,92.1965,67.7452,192.1267
365.8123,88.3410,69.1240,192.7157
366.5621,83.2698,69.2617,194.2382
362.3806,86.8088,70.7362,193.0435
363.6646,82.6790,70.1969,194.6116
363.2521,84.3197,69.9099,193.7583
363.5187,85.7029,69.3303,193.1973
358.0504,94.8797,72.8579,188.3082
356.1110,97.0668,74.7026,185.3852
352.4249,98.2743,76.2095,183.5537
349.6370,102.7294,75.7729,180.3737
351.4221,102.1033,74.4500,179.0819
349.2547,105.0795,72.9249,175.9622
343.3161,109.8927,72.3518,170.2157
344.8623,110.3227,71.6942,167.3960
340.2849,113.0516,71.1934,164.5153
333.7108,113.5427,71.1505,162.2531
332.7199,118.0409,71.5246,159.0729
328.3625,122.8217,71.3684,155.2812
318.6464,130.7701,72.3132,152.1190
316.1514,127.1428,71.5927,151.2135
313.1917,130.8370,72.6046,149.2789
305.7698,135.3852,72.4523,148.8744
303.3210,136.7622,72.1876,148.0374
301.2770,135.9091,71.3517,147.7641
300.1995,133.9937,68.9274,150.3417
298.9078,134.1729,67.7410,151.5811
301.4457,132.4209,65.6296,154.2078
299.0082,132.0910,64.7550,155.9932
300.8052,127.8000,63.6445,157.7576
297.2667,135.0135,63.6595,157.8746
294.6192,134.9453,62.4832,158.9919
294.5824,133.1832,61.7941,159.7107
295.9364,134.3999,60.8184,159.2280
298.3386,133.8816,61.2813,158.8549
298.3669,130.4865,61.2079,161.2706
300.2178,136.2762,62.3391,159.4853
300.7528,122.2472,61.7551,165.9523
303.4624,115.1419,60.7595,173.3049
304.1897,103.0110,60.0624,183.2229
306.1583,99.4903,62.0769,192.0020
309.3842,98.8097,64.5931,196.7412
308.8344,94.9289,67.6404,200.8143
308.2555,101.0673,69.5499,200.0894
308.6318,101.7825,69.4677,201.8246
309.5826,101.1195,69.7511,203.9690
309.4216,102.6847,70.2793,206.2049
309.2886,102.6956,71.2042,207.8405
284.3589,101.4353,74.5234,210.1586
291.4517,100.1718,79.1915,212.8772
283.9766,102.0151,82.5443,213.9727
