1
38.2120,606.0362,81.2284,57.6406
58.3671,602.1062,77.5902,63.8549
73.5249,603.9766,82.5591,64.9493
97.0657,603.5077,84.5148,63.0111
112.9259,603.3560,86.0707,60.3999
136.7742,600.5110,84.4481,59.7313
150.3197,600.8300,86.5260,57.7902
165.9252,598.8831,82.7922,58.6274
198.5242,596.3552,81.0047,57.3726
257.6222,595.8376,75.7984,59.8720
277.6660,597.4573,76.1341,58.5610
327.1276,597.1083,73.4627,58.6452
354.0668,600.0881,73.5673,56.8666
382.0116,596.4280,73.9282,55.4713
420.9926,598.5990,71.6944,56.9828
452.4160,593.5623,70.5062,57.0171
468.3058,594.6423,70.7506,57.3543
488.0701,598.0887,75.6486,54.4541
527.1191,600.0256,75.9958,53.9391
558.9108,597.1779,75.0256,54.0796
574.3868,596.0092,75.0285,54.6180
581.5573,595.8300,74.8392,53.3908
602.7146,596.0320,70.6194,56.8725
607.4750,588.8470,69.2660,57.0116
620.0182,582.6335,69.1651,57.4573
639.5851,580.0084,64.3915,62.2138
656.6008,574.1175,59.9057,67.0576
665.9431,564.7815,60.2639,66.6786
2
0
0
0
0
1
732.6491,392.7354,85.0965,80.7405
720.9051,384.4765,85.0386,75.3849
706.8654,380.9462,84.6114,69.8403
692.2795,380.2110,85.6995,63.9775
684.9014,376.5563,86.5934,60.7378
688.3819,377.7514,84.9872,57.5915
682.9120,376.5176,85.0919,56.8019
677.8866,374.1253,82.1614,56.4015
674.2695,377.3402,85.6291,54.2091
674.0449,373.7019,90.6072,52.2098
673.9548,375.0356,96.3149,50.7697
672.7874,374.4066,101.0912,49.8329
669.0363,374.4445,106.0114,48.8756
667.0316,374.9188,109.7889,48.5651
667.2088,374.5891,112.7543,48.4641
678.4503,374.4690,116.7743,48.4226
684.1019,375.1595,119.8105,48.9911
694.0778,373.9286,118.0368,49.3663
712.2270,373.8675,122.2669,47.8462
716.7117,373.1116,122.1915,48.7923
731.7716,371.7816,120.5074,49.9974
738.1586,368.8033,119.6872,51.8584
740.8185,367.2291,118.8210,52.8513
740.5754,367.6652,118.7757,53.3748
745.0048,367.1747,120.9265,53.7420
745.5557,368.2920,123.5015,54.1232
743.4207,369.7893,124.0191,54.9222
743.3463,369.2308,124.4533,55.9014
742.7009,368.6347,124.5800,56.4352
742.9138,368.6021,124.8271,56.6427
743.9670,368.7986,126.3607,56.1881
743.9903,368.4369,126.9569,56.4446
745.3937,367.5307,128.1916,56.3752
745.1726,369.1810,129.2611,56.7957
745.3406,368.5825,130.9078,57.1148
732.0909,368.1013,127.6791,57.4649
709.7963,370.2825,127.4195,56.6362
700.2175,367.8058,129.0452,55.2418
673.4689,370.1664,129.2972,54.0210
649.6365,369.9147,129.3605,54.3194
620.6941,372.1266,128.3154,54.1750
605.9902,372.9670,125.2583,57.2131
576.9289,371.0354,124.6352,60.1821
569.9938,362.5306,123.4812,63.1890
575.0818,360.4076,124.4175,67.1708
555.6902,363.5256,121.8682,71.6423
524.4952,370.7345,125.3450,69.0099
460.7369,365.7172,124.6077,69.3204
445.5709,361.2183,129.2301,67.6321
460.0842,359.5136,128.5730,65.5499
458.9333,361.5826,128.8676,63.6636
461.1292,362.3101,127.7906,62.5870
463.2737,361.6402,126.1372,62.1492
467.2722,361.2822,125.1184,61.3803
481.6983,358.8459,123.7734,63.1895
473.4930,346.0874,122.6274,66.2171
487.8142,348.5407,114.7672,70.2533
2
0
0
0
0
1
786.4193,353.8096,101.4410,62.8590
796.4347,344.7203,99.4162,66.8907
811.9660,337.5437,97.2469,71.6852
825.3698,335.7455,99.8033,74.5679
830.8297,323.9973,95.8449,81.3515
811.6602,324.1510,94.2596,84.8425
825.6358,281.9007,86.9610,95.7174
822.4731,249.7517,85.2045,98.9219
827.8349,243.4469,83.7019,101.2114
824.1499,225.4115,84.9254,95.4611
820.9455,219.9074,84.4262,88.5679
816.6212,214.3383,85.6883,80.5886
802.6460,212.0866,88.7727,71.2965
786.9031,211.1544,90.2686,63.9512
784.3929,210.3131,88.0814,59.1904
791.2751,213.5290,88.1593,54.5555
797.9507,215.2969,89.6088,50.4106
813.8798,218.1618,92.4961,47.0749
832.2957,219.8363,95.3966,43.7278
850.8849,221.9555,92.8800,42.4293
879.1313,216.7154,87.3137,45.9186
894.6815,200.9786,80.0865,54.4285
920.7612,191.0800,74.0234,63.1892
928.8125,177.9880,70.3369,72.2147
929.8068,182.9354,71.7223,73.8083
955.4722,200.6084,80.2671,67.9057
2
0
0
0
0
1
901.3381,117.4629,62.2169,38.5331
886.0691,117.7395,67.1562,35.9454
868.5130,119.7217,72.1596,33.8447
851.1616,120.9472,77.2183,32.1182
844.8134,122.7707,80.1103,30.2022
827.6663,124.0335,82.2099,29.4874
814.1409,123.5599,84.3480,29.5856
802.0625,123.5888,84.7102,29.1799
794.3016,124.3228,81.9778,29.0938
786.0472,124.8602,76.2259,29.9260
775.4528,125.1413,72.6641,30.6041
760.0886,125.3173,72.5067,29.6354
740.8541,125.0037,74.2149,28.5513
726.1534,123.8094,75.5145,27.9461
710.9844,125.7625,78.9888,26.9251
694.1053,126.0416,82.4065,26.0281
693.0291,127.0006,84.0004,25.7600
685.9225,127.4075,86.4610,25.1944
680.2983,126.0538,87.2578,25.1509
678.1635,126.3003,87.9613,24.8530
672.1843,126.0118,89.5130,24.4212
664.4535,127.2977,89.2501,23.7935
662.7365,127.1467,88.4089,23.2842
645.0835,126.9784,92.0896,22.5370
638.0048,126.5888,89.6473,22.9700
621.0555,124.8687,91.1225,23.2950
600.2556,124.5895,89.9313,24.2269
584.8805,124.6217,91.7890,23.7582
578.4628,123.5297,90.1022,24.7324
579.3337,123.4684,88.8453,25.2644
