1
300.4605,136.1956,72.4532,86.8409
297.6092,141.7862,73.8623,88.4723
297.5880,143.5783,76.2524,90.8545
298.4555,145.5141,77.4774,93.4040
299.0899,145.4422,77.9336,94.3409
303.7483,141.2832,77.5969,94.7067
306.4537,141.8750,77.0667,95.4397
306.1506,142.6107,78.8196,95.8842
302.9814,144.6434,81.3507,96.1917
305.9007,147.8904,82.7247,98.3749
306.0414,149.5438,84.3598,100.3017
309.9580,142.4046,87.0216,103.9284
313.9877,132.4670,88.7733,108.0525
316.3983,127.3893,89.8225,109.3667
322.8920,127.4654,88.6412,108.6933
322.7434,126.1386,90.4449,108.2496
325.0958,128.9536,90.2713,109.9146
326.9937,132.9578,90.5803,112.2062
327.1731,120.2751,92.1823,112.2565
328.7443,108.5720,95.2388,112.7277
338.4562,106.7268,96.2825,111.6600
340.8571,102.3962,96.4472,110.3639
348.3313,105.9424,95.8870,110.6672
357.6603,112.4564,96.5100,111.5330
366.9467,121.0539,97.0951,112.3705
375.0784,127.5975,98.9996,113.8581
365.7403,117.4021,99.3418,114.0888
354.6824,103.3736,98.8850,113.2778
347.4373,88.7268,97.8334,112.4934
339.3897,85.1288,95.6724,109.2456
331.8901,81.2592,92.0023,107.9428
329.2711,82.7577,91.6482,108.3013
333.8520,83.5674,91.2093,108.1192
337.8370,94.0427,91.3859,108.0845
329.1443,91.8308,94.2294,109.1481
326.0833,89.8450,93.1077,112.1098
343.8323,106.5096,92.5577,115.4382
357.6935,105.2425,93.5401,116.9465
353.2537,92.6942,94.3976,117.9706
357.1053,94.2897,93.7426,115.7886
357.7124,88.1459,93.4595,111.6036
352.8877,88.2766,93.6058,112.5626
351.9206,85.8216,93.1396,113.8142
348.3744,88.0654,94.2980,113.1934
352.9779,90.7462,96.2950,109.6930
357.4268,103.3319,97.2761,110.6464
350.6629,108.5476,98.4017,112.6470
321.9947,86.8640,100.1818,114.4829
358.9890,129.9129,101.0036,118.6509
359.3331,129.0626,100.6873,124.9933
356.8832,115.0581,98.2234,128.2903
352.4783,103.9934,97.4269,124.9679
347.9309,100.1255,98.0458,125.8066
346.3555,100.1372,98.0762,124.0136
346.5390,105.7754,96.8615,121.3588
345.0712,116.6332,93.1911,123.4162
343.1160,121.8589,91.9423,126.5160
348.4131,144.5838,92.3731,125.4347
351.0296,166.2231,91.4659,126.0763
341.9388,164.2178,91.3203,129.4406
328.9004,138.2880,88.8285,127.5229
319.1761,126.5693,88.3699,123.5181
314.6322,118.6902,87.8878,118.1651
305.2860,114.2908,88.5072,111.8084
302.6188,116.3991,87.1015,105.9183
300.2368,119.6689,84.6000,102.7836
299.3235,124.7819,81.9372,102.4276
302.1055,137.9518,79.5825,102.7323
301.4321,155.3744,76.5209,104.1577
302.2977,167.9569,74.5052,105.5792
301.1827,187.8514,74.7782,105.5821
299.6492,187.4397,75.4913,105.9630
288.6990,173.5259,75.1295,106.0102
281.6859,146.6318,73.9414,104.4717
274.9623,131.2181,72.8613,102.8485
269.4320,128.1041,73.1164,99.9668
266.6595,124.4089,72.3048,97.0959
263.2307,123.5039,71.9923,93.7272
260.4235,130.1954,71.7744,90.7462
258.4004,143.6404,69.5963,91.9336
257.7253,155.6257,68.0328,92.8965
255.3428,173.2322,68.5884,91.1811
255.8344,185.6613,68.4502,92.5270
253.1099,190.9215,68.7125,95.1206
250.4352,180.2745,69.3998,95.0186
248.5266,173.4432,68.5958,92.2328
245.1219,175.0969,68.6801,88.3849
242.9343,180.8200,69.6849,84.1681
239.5652,187.7820,71.0680,80.4868
238.4637,196.8758,71.7566,78.1021
236.4811,204.3947,70.9713,75.6255
236.1663,207.7333,70.5742,73.6742
288.5012,185.5856,71.5210,74.8244
298.5289,176.9097,75.4431,78.9518
300.9971,175.8931,77.4211,81.4555
2
0
0
0
0
1
236.7986,189.7104,68.1792,57.3310
246.6774,175.5149,67.0166,58.9315
253.6214,172.0276,67.2194,59.3447
246.5251,161.3595,65.5717,61.5251
247.5916,163.1188,63.8786,63.2837
259.0975,157.0739,64.1542,63.4719
273.0730,160.1335,67.4057,61.2084
267.4359,151.4304,65.5590,63.6958
300.5350,160.7666,60.3292,69.0064
2
0
0
0
0
1
252.4105,147.6253,47.8032,52.7487
259.4687,145.8604,45.5898,55.4158
284.2418,141.1640,44.2390,58.4925
264.8335,129.8519,44.5343,58.8995
266.5061,136.1877,46.0233,56.9218
259.5546,155.6434,46.6925,55.5182
252.0504,156.8271,48.2725,56.2027
257.2847,140.0139,50.1845,58.1291
260.2530,140.5181,50.7533,59.6507
266.0818,136.8639,50.8863,61.1511
270.2584,139.8264,51.6517,62.3136
273.9114,137.2442,52.4380,63.9429
276.8930,133.5842,52.9076,62.4186
329.9227,168.5965,53.7413,62.5004
2
0
0
0
0
1
268.0543,148.7629,84.7916,92.2037
278.4113,150.5549,83.3820,92.4789
272.9933,143.5027,85.0920,93.5118
264.0097,148.8501,86.1702,92.9985
270.9045,149.1537,86.8592,93.4155
261.1082,148.6480,85.6890,94.1023
261.4298,148.5804,85.1897,93.4473
261.5172,145.6781,83.5040,94.3589
261.2371,146.3893,83.5974,95.6927
253.8772,139.6378,86.6637,96.0735
252.8798,138.2973,86.4145,98.0030
243.8667,136.5835,89.6239,96.0364
230.7075,136.0993,88.3000,95.2613
221.2110,140.9010,91.3225,92.5377
219.6259,140.6609,90.8410,94.0581
213.9893,142.2328,86.9658,98.7245
206.3131,148.5766,87.5016,98.7850
211.5296,139.0476,84.4568,99.9328
209.9751,135.4438,82.5205,97.4596
212.7947,133.3197,82.3055,96.8790
206.1839,131.9825,80.8431,96.3762
201.8619,136.2545,80.8776,96.5841
203.3406,137.5956,80.7605,96.3660
202.9110,143.6140,82.1452,97.7307
205.5084,140.0815,80.8998,100.4417
211.4130,139.4826,81.3969,101.0375
219.0931,144.3501,82.5360,102.4940
224.7054,147.5317,82.2472,102.8222
226.3891,152.5605,81.0121,104.8875
232.0178,145.9723,82.2950,103.1062
251.8610,156.6320,81.0315,102.4009
255.7957,159.5313,80.3576,101.3501
264.1093,156.0995,82.0491,97.3531
265.8833,164.3098,81.3825,96.9069
275.4188,167.2673,81.7447,94.9492
278.0780,170.0314,81.3420,92.1856
281.7604,169.2526,81.4166,89.0299
282.0731,176.8992,81.0820,88.7510
285.3174,172.4046,80.6932,87.1857
291.1490,183.3537,81.6857,84.1021
297.3487,175.8685,81.6875,81.9241
302.5441,176.6567,80.7324,79.5703
307.0572,177.1437,80.6565,77.0576
305.1754,177.4046,81.8611,72.4034
308.7712,177.1969,82.0253,70.8015
312.0596,173.2724,84.6742,68.0310
320.1746,171.9989,84.2341,66.8072
334.0567,169.0012,86.4466,65.2715
331.8913,170.9220,85.9789,63.0795
339.5779,172.2750,84.6023,63.6104
342.9209,183.6310,82.0414,66.7510
344.3474,189.7612,82.1280,67.3367
351.1432,202.4548,81.1337,69.3762
347.7679,190.1930,81.8264,70.3926
343.9365,174.0158,78.5598,74.9622
341.9601,165.0263,78.6875,79.9746
339.8040,160.9393,79.6018,81.1602
336.1111,156.0282,78.4835,82.4354
337.1050,166.6560,77.3470,85.3550
323.9409,180.0570,78.4065,86.3714
321.7144,179.2600,81.6760,88.4772
332.9720,195.7762,81.2803,88.1780
340.2855,185.7687,79.1966,89.3318
331.5847,173.2805,79.2246,88.9809
334.7684,160.0139,78.5088,90.8247
326.2249,151.0611,80.2333,88.5067
329.4335,137.6756,79.3319,88.2956
327.6186,136.9090,80.3808,88.6480
320.8852,163.8172,83.8871,85.4318
318.8039,161.6767,82.5326,87.0904
316.0622,171.7917,84.4074,87.9839
314.4603,176.8878,84.2855,89.4894
314.3925,169.7895,83.4671,92.0153
302.7589,162.1669,83.1630,91.9047
298.9864,149.2094,82.4612,90.2493
297.6911,146.0029,81.1769,91.6226
295.5786,148.3787,80.8467,89.7085
292.6879,153.1617,78.2244,91.1539
285.4171,152.7569,77.4320,90.6205
285.5099,166.9340,76.9024,90.6504
284.1394,181.5578,77.6210,89.0324
289.2939,189.9082,76.7760,86.8934
292.7520,183.5433,75.5290,85.6938
288.9937,175.1822,74.9469,84.6548
293.1056,172.1139,74.3150,82.8230
294.7305,168.5755,72.6142,81.3756
294.1879,169.7116,71.2631,78.2369
289.7646,174.3275,70.2184,77.2507
291.4821,180.5999,69.5649,76.8546
293.9067,188.3744,66.9527,77.8527
293.1877,192.2131,66.5424,79.3079
257.0055,187.5255,68.7148,79.7932
228.9937,194.2834,69.7954,80.7360
224.0224,198.6998,68.7058,82.5306
221.2572,184.5798,66.4079,86.2305
2
0
0
0
0
1
298.0393,173.4389,48.0444,58.1042
301.6166,176.5693,47.9104,58.2809
305.1752,183.3432,48.4682,57.8669
304.6068,185.7864,48.7760,58.1415
308.0621,186.5924,49.0696,57.8061
304.9483,176.3260,49.0358,57.9568
301.8783,169.6332,49.6281,56.8423
299.2250,159.7051,50.8175,56.0005
303.2390,154.3069,50.2646,55.1729
302.5887,150.7798,49.5643,53.1284
302.9606,147.5777,47.9023,52.8643
301.3874,147.8825,47.6496,52.5178
303.2482,153.1145,47.2768,52.0510
303.2671,156.4516,47.4945,52.4608
306.2069,157.0400,47.0808,51.5309
304.2788,149.7536,47.4415,51.6360
304.6296,139.3782,47.3144,51.7716
303.4946,133.4713,46.6276,51.6019
308.5257,131.0353,44.5898,51.7440
309.1358,128.9156,44.0390,50.9303
308.1075,129.7179,43.6134,50.2697
307.3382,130.5143,43.0113,49.4730
306.6786,136.3505,42.4825,49.9139
302.4101,140.5777,42.0952,50.2040
299.7282,142.8186,42.1993,50.6991
298.6332,134.6638,41.5592,51.0434
297.7283,128.5337,40.8032,51.1258
297.3730,124.3481,39.8648,51.8186
295.9605,124.5552,40.3596,50.6601
294.7012,126.2016,40.7535,49.8646
292.0443,130.0538,41.8261,49.4438
293.6131,136.5613,42.0252,50.0548
292.0094,144.7555,42.6258,50.7902
289.8856,149.3051,42.8152,51.1013
286.1875,153.2387,41.4411,50.5470
285.3164,148.3211,41.2788,49.2252
283.7427,148.6460,42.5015,46.8155
284.2060,148.9169,42.5292,45.2120
289.6141,150.4788,41.7657,44.3991
291.1202,151.8443,41.9815,44.0123
293.4905,155.0419,42.2346,43.8938
291.9943,158.0701,42.2448,44.2625
292.6751,163.4125,41.2905,45.6113
293.0659,161.9554,39.9973,46.5276
292.3385,154.6508,39.8609,46.5358
292.5382,149.7688,40.2973,45.8872
293.0436,144.8370,40.8420,46.4750
296.9888,140.7562,42.6431,46.1784
293.3876,143.4546,42.3256,46.3873
294.2666,146.4042,42.3291,46.2097
298.2319,149.1745,41.6639,46.4911
295.9927,149.5748,42.0359,46.8646
296.1814,147.0054,40.7430,47.4977
296.7061,139.7608,39.7587,48.5619
301.4995,133.0236,39.2158,48.1570
304.3409,129.5423,39.2363,47.2080
309.0615,128.1983,38.7428,46.2207
309.0018,129.1628,38.6132,45.8469
309.8563,132.4729,38.5418,46.2766
311.1962,138.1430,38.6852,46.3298
311.9976,142.2647,38.1825,47.1860
312.1485,142.6092,37.9832,49.0226
309.9659,134.3599,37.6353,50.0772
310.7999,124.9305,37.1880,50.2235
311.5361,121.3392,37.2484,49.5787
312.4447,120.1510,37.4224,49.3546
313.5270,122.7360,37.6803,48.2718
313.8428,128.6362,37.7613,48.3499
314.8914,134.4457,37.1401,47.7498
315.5199,141.2624,37.0822,46.6491
315.2430,146.3773,36.8558,46.7881
316.6228,149.0938,36.5131,47.2654
317.1969,142.1545,36.9673,47.7835
317.9426,135.3282,37.3192,48.4403
320.5457,129.9021,36.9783,47.7801
318.9496,129.4999,38.3705,45.6381
319.2236,128.1544,38.8169,44.7889
319.5247,131.0924,38.7977,44.8525
319.7935,137.4935,38.9189,45.1085
319.6100,141.7117,38.8215,45.0896
318.6881,140.2193,38.9421,45.7006
318.8480,136.3455,38.8692,46.3233
316.7841,128.1315,39.2613,45.9459
317.0291,123.1199,39.0555,45.6387
313.9590,120.1708,39.2732,44.5843
315.5448,119.0494,38.7105,43.8798
314.6450,119.1120,38.2807,44.2563
312.7803,118.2461,37.3952,45.7332
309.6414,124.8035,37.7068,46.2799
306.2389,132.3520,38.4044,46.0413
304.5914,132.0101,38.8022,46.0503
304.8259,128.5133,38.7489,47.1306
303.4039,121.0389,39.0238,48.4813
301.6844,119.7459,39.7560,48.0009
299.9704,116.7126,40.5335,48.4785
300.9751,119.3362,40.4365,48.2161
301.5704,124.2436,40.7354,47.6648
300.0583,131.6468,42.1394,47.6391
300.2352,135.7886,42.7705,48.5173
298.4538,139.7455,43.8298,49.7116
299.5915,143.6097,44.7448,49.3837
302.6942,136.0459,44.7701,50.3237
303.0212,130.0576,44.2463,49.9432
304.5052,125.3337,43.8026,49.5310
306.6987,125.5911,43.2025,49.3937
307.3601,127.3528,42.9579,49.1750
309.1380,129.7216,43.1753,49.2075
311.6645,135.9573,42.0406,49.9521
312.2977,134.1756,42.0760,50.4077
315.6365,134.7922,42.2704,50.4168
317.3365,132.3233,42.6470,49.7940
315.7403,134.5470,43.2810,48.8534
314.0611,133.5777,44.9133,49.2306
310.4257,135.5797,44.5755,49.0781
307.3533,136.6343,44.3597,48.4715
306.0114,143.1045,44.3685,47.9446
309.1956,142.6839,44.1470,46.8508
293.0024,143.5617,44.1735,46.1023
2
0
0
0
0
1
314.0190,133.0880,29.1589,46.3548
311.2694,140.2234,31.6189,44.8520
309.7445,139.7004,32.5806,44.7832
313.5258,138.7245,34.2145,44.7705
313.5699,134.2826,35.9395,45.5942
307.8184,129.2373,36.4989,45.1582
320.4641,130.7077,38.7185,42.8358
323.0056,131.8442,38.3453,42.6412
319.6280,131.4986,38.3130,42.9415
314.4666,133.6838,39.0766,43.6157
311.1005,136.9224,39.7907,44.5218
305.0302,136.2153,37.5686,46.9791
305.5452,135.2374,35.8060,49.5316
306.8977,134.0916,34.3101,51.8464
305.8044,132.3302,34.5805,51.9559
312.6066,137.7856,35.1220,51.9471
316.1984,143.7453,38.0699,49.8608
318.8107,150.1748,39.9156,48.3121
302.8853,145.3809,40.2101,48.0898
296.0471,149.0276,40.1074,48.6449
2
0
0
0
0
1
347.4708,160.1141,43.9391,53.9186
350.5631,167.4313,46.0173,52.9966
329.4863,159.1680,45.6041,53.4028
315.4194,150.9137,43.9226,55.6432
