1
129.6525,476.4916,26.4325,58.6833
131.8258,508.1183,28.1809,57.2703
150.0585,560.7698,30.4492,54.6092
153.2000,581.2267,31.2132,53.9681
151.5074,588.6296,32.0644,53.2607
151.4661,590.2364,32.3639,53.3242
152.0469,591.4646,32.1108,52.6858
155.7514,590.5516,33.1602,52.1114
155.0666,590.5109,34.4768,50.8116
157.0969,592.5131,36.0557,50.3896
156.3989,591.4770,36.5445,50.0198
157.0001,593.2542,37.2819,49.8883
156.6575,591.9282,39.1164,48.5394
155.2355,594.0062,40.5210,47.1748
154.9406,594.4196,41.6667,46.2822
155.8960,600.0765,41.2533,46.8762
156.3222,600.0944,40.6710,47.1315
157.9501,605.3329,39.0030,49.2106
158.6957,613.6189,35.9838,52.7737
153.8709,632.6786,34.7567,54.9797
156.6272,640.4354,33.0643,56.3700
162.4068,659.4955,33.9127,55.7719
174.6276,679.3835,34.4157,55.8546
187.9164,702.3873,35.4861,53.6615
209.0150,723.6353,35.9865,52.1289
233.2807,752.4688,38.8363,48.3004
261.9497,776.3392,40.7949,45.3508
308.9186,799.0689,42.6230,43.0050
345.1861,814.3662,44.1309,39.8906
374.9276,829.6264,44.3930,38.4226
390.2173,843.2989,42.2437,39.4384
402.7194,849.8323,40.0356,41.6872
405.0810,852.6967,40.9549,40.6736
407.3953,850.3549,41.7158,39.9590
411.9129,852.2742,44.1872,37.8943
422.1160,853.5177,47.1274,36.2898
445.2862,851.6906,48.7993,34.7977
480.9324,854.5205,48.9864,34.3907
518.8545,843.7015,47.7445,35.3019
548.0827,832.1324,47.4370,36.0304
576.2737,805.3348,45.3022,39.5486
580.2435,789.1285,41.7228,44.5823
580.7166,768.7328,40.6666,47.5884
577.3886,756.7986,38.9822,49.4188
570.8342,745.1566,38.6300,51.3617
562.2535,747.2580,37.8694,52.0211
562.2998,747.8282,38.6682,51.7082
560.2159,750.8606,39.1080,51.6140
562.0556,749.4733,38.8307,51.4653
563.0574,749.4269,39.4381,51.4985
562.6005,743.0243,39.8233,52.5418
561.6194,745.1835,40.1408,52.8266
562.2569,742.3348,39.4138,53.6708
564.0516,747.4678,40.4324,52.4391
563.7647,745.0183,40.8010,52.6078
565.6216,749.6178,40.9630,51.7609
561.6202,743.3226,40.5856,52.2910
562.4296,737.6270,39.2913,53.6232
561.3630,735.1375,39.1767,54.0449
561.3918,734.6713,38.0271,55.4769
561.5592,732.7874,36.9656,56.3653
556.6058,729.0110,37.6220,57.1363
557.5159,725.5262,37.4964,56.6476
555.3536,722.7370,38.0813,57.3627
553.2549,719.6101,38.5646,57.4523
554.9304,725.0009,41.6235,54.9545
551.6280,728.4883,43.8074,52.4834
548.7349,730.5533,44.2560,51.1863
546.3690,732.2162,44.6708,50.5225
550.3546,732.1176,45.0695,49.9483
549.7584,728.2192,45.1843,50.1896
551.4564,727.3702,45.7476,49.8405
553.3974,731.8438,46.6204,49.2795
548.6724,734.2597,46.6541,50.0074
549.5349,733.1912,47.0311,49.5312
547.2817,733.2653,47.2757,49.2590
548.7181,729.0098,47.5523,49.0892
546.0172,726.3450,48.6148,49.2166
538.6249,721.8228,48.3979,50.8624
536.9826,714.1784,47.3315,51.3160
535.1358,705.8721,47.2586,50.9562
526.9848,679.5926,44.1281,54.4451
531.8394,653.2491,41.8978,56.6714
538.6848,634.1865,41.6583,57.2686
548.1806,621.3189,43.6908,56.0438
569.9426,595.1597,45.8656,54.8622
600.7802,581.5198,49.3407,52.2616
610.7461,584.6149,53.5649,47.5387
621.5901,600.4918,56.0490,44.2121
658.2466,629.4139,55.8629,43.1292
693.9528,669.7015,54.6274,42.8267
704.7303,684.4228,55.2647,40.8953
709.7738,688.2660,53.5916,41.7944
712.8631,694.2712,53.7627,42.3574
714.3676,701.7106,50.4994,45.9899
717.6136,705.3145,49.7322,47.7799
714.0974,705.3340,48.9831,49.0271
711.3282,707.3336,48.4934,49.6300
715.8480,712.4383,46.5087,51.2820
711.2662,714.5063,44.3711,53.4215
702.8884,720.9372,43.5847,54.6208
692.3923,733.8787,41.3653,55.5997
680.8882,747.4158,40.1180,55.5683
667.8945,760.0577,39.3758,54.9043
642.6589,782.0828,40.8022,53.0108
630.1162,792.4249,42.7837,50.9794
624.1773,794.5259,45.0948,50.4677
625.3592,793.2953,46.1593,50.1780
615.1718,794.5428,47.0259,50.4545
612.5045,796.4660,46.5409,50.9356
596.5027,806.1569,48.8204,49.4173
582.7004,815.7255,48.8429,49.9194
559.9119,828.3057,52.2504,46.5746
534.9304,833.2584,53.4300,44.5952
503.6897,845.6564,54.6867,43.7931
495.7528,849.4163,53.4923,45.7140
491.9811,856.6171,51.1680,48.7492
482.9812,857.8777,49.8982,51.0305
479.4294,857.4946,49.5879,52.5228
483.3288,852.8290,49.6179,53.4981
474.8736,847.4653,53.7947,50.6382
468.1362,841.8183,58.2065,48.5144
458.1698,843.1606,60.7250,46.0374
436.2863,843.2347,64.3994,43.2840
422.4041,837.2639,65.8515,42.2343
408.2309,830.4464,66.0403,41.5344
379.6991,823.5684,66.1131,40.5962
350.7448,804.5702,65.1259,41.4081
346.6370,786.9559,61.8742,45.0905
340.2726,780.1753,60.5659,46.5129
331.1459,777.2863,60.3795,47.1080
322.5154,777.9825,62.0030,46.0174
309.3242,778.3362,65.3866,44.1123
307.6456,772.4330,66.2224,44.6311
311.5036,766.7904,64.3989,47.4153
321.5450,756.1583,60.1318,50.5209
332.8692,743.7667,54.9231,54.9611
349.7509,732.0402,53.6474,54.2680
373.8186,718.8737,55.0336,53.4971
399.3271,707.2092,56.3258,51.2605
406.9503,706.5145,59.3909,47.6049
427.2888,704.0859,62.2404,45.3850
439.0737,704.2369,64.3061,43.1557
452.1393,702.3150,65.2409,41.9933
460.3693,680.3304,61.3066,45.8780
466.0824,651.6630,54.9559,52.0923
465.0246,613.6299,50.3470,55.6040
454.0438,563.5754,46.4840,57.7592
432.1779,525.9276,45.6512,58.8441
399.6553,479.3462,46.6563,57.5565
366.7166,458.1989,48.8822,54.9791
344.4257,462.5088,53.7693,50.1383
318.5846,461.7616,55.7463,47.2331
302.8226,452.5201,56.0453,47.1424
298.4537,444.4208,55.5660,48.1919
292.0054,418.2972,52.7223,51.1438
279.9697,379.2342,48.8684,54.0013
269.3724,335.7586,44.6686,58.9654
257.6320,283.0169,42.6165,60.9720
246.2966,259.4440,43.1124,59.8108
247.4770,254.3363,43.9004,59.0788
255.6606,248.2056,43.5354,60.6531
271.9955,238.4317,43.4368,60.8034
288.8120,219.0140,44.8436,59.8050
310.3674,207.5694,47.0082,58.9061
320.0928,203.9566,49.9318,57.1311
329.5659,204.6272,51.2746,56.8988
334.0086,199.8882,50.0636,58.7728
324.4431,202.1456,46.5403,63.3818
310.3372,213.2904,43.6144,66.1496
296.1348,235.2547,47.9851,61.5190
275.2211,254.9390,54.9235,54.9983
256.5698,276.8761,58.9888,50.9403
232.5280,297.5540,60.2438,48.2634
199.2440,317.3987,62.9653,46.1701
193.1384,321.3651,64.6543,45.5949
191.6813,321.4346,65.2478,45.5728
192.6496,320.9611,66.4073,45.5477
204.4053,318.4234,62.7295,48.5880
214.4728,321.2598,57.0268,52.0808
224.9637,325.6040,52.8610,54.2864
234.0810,342.5570,49.2567,56.1399
240.7690,362.6495,45.0981,58.2176
246.3443,399.6037,42.7024,59.2420
248.5823,440.6532,39.7200,61.4340
238.9591,479.2065,37.6530,61.8887
220.1871,503.4089,42.4719,57.1289
193.0267,516.8892,46.8171,51.0923
167.3409,515.7411,49.8966,47.0308
146.3780,506.0416,51.5745,44.5812
141.3876,509.2963,53.0436,43.4618
138.1931,510.2561,55.1416,42.3201
135.4143,509.9631,56.6920,42.0582
140.4186,512.0093,58.3022,41.2600
136.6516,510.0289,59.9072,40.8417
132.7460,510.8050,61.4930,40.0157
137.0893,512.6500,64.0802,38.7210
138.0918,513.7877,65.3721,38.2337
129.0291,514.4073,69.3249,37.4488
133.2884,512.2613,70.6536,37.5394
133.7658,513.3198,71.3513,38.0159
132.2441,513.8411,72.6981,37.9230
123.9090,512.4670,73.0325,39.0389
128.6268,510.4390,73.0725,39.2758
128.3989,510.0299,74.8004,38.3758
125.6993,510.6779,76.2624,38.0507
125.2312,515.0550,76.5637,38.8729
116.1613,515.5204,77.9791,39.8000
120.0424,517.8033,77.3045,40.8102
117.5374,516.7270,76.9553,41.2286
118.0878,518.0781,76.7015,41.9534
120.5211,515.6647,76.2177,42.1314
119.0326,518.5256,76.1344,42.1235
126.1326,505.0099,74.4792,43.5231
149.6894,508.6226,65.7096,51.0714
156.0959,512.2827,58.9669,55.0152
157.2575,512.6217,54.5716,56.6366
153.7216,513.8204,50.8425,57.8361
155.2913,514.5526,48.3751,57.3948
151.6179,513.6724,47.9837,56.4576
153.5232,514.1414,46.1403,55.8315
150.0253,514.6824,46.8257,55.4418
154.6213,516.4185,45.1651,55.9257
157.6178,515.4240,44.0195,56.8357
161.4235,519.6636,45.2052,55.7042
163.9039,522.0911,46.2411,54.7817
165.7474,523.7710,46.5617,54.3459
167.9203,520.0436,48.5155,53.6635
173.7255,522.8819,50.0588,52.5565
177.5361,532.2494,47.8729,54.1756
182.6239,543.3229,43.8417,56.1197
187.6259,563.6132,42.2110,55.7125
190.3800,565.2166,42.6819,54.4208
190.5980,568.3785,41.6814,53.9544
186.9816,571.4532,41.4507,54.6282
183.2580,591.5717,38.3236,57.4478
174.8559,615.9425,38.0754,56.6655
165.6179,636.9732,37.9199,55.5258
166.8089,634.7550,38.0406,53.8591
163.8050,635.7376,38.1816,53.4949
168.0210,636.2016,36.5531,55.0285
169.9182,632.5374,36.7002,54.4358
168.7980,631.7796,36.4061,53.9920
157.6470,633.7251,40.3177,50.5665
150.8963,629.9659,44.0220,48.7989
149.6806,632.5278,47.3204,47.0303
148.5583,635.7117,48.6255,46.6404
152.7442,638.7991,46.9155,48.4952
154.0175,642.9224,44.2370,51.4301
154.8778,640.6969,43.6535,51.6602
151.2977,642.0414,44.1350,53.2108
154.9915,637.9775,42.5675,55.1112
158.4694,641.3546,41.6704,55.5431
158.4606,638.7807,41.2054,54.9300
159.1263,642.3825,40.9600,55.2064
159.5197,641.8111,40.5012,55.4594
160.4900,641.0245,40.4480,55.7714
159.7186,639.2731,40.5356,55.3793
160.5103,642.0530,40.0181,55.6718
159.9184,640.7698,39.4940,55.1651
161.0132,645.1132,39.1324,55.8467
161.7322,643.3179,39.0884,56.2214
162.3808,641.1914,38.7977,55.8913
164.5941,637.7585,38.5007,55.7577
167.8827,636.3253,38.3385,55.1905
170.9884,636.5007,39.5178,54.8074
176.8776,634.5027,40.4797,54.0279
183.5122,638.2056,42.4265,52.4560
179.5096,640.2126,44.2687,50.2356
175.3118,642.0561,46.7694,46.9178
179.1331,643.7377,50.7741,43.8418
175.4655,645.7852,51.8491,42.0416
179.6049,645.9995,54.4720,40.3493
175.6859,646.6025,54.0734,39.8743
173.4788,647.6314,53.5556,39.3576
177.7571,648.0463,55.8015,38.3780
195.1385,659.5625,54.0444,39.4451
199.9734,662.3595,53.7360,38.5213
216.3033,666.8099,52.5755,39.2786
222.1348,680.0801,50.6197,40.0969
228.7671,684.5087,50.1493,39.3439
246.4259,705.3389,51.2439,37.0368
287.6390,730.1709,52.1981,35.0152
332.0311,752.9232,52.5627,34.8104
338.6810,756.4092,51.9019,34.1889
350.0801,761.1826,49.5468,36.3261
352.9891,764.7886,49.5750,35.4398
361.0844,769.2117,47.5909,36.4017
367.2346,773.1661,45.9115,36.3112
371.1239,776.5393,47.1776,34.5708
373.9737,778.4385,50.1978,31.8758
374.1365,780.4878,53.0606,30.1664
369.4904,782.0399,54.3421,28.9057
377.3508,767.4367,50.6115,33.3883
385.1132,760.0932,47.5883,37.7930
389.3389,756.5613,45.9020,41.1928
387.3392,754.4516,45.3930,43.7936
392.4656,744.4630,45.8959,44.7174
403.1465,735.9116,46.7086,45.1536
421.5581,728.9504,49.1842,42.5406
442.4012,718.9846,50.2206,41.5319
460.9567,712.0295,52.4307,39.3626
480.6558,716.4699,54.8231,36.7668
523.3411,729.9341,57.2612,34.7989
567.0129,755.8145,56.5985,34.4786
587.2835,783.9279,51.8587,38.5926
591.3504,803.7957,48.0620,42.1661
589.4496,806.3043,44.9691,46.2399
586.0147,812.9504,42.6042,48.4962
569.7067,814.4000,43.2789,47.9843
553.7855,822.2985,45.1909,46.7352
535.7291,828.8993,47.2595,44.7124
519.9138,835.1530,48.9464,43.9433
497.9959,837.7653,50.3965,41.9841
477.8765,834.5068,50.1611,42.0925
2
0
0
0
0
1
291.7262,727.4971,31.8663,41.9369
276.7442,704.8261,33.6463,39.6618
267.0915,698.4026,35.2859,38.9364
