1
81.3416,146.5417,26.0867,26.8656
82.1874,144.9113,25.0818,28.4005
81.7902,142.4089,24.7538,29.5841
83.0054,140.9859,24.9159,29.5843
82.0366,139.0876,24.9224,30.2347
81.4370,139.2141,25.4255,30.1403
80.4081,138.3767,26.2254,29.7594
80.1947,136.3185,27.6714,29.4506
78.3500,135.3380,29.1486,29.4488
76.7810,132.5535,30.2562,30.0220
76.5970,131.2479,32.0506,30.3327
74.7916,130.8436,32.9555,30.8744
73.8843,128.6006,33.5289,31.7332
74.1562,126.7906,34.5913,31.8126
74.4615,122.2522,34.6886,33.5970
73.1503,118.9711,34.8188,35.1190
71.8546,114.7263,34.3391,36.9799
71.9673,111.4696,33.8463,38.1892
71.4090,107.5592,33.3318,38.9909
71.9863,104.6651,33.3796,39.0087
71.6359,102.7101,33.8318,38.2392
72.3029,99.6717,34.8673,36.4811
73.2072,97.7371,35.0967,35.5834
74.2511,95.5865,35.3153,34.6857
75.0328,93.7599,35.8836,33.8761
77.2555,91.8436,36.5487,33.0125
79.2635,88.8706,37.0028,32.4463
80.9613,86.4770,38.0629,31.7433
83.1101,83.5550,39.1728,31.0969
83.5224,82.8887,39.5912,30.8338
84.7624,80.5425,39.7222,30.7315
84.3750,77.8511,39.5575,31.2774
83.9595,74.7538,39.2790,31.6498
83.9267,71.9719,38.5602,32.3640
83.3954,68.4641,38.0505,33.1038
84.1460,66.0807,37.5897,33.0906
80.4472,64.1476,37.9130,33.1887
79.2780,62.4100,37.6230,33.4836
79.5784,60.1998,37.4236,33.3658
77.3736,59.3770,36.0682,33.7957
79.1278,56.1403,35.0142,33.9346
80.0859,54.2185,33.9709,33.6942
78.5337,53.5855,33.9542,33.1265
76.5353,55.2185,34.0665,32.6847
77.8239,54.8336,34.0562,32.4868
77.7955,55.0693,32.6702,32.8356
78.0594,55.4618,32.0894,31.9891
79.2777,56.9655,31.7242,30.7776
80.6232,57.3655,31.7805,29.6520
79.7166,58.9749,31.8820,28.6921
81.2966,58.6681,31.9387,27.9858
80.3535,60.2482,31.1062,27.3392
79.3240,62.6534,30.2326,27.5220
79.0931,65.5672,30.5498,27.4767
80.1430,66.9653,30.8387,28.4446
80.7688,69.9382,30.5838,29.0394
82.7598,72.4375,30.7939,29.2220
85.4896,74.2729,30.9563,28.7768
87.0608,76.7198,30.7582,28.5099
87.2429,78.4532,30.3161,28.9112
88.0150,78.7920,30.4135,28.6722
89.2264,80.7525,29.6396,29.9270
90.9068,79.8923,29.4436,30.6079
93.3377,77.3442,29.6577,30.7050
94.4223,78.5907,29.8843,30.8522
95.8408,78.7135,29.6136,30.7279
96.3920,79.0887,29.8401,30.2071
97.2606,80.8295,29.6132,30.7807
97.0030,80.3917,29.7184,30.4067
96.8803,79.8805,29.6903,30.1244
97.2924,80.3903,29.8500,30.1132
96.2927,79.8029,29.3469,30.1974
96.9675,80.3240,28.9949,30.8798
95.7821,79.3587,28.7415,31.8992
95.3950,79.1611,28.7425,32.7266
95.8741,78.6017,28.8210,33.1741
96.0374,77.2283,28.7872,33.2437
96.6945,78.0169,29.1851,33.6701
96.8066,77.6942,28.8544,33.7899
96.5727,77.8990,28.9643,33.8235
96.8365,77.9771,29.2152,33.5174
97.7318,77.9040,29.7549,33.0758
96.8691,77.5457,30.6150,32.7829
98.0092,77.0819,30.1134,33.3967
97.2294,75.6923,30.2595,33.8852
98.6336,75.2008,30.0000,34.8528
98.6817,73.5381,29.9199,35.9396
98.6926,72.6635,30.0506,36.8810
98.9676,71.9510,29.4313,38.6255
99.9431,71.3494,29.1976,39.5624
99.3274,71.1949,28.4357,40.8008
100.2512,70.7992,28.3085,41.3665
100.8118,70.8427,28.1780,42.0978
100.6979,69.8414,27.8523,42.7051
101.7114,69.0605,28.2911,42.6647
101.8723,69.5793,28.9106,42.1672
101.3647,69.6744,29.1891,42.0156
102.6253,69.8751,30.0719,41.2094
101.1240,70.5949,30.5574,41.0274
100.0962,70.9961,30.9208,40.9090
98.4724,70.6478,30.4641,40.8040
99.0586,70.1765,31.1663,40.0931
99.0227,71.0096,31.5445,39.6912
99.1694,70.6802,32.3425,38.6031
99.7292,70.5417,32.4685,38.2222
101.4993,69.9020,32.6446,38.2525
102.3145,68.8450,33.2100,38.0374
102.0210,69.1154,34.1181,37.6531
101.8811,68.9009,34.9893,37.2131
101.5229,68.4756,35.2671,37.1726
102.0995,66.4198,35.0992,37.8761
104.9477,65.3020,34.3390,37.3386
102.0560,68.7089,33.6126,36.6416
100.8615,70.7710,33.9161,35.8072
98.2727,73.0780,34.0931,35.6427
97.3788,73.0508,34.8838,35.5880
97.5969,73.2228,35.3031,36.0267
97.6479,73.4383,35.6484,35.8881
99.4580,73.5950,34.5663,36.6516
99.4278,74.4591,34.6167,36.0843
99.2020,75.2625,35.2188,35.4429
97.1322,75.9138,37.0944,34.6059
93.3953,75.9228,39.2353,34.2068
92.9463,76.7489,41.1603,33.7140
90.9809,77.8966,42.8284,33.5375
92.4627,78.6337,43.1088,33.1229
93.0272,79.8821,42.9689,33.2283
92.8678,81.2800,42.7984,32.9706
92.9227,81.8906,42.0920,33.4749
93.9305,81.1465,40.8600,34.7898
95.2760,81.4826,39.6894,35.9976
97.6977,81.8474,37.7621,37.8292
97.2021,84.8345,37.3339,38.0566
94.4319,88.4173,38.0097,37.5997
93.9350,89.3736,38.5274,37.5314
95.6046,89.4679,39.4349,36.2169
95.0146,90.1913,39.1620,35.5928
96.2589,91.1599,39.2336,35.3977
98.1127,91.5600,38.7066,35.6360
98.4752,91.4232,38.5920,36.1209
99.1497,89.6110,39.0435,35.9480
101.8413,87.5253,38.9056,36.2872
104.8673,86.3028,38.4651,36.2389
105.6797,85.1903,38.3040,35.9246
107.2280,84.7138,37.9755,35.6891
108.5566,83.7258,38.1263,35.0334
109.9182,83.1176,38.5493,34.8698
111.3771,81.2576,39.0155,34.2709
111.9594,81.5430,39.6899,34.0022
113.7863,80.5405,40.2417,33.7410
115.2070,80.2325,41.2205,32.9796
116.3435,80.2305,41.5508,32.1510
117.0672,80.7897,41.8029,31.2046
116.9057,81.3143,41.4284,30.1348
116.0148,81.8694,40.9030,29.3938
115.7278,80.5414,41.3406,28.9161
116.0279,80.5377,40.6367,28.5226
116.8836,79.9936,38.9191,28.6578
119.1396,78.6720,37.1551,28.6590
117.8095,76.7180,35.5520,28.4022
118.8898,76.7546,34.5354,27.7248
118.4932,75.4871,34.3098,26.9233
119.0697,76.2816,33.5236,26.7875
119.4538,75.4790,32.8699,26.6478
121.7870,75.9700,32.3172,26.5803
122.9832,75.8293,32.0801,26.1746
124.3085,74.8845,31.3965,26.1227
125.1216,74.1009,30.8145,25.8336
126.4991,73.8272,30.5012,25.5484
127.1176,73.8169,29.5793,26.2165
128.8120,74.0038,29.3272,26.7673
128.6697,73.8262,28.4255,27.4997
129.7514,72.0991,28.0837,27.7664
130.6859,71.2135,27.8648,27.4781
130.5151,70.3802,27.5104,26.9945
131.0898,70.2322,27.4325,26.4892
133.2261,70.2133,27.2876,26.1148
133.8704,70.9748,26.7671,25.8644
134.0701,71.4394,26.0207,25.8991
134.3391,70.9814,25.2106,26.0982
136.1532,71.5259,24.6865,26.1410
137.3213,72.6008,24.0455,26.2738
138.1676,73.8138,22.8977,27.2554
138.9721,74.4474,22.1353,27.8456
140.2952,74.3890,22.1235,28.0954
142.9562,74.9158,22.1631,28.1290
143.9352,75.9081,22.0184,27.7340
145.3416,77.2893,22.6373,27.2331
145.3314,79.0635,23.5315,27.2223
144.6741,79.6988,24.4955,26.3557
144.6615,80.4800,25.1666,25.6214
144.4126,80.2567,26.4992,24.2181
142.9079,82.0089,27.0267,23.5600
140.2862,84.9070,27.4804,23.0968
138.2937,87.3862,27.3152,23.0466
138.5848,85.4380,27.1053,22.8791
134.8586,89.1345,26.6732,23.2403
131.6977,92.8720,25.2475,24.6033
132.0757,94.0608,23.6039,26.0390
131.7324,95.7786,22.3932,27.1349
130.5029,93.2458,21.4804,27.4806
129.4958,91.6296,20.7252,27.4542
127.2895,90.1843,19.8899,27.6073
127.6781,92.0374,18.8383,28.2965
128.2672,94.7775,18.1257,29.2032
128.4092,98.2985,17.6795,29.6801
127.6188,98.6483,17.3931,30.4794
126.4513,97.5923,17.3678,30.2511
125.4123,97.3447,17.2512,29.9444
123.8901,95.5115,18.4362,27.8378
122.2642,92.7039,19.8078,26.4862
120.9062,92.8816,20.8318,24.6748
118.4871,93.1567,21.8473,23.6451
115.5799,94.6786,22.4787,23.3808
113.3525,96.0054,22.7137,23.2678
111.7144,96.9268,22.3507,23.1814
111.1829,96.1781,21.9321,23.1589
111.5865,95.5654,21.7637,23.4511
111.0319,96.1924,21.3396,23.5780
111.2848,96.7823,21.1483,23.5185
111.8148,95.4329,20.8416,23.9264
112.0255,95.2173,20.8370,24.1708
112.1241,95.4305,21.1297,24.2353
111.7826,95.1898,21.2837,24.1257
114.6392,94.8650,21.6265,24.1390
117.8555,89.9891,22.1580,25.4475
121.7491,86.3636,23.6710,26.0293
123.4442,85.4516,24.9235,25.9856
124.1262,85.6081,25.9396,26.8027
124.4976,85.4831,26.4988,28.1036
126.1368,85.3145,27.2450,29.3242
127.8675,85.4174,27.5665,30.4924
128.7326,83.9938,27.9687,31.9417
130.9005,84.0862,28.5635,32.9410
131.9788,82.3944,29.3116,33.4167
132.9495,81.2804,29.7521,33.8634
133.8643,80.8167,29.9876,34.1429
134.2148,80.3543,30.1705,34.2338
136.1673,79.5000,30.8125,34.1937
137.0652,78.4450,31.8286,33.4716
138.7958,78.2663,32.8718,32.7417
140.2252,77.3221,33.3339,32.1604
142.9150,77.4961,34.2718,31.7499
145.9270,76.4838,35.4416,31.0435
148.1130,75.7520,37.0752,30.8728
150.0013,75.1362,38.1438,30.4609
152.3676,75.2301,39.2993,29.8196
154.2667,73.8817,39.9776,29.3194
156.4844,72.4989,40.0509,29.0576
157.6950,70.9653,40.4740,28.8416
158.0283,70.9863,40.6527,28.6521
157.7996,70.1670,40.0476,28.9525
157.3317,68.9484,40.0966,29.1144
156.9488,67.3733,40.0441,29.1715
155.7155,67.0616,39.0926,29.5131
155.0213,65.6122,38.3763,29.9539
155.3724,63.7099,38.1227,30.1646
155.2701,62.2465,37.6121,30.6695
155.5839,60.2408,37.0609,30.7851
156.6176,59.2183,36.5044,30.8476
158.4438,57.2120,35.9507,31.0746
159.7392,56.3378,35.9591,30.9570
161.1991,55.5301,35.5999,31.5025
163.1121,53.5414,36.1201,31.6897
163.6131,51.4387,36.7441,31.9230
166.6996,49.5050,36.9357,31.7698
166.8226,47.8554,37.2279,31.7678
168.0652,45.8969,37.9123,31.4894
168.9056,44.4784,38.3400,31.6033
169.2025,43.4666,38.6369,31.8169
169.2722,43.3529,39.0396,32.2236
169.5101,42.9663,39.2322,32.3852
168.9727,42.0951,39.5412,32.6371
168.5522,43.4425,39.4672,32.2144
168.8273,43.0715,39.3346,32.4067
169.5947,43.1095,39.3157,32.6724
169.7685,43.5465,39.9661,32.5136
169.4807,43.6069,40.3800,32.4506
170.4114,44.4589,40.5210,32.4529
170.4021,44.6464,40.8273,32.7747
170.4885,43.9898,40.7182,32.9174
170.5219,44.9293,41.2159,32.5385
169.6037,45.2147,41.5241,32.3234
169.2880,46.0780,41.3680,32.5384
170.6331,45.7013,41.0068,32.7603
170.0353,45.4282,41.2050,32.8112
170.5082,47.0422,41.3251,32.6140
169.8224,46.7644,40.9276,32.5500
171.1752,46.8994,41.1407,32.3180
170.2817,47.4506,41.5433,32.1150
169.7597,47.6653,41.7671,32.1550
169.9516,47.8831,41.7442,32.4050
170.1865,47.9282,41.9024,32.0266
169.5422,47.9747,41.6708,32.0025
169.6430,48.2859,42.0941,31.7714
169.4532,47.0554,41.7469,31.9179
169.1027,46.9973,41.6219,31.8741
168.3473,47.4904,41.2445,31.6596
169.1702,47.3763,41.7806,31.2132
168.1479,48.4925,42.4073,30.6481
168.0297,49.0408,42.6205,30.2605
167.9705,48.3890,42.1466,30.3787
169.3820,48.7526,41.8658,30.4790
170.2208,48.5043,41.5385,30.2608
171.2392,48.4745,41.5618,29.9980
170.7866,48.3149,41.5760,29.7866
170.3439,47.9514,41.4452,29.5155
169.9995,47.6932,41.1389,29.4507
169.4511,47.6726,40.5814,29.9354
169.8090,46.4240,40.0418,30.1944
169.5638,46.2132,39.5191,30.2684
169.1821,46.6468,39.1412,30.4847
169.1563,47.2240,38.8369,30.7154
168.6338,45.8732,38.8550,30.5832
168.3357,47.4763,38.7682,30.7962
167.9653,46.3460,38.8907,30.9621
167.1431,47.2762,39.0503,30.9854
166.9180,46.4754,38.8746,31.3717
166.6795,46.4425,38.6394,31.8020
165.8234,45.9794,37.4832,32.4879
166.2706,46.3955,37.4254,32.5484
165.6568,47.3889,37.1262,32.4721
163.7656,48.1416,36.6341,32.7669
162.9591,48.6839,36.5338,32.3157
161.8447,51.0323,36.2676,32.1956
161.4432,51.9054,36.8239,32.2849
160.5970,52.6141,37.3554,32.3833
159.7546,53.1900,38.0708,32.5573
159.4652,52.7895,38.6847,32.2866
158.0210,53.4669,39.1270,32.2127
156.3603,52.9790,39.6624,31.9516
155.9131,54.2434,40.1097,31.7140
154.4287,54.1207,40.5471,31.3177
152.6338,55.4420,40.9186,30.6389
151.8024,55.6736,40.1264,30.0643
153.0940,56.3150,40.2745,29.1257
152.8584,58.1984,40.4248,27.9008
152.7153,59.3934,41.3064,26.9915
151.3787,60.6572,40.9380,26.7612
151.3975,60.6940,41.4178,26.5080
150.8660,61.5352,41.1073,26.4254
151.6939,61.2191,41.5352,25.9198
151.2937,61.7119,41.4543,26.2150
150.4287,61.2794,41.9417,26.0579
149.4508,61.0998,41.9701,26.2322
148.4695,60.8204,41.7197,26.3434
148.3018,61.8331,41.5950,26.5360
147.5123,61.1135,42.0499,26.1662
147.3197,61.5994,41.7980,26.2055
146.9203,62.0297,41.6819,26.2242
146.5857,62.0335,41.6386,25.9371
147.1355,61.9007,41.4376,25.6059
146.9409,61.7347,41.4104,25.4733
145.1607,62.0783,41.1119,25.3905
145.7447,61.6167,41.2627,25.0885
145.2437,61.4378,41.2421,24.8568
145.7545,63.0585,41.1515,25.3060
144.8477,63.6155,41.1786,25.3843
145.0308,64.8637,40.8305,25.4903
144.0379,66.6888,39.8767,25.9737
144.7550,68.2429,39.4858,26.2451
146.4287,70.7453,39.6703,26.3400
146.1312,72.3000,40.9361,26.1026
146.1520,73.2875,42.1713,25.7345
145.1076,74.7533,42.9426,25.8721
