1
280.2945,134.3303,86.5333,62.3741
280.8237,136.1187,90.1496,61.1346
278.7115,138.0353,94.3738,59.6727
275.6376,139.9095,98.1111,58.3349
275.0353,141.6805,101.7596,57.2366
275.8775,142.1723,105.0336,56.2531
277.3259,145.2489,107.1583,55.1213
279.2733,146.6084,108.3086,54.9248
282.8012,147.8162,108.8606,55.0453
283.8960,148.8829,109.2172,55.4581
286.0319,150.0198,110.0626,55.7428
288.2193,150.0049,110.8394,55.7726
293.4196,152.3348,110.7898,56.2883
292.9171,150.5989,111.7948,57.1642
301.5970,149.8322,110.1896,58.6976
302.8241,149.1620,110.3640,60.0380
307.7703,155.9130,111.0878,59.8062
316.2403,158.4091,110.1125,60.1355
319.5109,162.0073,108.8755,60.8953
322.3510,162.5235,108.4885,62.5097
323.6074,161.8937,108.6443,63.7692
328.2404,161.7542,110.1467,64.0483
332.8036,161.3315,111.8967,64.8936
334.9585,161.3963,113.1057,64.7641
332.8992,161.6459,114.4491,64.2649
340.8591,140.5394,115.2484,64.6802
342.2185,134.2607,115.3349,66.0160
342.5359,147.2779,114.7002,65.4460
339.4898,134.6088,115.1718,65.4913
341.0341,140.3138,114.9013,65.3537
345.8349,145.6384,113.7348,65.9514
352.4179,147.7397,111.7872,67.3579
353.0390,151.4880,110.5449,68.2596
354.6627,156.8750,107.2976,71.4658
354.8832,155.6805,104.0554,73.8549
356.3257,154.8885,101.1706,75.4388
358.7089,153.1801,99.1780,76.0818
360.8967,150.5752,97.5563,75.7837
366.9955,150.9879,96.2563,74.9583
368.5291,151.4246,95.8803,74.0848
368.6841,154.8132,95.5702,72.6500
370.0509,155.5010,95.4796,71.2742
369.7632,155.9648,96.0549,70.3467
366.8516,156.2503,96.6529,69.7758
367.9012,157.7559,97.1660,69.3768
367.7017,159.0651,97.5649,69.3720
370.0896,162.8744,98.0283,69.6121
369.5034,162.7845,99.2006,69.7918
368.5139,164.1999,101.1796,69.6122
369.5204,165.2733,101.8449,70.1435
371.8685,165.1792,102.5424,70.3317
371.6347,165.0626,103.0102,70.5650
370.9042,166.0249,104.4711,71.3618
370.3958,166.1509,105.4880,71.1099
371.3091,166.0354,106.4291,71.3410
369.6628,166.1751,106.9360,71.0614
370.2748,164.9993,105.7118,70.6242
369.2442,163.9965,105.0099,69.8666
369.7177,164.1521,104.0628,69.5554
369.0261,161.9997,102.7255,68.4190
369.6669,161.4610,101.4440,66.8149
363.9638,160.0056,102.3073,64.4543
361.4075,155.6018,104.8107,62.8251
358.3585,156.3681,105.6705,61.2924
352.3695,151.7589,107.2244,60.0868
348.9786,151.4852,108.7891,58.0258
348.1096,152.5745,110.5272,55.8472
352.1210,153.3421,110.2577,54.3119
353.2280,154.4625,113.1516,52.0710
348.3637,154.0465,107.5375,52.9031
354.1182,155.4021,103.4977,52.6815
353.7516,155.8923,101.8041,51.7011
358.5240,157.2909,99.4144,51.2890
361.3380,152.6724,98.4720,51.1547
339.6782,150.0971,90.6046,53.9785
337.4243,146.0599,83.8197,55.2772
332.5968,143.3825,78.2221,56.2741
333.7833,144.3305,73.7380,56.4892
336.0659,142.3000,69.1729,58.5039
331.5503,134.3705,64.1418,62.3095
333.5245,128.9616,60.1933,65.1620
340.9546,127.0024,57.1753,67.1067
337.5934,124.8599,54.1196,69.4362
335.7002,122.4531,52.0800,70.3657
335.7609,120.8945,50.0356,71.5600
328.6795,123.3478,48.9394,72.3755
327.2232,121.5581,48.0490,72.1517
342.3312,111.4488,49.8505,67.8863
342.0253,113.4760,52.3110,63.8321
337.4544,115.8365,52.3190,60.9378
339.1406,116.7643,52.5111,59.0822
337.7207,117.7990,51.8377,57.0128
333.9644,116.2188,49.0680,56.7458
329.5635,115.1901,46.2131,57.1380
329.2475,114.1950,43.5944,57.5028
329.9365,115.8516,42.2164,55.7779
327.6936,118.5799,40.5442,54.9400
329.8808,119.7303,39.1687,54.1384
330.4203,120.8303,38.0895,53.4032
330.9534,120.8770,37.0235,53.3097
330.0303,121.0578,36.0360,52.9482
326.6093,123.0569,35.9032,51.7400
327.5164,125.3584,35.4636,51.2605
326.4322,126.1412,36.2719,49.6951
324.9431,127.4661,36.5507,48.3950
324.9137,128.0777,36.6094,47.1716
323.0985,126.5098,36.2896,46.3571
323.0553,127.7534,36.3759,45.1691
325.8553,132.9215,37.1874,43.8091
326.5281,133.2422,37.1163,43.1677
327.0156,133.1975,36.1414,43.2571
325.1518,133.7008,34.8725,43.4995
325.4298,136.4015,34.3166,43.0276
326.0917,136.0752,32.9927,43.6801
325.7811,136.0193,32.4094,43.7919
326.1096,135.2702,31.7524,44.0935
327.0648,133.8299,31.0324,44.5930
326.0861,133.3816,30.6176,44.3035
326.2917,131.4393,30.2063,44.6634
326.2383,133.4662,30.3132,44.1302
326.7484,133.1086,30.4603,43.6782
327.2899,135.5816,30.5402,43.3837
327.4039,134.9125,30.3122,43.5621
327.5036,134.1792,30.1127,43.8701
327.9071,134.3922,30.4657,44.6040
327.3838,136.7648,31.5124,44.5666
326.5780,135.8014,33.1240,44.1061
326.0815,138.1110,35.3301,43.1262
326.2824,135.4229,37.3964,42.3325
325.7426,136.2734,39.7310,41.8865
324.5829,136.1022,42.0504,40.9436
324.0471,136.0561,44.4288,39.7289
323.6102,137.2109,46.6275,38.7441
322.4471,137.6792,48.9536,37.8075
321.8339,139.0307,51.5435,36.4679
320.6324,139.6658,53.9467,35.1978
322.7602,140.2209,55.2752,34.0876
322.1446,139.9955,56.5065,33.1410
321.5659,140.3517,57.6637,32.4286
320.9262,140.1239,58.9433,31.4794
318.9481,140.3100,60.0845,31.1072
313.8985,139.3965,61.6766,30.0986
312.6669,138.8275,62.7161,29.8128
311.7970,138.6055,63.0220,30.2569
311.3131,138.3727,62.5437,30.7224
311.3129,138.1464,62.5440,31.1750
311.3448,137.4362,62.4802,31.1404
310.5407,136.7551,62.6349,31.0490
309.6697,137.5138,62.9226,30.9858
308.7444,136.8017,63.3159,30.9526
309.5926,135.9001,63.0820,31.2934
311.0880,135.6572,63.0212,31.7792
313.8081,135.4408,63.4711,32.2119
312.7059,136.0038,64.1888,32.5725
313.1945,136.6830,64.7150,32.7174
311.4814,137.5482,66.6277,32.5007
309.5175,138.3928,69.0178,32.3491
306.8612,138.8646,71.1903,32.9757
305.7744,139.0930,71.7514,34.1314
302.9169,139.2930,72.5435,35.3724
299.6031,138.7927,74.1490,36.3728
298.3314,139.0790,74.9775,37.5151
299.8896,138.6129,75.3546,38.4474
303.1346,139.1288,74.1700,39.1841
307.3384,139.6473,74.5809,38.1471
300.4358,137.8396,77.8747,36.5067
299.4829,138.2482,79.7805,35.6895
296.2622,139.1116,80.8670,35.7476
272.7609,138.9114,81.0239,36.1480
260.3235,136.4814,78.7324,37.3859
262.3177,134.8630,76.5435,38.8232
263.3332,133.3066,74.5126,40.1438
266.5366,130.6665,71.6761,41.8535
264.4328,131.2239,70.5666,42.5110
2
0
0
0
0
1
365.8729,120.9613,66.3455,24.4574
366.3144,120.1162,68.2455,24.7561
363.0254,118.5890,70.5514,24.9626
371.5862,114.8975,72.4189,25.0420
374.8409,114.6335,73.3534,25.5701
371.5172,114.4236,75.4657,25.9899
365.9450,112.4203,78.8625,26.8976
374.8776,110.6596,80.3709,27.1900
379.0652,108.9688,81.8436,27.2891
384.3168,108.8593,81.3248,27.5080
384.8553,103.8302,81.9085,27.6020
388.2516,103.7088,81.7987,27.8448
391.9563,103.6145,81.0837,28.0334
396.7415,102.9754,81.5144,27.6448
399.9093,101.3240,81.8422,27.6159
403.0229,100.6005,83.9653,27.3928
403.5368,98.1467,86.3298,27.2119
405.0397,97.9170,86.7767,27.6714
406.8141,96.4002,84.9692,28.9637
404.5320,96.9642,86.0550,29.5749
403.2598,100.9431,86.8336,30.4461
392.7708,98.8384,88.0913,31.0700
404.7524,97.9017,85.9925,32.9434
385.4298,96.9423,88.1211,33.0363
380.2097,96.0894,87.4131,34.7422
404.3302,103.3856,84.2554,35.1776
409.3282,104.1576,81.6220,35.4742
410.0783,104.7928,78.3141,36.0117
408.3808,105.5936,76.4012,36.1794
406.6164,106.6587,76.4411,35.7937
409.0459,106.8449,75.0587,35.4213
410.1344,107.0921,74.5932,34.9269
409.0643,108.2260,75.0372,34.3552
413.8568,110.8080,73.9157,34.2693
415.2096,111.7865,72.8848,33.9871
414.7962,112.4347,72.0567,34.3455
415.8742,113.2120,71.5498,34.4401
416.2189,116.5208,70.8604,34.3960
417.9121,118.1377,70.7390,34.4272
416.8427,119.0040,71.2466,34.3259
414.1496,119.4509,71.7219,35.0690
411.5058,118.0798,72.0391,36.1544
412.7590,118.4760,72.8932,37.0423
409.5353,118.7378,74.2164,38.2267
413.2443,119.2046,75.5381,39.0410
416.3590,122.5521,76.4340,39.4715
422.6552,123.4770,76.4551,39.4236
425.1758,125.3335,76.8182,39.3135
426.2986,126.2727,76.3775,39.2400
429.2703,126.3705,75.8254,39.0444
430.3944,127.3659,75.3629,38.8392
435.1046,127.2957,74.8191,38.9796
433.8132,126.4343,73.8624,38.9326
434.1232,125.8475,73.2423,38.3514
429.0188,122.5437,73.0365,38.0158
432.6930,123.5926,72.5960,37.6451
435.0419,124.4994,71.3265,37.5456
436.9452,126.2248,69.2137,37.4824
437.0056,130.2814,67.4314,37.6770
437.3954,129.7811,65.0131,38.6776
440.7354,133.2131,61.5726,39.9121
441.3811,132.2864,58.6920,41.7654
443.4140,133.2949,56.2026,42.9013
445.2165,137.5065,54.1548,43.8211
451.2418,139.5306,51.3489,44.3953
449.6299,143.4619,48.5455,45.5733
447.8208,143.9556,46.2357,46.0679
448.7021,142.8932,44.4730,46.7392
444.3318,147.1513,43.1597,46.8407
443.5783,151.8814,41.8326,47.2999
443.5983,153.4856,40.3895,48.3004
443.5194,154.6037,39.1520,48.8549
441.9995,154.7032,38.0405,50.0396
439.6097,158.4037,37.2845,50.9419
439.3081,192.9969,39.2729,49.6314
434.2157,193.7724,41.0716,48.0805
428.8679,190.2124,41.9470,46.7831
424.0999,187.1412,43.1022,44.5448
422.6789,186.3120,44.5639,42.0625
419.7177,186.9043,46.3942,39.5138
415.9875,184.0413,48.4473,37.1290
411.5363,183.1399,50.6262,34.8978
409.1779,182.7319,52.6607,33.0315
406.6670,182.8584,55.0014,31.4379
401.9676,180.7843,57.6575,30.1920
402.1769,181.0319,59.9717,29.6966
398.7873,179.1532,62.5754,29.2786
396.0141,176.4376,65.2768,29.0195
385.8629,176.4997,66.6345,28.8954
381.0545,175.8278,67.4027,28.7643
377.8473,173.7163,67.8829,28.5368
374.2284,173.5888,67.6883,28.7917
374.3601,172.7746,67.4249,28.9318
371.7541,169.7270,66.6895,29.0797
369.5474,169.7066,66.6664,29.1204
367.3305,169.6263,66.6626,29.2811
362.6982,168.8977,67.0354,29.2563
361.4050,168.3380,68.1347,28.8888
360.9974,167.7102,68.9500,28.6480
357.5028,166.2838,69.9236,28.4930
355.0514,166.2900,70.2812,28.4808
351.4130,166.2864,69.9575,28.4880
347.8237,165.5317,69.5584,28.4817
346.9677,165.5697,69.7608,28.4059
2
0
0
0
0
1
400.2684,180.8881,43.0486,59.5922
399.0636,174.3665,40.6248,62.9685
399.4599,173.6863,38.2103,65.9508
398.3353,176.9320,35.5823,69.2137
398.0102,177.6770,34.6036,70.9816
401.2608,175.1603,33.0161,72.7392
403.4018,174.1516,32.0058,73.1208
403.7742,176.7400,31.2609,74.4384
402.7580,175.1651,31.6638,74.3292
404.1118,177.3534,32.2263,73.2227
401.9855,180.9032,33.2211,71.0098
401.6535,181.8073,33.8850,69.2016
400.5426,183.5847,34.5075,67.2463
386.3567,182.5867,37.5745,64.4975
358.7718,184.3277,38.5689,62.6090
357.7003,181.0413,39.1298,61.2715
357.2099,177.0096,40.1106,59.9059
356.3027,174.2759,41.9250,57.5367
356.8914,171.6795,43.8705,54.9220
