1
129.4423,474.3444,25.3769,58.4841
134.5674,509.5229,26.7786,58.0388
149.2720,551.4613,30.1903,56.8706
154.0160,581.0924,31.5409,55.8668
152.0452,587.1709,32.7564,54.6146
151.3148,589.2975,32.8520,54.4567
152.4335,591.9775,33.3434,54.5543
155.5778,590.5557,35.2994,53.2757
155.3538,590.4423,37.1350,52.1148
155.6752,591.1354,39.2934,50.7284
156.4029,592.9042,40.6677,50.0205
155.1858,593.1108,41.6755,49.6073
156.5591,592.8870,43.2375,48.6188
155.2395,594.6931,44.4307,47.8984
156.1034,595.6242,45.6105,47.4899
155.7539,603.5026,46.3095,47.8600
155.5138,602.8369,45.3067,49.1913
156.1332,605.0558,44.0679,50.7049
156.8476,612.8319,41.1474,53.0515
153.4538,632.7211,39.0522,54.7268
154.2812,638.8627,37.3974,55.6884
161.8040,658.2878,36.9401,56.2266
172.7536,678.0321,36.9306,56.1395
188.6959,707.3026,38.5764,54.4545
212.9500,732.8257,41.1580,53.0384
234.2019,755.3028,44.5483,51.0173
266.0315,778.6705,47.0698,49.4051
306.1075,802.2701,50.4727,47.7813
346.2776,819.6677,53.6794,45.4766
375.5513,829.8099,55.9786,43.9141
391.1691,844.3041,56.1480,44.7603
400.6294,849.7671,54.6797,46.5271
405.5592,850.3095,55.9676,45.4422
404.8037,848.4178,57.4787,44.4410
410.1654,849.0350,59.5693,43.2067
415.9845,848.8368,62.4515,41.9898
441.3716,846.5940,64.0560,41.5648
475.9643,851.1472,65.9869,40.7278
514.5001,842.5781,65.6771,41.1786
553.4285,824.4661,64.7173,42.2974
568.9557,805.0858,60.4789,45.8622
573.0928,785.3813,55.5460,50.1863
575.6407,765.7930,52.1149,52.7431
571.4711,753.3006,48.8949,54.6096
565.7356,743.9671,47.3310,55.3535
558.4448,743.2198,45.7542,55.2322
559.6987,744.1480,44.8350,54.9644
558.0020,744.8583,43.5195,55.1135
558.3331,745.0639,42.8573,54.7022
561.5261,744.4122,42.6054,54.4722
561.3686,740.9464,42.9204,53.7742
561.4880,741.9005,42.6815,53.3863
561.7479,741.8840,42.1618,53.4192
563.4623,746.0240,41.7381,52.6522
566.7177,746.0723,41.1633,52.5556
566.8976,746.9386,40.8034,52.2962
563.5923,741.5653,40.0974,52.7994
563.3367,738.2595,39.1490,53.5730
562.9870,734.1982,38.3927,54.4167
560.9670,734.0560,38.0643,54.7012
561.0881,732.5482,37.8222,54.8067
557.4628,731.3257,37.8100,54.3466
557.1761,727.4839,38.3832,53.3575
556.7135,727.8744,39.3084,52.5767
555.9111,727.8280,40.9133,51.2262
555.9103,731.2574,42.3635,50.1623
554.2423,730.4852,44.2438,48.7952
553.5323,730.9395,45.6637,47.8866
552.7010,732.2379,47.3265,46.7628
551.4603,730.5639,46.8444,47.1474
550.6962,730.4871,46.8925,47.3010
553.9160,731.2618,47.8696,47.2349
552.5901,731.7986,47.5260,47.6591
552.6883,732.6537,47.3296,47.4478
551.1617,733.5922,47.3977,47.0636
550.3097,732.1546,47.6141,46.9635
548.0218,729.7231,47.7217,47.3582
547.0479,725.4575,46.6750,48.4029
540.4224,721.4329,46.4508,48.9659
538.4850,713.6119,45.8180,49.5830
537.5248,701.0298,44.7343,50.7137
532.2413,679.5021,41.7799,53.2048
533.6276,651.1799,40.5005,54.6040
543.5931,633.6826,39.9859,55.2462
548.2937,623.8768,42.5440,53.9293
580.7159,592.2878,45.9474,51.8926
596.9957,583.4794,48.8096,49.4886
610.3651,588.3563,53.0307,45.9266
627.0836,599.7734,56.9707,43.3384
661.5565,628.8084,57.3698,43.5811
696.3423,666.6413,57.5852,44.0465
706.6569,684.8262,57.7163,44.4064
709.9346,690.1187,57.5799,45.0552
711.9457,693.3941,56.7843,46.5708
714.1036,700.1791,54.0944,49.2572
714.6829,701.2101,52.9358,50.4496
714.0394,703.2979,52.5947,51.1581
713.7919,708.3585,51.4559,52.4737
713.6965,708.6078,50.0100,53.6119
709.9466,713.2567,47.7202,55.7351
704.7072,718.9542,45.1751,57.3643
693.7569,735.5298,42.8965,58.0637
682.3750,749.6152,41.8789,58.4307
664.6287,763.4776,42.7371,57.4688
644.6361,782.4189,44.9515,55.7831
626.8696,792.9524,47.2189,53.7251
622.0347,793.8434,48.9444,51.9429
620.3253,792.1086,50.7747,50.6469
614.3873,793.1967,51.4704,50.0679
608.9053,795.3232,51.2415,50.6118
593.6246,806.9500,52.9312,49.8139
578.3969,818.0914,52.6474,50.1810
558.2481,824.7791,55.7028,48.1404
527.4342,831.2134,58.4979,46.7112
497.3745,843.2750,60.7192,45.7473
488.0779,847.5276,59.2426,47.2770
483.9710,853.2128,57.4073,49.3052
477.9490,857.4921,56.0169,50.8226
478.1865,855.5938,55.5420,51.2550
478.4044,852.0363,55.1060,51.6441
473.4512,851.1604,58.2889,50.0341
466.4587,845.9323,62.0463,48.5579
452.9775,841.4650,64.6688,47.0611
435.1315,841.4478,67.0338,45.3415
417.8075,838.5740,68.2147,44.0433
403.5421,830.9355,68.6244,43.5022
375.8482,822.6951,67.8630,44.1910
350.1260,801.0727,66.6646,45.3217
344.8432,784.6852,63.1860,48.2526
337.1212,775.0027,61.1200,50.1076
329.6493,773.4540,62.0681,49.7061
316.9974,774.9951,64.5240,48.3814
307.0569,773.7561,66.6702,47.3123
304.3351,770.9183,66.7482,47.6225
311.3693,765.0185,63.4486,50.4480
320.6050,755.5219,59.3030,53.3248
332.6613,741.6021,54.6939,56.3417
352.0648,730.4624,54.3548,55.8900
378.0336,716.0070,54.5000,55.2874
398.8382,720.3325,52.6561,57.0098
412.5708,699.7283,56.2711,53.3245
426.1665,697.1945,60.1435,49.7632
443.6169,698.1380,65.0070,46.1473
457.7781,694.4064,66.3351,44.8898
462.1027,681.6952,62.9162,47.6478
464.7016,651.8929,57.7184,51.6681
464.1713,616.6600,53.6130,54.9774
452.0297,561.2172,52.2455,58.1297
436.7162,527.2358,51.5963,58.3271
403.6996,481.2145,51.8792,58.6656
363.5863,460.5018,53.8038,56.5899
340.4560,458.7420,58.3443,53.1563
311.7570,458.0446,61.3236,51.0402
299.8557,447.6578,60.3791,52.3694
298.1601,441.5120,58.4468,54.0144
292.2724,415.8500,56.0568,55.7588
277.1306,380.2770,52.8837,58.2307
266.8801,332.1184,48.8942,61.8336
251.7273,274.9031,46.1252,66.5960
243.9806,258.3144,47.4762,64.4173
244.4717,255.3475,48.2511,63.3229
255.8993,248.8049,46.4325,64.1367
269.0907,238.8563,46.0845,63.2060
284.5270,220.8992,47.8127,61.3722
310.1498,207.1275,49.7669,59.7413
317.2370,203.7467,51.0972,57.8893
330.4442,204.3005,52.1307,56.7815
331.5165,198.9367,51.7009,57.2206
321.8742,204.6324,48.6937,59.5472
310.1423,223.1291,46.6209,61.7099
295.6143,234.0823,50.1490,58.5238
273.0246,250.9142,55.9960,53.9319
253.4418,272.8527,60.5400,51.6008
225.8511,298.0305,62.7837,50.6536
197.0888,312.8091,65.0087,49.6382
190.0897,317.3700,66.3971,49.5235
189.7999,316.4270,66.9767,49.5889
194.0045,315.6915,65.8898,51.0599
205.2009,315.5437,61.8771,53.1934
214.5590,320.6877,57.6477,55.5813
229.0636,326.0499,53.6013,57.3383
235.3682,338.2728,49.7263,59.0950
242.8930,361.6082,46.6617,60.3639
249.3142,400.5442,43.9112,61.5453
250.0950,444.5169,42.3497,62.9655
238.5602,483.9214,42.3116,61.7319
214.6911,504.4807,46.0039,58.1341
185.5540,514.9857,51.8882,53.4958
153.3383,511.6246,56.5760,50.2606
139.0697,503.0272,58.2055,48.9564
142.2161,506.3838,60.3428,47.3013
139.7220,506.8392,61.9470,46.3905
137.9422,507.2428,63.8048,45.5834
136.3662,507.4185,65.2401,45.2319
135.8661,505.7330,66.2403,45.1379
137.3479,505.9561,66.7689,44.6915
135.6393,508.1253,68.4394,43.8465
134.8490,507.5986,70.0201,43.1423
133.2226,506.1149,71.5033,42.5706
131.8434,506.3533,72.4798,42.0940
131.9331,506.2989,72.3004,42.2026
131.8166,506.3366,72.5335,42.1273
130.9918,505.3190,72.3933,42.3727
130.3349,504.1350,71.9154,42.9490
133.7257,506.0531,72.3114,42.7016
133.2762,506.9070,71.4144,42.7899
133.9244,509.2761,70.1179,43.4048
126.9566,512.2432,71.6262,42.7965
123.6557,512.3630,72.8651,42.5571
122.4693,512.2548,73.4362,42.7733
121.3103,512.1741,73.9399,42.9347
121.2262,512.7317,74.1082,43.6439
120.4831,514.2551,73.7556,44.2747
127.5263,503.8882,72.5786,44.7224
150.3125,507.5982,65.5243,50.1416
155.1362,512.8864,59.5118,54.1050
157.1081,512.5773,55.5679,56.5121
158.0286,512.2228,51.9619,58.9861
156.6369,511.6143,49.5063,60.2031
157.2587,511.2821,46.5371,60.8674
155.6828,510.3893,44.6259,60.9654
155.3105,510.9270,43.7126,59.8900
155.9747,511.9748,42.3843,59.4209
157.5860,512.8093,40.7593,59.3494
164.1476,517.4669,41.7634,57.8829
165.9305,519.7571,42.8899,56.4306
167.7717,523.0175,45.4494,54.5913
171.4509,522.7382,49.1076,52.0023
174.5533,523.3796,50.8633,50.7195
179.4705,535.4298,49.0277,52.2148
182.5721,546.4036,46.0128,54.1796
188.8150,564.0348,44.5627,55.1773
189.7156,564.9013,44.3299,55.0128
190.0405,566.2182,43.6800,55.5034
189.2580,570.5464,42.1268,56.2019
180.3640,589.7346,39.8360,57.9829
173.5566,619.4696,41.1803,56.7977
163.9316,635.6581,40.4357,56.7199
164.1958,634.2335,39.9072,56.5199
164.5314,634.0198,39.2360,56.9472
164.6098,633.5153,39.0794,56.4481
165.3803,632.8586,39.0365,56.2632
166.0297,632.4745,39.2322,55.5366
156.8915,633.0645,42.6397,52.8699
153.6405,628.3697,46.1378,50.2440
147.6823,629.9695,48.9493,48.5620
147.9875,633.2501,49.8746,48.1432
149.8823,638.2333,49.1720,48.9814
150.3789,642.1208,48.1788,50.4807
152.6427,640.7584,46.7584,51.6520
153.0173,640.5401,46.0093,52.0886
154.0580,639.6335,45.4720,52.3577
156.9525,639.9730,44.3020,53.2183
157.3792,639.7174,43.4487,53.7295
157.4021,639.6292,43.4028,53.9060
157.5717,640.3531,43.0635,53.9883
158.3291,640.3953,43.0746,53.9039
158.1416,640.5763,43.4496,53.5419
158.1599,640.8178,43.4132,53.0589
158.3568,641.5781,43.0192,53.0557
159.5382,643.0186,42.1674,53.1965
159.7722,642.8398,41.6995,53.5541
160.8760,641.9529,40.9889,53.8307
166.0915,637.0199,39.4967,54.7580
167.7636,636.4046,37.6320,55.9886
172.6282,635.2566,38.1735,55.3501
176.7763,635.2388,40.1434,53.9192
181.4399,636.6982,42.6347,52.4777
181.3585,641.6677,45.7892,50.0179
181.3590,646.4717,50.3135,46.4434
179.9231,647.2145,54.7086,43.4344
179.7211,647.5529,58.1987,41.2146
176.6948,647.4720,61.1316,39.8166
175.7619,647.1107,62.9974,38.9582
176.7492,647.1901,64.2117,38.7996
176.2145,648.8987,65.2811,38.6020
196.2644,661.2601,64.1190,39.8378
202.7197,661.3046,62.5898,41.3746
211.7440,667.1722,60.8281,42.6689
219.7406,679.3068,59.4473,44.3772
229.1548,685.2676,58.5567,45.5013
255.8344,703.8590,59.1684,45.9347
297.2026,728.8271,60.6780,45.5548
333.4898,746.9139,61.5270,44.4244
339.8311,753.1306,62.1491,43.6326
348.5659,763.3636,61.2741,44.7395
353.2209,763.3796,61.9507,44.7075
361.1617,767.3752,61.1366,45.0870
367.1834,774.6160,62.4374,43.9498
374.2679,774.1339,64.9590,43.2449
373.3360,773.2072,66.8228,41.7075
370.9777,772.2147,68.1440,40.2973
370.6545,772.7227,68.7903,39.2811
371.6928,767.7211,65.0279,42.5406
380.5073,754.6797,62.5612,45.0373
381.7802,753.3474,60.0154,47.7019
383.5617,750.7766,58.1460,49.4564
385.3841,740.4902,57.8875,49.7115
400.2219,733.6484,58.6905,49.8490
420.6305,723.8615,62.2776,47.2206
439.5200,716.3341,62.3454,46.7927
457.5089,708.1141,65.7975,44.3749
480.5958,711.5236,67.9734,42.7362
523.8187,726.5522,69.8646,42.1247
564.3239,751.0324,67.6056,43.9152
587.2831,787.2866,61.8520,48.2440
589.8572,801.0077,56.7037,51.9504
585.9191,803.8401,52.6053,54.8389
581.3773,808.9126,49.8452,56.5377
566.6238,811.3287,50.8858,55.0543
546.6273,820.0621,54.1823,52.5998
531.6819,826.5936,55.4864,51.3078
514.1843,832.9390,56.8523,50.3874
487.3508,835.0613,59.8778,47.8307
453.8186,832.6312,62.5875,45.9169
408.9001,824.9124,65.5369,44.3175
361.5038,822.4764,67.3467,44.0239
324.5083,814.6157,68.0801,44.0472
310.3910,809.9696,68.2250,44.5614
300.4070,789.9370,65.2301,47.5331
291.6253,762.2689,59.7794,51.5299
280.1536,717.1359,56.4473,54.2108
259.1042,692.4254,54.9822,54.8402
253.9030,688.7476,55.0076,53.5483
