1
183.8553,20.8752,49.2894,37.6007
183.4372,23.2923,50.1257,36.8622
182.6034,24.7349,50.4274,36.7088
182.3033,25.5735,51.0275,36.3996
181.4541,27.0100,51.3540,36.2705
179.9685,30.5401,51.5756,36.0844
179.7019,30.7537,52.1087,35.6572
179.4532,31.6343,52.6062,35.2720
179.4715,34.5768,52.5695,34.8957
178.6691,36.1944,52.8039,34.4011
176.4376,40.2612,53.1701,34.4615
176.9653,40.8250,53.4868,34.7059
176.9191,41.4195,53.5791,34.8978
176.6582,43.5368,54.1011,34.8200
176.5861,43.3840,54.2452,35.1256
176.1296,46.2442,55.1581,35.0026
175.7819,46.2744,55.8535,34.9421
175.5651,46.1850,56.2872,35.1209
175.3394,48.3160,56.7386,35.1484
174.5204,48.9733,56.9395,35.2707
175.2800,50.5160,56.8624,35.0696
174.7456,53.3516,56.4937,35.1486
174.9477,53.2647,56.0896,35.3222
174.8961,53.9149,56.1928,35.4521
174.6712,54.4773,56.6426,35.7614
174.7140,55.1011,56.5569,35.9596
174.6027,56.4755,56.7795,36.1065
173.8513,57.1448,56.8287,36.2216
173.9900,57.6900,56.5512,36.5876
173.5916,59.2614,57.3479,36.3614
173.9946,60.0271,58.0085,36.2965
173.8003,60.0350,58.3971,36.2806
173.6837,59.9782,58.6302,36.3942
173.6412,59.8597,58.7153,36.6313
173.5407,60.0052,58.9162,36.3403
173.4162,60.1477,59.1652,36.0553
173.9311,60.2922,59.6238,35.7662
173.8641,60.3938,59.7579,35.5631
173.9689,60.3890,59.5484,35.5726
174.5392,60.5312,59.8938,35.2883
175.2597,60.5619,59.9392,35.2269
174.9175,60.4527,59.1374,35.4453
175.2742,60.3821,58.4242,35.5865
176.4265,60.3090,57.5891,35.7326
176.8316,60.1906,56.7788,35.9694
178.5068,60.1978,56.3311,35.9551
178.7640,60.0630,55.8168,36.2246
179.1606,59.8597,55.0236,36.6312
179.4324,59.7576,54.4801,36.8355
180.1262,59.0617,54.5237,36.7958
181.1873,58.2524,53.8327,36.9832
182.1369,58.1523,53.3576,37.1835
183.9842,57.3538,52.5034,37.3602
186.3783,55.9673,51.9456,37.3130
188.3083,55.0894,50.8875,37.6679
189.5804,54.1662,49.7338,38.1236
192.9104,54.0687,48.5961,38.3186
193.2961,53.3242,47.8247,38.4413
194.9436,53.2565,47.2427,38.5766
196.4963,52.4740,46.8368,38.7919
198.6359,52.3864,46.5986,38.9671
199.4919,51.4981,46.2327,39.3975
200.4215,50.6989,45.7210,39.6484
201.3781,48.4221,45.1513,40.1714
202.1826,48.3123,44.8855,40.3911
202.6114,48.2487,44.0278,40.5182
203.6591,48.2134,43.2636,40.5888
204.5432,48.3575,42.8158,40.3007
204.9894,47.6832,41.9234,40.3405
205.9687,47.7993,41.2602,40.1083
206.2773,48.2790,40.6431,40.4303
207.0722,48.8531,40.3299,40.5588
207.6354,48.8766,40.4773,40.5118
208.4060,48.8088,40.2116,40.6474
210.0806,48.8922,40.6826,40.4806
210.8499,48.8183,40.4221,40.6284
210.9445,48.8607,40.2328,40.5436
211.0883,48.9427,39.9452,40.3796
211.4357,48.9877,39.2504,40.2897
212.3954,49.0191,38.5836,40.2268
213.7491,48.4108,38.3582,40.2023
215.0419,48.4908,38.2468,40.0424
215.1794,48.7126,37.9719,39.5988
215.1994,48.8955,37.9318,39.2330
218.1259,48.6037,38.1546,38.6013
218.8239,48.5398,37.9674,38.7293
221.8405,48.4778,37.9733,38.8533
221.9935,47.8829,37.6671,38.8331
222.2196,46.1376,37.2151,38.7097
221.9801,45.9754,36.4985,39.0341
221.8132,45.6955,35.6428,39.5939
221.6238,45.5668,34.8372,39.8513
221.9783,45.4782,34.1282,40.0285
222.6955,44.1624,33.8608,40.3263
222.5974,43.5828,34.0569,40.3184
222.3720,41.4117,34.5077,39.9796
221.9870,41.3422,35.2777,40.1186
220.9476,40.6783,36.1699,40.2597
219.7976,37.0102,37.2666,40.3767
218.8156,36.9114,38.0081,40.5743
217.7709,33.9062,38.8601,40.3979
216.7886,33.1263,39.5767,40.7097
214.7282,32.3139,39.9046,41.0702
213.4091,29.2230,39.9923,40.8763
209.6478,27.3734,39.8740,40.7549
210.4632,26.7783,39.5128,40.6754
210.1620,26.0358,38.8526,40.8976
208.3720,23.5309,38.6652,40.8841
209.0291,22.5280,38.6035,40.3846
209.8648,21.4132,38.1760,40.1266
207.2325,18.5895,38.5086,39.6090
207.3958,17.2344,38.1819,39.8588
207.5835,15.8250,37.8065,40.2197
206.6642,14.9462,37.1878,40.7487
207.4729,14.2461,36.7976,40.9219
205.5428,12.1580,36.9872,41.4277
204.3157,11.1888,36.9727,42.1316
203.1651,9.4687,36.7836,43.0817
199.0696,6.1320,37.4342,43.4714
197.1229,6.3016,37.5080,44.4055
198.4308,5.2464,37.4699,45.2270
199.6066,5.0721,37.7200,45.5756
196.8148,3.0016,38.0624,45.7857
197.0909,5.8112,38.8294,45.4428
194.6129,5.6700,39.8070,44.3990
194.8413,5.3548,40.6759,43.7038
195.1450,6.3719,41.3970,42.9982
197.7138,5.7151,41.5755,42.9828
198.9954,5.7972,41.6754,42.8187
199.6380,7.2847,41.7207,42.5047
2
0
0
0
0
1
234.6043,15.3272,14.4396,40.4648
234.1556,16.0463,15.3369,39.8667
236.9458,16.6487,15.6898,40.3571
237.1921,17.0133,16.0583,40.4890
239.0568,17.9906,16.6762,40.2732
239.8191,16.0714,16.9065,40.6021
240.3527,10.6906,16.7255,40.7290
242.6189,11.8508,16.6172,41.0633
243.7205,25.7695,17.0772,40.7452
243.0952,35.7890,17.4365,40.3151
241.0219,43.7998,18.0174,39.4482
242.1169,42.4273,18.4946,38.6368
242.3286,42.8956,18.9569,37.7002
243.4885,43.2589,19.2769,36.9737
243.8498,40.9167,19.4290,36.4092
245.1144,36.2838,19.5073,36.1147
245.5490,38.1665,19.5041,35.8139
2
0
0
0
0
1
245.8096,102.4920,17.5208,42.3859
246.0526,104.5478,17.9578,42.8885
245.9359,106.3258,18.1911,44.0221
244.2828,104.7395,18.6220,44.3193
244.6144,106.4150,18.9293,44.8497
242.5457,106.7615,19.1328,45.1401
241.9785,109.4622,19.2760,45.6862
242.2284,112.1559,19.7779,45.3071
242.8914,109.6341,20.4619,44.3203
236.2309,120.7021,20.7474,45.2476
236.3133,135.5731,20.5825,47.1637
233.1717,137.7938,20.5890,48.9991
233.0104,137.5931,20.9115,50.4734
229.4039,138.3761,21.5255,51.1070
228.4380,138.7865,22.3377,51.4060
224.5304,141.0301,23.3215,51.4731
223.9579,141.9238,24.4666,51.9992
222.6672,143.0937,25.8634,52.0285
220.1656,145.0879,27.2389,51.6678
219.1947,147.4549,27.9530,51.8443
218.2045,148.5019,28.6910,52.2354
217.2874,150.2568,29.2644,52.5081
216.4334,152.7174,29.6977,52.6856
215.4724,155.7974,30.3350,52.9491
215.0547,158.3851,31.1704,52.9712
214.4659,161.8216,32.3481,52.6679
212.5160,165.3246,33.5893,52.3081
212.5416,169.6227,34.8828,51.7797
211.8553,171.7580,36.2555,51.5840
210.9202,174.1406,38.1257,50.9529
208.6728,177.1234,39.8221,50.5839
206.2404,179.0667,41.8444,49.5397
205.1471,180.2368,44.0311,48.6375
203.3843,182.7404,46.0977,48.0069
202.6099,182.1519,47.6465,47.7020
201.4068,183.6781,48.5513,47.6527
199.7075,185.1274,48.9199,47.7841
197.8875,182.7224,49.5142,48.0254
196.8681,184.0596,50.0169,48.4231
195.4627,182.4031,51.2774,48.6357
192.4497,184.6707,52.5837,48.8203
189.8546,183.9862,54.5805,48.5927
185.6156,186.5216,56.5621,48.3942
179.9769,188.2567,57.9299,48.2272
176.7416,190.1272,59.3904,47.8263
173.3843,192.7462,61.0471,47.6463
169.4913,195.9746,61.9994,48.0232
165.9687,195.9948,63.8570,47.9830
165.2853,196.6258,65.2238,48.4778
159.0917,198.2280,66.8968,48.8448
158.1328,199.8855,68.8146,49.1640
156.2988,199.4850,70.6312,49.9650
153.3757,201.0519,72.6929,50.6156
149.7622,201.7233,74.1178,51.2069
147.2990,202.3160,75.1134,51.9869
148.3728,201.4700,74.9591,53.6788
144.2415,202.4629,77.1651,53.7118
143.1992,202.7866,77.1969,55.1172
139.5303,205.5718,78.3055,55.7761
138.2062,204.8891,78.8497,57.1414
134.4958,204.4533,79.8662,58.0130
130.7752,205.2854,80.8138,58.5134
128.9343,203.9875,82.3087,58.9221
126.5724,205.3774,84.8160,58.3587
124.7414,206.4602,86.2328,58.4382
120.4437,207.3047,88.0250,59.0169
118.8752,208.1684,88.8576,59.5938
125.0883,205.9280,88.0636,61.7483
124.1737,206.1399,87.5426,63.6746
121.2810,205.8513,88.5803,64.2517
115.5520,208.1798,90.4416,64.3932
113.0465,208.8432,90.5931,65.4961
109.7615,213.7089,92.2628,65.5652
107.8289,216.5388,93.6515,64.8586
102.2489,213.8116,94.8678,65.3412
100.8129,216.3617,95.2276,65.2653
97.2366,214.3753,94.8310,66.7218
98.6752,215.1519,94.4883,67.7031
97.1858,215.0499,94.9216,67.9072
95.7715,208.5272,95.1949,68.1755
93.8209,211.5276,96.5321,67.3027
90.8535,211.7276,97.3273,66.9026
91.9279,211.6633,97.7538,67.0312
89.0761,214.1385,98.2898,67.2483
90.4270,212.5992,98.1834,67.7316
88.8378,212.5307,98.7601,67.8686
88.0378,212.6539,100.3601,67.6220
83.9872,213.5872,100.5628,68.3884
90.5448,213.1626,100.6903,69.2374
88.7531,215.7244,101.6092,69.4430
79.0490,213.1984,99.5631,71.8132
109.6016,184.4007,94.9474,78.2990
123.8694,173.2268,90.9380,84.2960
125.4549,169.3411,87.7671,89.3082
122.3534,165.6276,85.6045,93.9467
117.5900,163.7609,83.8240,97.6800
115.3565,164.0439,82.5783,99.9702
117.4053,164.3718,81.3524,102.1860
107.7901,163.6081,80.3828,103.7135
105.5420,164.1870,79.0923,105.4490
102.7244,163.5969,78.9301,106.6291
110.4592,162.4829,78.0306,108.8572
109.8909,173.1951,79.1672,107.9644
112.2720,172.1903,77.3434,109.9739
115.6821,173.4101,76.4003,110.4731
120.7585,174.5314,75.0396,111.1611
126.0060,173.8198,73.3000,112.5843
132.0844,170.8076,72.7868,112.7868
136.0942,168.3221,73.4834,111.9470
126.1457,167.8734,75.9540,109.9399
127.3603,170.8118,79.3551,106.9784
138.3968,172.6935,80.6926,106.1413
139.8426,171.9970,83.6719,104.5989
134.1847,177.2863,86.1068,102.9013
106.4297,155.7557,88.0925,101.3589
75.6654,145.3588,87.0064,101.2812
73.4194,145.0116,85.5722,101.9755
74.4937,141.5386,86.3743,100.0694
74.0451,140.8868,87.2717,98.4390
2
0
0
0
0
1
171.6201,223.4974,47.4575,43.5779
171.4671,220.1933,47.7636,44.4531
167.5067,221.7559,51.3285,42.7798
162.9267,222.3264,54.5665,41.6388
161.4289,222.7562,57.5620,40.7792
164.1023,221.8185,58.3873,41.1115
165.0342,220.5188,58.0845,42.1499
164.4215,217.9285,59.3099,42.6101
164.2957,216.5381,59.5615,43.7913
166.2962,214.3928,60.4290,44.8362
168.6354,212.8656,60.7102,46.2372
169.0100,214.7953,61.6414,47.4189
170.7522,209.5671,61.5847,49.3062
172.8658,205.5910,60.8447,52.0276
175.7005,203.1198,60.5037,53.4175
178.1985,200.8043,60.8873,54.4622
179.5733,199.4057,61.7693,55.4437
180.9917,197.9273,62.6229,56.5553
181.9667,200.8011,64.4253,56.4363
182.1219,202.5054,66.0172,56.8323
183.3564,204.3470,67.4147,57.0155
185.4264,204.4656,69.1483,56.7784
187.5547,202.8861,70.8338,55.9760
190.9664,204.8054,71.9848,56.1246
191.5551,201.8454,72.8208,56.0038
194.6210,201.5458,72.7624,56.6029
197.6675,199.2589,72.7691,57.1103
199.8150,196.9707,72.5573,57.6034
202.9462,192.5318,72.4341,58.2956
204.8815,192.1169,72.6751,59.1255
205.6902,189.7683,73.1304,59.6769
207.0720,187.6667,74.5444,59.7025
209.9541,186.1877,75.1128,60.5497
222.2140,181.1426,74.0598,62.1066
220.0482,180.6783,74.1067,63.0350
224.1428,180.6333,74.5494,63.1252
228.7436,179.1534,74.0127,63.9186
230.6411,179.0528,74.5592,64.1198
254.9084,178.4075,76.2192,63.2281
267.2766,177.0295,77.8065,63.7905
241.9148,177.1708,79.5329,63.5078
236.4118,176.2018,81.5425,63.1969
254.2503,176.4126,84.5368,62.7752
256.0211,177.7568,87.9358,62.4004
259.0270,177.0441,91.3599,61.4668
256.6597,176.2040,93.6993,60.7518
258.3379,175.3225,95.1798,60.0963
261.1109,172.0494,96.9227,59.3536
263.3139,168.5153,97.4029,59.0923
267.4208,165.9433,96.5271,59.3443
272.8367,163.2828,95.4439,59.7911
278.5640,161.5125,93.7033,60.9032
284.8459,156.7865,93.2443,60.6711
292.3211,154.3484,92.7556,60.7267
300.6328,147.1384,92.9592,60.7236
303.2426,145.7507,92.5532,61.0922
311.0095,141.4583,91.4608,62.4565
318.7756,134.7446,90.4073,63.8182
324.0558,129.4595,89.5258,64.7095
328.9754,125.3628,89.3706,65.6398
333.7549,123.7220,89.5475,66.4876
340.2997,120.9011,88.7104,67.2282
344.2075,118.1822,88.2446,67.7663
350.5347,116.8087,87.8479,68.0617
351.5416,116.6309,88.2846,68.4174
354.0067,116.5576,88.2800,68.5640
353.1457,115.5475,90.0020,68.1190
354.6785,114.3660,91.9046,67.9978
351.9302,115.7584,94.8900,67.7242
350.6928,114.2679,97.3648,68.1533
348.3880,115.2136,99.3781,68.8584
347.8254,114.4391,100.5032,70.4073
346.0810,113.6825,101.3109,71.9204
345.8705,113.0721,101.7320,73.1414
349.4311,112.6841,100.1001,73.9174
350.2198,112.3876,98.5227,74.5103
351.1350,112.2257,96.6923,74.8341
350.2396,111.9388,95.7874,75.4080
350.4701,111.9808,95.3265,75.3239
349.1217,112.2558,95.3404,74.7740
349.5222,112.2138,94.5395,74.8579
