1
189.2069,217.9737,42.1002,100.9555
186.8391,216.3618,42.4200,103.0161
183.6822,216.7980,42.9260,102.3356
182.0275,218.8179,43.3855,101.1447
179.2959,221.4420,44.4154,99.8161
175.8487,225.3293,46.2820,97.6296
175.4907,226.5231,47.9646,94.9428
174.6710,232.9177,48.6104,96.8652
174.4982,234.5231,48.1782,99.3621
175.0986,234.3468,47.3348,100.8291
174.4392,235.5440,48.3213,101.1746
174.8497,234.6293,48.4573,101.7775
173.8716,233.4258,48.7659,103.6494
174.6434,232.0168,49.1755,105.8309
176.1753,228.6982,49.1231,108.5691
197.2880,209.7106,53.4605,105.9476
205.5269,208.3680,55.6670,101.9236
202.4765,208.8834,55.7286,99.2424
199.0127,209.1850,54.2373,98.8810
198.8982,210.0258,55.8705,96.9941
204.1671,217.7401,55.4021,101.6223
204.0136,219.5241,54.6780,104.8512
206.2870,221.8505,54.7245,107.6292
212.5138,224.8102,53.0164,109.1304
213.4551,230.7204,51.4193,111.4540
216.3917,231.0659,49.4641,114.1374
219.0629,232.0900,49.3289,117.4107
225.6001,227.1459,48.9604,115.9291
230.8608,223.4981,49.7116,112.7453
238.4551,224.1265,50.1946,109.9226
244.0966,224.6947,49.4665,109.9088
247.6894,223.5063,49.3989,109.5938
250.7219,226.0828,49.8547,110.3709
254.0815,225.4820,50.4137,110.6866
257.5259,225.4346,50.6754,109.6049
261.0587,224.8712,51.4330,107.6848
264.3687,228.2421,52.5750,107.5179
267.4009,229.6747,54.4445,106.7761
270.6513,231.3172,55.4818,106.4732
276.0775,232.1857,54.9115,106.4473
279.2773,233.5760,54.3528,106.4081
282.2592,234.2985,53.2718,105.6114
283.8884,234.5754,51.6947,105.0216
285.2243,233.5893,50.1933,104.7774
284.8589,233.8111,48.3622,104.0658
285.6825,233.1093,47.9635,103.4608
285.5398,232.5027,47.6407,102.8321
286.0549,232.9791,47.5781,103.5818
285.8307,231.9270,46.9518,104.5689
284.7856,230.4875,47.1898,104.7569
283.0528,228.9216,47.5137,104.8085
280.7361,225.5921,48.0725,104.5748
280.4209,229.4200,47.5949,105.8054
279.2749,227.8711,47.4425,107.8257
278.9330,226.0385,47.0476,109.0961
276.5823,226.7764,48.1158,107.4132
272.9533,230.2274,48.7381,105.3843
272.4080,232.8004,49.3889,103.9388
268.1877,238.9734,55.2566,99.7467
263.6498,244.2243,60.3990,96.1189
259.8160,243.9740,65.1424,93.2534
254.6104,245.6207,64.7755,92.3618
252.0423,246.5571,64.0839,92.7830
246.2024,245.8261,62.5249,92.3200
240.9173,243.9850,61.1809,91.6668
235.2552,244.4810,60.2950,91.6252
230.9889,247.3209,59.0753,91.4014
225.5178,248.0771,58.3501,92.3007
220.5762,244.5681,57.6229,91.8956
216.1643,244.9631,56.1793,90.9152
214.5670,245.3516,53.9970,91.5744
208.5701,243.9053,54.3319,90.9673
202.4490,245.3493,58.0213,88.6288
197.5118,248.3868,62.3172,86.6501
187.0183,245.0840,65.4603,85.7893
177.7260,244.6104,64.6947,88.2761
169.7811,244.3606,61.1294,93.0597
169.1618,246.5818,58.0297,96.6444
163.7442,241.5028,57.0269,98.5901
160.1567,248.0449,58.4143,95.9006
154.3461,243.4339,60.6591,94.0898
145.6626,239.3520,59.1723,97.8576
142.1176,237.3863,60.1908,100.1591
137.8243,229.3769,60.6463,104.2666
132.7123,223.1428,61.0507,106.0467
127.2369,221.0703,60.0103,107.6256
123.9050,222.1443,58.0716,109.5612
121.5745,222.2683,56.1299,111.5590
118.9308,219.2681,56.5797,113.1022
113.6802,219.7361,55.5243,113.5176
113.3119,216.9059,53.6189,115.4583
112.8095,217.4156,54.3873,114.7760
110.8087,220.5692,57.0147,111.4635
109.8968,226.7791,60.9629,106.5198
106.9756,224.0181,64.0789,102.7556
103.8971,216.9543,64.3761,104.2881
104.3972,210.6319,63.6578,106.9086
100.8699,211.8251,60.9590,109.6396
101.7874,211.2397,60.6372,111.8991
105.0505,210.7329,60.4236,113.8569
106.1297,208.0297,57.3665,115.0534
106.7035,203.5177,55.0746,116.1485
110.6637,200.9100,54.3603,117.5648
112.0982,196.8411,54.0548,117.6689
113.6109,194.2812,55.9154,116.3678
116.7612,194.9335,57.4161,116.8723
117.1005,194.1631,59.2528,117.2469
119.3639,194.9345,60.2374,117.1773
127.3247,194.1207,61.6097,116.1358
130.2984,195.5283,59.1199,115.5531
134.1222,192.4814,54.8673,115.8091
138.3062,192.1516,52.4283,117.2223
143.2745,188.9051,52.4648,118.3969
146.3608,183.8935,53.6811,119.5512
149.9043,183.3813,55.1889,119.8252
151.8450,183.6100,55.3639,119.1437
153.3935,181.9699,54.7524,117.8374
154.8352,181.8226,53.0894,116.9913
158.7691,182.2888,51.7577,116.1081
165.6174,182.2948,54.7175,114.5133
171.3634,183.1311,55.9487,114.0062
171.4934,181.7431,53.7244,114.6441
172.5333,177.1150,53.3689,114.3606
176.4169,176.2952,54.7152,114.6045
179.8196,174.0590,56.5635,115.0548
182.8665,173.2217,59.4556,114.3734
184.9724,174.4059,62.0034,113.8548
186.2638,173.9812,62.8897,113.5319
188.4504,174.5381,61.6642,113.6071
192.8797,174.1970,60.5277,113.4663
195.8972,174.9276,58.0090,114.7739
197.1457,173.1488,53.3204,118.7047
200.9082,168.4784,50.5203,121.3683
204.3775,165.7564,51.4218,121.4755
206.0862,166.4227,54.3355,120.7168
208.5969,166.4156,58.8021,118.6712
208.3300,165.6621,62.3512,116.0148
207.4129,166.6838,65.6103,113.8349
205.9345,165.7549,65.9757,112.9983
208.3081,164.8051,66.2602,112.2913
211.3946,168.1362,68.1617,110.2689
211.2299,167.9375,66.8662,109.3410
210.7431,167.0939,64.4276,108.6783
210.7186,167.0753,58.9122,110.3050
211.1540,161.5022,55.1410,111.4616
216.9792,162.0639,51.2598,111.8506
220.5336,161.9948,48.9761,110.0569
221.4638,159.7499,47.8728,108.9091
223.5701,160.4324,46.6168,108.4648
225.8064,160.3612,44.5496,109.4810
228.4254,161.2873,43.3233,110.0312
231.7935,162.1164,43.1505,110.3302
232.2870,163.8808,44.1818,110.0084
233.1611,164.6683,45.9449,109.2334
235.0651,164.8510,49.0438,106.3414
236.1649,164.0562,53.5783,103.3410
237.9294,165.2775,58.7928,101.3354
240.2746,163.6555,62.8844,100.2474
240.8969,165.4066,66.9637,98.7771
243.5226,166.0049,68.7895,98.6271
242.1756,165.4894,69.3366,98.1368
243.8530,164.7630,67.2573,98.8040
243.1753,163.3331,62.4685,99.8852
247.3237,161.3126,56.6029,102.4483
252.2574,160.4390,50.9767,106.4543
256.9974,158.1214,46.8839,108.6484
261.2305,155.5541,44.2974,108.8792
263.8446,156.3644,43.0388,108.2104
267.1028,156.5760,41.8817,107.0959
268.8597,156.8561,41.6454,105.7775
270.9334,155.9280,42.0101,105.4948
273.0762,157.8311,42.5283,104.4007
272.4291,157.8019,43.8037,103.6706
271.3080,158.8688,45.9508,102.6820
271.8471,159.5950,48.9892,101.4664
270.3525,157.1684,52.6884,101.1541
268.2560,156.5997,57.8702,100.2729
268.5531,157.2740,62.9021,100.1313
268.4954,155.3244,66.2426,101.2860
268.9651,155.3807,67.9629,102.7084
270.5349,155.0247,66.6104,103.4996
271.2485,153.2942,63.2084,105.9959
271.8837,151.3365,58.4385,108.3213
273.4180,148.2658,53.0013,109.8507
275.1622,143.5191,48.3119,111.7958
277.3730,143.1717,44.7201,112.7877
277.9569,141.8311,42.2393,111.7614
278.8301,142.5769,40.7469,110.8171
278.7037,144.2604,40.3728,109.6244
277.5952,147.1719,39.5326,107.3231
277.9820,149.0834,39.0321,105.7720
278.2613,152.6788,38.9475,103.0758
278.4374,154.2307,38.6244,101.2204
278.8679,156.3683,38.9892,99.8068
278.7195,155.9411,39.3451,99.4456
277.2777,156.5524,39.7904,99.1872
276.3555,156.5286,41.2841,99.3003
275.4321,158.3076,41.8119,99.0643
275.9869,160.3109,40.7113,98.9001
278.2743,158.3482,39.2264,99.7421
280.9444,158.0254,38.1345,100.5293
281.1910,157.4041,37.3550,101.3481
281.4400,157.0348,37.4759,101.9972
280.0295,157.8880,38.4520,102.5174
280.1248,158.5332,40.0991,102.6248
277.8485,160.5388,41.7303,102.3264
277.9182,161.8057,42.9875,101.4878
277.4193,163.6447,44.1176,100.5346
278.1435,164.4505,44.6882,100.8579
279.6219,162.3886,44.4824,102.2202
279.1425,163.4332,45.1449,102.8692
279.5416,166.1247,45.9166,102.7516
279.4371,165.3058,46.4429,102.8852
277.6146,165.1258,45.4424,103.2325
276.3812,163.4783,43.5013,104.2842
275.2516,162.6465,41.3957,105.9333
275.6439,160.7043,39.5961,108.3607
276.2089,160.3844,37.5824,111.0659
276.7133,160.3208,35.9448,114.0365
276.7413,162.5648,35.3178,114.2900
277.8604,164.9108,35.4013,114.2794
277.5117,163.8071,35.9142,114.0617
274.8483,166.4025,37.8518,113.1268
271.7766,168.0537,39.7718,112.7298
269.0174,168.8767,40.9721,113.3737
268.0125,168.5253,41.7168,114.5279
267.6988,168.4382,41.5562,115.6447
266.8276,168.7224,40.4609,117.0523
266.0759,167.9755,38.7178,118.2501
265.0368,167.1114,37.4441,119.2984
263.4750,166.7105,36.6874,119.7750
259.8232,165.4506,35.9126,119.9224
258.2612,166.3616,36.3271,120.3853
255.6881,166.0391,36.2393,121.1338
253.1898,168.5758,35.6283,122.4401
250.3437,169.3820,35.2456,124.3711
249.4744,171.8805,35.4649,125.1943
246.5765,173.3369,35.2717,125.5747
245.1035,171.1059,35.5460,126.0454
243.6081,172.1516,36.3682,125.3075
242.1996,174.9456,37.5073,125.9134
239.7396,176.7208,38.0824,125.4729
236.2947,177.7265,39.1428,126.0683
232.6420,179.2566,41.2016,125.1141
229.4174,180.1385,43.3787,123.7385
226.3548,179.8474,44.9749,123.4267
223.3219,178.8087,45.8112,123.6004
221.2381,178.1341,46.3092,123.6195
218.5006,178.4117,46.6903,123.4485
216.1100,178.7312,47.4082,124.0479
215.1344,177.7066,48.8113,125.0850
213.0632,176.8683,50.3817,127.5097
212.6335,176.5878,52.2312,129.3742
210.7097,177.7729,54.1516,131.3714
209.5436,180.1973,55.9867,132.5929
207.5193,183.0324,59.3497,131.9132
205.6581,184.7324,63.0827,131.1698
202.4060,186.0017,66.2282,129.9189
199.9809,188.1826,69.7942,128.1398
197.4561,189.6310,72.8665,125.5873
194.0602,190.7062,75.0431,124.1899
186.9649,190.3019,73.2932,124.3763
184.8719,189.0784,69.4342,124.4750
181.5093,188.7522,65.4583,123.9485
180.9529,187.0722,61.0135,123.4956
181.6362,184.4949,57.3396,122.6742
182.0572,182.4052,53.6812,123.0678
183.0503,181.9402,50.9991,123.8075
183.4448,180.7565,49.0450,125.6466
185.0957,180.6209,47.9933,128.0979
185.4186,179.3030,47.0410,129.7643
186.8500,179.5497,46.3946,131.0095
185.2681,180.2088,47.0496,130.9322
185.7795,181.6824,47.9100,131.1253
185.8765,182.1985,48.4983,131.0722
184.8060,182.3438,49.6056,130.8023
183.0869,181.8962,50.9093,132.7807
182.3821,179.7550,52.2243,134.6866
181.9659,180.9999,54.4385,135.7364
182.3793,181.0724,56.9520,135.3025
180.3873,188.9656,60.2087,133.5081
176.3730,196.6117,62.0707,136.5637
177.9349,190.8630,64.7575,139.7523
177.8568,192.1042,66.0382,144.7786
181.2718,200.2446,67.0242,149.2216
182.1535,194.5385,66.8687,154.5487
184.1573,195.2593,64.2382,165.7482
184.8995,187.1696,64.0881,171.9663
186.4635,188.7777,64.1339,177.2540
189.1720,196.6832,64.6412,182.2795
192.3062,214.7198,66.7860,182.0771
195.0645,229.0245,69.8448,179.8494
194.6692,239.0925,72.0005,177.8412
194.3186,233.1745,73.3772,178.3344
194.2984,236.1528,74.8313,178.5551
195.1224,215.7493,75.9294,181.6974
195.1768,221.2564,77.7705,182.6650
195.1947,225.0758,77.5853,184.8622
197.5281,227.7687,77.7769,185.0023
196.8316,228.3746,78.2074,185.3958
180.2509,209.5621,84.4978,180.0040
179.8693,210.1696,87.8290,178.5257
155.7955,201.7175,91.0218,174.5634
147.8018,186.8317,92.5014,169.6628
140.6718,182.7678,90.5051,167.2497
142.4417,183.0671,86.1982,164.3653
137.9464,183.8140,80.3828,163.1638
136.7329,184.0146,74.7319,160.7672
136.1465,184.0307,70.0121,157.3733
136.1921,184.2283,65.7665,154.3489
136.5967,184.4791,61.8160,152.1516
137.2010,185.3082,58.7863,150.5460
136.0225,188.0715,56.4640,148.4806
133.8656,190.0082,54.8373,146.2976
131.9862,191.1220,54.1599,144.4027
128.4468,193.3711,54.0455,142.0907
126.0760,195.2083,54.9482,139.9408
123.9669,196.2521,55.5132,138.2970
121.7346,198.4613,56.1303,137.1660
121.6946,198.2811,56.4197,137.4743
120.6888,200.5856,56.7899,136.7990
120.5929,201.2177,56.9168,136.4969
120.9103,201.9251,56.7002,136.1357
121.3811,202.3959,55.9298,136.0560
121.2965,204.3003,55.0204,135.4341
121.1286,204.3927,54.2269,134.9542
121.8954,204.3375,53.2028,134.8515
122.4411,203.8491,51.7686,135.1178
122.3701,204.1771,50.5165,135.0259
123.4446,204.1000,49.4006,135.0664
125.1548,203.4312,48.5562,134.8512
125.8336,203.4546,47.6199,134.7812
127.3954,205.0172,47.1738,133.8389
128.5473,204.1319,46.3956,133.6954
129.8397,205.3111,46.1378,133.6216
131.8766,206.4688,45.9348,133.1526
132.4565,207.0767,45.4447,132.8645
135.0411,207.5641,45.1470,131.7601
135.4660,208.9716,44.7884,130.6289
137.8532,207.9198,44.1626,129.9331
137.5629,209.2354,43.7284,129.0634
138.7217,210.0770,43.6746,128.7752
139.6667,211.5899,43.7103,127.8008
140.2415,212.8987,43.8757,126.8484
140.4518,212.4267,43.5196,126.7783
139.7921,212.1894,43.3729,126.4944
141.4445,213.1340,43.7510,125.2965
140.6430,211.7573,42.9396,125.3350
139.5499,212.7053,42.6094,124.9828
139.8731,212.6980,42.3061,124.5705
139.2799,212.3429,42.2579,124.8973
139.3415,211.1333,41.5172,126.2441
138.0804,211.1852,41.4237,126.6941
137.7073,210.9222,41.8649,127.0411
136.7965,211.9172,41.9786,127.1535
135.8992,211.8177,42.0464,127.1358
135.4810,211.4845,42.0029,127.3670
135.6040,211.5091,41.7388,127.4531
135.3667,211.8881,41.3900,127.7889
133.9678,211.2754,41.3071,128.9131
134.2953,209.4570,41.1662,130.8100
134.4674,208.1835,41.3010,131.9681
134.1311,207.5815,41.3576,133.2248
134.7585,208.1610,41.9888,134.3652
134.8539,207.5835,42.4928,134.8371
134.7721,206.9949,42.7596,135.5895
134.5135,208.7986,43.0163,135.6956
136.3436,206.3274,42.6806,136.4906
135.9413,208.5913,43.2630,136.1775
136.8708,209.8690,43.7892,135.7635
139.0057,210.1122,44.0001,136.4740
139.5173,210.3944,44.3828,135.7820
140.0384,210.2817,44.6050,134.9581
140.0393,211.5615,45.0489,134.3203
139.9632,210.8732,45.0538,133.6740
140.8622,212.3300,44.6559,134.3057
141.1051,212.1074,44.0739,134.1343
142.8011,211.9624,43.4358,134.5204
143.5678,210.9176,43.0621,134.7327
144.4292,211.6453,43.4007,134.7595
144.1846,212.7351,43.7784,134.2732
144.4851,216.1020,44.2760,133.7905
145.7081,218.7545,44.6073,133.5472
145.7295,216.1234,45.1143,134.0279
144.7428,220.4349,45.9801,133.0350
144.5974,220.5698,47.4164,131.9430
143.4543,223.1787,49.2299,130.7557
142.7670,222.8022,49.3391,131.7031
142.9182,219.5355,50.1572,131.3766
143.6523,225.5307,51.0119,130.7385
144.3350,221.8247,50.5558,130.8094
146.0697,221.4538,49.7026,131.7178
146.5700,220.6313,49.5355,131.7597
146.6566,220.0280,49.9542,130.9896
145.0549,219.3481,50.1649,130.6367
142.7598,217.0741,50.4463,129.7081
141.9912,215.8965,50.2590,130.4275
142.7000,216.4953,50.8065,131.1542
143.2852,212.6235,50.8349,132.6882
145.2630,215.5815,51.6408,132.6924
146.3253,215.2702,51.7423,132.1002
147.2257,214.8825,51.4942,132.4463
148.2421,215.1855,51.0382,131.9397
147.4165,216.2703,50.5260,131.2653
148.0662,217.6140,50.2356,131.0825
147.3437,217.2227,49.8921,130.8692
148.7314,215.1001,49.4476,131.6236
148.9474,217.1812,49.7085,130.5747
150.1139,219.1339,50.5540,130.1165
149.8850,217.4195,51.4044,130.4814
152.2379,217.2316,52.4763,131.4626
151.1490,217.1524,52.8759,130.5753
151.0734,217.0153,52.2601,130.2562
150.8508,217.7026,51.9605,129.5246
151.2886,218.5865,51.4984,129.1590
151.7086,219.7725,51.9597,128.1335
152.9063,219.0134,51.5269,127.9877
153.8352,219.6643,51.3393,127.2009
154.4184,220.2075,51.0218,127.0832
155.3177,218.4747,50.2953,127.9409
156.9294,219.5590,50.0452,128.7648
157.4987,219.9576,49.6767,128.8330
157.5779,219.5289,49.5027,128.1520
158.8756,217.3537,49.2074,128.4144
159.9707,217.4308,48.6916,128.6149
161.0074,216.3948,48.5797,128.6570
162.8220,217.1232,48.0891,128.6862
163.4801,218.9489,47.9679,128.0949
163.3038,221.3911,48.4265,127.4279
165.0837,220.5799,48.5799,127.4580
165.7032,221.3691,48.9003,126.8275
167.4345,222.2091,49.1172,125.3909
170.5987,221.8859,48.9056,124.4297
171.0128,221.5122,48.3762,123.7347
174.2605,222.4163,48.8322,122.9725
176.6482,219.4506,47.8864,121.8666
180.0982,221.0110,46.5962,121.4373
182.8166,220.1597,45.8327,120.6639
185.0235,220.4859,45.1837,120.3034
187.9088,220.6922,44.1446,120.9536
190.5777,219.3561,43.6532,120.4221
193.3506,219.5424,43.4330,118.6160
193.8345,221.2627,43.1277,118.0249
196.5202,221.3507,43.2880,117.4313
196.4648,220.3238,43.0413,117.6127
198.8423,220.7403,42.6070,121.4886
199.9994,218.7179,42.1161,125.1765
202.4567,217.0053,41.8932,128.6908
204.3349,215.1693,41.6113,130.9468
206.4145,212.9704,41.4653,133.0780
206.6704,213.0204,41.3812,135.4044
208.8518,211.2175,41.8817,136.4542
210.1595,213.7051,42.3411,138.5766
211.8505,215.0687,44.2259,139.5531
214.1985,216.3188,46.2511,140.0114
216.5310,216.2002,48.8827,137.3881
221.1612,216.9947,51.7214,132.9200
224.3470,222.0659,56.7966,127.5887
226.0879,223.6122,61.9446,122.5822
225.6798,227.5382,64.3211,120.4279
227.5708,228.6022,66.1107,119.5929
230.0540,228.4276,67.7757,118.8611
230.8301,232.4734,68.7469,119.3682
261.2652,206.9512,66.2862,123.5041
272.4510,169.5251,61.2707,133.7047
276.6508,150.6505,57.7377,136.3754
279.3690,152.8801,55.0174,141.2631
279.7502,156.1143,54.4902,142.5751
279.8943,153.8668,54.3486,143.4170
279.4478,157.1020,54.5439,143.9359
277.7212,163.3903,53.5409,148.2016
274.9017,158.5338,54.4677,147.6971
270.3857,156.6570,56.3644,145.9033
265.6914,158.0576,56.3660,143.2764
2
0
0
0
0
1
370.4339,220.5696,42.9554,80.2782
373.5200,212.5292,42.1584,86.2963
374.8962,204.8184,43.5059,86.9847
377.7399,207.8931,42.9676,91.8895
376.8280,206.6480,42.9374,96.8897
372.6496,208.7284,43.2343,101.7751
367.9208,206.6553,44.3391,104.4627
365.8881,208.7342,45.0233,106.3917
2
0
0
0
0
1
411.4326,208.5481,37.7196,113.5803
409.1362,203.1288,37.2109,114.0291
406.8241,202.3217,36.8194,114.6813
403.5959,201.9419,36.9233,115.2787
400.9235,197.8376,37.1054,116.5751
397.9654,196.7309,37.5600,117.1287
395.2680,194.0334,37.8126,118.0484
391.4421,189.6523,37.7129,120.1200
388.6827,187.7619,38.2420,121.2469
384.9224,184.2792,38.4324,122.9466
381.3781,182.5044,38.9000,123.5636
376.5769,182.9885,39.8116,122.9811
372.2503,183.1779,40.7451,122.2583
368.0101,184.4578,42.1709,120.5627
364.4921,184.8165,43.0498,119.4351
360.8070,185.1963,43.7963,117.8567
357.9678,186.2962,44.1787,117.1248
354.4928,186.4597,44.7624,116.7779
352.1839,186.6967,45.5487,115.9181
350.0866,185.5098,46.3912,114.7272
347.2882,185.0193,47.0052,113.4738
347.5822,182.8204,47.7452,112.1328
347.0290,181.9675,48.1772,111.3144
347.0641,180.3179,48.4785,110.9388
346.0330,179.6172,48.4581,110.2966
345.2679,177.7810,47.7151,109.0306
343.9514,177.1203,46.7597,107.3918
344.3912,176.7885,45.4979,106.6151
344.1827,175.4282,44.3901,104.7107
345.0363,175.7828,43.7555,104.3088
344.9005,175.5479,43.1527,103.4976
344.1201,175.9543,42.7140,102.8187
344.0152,175.9269,42.3402,101.8533
344.1759,174.9141,41.3044,100.8544
345.1653,175.6273,39.8166,99.8860
344.9706,176.4913,38.3007,98.6646
344.0850,177.7624,37.4462,98.4555
345.1691,178.1948,37.4764,98.3621
343.7184,178.2580,37.5862,98.1293
341.5910,178.2824,37.4399,97.6401
340.6143,177.8227,37.1700,97.5400
339.5905,179.6659,36.8871,97.9169
339.0885,178.8502,36.3925,98.4199
339.2355,178.3621,36.4723,98.7892
337.7761,180.5913,36.5114,98.9333
336.5610,181.0098,36.8529,98.4068
336.0400,180.5228,37.2980,98.7605
334.9850,182.5439,37.3701,99.3596
333.9111,183.7223,37.2923,100.1762
333.6669,184.3449,37.2851,101.3156
333.6398,184.5560,37.6155,102.1516
332.7045,184.9643,37.6684,103.3689
330.2017,184.7316,37.5133,103.5843
329.7382,183.8951,38.0815,103.8671
326.5722,183.8512,38.8640,103.9659
323.8903,183.8329,40.2505,104.2777
322.1126,182.3504,41.2254,104.7576
320.9150,181.1576,41.6847,105.3412
319.3936,180.1389,41.9241,105.0441
317.4218,179.7624,41.7674,105.4173
316.8354,180.5723,41.9002,106.0547
316.3968,177.3129,41.7541,106.1504
315.2042,177.8385,41.2180,106.6685
314.6310,177.9836,41.1763,107.9169
313.1478,180.0105,41.0268,108.8308
312.3011,180.1232,40.9723,110.2333
311.5622,180.0876,41.3437,111.8483
310.2176,180.2608,41.9737,112.3818
307.6513,181.1225,42.7757,112.7009
305.8681,180.7191,43.9473,112.8847
303.3541,182.0166,45.2291,113.5433
301.2841,181.6508,46.2972,113.9003
297.9088,183.3395,47.1218,114.5812
295.5789,184.4077,47.8224,114.5023
293.1245,181.9883,47.4237,115.4207
290.8589,182.5541,47.2443,115.7321
290.3153,179.6420,47.4248,116.7153
288.1205,179.8611,47.5854,116.7323
287.7788,177.6339,48.0094,116.5576
287.6891,176.0778,47.9308,116.7343
288.0630,175.1543,47.7402,116.5101
289.3180,173.9810,47.4119,115.9946
289.7094,174.1509,46.8172,116.0144
290.1483,174.6672,46.7093,116.5339
290.4755,174.8649,45.9401,116.5499
291.5507,173.6740,45.5975,115.7758
290.2271,175.8819,45.0919,115.2158
290.1816,176.0031,45.8975,115.2267
288.1569,176.0811,46.9114,114.7087
287.0293,175.9819,48.0438,114.2233
287.2236,174.5022,49.5522,113.1603
286.3813,173.8063,50.7623,112.5440
284.6892,172.2348,51.8136,111.7584
282.9344,171.3189,52.8144,111.0831
282.1905,171.7402,53.1278,111.0482
282.9766,169.7940,52.8072,111.9080
283.9566,168.3518,52.5258,113.0342
284.5492,166.8097,51.3770,113.6262
284.5359,166.0029,49.9814,114.3821
284.6536,164.5170,48.5146,114.3112
286.0072,164.1313,47.6877,113.8511
286.0874,164.4584,47.2614,113.0406
286.5038,165.3276,47.2182,112.5695
286.9732,166.2427,46.6023,111.9551
288.9488,166.9638,46.2305,111.6009
291.1616,167.1637,45.6298,111.3069
294.6451,167.1806,44.8763,112.1109
296.7751,163.6070,44.4935,112.8467
299.9926,161.8832,43.6720,112.7603
303.4697,161.9638,42.6454,112.5725
305.8101,161.4999,42.3214,111.9377
308.5773,161.7116,42.1746,111.1914
311.2729,161.8125,42.0842,110.3706
312.9090,163.5375,41.9335,109.4601
315.5416,163.9318,42.4060,109.5979
317.4601,164.3918,42.7437,109.5098
319.2348,163.6079,43.3826,110.0337
320.8535,163.2942,43.9396,110.4268
322.9408,162.1296,44.2329,110.2721
323.8329,162.5974,44.6039,110.8017
326.9983,161.0360,44.5495,109.1454
327.5731,160.4088,44.3282,107.5130
330.8876,159.5012,44.0850,106.1048
333.1600,159.1274,42.6992,106.2218
334.5663,158.1137,40.9315,106.2411
332.1211,154.3003,40.7773,105.3325
330.5764,151.7845,41.2364,106.1830
329.9830,152.3035,40.2535,109.8507
330.0832,149.9611,39.8492,114.4770
330.2990,145.4499,38.7930,118.2668
330.1605,137.9153,38.5216,119.8766
331.3387,133.9772,39.9056,117.7187
328.9898,131.9384,40.3489,115.3022
326.3697,133.1295,39.9934,114.9938
325.3194,133.0343,39.0117,115.5577
324.7362,131.9246,38.6144,114.4962
325.8302,138.1200,37.9524,114.7908
326.3934,141.8000,37.3480,114.4739
328.2673,146.1657,36.3040,114.8236
328.1713,149.1956,35.5063,114.9963
326.8007,149.5207,35.2438,114.3472
326.7474,154.0909,35.6673,113.3362
326.1565,155.6199,35.6704,113.2570
326.6135,155.4028,36.2425,111.9285
327.1877,155.6101,36.3810,110.8266
329.9232,156.6612,35.6377,110.9164
330.7596,156.7390,35.5801,108.9060
331.4504,158.4767,35.2937,107.7221
330.6035,160.4975,36.6023,107.5246
330.9258,162.1340,37.8077,108.3337
330.3994,162.4634,39.3877,107.3778
330.7770,165.5844,40.5560,107.3232
328.9095,166.2936,41.9218,106.2035
328.2533,167.9778,41.5257,106.6792
322.3098,178.3333,43.1714,100.8179
328.3044,176.3010,41.1779,104.2027
332.5052,176.8814,39.7188,106.9274
331.8113,180.2669,38.9627,108.3793
334.7979,183.9675,37.6088,110.9063
336.6481,188.9812,37.9178,110.7774
337.0532,192.1002,38.9726,109.3669
335.2218,191.6757,40.8834,106.4784
333.0701,197.9612,43.9232,101.6997
330.1039,203.5945,48.3093,96.1888
325.1943,208.3379,51.1866,89.6688
328.1122,199.1487,49.8977,90.0094
330.3783,206.1535,51.2898,86.9568
333.2351,211.8001,48.8951,90.8140
334.7692,207.3890,46.2933,95.3505
339.1342,214.9203,43.7073,100.4305
339.9509,216.6403,42.7558,104.6926
339.7860,213.9701,41.8473,106.9095
338.2491,210.2245,42.2446,106.0171
338.0178,208.8631,42.9697,103.3700
337.8890,210.1161,43.8287,99.5649
337.6429,213.6284,43.9416,96.5405
337.8253,214.7669,43.6146,95.7117
338.5840,217.1472,42.8014,97.1871
338.9520,213.2604,41.8906,98.9893
338.2306,216.1171,40.7186,101.2042
339.2822,214.5459,40.5072,103.3350
339.2072,216.9915,40.3515,105.6132
341.9977,219.0233,38.7804,106.9752
341.6911,216.0812,38.2156,108.5475
341.2956,215.2654,38.7148,110.0458
340.7449,217.5016,40.1546,109.9661
341.0349,216.0961,41.3323,110.3440
341.9426,215.9608,42.3422,110.3703
342.7573,216.3008,43.2264,110.4735
343.0706,217.5043,43.9878,109.3937
343.3242,218.0042,44.3920,108.3401
343.4033,212.6033,43.9379,110.0136
343.4736,210.3201,43.6241,111.6712
343.2828,210.3077,43.1036,111.8412
343.1568,208.9560,42.2553,112.4423
343.1984,207.4475,41.2824,112.1284
343.6284,206.8488,40.9855,110.7565
341.8400,206.4406,40.7832,110.2944
340.9346,209.3767,41.2679,108.0405
340.4989,211.1491,40.9599,106.6758
339.7070,210.1319,40.8295,106.2351
338.7412,210.3888,40.8010,106.8406
338.2524,210.0279,41.3749,106.6982
337.8726,209.4971,42.3327,106.7829
337.4009,214.0854,42.5419,104.9335
336.9318,211.3467,43.2027,104.5733
336.7499,211.2953,44.0101,104.0962
336.7856,212.5834,44.5531,103.5047
335.8603,213.3696,45.4730,102.3017
334.4590,210.3551,45.6524,101.9678
334.7853,211.2140,45.9465,101.0796
334.0718,211.1192,46.0198,99.3224
333.3119,211.4523,45.4672,97.8604
331.0406,214.1588,46.2004,96.9325
331.3589,212.4865,45.9808,97.7051
332.2430,213.2776,45.1596,98.8990
334.4998,213.8771,44.3448,98.4407
336.7951,210.6634,43.6848,98.3462
335.8270,213.7672,43.5303,98.6806
335.4167,210.1037,43.4984,99.4086
336.6296,211.3018,42.6006,100.3571
336.9660,210.1995,42.2747,101.2095
334.8066,208.1111,41.1859,101.1515
332.1721,207.2745,39.7064,100.2035
328.8997,209.2263,39.4550,98.6902
326.6263,210.0780,40.2362,96.8246
322.9498,209.5499,41.8708,95.3037
319.2567,205.2264,43.9152,95.4856
314.5378,208.6126,47.4112,93.1656
308.4583,211.5218,51.5377,89.7237
