1
309.5930,543.4919,15.3232,48.3929
305.9071,528.7641,16.8808,46.8396
301.2112,536.2805,18.4699,45.4618
324.5793,526.8317,19.9549,43.6930
313.3769,513.3842,21.6802,42.0302
290.2045,487.4317,22.4648,41.4423
286.4025,473.1273,24.0974,40.1934
282.3329,457.0511,24.2006,41.2066
290.2940,446.4441,24.6191,40.9734
301.6815,439.0766,25.4166,40.3350
320.8013,432.5535,26.2705,38.9785
333.3756,432.1577,25.6656,39.7701
334.1834,435.8688,25.0745,40.5437
339.6016,425.9166,24.4998,40.9511
351.8329,429.9508,24.5782,40.0405
373.3828,437.6404,24.9219,38.8057
388.9636,435.6798,24.6862,38.7364
389.1916,415.9152,24.2301,38.5603
371.3044,405.2725,23.6569,39.2160
371.0807,391.9635,23.1219,40.2886
371.1522,392.8183,22.9790,40.5578
370.6424,384.3409,23.0075,40.6663
363.0642,377.8325,23.2681,39.7803
351.1043,373.1896,23.5638,39.2228
343.4665,365.0182,24.1238,38.8878
346.4907,355.2563,23.9882,39.6875
344.0231,329.6153,23.9479,40.2184
346.5776,318.2627,24.8528,38.8675
369.0795,294.7421,25.7286,38.0345
370.0310,286.1533,24.8251,39.2207
370.5052,260.7215,23.8768,39.9739
386.8169,240.6058,25.1685,38.3104
399.2660,239.5079,25.1276,38.5176
411.4354,265.2059,24.7102,38.9512
429.7524,274.0961,25.9338,37.1108
445.5873,291.1108,24.9204,38.6825
453.6624,296.8628,24.7022,39.1274
457.7580,298.3245,24.5009,39.2004
437.2524,320.4639,24.6569,38.7661
434.4519,306.4729,24.3024,39.9483
423.2076,328.9168,24.6964,39.2494
399.1718,323.2301,26.7459,37.6167
366.6422,326.7276,28.1776,37.6914
342.3254,318.0419,29.2196,37.4745
2
0
0
0
0
1
243.8888,249.4762,25.1371,65.2294
268.7808,270.5066,28.0834,62.0224
291.1683,287.9592,30.6908,59.1701
318.3428,310.7541,32.2319,56.8950
334.4627,316.7899,30.5735,58.7241
326.8712,317.7862,29.0925,60.8977
331.3148,309.9749,29.9692,58.3869
342.8374,329.8723,28.8973,61.1652
348.1594,349.6168,28.0209,63.5372
348.6065,378.9227,27.1267,65.7480
342.9352,382.0170,27.0242,66.7125
320.6246,378.8257,28.3640,64.4389
299.1402,364.0346,28.3251,65.3491
289.5605,341.3331,27.2391,67.3695
289.6868,338.8307,26.9866,68.0063
295.7058,335.4584,26.6340,68.9081
290.4697,347.0154,26.8349,69.2712
290.4475,340.8679,26.8793,69.7571
295.7334,336.8082,26.6948,70.4571
292.1035,326.2650,26.5015,70.6744
281.8276,333.5263,26.1894,71.0547
288.6740,339.5097,27.3977,68.0285
310.1899,343.1689,26.9472,69.5199
298.5621,342.5929,27.9770,67.7086
282.7067,329.0529,27.2592,69.7301
282.9951,326.1100,26.6824,71.1449
292.6025,333.5246,26.9711,71.3185
302.6590,335.8780,26.4617,71.1356
299.0958,346.7578,26.1073,71.8185
304.2730,345.0090,27.7494,69.3180
315.8623,352.2518,26.9682,69.7641
321.5847,365.0600,27.4083,69.4028
333.2692,362.9181,27.8519,67.7335
339.6140,359.7067,26.9396,68.2677
338.7038,344.1831,25.8328,68.5795
344.6146,332.9254,27.0451,66.4754
369.1870,331.9275,29.7282,62.7125
393.3624,332.2946,28.6468,63.4109
396.2299,322.1071,27.1828,65.2784
389.6777,319.7754,26.0386,67.0921
393.4725,314.7948,27.0324,65.6087
409.5222,298.7786,26.3257,66.2485
412.2098,305.7719,25.2213,67.9210
433.7592,299.5721,27.8105,64.6155
456.8251,312.2099,27.3231,66.4410
467.7577,319.7278,27.1198,65.8466
474.8051,315.3144,25.9123,67.5137
477.5540,304.8059,24.7175,68.4498
482.6023,305.3334,24.6046,68.8209
492.0641,296.9931,27.1230,65.4888
509.4880,281.1107,27.9459,63.0098
525.2985,281.2366,28.6518,61.3526
540.9394,271.4419,29.4274,60.0349
556.2850,261.0513,29.2743,59.9948
563.0417,251.4187,28.2244,61.2569
573.7177,234.7825,27.6465,62.6757
580.5071,217.4018,26.6262,63.9475
589.8018,210.2511,27.5774,62.8956
601.0306,209.9133,27.4777,63.5713
607.1604,208.4020,26.4614,65.1885
596.2089,199.6309,27.2035,64.3913
578.8415,192.6647,28.0406,62.7872
573.8262,199.5131,26.8397,64.5338
562.1381,190.2801,27.6877,63.2877
532.8646,171.7229,30.0348,59.6573
512.5006,166.0085,28.9704,61.3345
507.1341,156.4005,27.1115,63.7612
490.8810,133.9916,28.7810,60.9224
461.1624,135.0212,31.2366,57.4733
449.3132,145.6491,31.4469,58.3239
450.7024,161.5366,30.0664,60.0957
463.0070,176.6860,32.0580,57.7978
480.7984,185.7272,31.4868,57.9213
486.8288,190.8268,30.5664,58.8625
489.1158,186.0283,30.1640,60.1159
501.3713,176.7250,30.8897,59.0940
517.0712,168.2711,31.6796,57.8076
535.9215,165.0218,31.6210,57.3354
