1
81.4492,145.4689,26.3228,25.9645
82.4119,144.4719,25.5856,26.8950
82.9937,141.9111,25.5790,27.4088
81.6935,141.0376,25.4812,28.1882
82.4195,138.1922,25.3197,29.1841
81.7092,137.4758,25.6977,29.7344
80.6846,136.4225,26.1929,29.9760
80.0756,134.6106,26.9850,29.9082
77.8156,133.3008,27.4739,30.1445
77.9025,131.6540,27.6789,30.2250
77.0595,130.6169,28.3854,30.1468
75.3741,129.4638,28.8455,30.4003
73.8288,127.7382,29.0013,31.0207
73.1766,126.2136,28.6508,32.2677
72.8127,125.0821,28.1449,33.1649
73.2478,120.5223,28.0757,33.7473
73.4066,115.8945,28.3966,34.1908
72.2942,115.0390,28.2276,34.6554
71.8918,109.3085,28.5034,34.8696
72.9408,105.5776,28.9074,34.9621
71.8664,103.7212,29.1140,35.0877
72.9117,101.2955,29.3570,34.8531
71.8882,98.5833,29.8276,34.8113
73.1639,95.4347,30.2872,34.8486
75.1044,91.7570,30.9037,34.8707
75.3634,89.8950,32.1985,34.1565
76.7360,87.9928,33.4612,33.1858
78.5048,85.6591,34.6256,32.3432
81.6459,81.6522,35.6026,32.4830
84.5823,80.6419,37.8300,31.1552
82.3413,79.0017,38.8381,30.6494
83.5246,76.4446,39.0265,30.7422
81.0790,73.9899,39.1393,31.0867
84.1637,68.0061,39.9525,31.8839
83.0764,65.1071,39.8363,32.6667
80.3395,63.5668,40.5478,32.9567
75.6613,61.6013,40.8866,33.0505
75.5704,59.6675,41.7329,32.9249
76.1251,57.2622,41.9664,33.3704
76.0513,55.2410,41.9304,34.1530
74.3013,54.1839,41.7432,34.9090
76.1878,52.0725,41.1805,35.8212
75.7496,50.7219,41.3889,36.7048
76.1634,50.9440,40.8728,38.0303
75.3590,50.0049,41.3378,38.3087
75.8421,48.7223,41.0701,38.4938
75.8898,49.4135,40.4336,39.2163
75.5199,48.8925,39.8156,40.1836
76.5627,47.7583,38.7099,41.5031
77.4886,46.5460,38.1843,42.5982
77.6100,47.6608,38.1855,43.1062
77.2217,51.2772,38.7828,42.6833
75.7894,55.3707,39.3756,41.7041
75.0715,58.4963,39.4043,40.8444
74.7699,59.3219,37.7697,41.7275
80.3673,59.2744,37.4159,42.5756
80.7514,62.6428,35.5469,43.8618
81.3252,65.8392,34.2676,44.8088
82.7423,67.6930,33.8061,45.3721
83.1207,69.7225,33.4682,45.9616
84.3485,71.2090,33.9718,45.3554
85.8571,72.2689,33.9007,45.3203
87.1688,73.0297,33.9645,45.5464
88.0253,74.3301,34.4269,45.3516
90.6487,74.2740,35.6310,44.1443
91.1308,74.6218,35.6082,44.1385
91.5140,75.5491,35.1685,44.3308
92.3358,75.6353,34.2208,44.9297
93.1916,76.0710,33.7800,45.1098
88.0024,78.2096,34.4561,45.1290
91.4899,77.4238,34.3097,45.2427
90.7648,79.9886,33.7479,46.3709
91.6013,76.6502,33.5285,46.3522
91.3407,78.9391,32.8134,47.3860
90.7815,76.7300,33.0259,47.1419
90.8095,78.0521,31.9655,48.8801
92.3966,70.4212,31.6844,49.1327
93.3488,69.7248,30.5876,50.1469
95.8203,62.8496,30.2137,50.6042
95.4037,66.2498,30.6337,49.9803
94.5353,67.1707,30.7943,49.9214
94.0564,67.9443,31.3019,49.2312
93.8660,67.9980,31.2567,48.7819
94.5555,69.2342,30.9529,48.6713
96.7776,63.1072,30.9225,48.8949
96.5891,64.3345,31.6491,48.1504
96.6087,65.0755,31.6356,47.6705
96.3050,65.6729,31.1719,47.6066
97.2999,65.5263,30.9006,47.1177
98.2612,65.5534,30.0720,47.1042
98.3197,65.9944,29.5511,46.9271
99.1939,66.3923,29.1097,47.1324
99.4787,66.0657,29.2999,46.8152
99.3096,67.3306,29.2448,46.5176
99.2730,67.0921,29.0147,46.5400
99.6671,67.4466,28.5176,46.9781
100.7312,61.4856,28.2386,46.7467
101.1567,65.1999,28.2201,46.2560
100.9298,66.4665,29.1241,45.2730
100.2578,67.5817,29.0594,45.0770
100.8384,66.5757,29.9576,44.1522
100.6636,66.2291,31.0156,43.3747
101.5354,65.7705,31.9430,42.7444
101.0563,65.5731,32.9012,42.5603
99.6215,66.1459,33.8597,42.0991
100.5476,66.4134,34.6791,41.8149
99.4537,68.2073,35.4674,41.6107
98.8520,68.8865,36.1759,41.4353
99.7385,68.2598,35.7438,42.4838
99.9268,65.9251,36.2664,42.4270
101.3744,67.1878,34.8260,44.5338
100.5573,68.8622,33.3199,46.7968
98.1616,68.1043,33.9249,45.8118
99.1482,63.3887,33.3607,45.3113
99.3190,68.5808,33.8353,44.1283
99.2453,64.3979,33.5374,43.9024
98.8085,69.3910,34.0664,43.0559
99.4064,65.7760,33.6955,43.3096
98.0891,69.0073,34.4629,43.0667
95.2607,71.7570,37.3442,41.3089
93.0122,74.5068,40.3789,39.3942
90.6299,75.7457,42.7364,38.4232
88.5501,77.4198,43.6853,38.8583
88.7456,77.4161,44.4244,39.0920
88.4827,77.8900,44.8307,39.1728
86.8789,78.8926,45.0381,39.2227
87.7083,77.6588,45.3905,39.7011
87.9324,77.5405,46.4408,39.3915
86.4126,78.1560,46.9920,39.4564
83.8445,75.1824,47.5681,40.3183
84.2236,70.2462,46.4038,42.7995
85.2975,59.4067,44.6791,45.0748
86.5484,60.6245,43.0693,47.5391
88.4669,54.8485,42.9588,48.1153
90.7912,58.0623,42.0995,49.5591
93.2695,60.8382,40.9239,51.2148
93.1356,63.4502,40.1275,53.0282
95.2647,66.8202,38.7791,55.4262
95.5119,68.2587,38.9654,56.2390
95.4681,69.1683,39.3062,56.6628
95.8248,71.2808,39.8221,56.6690
96.7087,65.7625,40.4402,56.2970
97.2187,71.8502,42.2525,54.4198
95.6498,67.8933,43.6206,52.9604
86.7456,68.8157,46.2694,51.3396
86.4278,69.0430,48.6018,49.6232
74.1005,69.9012,49.6932,49.3932
88.0831,70.9676,53.3340,48.3405
89.0878,72.6822,55.9913,48.6869
92.6275,73.3859,57.2312,49.0157
97.9816,74.4001,57.6109,49.9929
102.8520,73.4018,57.4524,51.5043
103.3699,74.4262,57.5182,52.3862
104.9765,73.7286,56.9687,53.6925
104.7234,75.1108,56.8338,54.6831
105.6179,73.8694,56.5973,55.0739
107.9827,73.3606,56.2816,55.8886
108.2600,72.1539,55.9319,56.6454
108.2831,70.5350,55.9855,57.2529
109.8990,67.8255,55.5149,58.5568
110.2849,66.4139,54.8807,60.0046
107.2563,66.8207,56.3509,59.4716
107.1173,66.1874,57.9762,58.7362
105.1599,66.6654,59.7698,58.3082
103.8003,66.6622,61.4832,57.9628
103.1336,66.5089,62.7415,58.0609
102.5946,65.0548,63.7295,58.5207
104.4529,65.0063,64.4103,59.4649
106.9855,62.9387,64.3167,60.6756
109.0468,62.4620,64.7173,61.8921
109.5161,63.2979,64.6098,62.6798
113.2705,60.8867,63.6977,64.6096
116.3941,46.8441,61.3318,67.0765
119.6756,48.9572,60.3332,68.7177
120.8690,49.9362,60.2088,69.3130
121.7634,50.5368,60.8091,69.8506
123.8825,48.8420,60.5736,70.2278
126.5150,48.9964,59.8464,71.2113
130.1133,47.1949,59.3969,72.1687
131.6150,45.9667,59.8206,72.1377
137.0219,32.0933,60.8376,72.8947
140.3807,32.8175,61.4848,73.7564
144.9125,30.7118,62.7703,73.5866
146.3356,27.9492,63.4085,73.3482
146.6192,29.3438,62.9919,75.4697
147.6421,31.7511,61.2203,78.9927
147.8441,32.4185,59.5393,82.7677
147.7503,32.2664,56.9694,88.1386
147.0321,31.2101,54.8455,92.4953
147.3194,33.0300,53.2646,95.7885
147.5001,24.7582,53.0723,96.2895
145.9624,28.6077,52.6370,97.6548
144.2559,29.4857,52.2071,99.6318
142.9469,31.0010,52.0298,100.4599
142.8631,29.9069,52.1871,100.6200
141.9078,27.9989,52.3204,100.3061
141.2296,26.7051,52.2127,100.0552
141.1428,25.4067,52.5178,98.9418
140.8525,26.3835,52.6137,98.4657
140.9262,25.7071,52.3975,97.8715
140.7437,26.6147,52.2965,97.7996
139.9604,26.8659,52.8350,96.7095
138.3291,27.2665,53.3576,95.5440
136.9358,29.2631,54.2237,93.3067
134.9426,29.3742,56.8940,89.0336
133.5380,29.2719,60.7485,83.7107
131.1695,31.1904,63.7829,79.0570
130.2624,32.8878,65.1451,76.2223
130.6010,34.1647,64.6022,74.3634
130.8884,35.7106,63.4958,74.0003
128.7882,38.7291,63.5085,73.6415
127.1268,39.6926,64.4976,72.3602
127.9138,39.2186,65.2014,70.4674
129.1540,40.7763,65.0535,70.8339
132.7214,40.7981,63.4665,72.3609
139.3285,25.6612,63.0300,73.4180
142.6001,28.4126,62.9183,74.3245
143.4268,26.5931,60.6095,76.8376
143.3823,28.2705,59.1249,78.2373
142.1786,30.0362,59.6755,77.4080
142.6658,30.8877,59.9552,76.1089
145.0131,32.1066,59.4196,75.6432
2
0
0
0
0
1
120.5501,86.1106,25.7391,30.8358
122.8599,84.0031,25.2147,32.1359
123.5988,84.6229,25.2071,32.5078
124.6740,85.0399,25.0237,32.9518
127.3095,82.5872,24.9281,33.0486
129.3207,81.0894,24.9140,33.2100
129.5006,83.8647,24.3937,34.0921
131.0790,80.8788,24.5691,34.6273
131.1605,81.1160,24.5224,34.8093
134.7061,78.3082,24.9096,34.8185
134.0556,79.2215,25.1239,35.2214
135.7050,78.3458,25.1589,35.5078
138.4006,77.6507,25.4630,35.7531
139.6471,75.9081,26.0438,35.5395
142.7980,72.2188,26.5640,35.8731
146.0074,68.2509,27.5834,36.0838
148.1708,69.7400,29.3528,35.6648
149.9544,66.1318,30.5373,36.2103
147.8446,67.4023,31.8510,35.9397
153.3041,69.4548,35.0817,34.3028
154.7971,69.9203,37.2819,32.9221
152.0291,69.9505,38.1193,33.0835
155.2270,68.9357,39.1409,32.6884
151.8707,67.6501,39.3489,33.0799
152.9517,66.9060,40.1764,32.8687
153.1559,65.7496,40.6172,33.0083
152.9526,64.6200,40.8853,33.0843
152.6497,64.1350,40.8150,33.9541
153.6705,62.2990,40.2636,35.6381
154.2005,60.6914,38.8726,37.7352
154.4398,59.4515,37.3321,39.3552
154.4813,55.7705,37.3891,39.2588
155.0045,55.5506,36.6022,39.7770
156.8641,55.7157,34.8090,41.5770
158.7611,51.1631,34.5708,41.7885
159.2629,50.9743,34.3334,42.1349
160.3518,48.9926,34.3696,41.7045
160.8681,48.3066,34.5751,41.3895
162.8979,46.6719,34.4737,41.3363
163.9223,45.9395,35.0204,40.9891
165.7262,43.9924,34.9684,40.9834
167.2292,42.0764,35.5700,40.3541
168.6578,40.8291,36.4654,39.6221
169.6317,40.7808,37.3585,39.3418
169.4890,40.1896,37.8924,39.2304
169.8061,40.1404,37.7903,40.2529
169.9855,38.6997,38.2130,41.3400
168.6296,38.3479,39.3603,41.7922
170.0270,37.3601,39.3895,42.8791
170.5002,35.2645,38.9906,44.1856
171.4422,34.0734,38.2455,45.3080
171.9396,33.5908,38.3075,45.5711
171.8988,32.3298,38.0214,46.7589
172.8213,32.2487,37.4381,47.2955
169.3018,34.2653,37.2397,47.9324
170.4596,33.2379,37.4453,48.1279
170.3828,35.5449,38.5017,47.5739
169.4997,37.1463,39.3041,47.5624
169.0838,37.3709,40.3877,47.0308
164.6916,33.8714,40.3580,47.8041
167.6388,34.0802,40.6257,48.4245
169.0236,36.5766,41.4685,48.5700
169.3559,38.8764,41.6345,48.9384
169.4224,39.2575,41.5189,49.7119
169.8084,39.5958,41.9090,49.8907
169.5166,40.5327,42.1699,50.2657
168.9482,40.9532,42.1540,51.6368
168.5490,41.8735,41.8227,53.3930
169.4924,40.8032,42.1576,54.3595
168.0932,41.7928,42.0250,55.8322
167.0271,41.6600,41.9662,56.8751
165.8845,41.0931,42.4197,56.6018
165.6166,41.3911,43.0342,55.6811
165.5142,41.2187,42.5672,55.6982
164.0329,41.4348,42.3437,55.7498
164.8279,40.6836,41.3225,55.9116
166.9284,37.0003,40.4886,55.8412
164.6674,38.3056,40.9722,54.4415
165.7285,38.3290,40.4218,53.7976
164.7722,39.3664,40.6759,52.7987
165.2487,39.0385,40.1250,52.4921
164.1092,39.7625,40.2180,51.6006
164.6872,39.7458,40.0421,50.9893
164.6498,40.0529,40.2324,50.3697
164.2802,40.5198,40.2397,50.2820
164.3931,40.0145,40.5570,49.5468
163.6844,40.7640,40.6035,49.4028
163.3954,41.6041,40.8493,49.7517
164.4375,41.5886,40.1601,50.6094
163.5573,41.0398,39.5132,51.1619
162.9739,39.8465,38.8342,51.6984
163.5317,39.9903,38.7208,52.3148
163.2221,39.0455,38.5416,52.4044
161.8009,38.5117,39.0933,51.8273
161.5077,37.0224,38.8395,52.0013
161.2541,37.5295,39.8577,51.4215
160.0101,41.2920,40.4702,50.9523
160.2121,34.2481,40.4061,51.2743
159.3433,40.2974,40.8529,50.4411
157.8014,44.9872,42.3606,48.3483
158.8851,40.0421,42.4616,47.2999
156.3819,45.0472,42.1973,45.6542
155.0029,46.3881,42.2043,44.1483
154.5135,47.9983,42.8860,43.3291
154.7231,47.4144,42.0451,44.0189
154.0316,45.4867,42.3546,43.7819
155.5577,46.1483,40.9880,46.0832
150.5384,48.1736,40.9309,47.7973
153.3079,48.4807,39.2829,50.7558
152.4566,48.0410,38.9158,51.5030
151.5561,46.2382,39.4462,50.9688
152.4782,45.2484,39.0662,51.0600
152.8864,43.0532,38.8894,51.5479
152.3528,40.5047,39.2901,51.6610
153.0490,40.0027,38.9458,53.2468
152.3212,38.0730,38.8395,53.7590
152.0373,37.8822,38.5325,55.0516
152.0759,38.2720,39.1006,55.3182
150.5382,39.6528,39.9301,54.7229
149.6105,41.8753,40.7338,53.6909
149.1000,42.6881,41.3648,52.4531
147.7841,45.0706,42.6774,50.3632
147.6295,47.4962,42.2547,50.1896
141.9149,45.1668,42.7638,49.7250
144.2961,47.3189,43.6222,48.7429
145.9825,45.4254,43.5416,48.8169
141.2245,47.1192,44.2204,47.9000
144.1178,49.2446,43.1848,48.5971
145.8709,49.8691,42.7175,48.6479
146.3693,51.9049,42.2144,48.6105
146.9237,52.5903,41.5277,48.9992
147.3419,55.0987,40.7577,49.4054
146.6165,58.3203,40.1129,49.4415
146.5535,62.1205,39.3655,49.5659
145.7397,66.3074,39.3352,48.7711
144.7351,68.4820,40.2661,46.0958
144.7493,70.9460,40.1923,44.2441
