1
650.6351,277.3046,28.1352,136.8087
648.4919,279.3415,32.4215,135.1875
647.8076,282.4935,36.3027,133.9081
646.2654,283.9129,39.3870,133.6373
643.3392,288.3346,42.6176,132.6593
632.6675,291.3554,45.2873,131.9530
631.6368,291.6390,47.3487,131.3859
634.0244,292.4142,48.0453,132.5713
633.7701,291.2487,48.5538,134.9023
631.8202,292.2096,49.6458,135.7883
625.7103,294.4534,50.5042,136.9816
624.3696,303.8268,50.3126,138.3454
621.5322,313.3773,50.2094,139.4673
615.1201,317.2623,51.4209,137.5036
612.1904,319.4556,51.4863,136.0139
614.5906,320.1488,52.4395,134.6275
622.9912,316.6117,52.8821,133.0799
628.5825,312.6561,53.1382,132.4121
628.7579,308.3406,52.7873,132.4794
627.1396,307.6994,53.1745,130.9124
616.9964,308.0759,53.6255,130.1594
622.5892,308.2511,53.7631,129.8090
633.8748,306.8572,53.8176,129.7686
635.6802,304.3477,53.0354,131.9590
635.8503,303.8802,52.6951,132.8940
636.1008,303.3208,52.1941,134.0127
637.6194,301.5948,52.0177,134.6039
639.0471,298.5690,52.0286,134.9235
641.8427,292.7754,52.1790,135.0273
644.8939,287.9884,51.8266,135.9760
646.3405,283.5259,51.8158,136.2541
647.6160,280.5535,52.1509,136.4265
654.9111,272.1324,52.0338,135.9010
654.8918,269.0841,52.0724,136.2276
646.1537,266.3287,52.2065,135.9577
641.8560,262.0266,52.1351,135.8951
639.2189,260.5938,51.6360,135.8741
637.8826,256.4678,51.4311,135.4937
637.9051,254.6010,51.3861,136.3589
633.8433,251.4578,50.8698,136.8854
629.5510,252.0694,50.8200,135.6623
619.2527,255.0338,51.3984,135.4530
609.0447,255.2528,51.7445,135.0150
618.6680,252.1399,52.5673,135.5066
628.6169,243.5917,52.8920,135.2697
627.1368,238.9378,52.9608,135.9034
622.7661,238.0892,52.9973,134.6990
618.4741,237.5042,52.9263,132.9841
621.0967,238.8839,53.3991,130.2247
629.2616,239.9194,54.0358,128.1536
632.1372,240.0141,53.9029,127.9642
631.8741,240.5676,54.4291,126.8574
631.2343,241.2990,55.7088,125.3946
629.1595,241.5735,57.0595,124.8454
628.4030,242.1890,58.5725,123.6145
631.9059,241.2986,60.0357,122.5722
635.9191,242.9906,60.5091,122.0214
638.1423,243.7763,61.7294,120.4502
639.4000,244.2902,62.0455,119.4223
640.7327,245.7628,62.2020,119.2989
649.5394,245.6511,61.5247,119.5223
657.3210,245.4444,60.0331,119.9357
662.5234,242.1452,58.0122,120.9448
667.8071,239.6151,55.7679,123.2307
673.2014,237.2914,53.2844,125.1098
679.8139,235.7767,51.0667,128.1391
687.5223,231.9530,49.4306,130.2744
689.4609,228.1595,48.3108,132.3465
693.9272,226.2540,47.6790,133.3905
695.6001,223.3165,47.1037,133.7245
695.8534,221.8785,46.5971,133.8357
694.5839,219.4066,46.3789,133.2651
696.3382,214.2076,45.6154,132.6829
697.9684,211.7667,45.0779,132.1188
699.6319,208.9333,44.4560,132.3757
701.1163,205.7439,44.1845,133.3598
701.1563,202.7861,44.1045,133.8627
701.1854,198.5588,44.0463,134.1811
702.4365,199.2294,44.2596,132.8399
713.9614,200.2413,45.5128,130.8161
732.0065,199.6158,47.1440,126.6783
747.4779,195.1586,48.1782,124.9338
751.7236,190.1020,47.6619,124.4136
742.4203,196.1879,47.7772,125.4497
739.1210,201.9393,46.4002,127.2397
744.1064,208.8825,47.0668,126.6500
752.1286,214.6075,47.0003,125.8521
745.1129,217.4115,47.7800,125.5446
743.9434,222.9461,47.4591,125.1152
744.0142,223.0360,47.3175,124.9354
738.9504,224.4671,46.8734,124.7162
737.9510,228.0147,46.2404,125.5163
736.8636,229.3119,45.7834,125.5536
735.8651,228.7494,45.1564,126.6786
738.4431,223.9873,45.2582,125.6876
736.7128,220.3612,46.1022,125.0903
727.3904,219.1642,46.3843,124.8610
727.2847,215.5941,46.5958,124.1262
735.2840,214.1042,46.3070,124.4875
736.7682,211.4395,45.9568,124.5805
739.6757,207.4060,45.3685,124.8076
739.8965,200.5140,44.9270,125.5619
738.7990,198.8003,44.5132,126.3806
743.1988,196.3777,46.1652,126.0001
749.7269,195.0057,46.2959,126.1067
751.2772,196.5021,45.8367,125.7552
750.2151,196.4771,45.3329,125.8051
748.9702,194.0573,45.2031,125.4057
750.1982,193.3582,45.3586,124.1924
755.3915,195.2838,45.3597,122.9382
758.1279,196.0294,45.0449,121.4470
759.5392,196.5028,44.7743,120.5002
759.2530,201.8504,45.3467,117.4054
763.7310,201.6917,46.3885,115.2235
765.0624,199.1508,46.2122,115.3318
758.8759,197.6010,46.1600,115.9464
757.7350,198.2704,45.9486,117.1006
757.8667,200.6270,45.6853,119.9050
757.7921,201.4226,45.8345,120.8551
757.9621,201.8344,45.4945,120.0316
757.6195,195.1117,46.1796,118.2382
767.2393,192.4519,47.1507,118.5051
767.9771,195.0744,48.2226,118.3553
766.2838,206.1139,51.6092,116.7921
757.8207,210.2104,52.9241,116.4048
762.6579,211.0760,53.7271,117.2928
765.1877,211.1966,53.9602,119.6980
766.8101,210.4973,53.4008,123.7819
767.3387,210.5501,52.3435,126.4109
767.8024,212.8907,51.4161,127.2378
772.6588,213.5396,49.9514,128.6894
771.3571,214.3266,49.8107,129.8593
772.4080,213.2301,50.4672,132.0524
776.0559,213.0076,51.5764,132.4973
785.6887,211.7285,52.1060,132.2277
796.8708,210.5585,52.4100,131.7342
808.4940,206.7203,51.8184,133.7468
819.4277,207.3779,52.7525,132.4316
824.3994,215.7447,54.2011,132.7861
833.4792,217.0039,59.0730,130.2677
852.6481,212.5358,61.7352,130.4181
865.8509,209.1070,62.1255,131.3211
878.8723,201.6031,60.0610,134.3398
881.5004,191.5995,57.8096,139.3218
880.7667,194.4314,56.2398,145.8073
869.9201,189.7300,56.2140,152.1075
868.3416,186.1366,56.1785,159.2943
866.2896,183.1217,56.9877,165.3241
863.7188,181.2213,58.7340,165.7294
870.0208,177.3161,59.8619,166.6739
862.2640,170.5482,61.5076,169.8088
850.7408,168.5181,63.3047,173.8690
850.4247,169.8169,63.9369,178.5357
853.6811,167.4789,64.8448,183.2117
859.2534,171.8736,65.0810,185.8030
860.8262,183.4374,65.7704,185.6847
859.5718,194.0433,68.2791,183.7015
853.7551,205.5745,72.1871,179.9527
844.2012,210.4605,75.7790,174.0597
842.0050,221.4555,80.1713,167.5002
838.1901,230.7709,83.9620,160.3871
836.4448,230.2538,91.2533,150.0191
846.9752,243.8730,96.5914,141.6372
816.8793,237.6190,100.7607,139.2060
819.6636,239.5349,102.7258,139.1410
828.3636,237.4842,100.5182,143.2424
834.6135,240.4828,95.6664,148.7170
841.0321,241.4191,90.4809,154.4961
836.6444,237.6631,87.7817,158.1833
839.8960,234.2302,85.1122,161.2155
843.4127,232.0372,81.9115,165.6015
848.4564,238.2184,79.5076,164.7644
860.5588,235.3191,78.0293,162.9874
857.1939,221.4480,77.2868,160.8407
850.4999,213.0341,75.9074,159.2089
838.3400,208.2371,74.7188,161.5150
772.1375,228.8541,71.8185,167.8206
790.9376,217.0844,71.1919,172.8731
808.8607,214.4957,69.1786,181.8098
815.0562,212.6357,68.3432,185.5299
830.1743,208.3225,73.1174,178.5960
897.4747,221.2951,74.1770,175.9069
918.1170,202.6005,75.3083,174.7359
873.3293,202.5112,79.9836,167.1964
892.6414,202.6518,83.5066,163.0837
834.5501,264.0976,80.8839,166.6621
855.9185,246.5760,80.3807,167.1506
886.9263,298.7126,83.6074,162.6599
893.5786,309.8513,81.7867,163.3502
894.9658,326.3749,79.0121,164.5626
896.2517,311.3738,76.4405,168.1313
836.0944,294.7656,83.2575,159.7321
834.9804,305.4658,89.2645,153.4473
832.7977,302.3162,89.8411,152.1693
763.8323,332.9565,84.1525,162.6984
752.8967,307.4578,79.1586,175.3167
749.2108,273.4264,74.7243,188.2851
735.4662,234.2482,73.9040,193.8458
730.1524,221.3217,76.3129,195.0423
715.1213,193.1391,85.5261,184.6908
660.4598,178.3806,94.4540,176.5596
687.1984,193.3754,104.2569,167.6635
621.2351,213.5062,112.8464,157.1729
596.1711,204.4931,116.3571,149.7716
597.9000,212.2397,112.8993,151.0093
602.4616,224.7817,107.9214,154.9415
603.4379,227.9665,105.9688,156.8179
573.5636,283.7822,99.8141,164.6364
605.5343,293.1360,93.7371,174.8610
607.2994,252.6345,98.5697,168.0551
619.6481,267.7995,98.8504,166.8661
606.7085,274.9343,103.9790,160.8967
606.2109,285.5955,109.1215,156.1629
604.4009,300.7884,116.9027,146.5833
651.4368,296.7061,122.2581,138.1766
631.6161,313.0742,129.1040,130.0370
629.0454,301.4472,134.2455,124.7244
648.4614,284.4093,136.1893,122.1020
688.9789,255.2524,136.4755,123.4909
669.9037,247.3339,133.6992,127.0498
639.2882,301.5750,125.1290,141.7461
645.7896,273.3345,116.3270,156.2199
649.5436,259.6512,108.8188,170.7449
643.8055,226.4270,102.7932,184.6873
637.5890,175.7710,97.3019,196.3774
634.3513,254.5856,94.6601,207.4163
619.0630,227.1231,92.5219,220.2797
609.9958,225.5217,91.3675,233.1270
605.4569,214.1289,90.4718,245.9391
600.1682,218.4037,90.7404,258.0071
583.1913,228.4479,92.7033,269.9098
580.1774,235.9142,93.1938,282.6639
578.9784,246.8549,95.5916,289.4221
572.8462,262.1252,101.9881,288.2213
570.0883,265.3827,107.5038,287.6738
575.3894,255.7477,109.0205,294.8250
573.6531,258.6280,112.4931,295.2535
573.2437,249.3903,113.3121,301.2133
573.6707,234.2235,112.4579,312.4726
