1
664.6537,683.3892,41.3867,24.5973
665.2061,681.4664,41.3126,25.3508
667.7719,680.8344,41.3925,25.5727
688.9783,672.3445,41.9144,25.7974
690.6256,671.8303,42.8547,25.7671
693.9246,668.5314,43.7625,25.9314
2
0
0
0
0
1
693.2523,582.8128,38.3632,17.6367
699.9014,571.7538,38.0650,18.0881
712.1050,561.1480,38.0233,18.4151
703.4479,556.3834,36.0813,20.0669
710.9990,543.3260,34.1070,21.6763
713.3948,535.9288,31.9343,23.3757
714.9081,525.5595,29.7761,25.0092
718.9583,519.1182,27.7093,26.6866
721.5482,512.0120,25.9559,28.0501
723.0754,505.5952,24.6022,28.9791
724.4688,502.6107,24.3448,29.0464
726.4038,499.8694,24.6746,28.6491
728.7150,497.5388,25.9264,27.4362
733.2803,496.2146,27.7192,25.8832
736.8840,493.5978,29.7958,24.3648
739.7426,490.7556,30.8936,23.2344
746.3857,487.9803,32.0620,21.9827
752.7778,485.4536,32.8361,21.1045
759.5891,481.5515,33.5685,20.4645
768.4667,476.4626,33.5508,20.5067
774.2201,471.1495,32.1849,21.8370
781.0381,465.5016,30.4045,23.8178
791.6689,454.4915,28.7460,25.3822
799.8260,444.3047,26.9159,27.0118
804.5961,443.2070,25.0191,29.2072
809.0393,432.7721,23.8125,30.4506
811.5068,425.9587,23.9951,30.4304
813.6439,419.9339,24.8546,29.6461
813.3943,414.6473,26.2111,28.2149
816.0955,411.3233,27.6645,27.1504
818.4428,409.2435,29.0123,26.1307
820.2886,408.5139,30.5294,24.9856
822.8523,406.3721,31.5140,24.0302
826.0657,403.7076,32.0690,24.1230
831.5786,400.4506,32.5184,24.4580
835.3660,399.9873,32.1038,25.3846
838.6534,398.4936,30.9515,26.5644
843.0567,398.7749,29.3858,27.8120
847.8750,398.6995,27.8553,28.8636
853.0505,399.1606,26.4361,29.7277
857.5874,400.1573,25.3190,30.3864
861.4532,400.7533,24.5981,30.9473
863.0365,402.3811,24.9248,30.3116
854.2509,399.6132,26.8571,28.8966
856.7379,398.5716,28.0281,28.3463
861.4512,392.7705,28.3671,28.4073
2
0
0
0
0
1
847.4731,459.4524,16.6128,19.4699
843.3229,462.9589,16.9643,19.2704
836.5152,467.1537,17.4620,18.8656
832.0933,469.8412,17.7260,18.6384
825.4462,474.1577,17.8500,18.5946
818.7161,478.4066,18.1104,18.1316
812.0475,479.9750,18.3207,17.8485
805.8909,480.1033,18.6725,17.5919
798.9373,481.7360,18.8750,17.1817
791.7722,481.5767,19.0138,16.9326
783.0994,480.6339,19.3840,16.5549
775.9402,480.7273,19.5640,16.3679
769.7699,480.6138,19.4681,16.5950
761.4886,479.2378,19.5740,16.5097
753.1556,477.9510,19.7758,16.2444
746.9315,475.7033,19.7594,16.2073
740.7537,474.3023,19.6693,16.1808
733.8528,471.6888,19.9375,15.7688
725.7546,469.4803,19.8550,15.6952
719.6925,465.2829,19.6836,15.7065
713.3918,462.7380,19.4869,15.7884
706.9566,458.3348,19.5979,15.7188
701.6129,456.8212,19.1789,15.9692
694.5513,458.4627,18.9257,16.0038
688.4650,453.6743,18.4576,16.2377
682.5570,450.9083,18.2595,16.3086
679.5873,448.2860,18.2129,16.1115
673.6997,445.9165,18.1018,15.9880
666.8890,442.7979,17.7719,16.3228
666.5244,436.9926,17.9643,16.1237
659.9139,428.9037,18.3063,15.6660
656.5507,425.6401,18.6177,15.2436
654.6393,423.1489,18.7124,14.9001
650.8732,420.3856,18.8460,14.6136
647.7444,417.5583,18.7929,14.4835
645.3909,416.0522,18.7937,14.3582
643.0029,412.7336,18.8815,14.2235
639.4203,410.4506,18.7659,14.1092
637.3906,406.8816,18.6940,14.0173
635.3699,404.3222,18.6249,13.9978
633.0818,401.2790,18.5890,13.9348
632.6068,398.8096,18.5173,13.7650
631.8873,395.0864,18.4353,13.6064
631.6801,393.6510,18.3467,13.4582
631.9886,389.9938,18.2288,13.2818
632.0341,387.1060,18.1379,13.1209
632.3177,385.2181,18.0613,12.9713
633.3392,384.0719,17.9666,12.8286
