1
493.9607,402.8043,42.9862,43.6916
495.0599,392.9043,45.1729,43.2290
495.6422,382.5944,46.1771,43.3889
497.4717,374.2524,44.8912,43.5192
497.9399,368.8496,43.6533,42.8552
500.1304,368.4370,43.0297,42.3825
500.0452,369.2282,43.2064,42.1703
500.9967,375.1730,43.4934,42.0472
503.0272,382.3894,43.2157,42.1818
503.7544,391.4171,42.9478,43.7619
506.9307,406.2250,43.1786,44.1171
508.1988,426.9178,43.3590,43.2525
511.0968,423.4828,43.0736,42.1894
511.3279,398.1406,43.8341,41.9642
510.1744,376.7924,44.3072,42.6749
511.2347,354.9362,43.9949,43.6665
510.9008,340.5421,43.4153,44.6504
508.7385,327.1497,44.1581,44.0109
510.7841,315.2641,43.3600,45.9364
509.5714,305.6359,43.3072,46.0180
509.1042,300.5572,43.7622,45.2351
509.9599,298.7496,43.1733,44.0098
509.8695,301.0474,42.6383,42.5515
511.7370,307.2545,42.2320,41.9286
511.3162,315.1390,41.9641,41.9071
512.0322,324.5791,42.3583,41.9132
512.7471,338.9142,42.3704,42.3651
512.7042,354.0505,42.8917,41.9288
514.4608,374.5873,41.7801,42.5659
515.5766,399.6559,41.3916,43.1261
515.5844,425.4181,41.2292,44.3607
517.4875,433.9655,41.7603,42.8799
519.2426,412.1434,41.6561,43.6347
521.6276,391.4761,42.6050,43.3024
523.7125,375.6790,42.5683,43.8836
527.1362,359.5468,43.2880,44.5405
529.0675,348.0942,44.0995,45.9737
530.9380,338.0253,44.0346,46.2060
533.2231,330.4205,43.9210,45.1057
536.1879,328.4169,43.4209,44.2420
539.2004,329.5645,43.0677,43.7028
542.6176,333.0728,43.3338,43.3460
545.7325,340.4004,43.4639,42.9211
549.7440,348.4405,43.2437,42.2701
550.7662,358.8431,42.6195,43.3534
554.5450,374.1540,42.6432,44.1619
559.1503,394.9549,42.4104,44.7185
557.3762,379.6678,42.8724,44.1907
549.1562,352.7192,42.7743,44.7365
543.9170,327.1769,42.8772,44.8722
534.1611,307.3636,43.4142,43.7957
528.6274,288.2762,42.7747,43.6395
522.3541,275.1190,42.4926,43.3606
514.6693,262.2789,42.3202,43.6397
505.8998,251.8943,42.4293,43.7439
499.3649,243.0689,42.7847,43.9037
491.1718,239.5267,42.8295,43.4953
483.4462,241.2420,42.8261,42.8763
476.4172,244.1118,43.3539,42.9992
468.9910,249.3368,43.4464,43.2109
462.7675,258.3016,44.4006,43.3684
455.6925,272.3615,44.9122,44.1697
446.0136,288.5013,45.9235,44.5624
440.6901,309.0552,46.4540,44.1878
432.0878,334.2026,46.9024,45.7290
423.9098,356.8832,47.7019,47.0833
417.8071,389.7660,48.4936,46.7981
410.9328,381.6041,48.9546,46.7297
408.5939,370.3789,49.6652,47.7501
406.7279,356.0310,49.2664,47.1107
401.9434,346.9984,49.1198,47.2830
396.5917,337.6099,49.8205,48.4795
394.0775,334.3690,49.9254,49.0346
394.1381,335.2683,49.8426,49.6097
393.9708,338.0738,49.5673,50.6608
394.8614,338.9661,49.4171,53.4268
390.6757,351.9660,48.0939,54.6692
389.6534,370.2416,47.8340,52.5038
386.4571,387.5746,47.0650,51.2935
384.1407,410.4337,45.5817,49.2155
384.4367,433.5246,43.6412,48.5444
384.5693,456.6476,42.9151,47.1722
386.0956,447.1407,42.3031,46.3568
386.2701,426.9199,41.5551,44.8823
387.4014,411.3006,41.9110,44.6377
388.7309,396.7603,41.8769,43.6235
388.6976,385.3615,42.9570,44.2603
389.2890,377.2152,43.3299,43.5188
389.8185,372.2177,42.8872,42.4813
391.1768,371.1642,42.3051,41.4452
390.0558,371.9908,40.8839,40.8536
395.1548,377.8438,39.5197,40.2955
394.7672,384.6228,40.5082,40.3885
395.7883,392.3484,40.1669,41.3881
396.0412,402.0293,40.7165,42.2421
397.1619,422.1225,41.4362,42.7554
400.6102,442.2728,42.1094,42.8401
402.9464,457.4784,41.2885,43.3911
407.7136,437.2014,41.2842,43.8640
410.9270,415.9946,43.7087,44.6822
415.4524,395.1826,44.6808,44.5677
422.5352,378.4454,44.8710,45.5750
428.7765,363.3972,44.7063,45.8411
434.5249,352.1278,44.4269,47.9931
