1
698.7626,241.7312,34.3657,70.1218
696.0280,242.0215,34.2414,68.9095
693.0610,241.7786,33.6169,69.0776
689.9008,239.8713,33.3093,68.3676
686.4676,239.3444,33.2003,68.1518
684.1328,239.2028,33.2300,67.9843
681.6603,237.2836,33.1926,66.6524
678.6506,238.2270,32.8605,65.7216
676.3947,236.2942,32.7559,65.7069
674.8793,237.9508,32.7687,66.0728
671.4306,239.8776,32.8408,66.1048
670.6427,243.1428,32.5909,65.0030
665.2773,244.9078,33.2786,61.8384
661.1978,241.3748,32.7431,60.8962
656.7437,242.0119,31.5815,59.9763
651.9381,241.5041,31.7596,57.8185
646.8221,246.1842,32.6206,55.8654
641.9013,245.7049,32.3135,54.4113
637.5953,247.8165,32.0255,53.9343
633.8486,247.1944,31.3218,53.6206
631.8477,247.5799,30.8904,52.8497
628.0131,246.0444,30.5536,51.2292
626.2299,247.4635,30.1897,50.2662
621.9282,247.4132,30.4867,48.4807
618.3577,249.3046,31.0413,47.7451
615.6479,249.5601,30.8847,47.9784
612.8926,247.3973,30.0338,49.3930
610.6899,243.9983,30.0044,49.1280
607.0806,246.1645,30.5050,48.3781
603.9614,246.2430,30.1697,48.1779
601.0624,246.3018,30.0438,48.2833
597.6833,243.4623,30.3183,47.1284
595.7491,243.1238,29.5198,47.0794
593.0995,245.1710,29.4133,47.2196
589.9490,247.1556,29.2080,46.3377
587.2087,249.0011,28.9294,46.1083
583.8762,247.3674,29.0000,45.6006
581.7592,248.9208,28.3180,46.1480
578.1326,250.4093,28.7861,45.4915
574.0824,252.2596,28.6519,45.3417
570.5948,252.3532,28.4984,44.8485
567.2153,250.4779,28.8463,43.7565
564.1425,250.6913,28.5068,43.1016
561.1349,250.8133,28.6848,42.2008
557.5767,250.4739,28.3164,41.8809
555.1018,250.1777,28.1482,41.2687
550.6130,250.9680,28.4365,40.3582
548.0074,251.3071,28.1172,39.7312
544.6345,252.3338,27.9065,39.1525
544.2640,253.7202,27.5465,39.4888
542.9288,252.1205,27.5754,39.6288
542.4109,250.6335,27.6596,39.9014
542.0222,252.5911,27.5687,39.9578
540.2052,252.4875,27.7247,38.6860
538.3720,247.4165,28.3672,38.0798
537.1905,249.4630,29.3551,37.2320
536.4970,248.4481,29.6535,37.9900
535.3380,251.6344,30.0205,38.1275
535.0714,249.8557,30.3392,37.5466
533.9350,253.4323,30.4491,37.7806
533.9930,252.5296,30.7507,37.4768
533.9858,248.6769,31.3155,37.3707
531.7787,247.6642,31.7439,36.6987
531.2445,242.6990,31.7203,37.2177
531.6103,242.2872,33.1145,36.7836
530.3300,243.2363,34.1073,36.3016
528.8051,244.8954,34.3601,35.9431
530.1379,244.2295,34.6227,36.5946
527.9497,244.3066,34.5526,36.5664
526.2278,247.2591,33.2564,36.3399
524.0467,246.4775,31.8390,36.3097
522.9751,248.5235,31.0282,35.8038
521.6733,245.4756,31.1272,35.7972
521.9893,246.7944,30.4411,34.9396
522.9713,244.2035,29.9277,34.5029
525.3598,248.0358,28.6105,35.1928
526.4204,243.5705,27.8953,35.3391
527.4366,246.9798,27.6027,34.7463
529.6625,247.9139,27.1715,34.7588
534.2576,249.7422,26.2129,35.2493
536.2609,240.0327,26.2995,34.8292
541.5742,238.2697,26.6027,34.7161
540.1591,238.4464,27.0286,34.8815
541.0086,239.5024,26.8470,34.9700
545.4440,240.6012,27.4190,34.1762
546.4246,239.6322,27.2299,33.7918
547.3609,240.5072,26.8523,33.5012
550.5034,243.7675,27.4772,32.1092
552.7084,245.2440,27.2175,31.5268
555.5490,246.5687,27.8329,29.3737
559.2505,249.5336,27.1781,28.6830
562.0818,247.8329,26.7183,28.5985
566.1071,248.3936,26.1547,28.5592
569.0919,249.7812,25.8075,28.1901
572.7656,248.5889,25.3282,27.9709
574.8841,247.6591,24.0806,29.2021
576.0061,249.0952,23.4684,29.8868
578.9543,247.5274,23.3622,30.3450
580.6484,245.5801,22.5512,30.9439
582.7236,245.0614,22.8106,30.6544
583.8840,248.0869,22.8705,30.5434
589.3826,247.4417,24.4504,28.7532
589.5741,246.8915,25.0416,28.3163
590.5282,247.9663,24.2038,29.1685
592.2764,249.8336,24.2408,29.5062
593.0556,246.2842,24.2827,29.2917
593.4527,247.8141,24.5689,29.1120
594.7633,248.4781,24.7815,28.5312
596.9149,248.8988,25.6049,27.7853
598.2978,249.8648,25.5375,28.2332
600.5047,251.2009,25.9526,28.8565
602.2720,249.4393,26.4794,29.7791
601.7001,245.4199,26.2129,30.2924
599.4412,244.1707,26.4939,30.2313
596.6758,242.6133,26.1823,31.0388
590.2455,240.6809,26.7216,31.1463
584.2667,237.7314,26.6520,31.9359
580.3528,237.2157,26.6795,32.3750
574.4200,235.3789,26.6404,32.0719
567.9393,233.4812,26.4520,32.6115
561.1741,233.1594,26.4969,32.3458
552.9776,232.0663,26.9607,31.6791
547.1011,234.0578,26.6194,31.7502
539.0727,235.0356,27.1211,30.6585
533.4507,234.4397,26.5823,31.1358
526.2648,236.2737,26.5344,31.0858
518.8848,237.1264,26.5070,31.0626
510.5741,236.9390,26.8519,30.0835
501.5376,236.3046,26.3860,30.2889
493.8301,237.0739,26.9130,29.5008
482.6314,237.5516,27.2563,28.5377
471.5882,238.4395,28.0843,27.5226
460.7218,242.8100,28.5529,26.8090
453.8293,245.2871,28.8243,26.2824
440.0641,247.1536,28.5293,26.2489
429.8490,249.3230,28.1966,26.5619
413.6584,249.9345,27.1846,27.1324
399.9349,250.3509,27.2669,27.0658
386.6670,251.1324,26.6192,27.2879
376.3954,250.5308,26.0918,27.4955
367.3485,250.9160,25.5808,27.6849
347.4569,250.9751,25.3555,27.6294
2
0
0
0
0
1
190.1074,251.1676,30.3479,35.9578
171.8294,252.5968,33.7287,32.9371
153.8567,253.1225,34.1590,31.7037
144.3178,255.1543,34.1458,30.7784
134.6019,255.9213,34.0748,30.2491
122.6311,257.7476,34.2971,30.1027
108.1142,258.3126,34.7248,29.8110
92.3968,261.2188,34.4895,30.1118
86.1575,259.9741,33.1704,31.0211
82.9835,261.0158,33.4646,31.3168
81.0674,264.7696,32.3017,32.8298
82.4792,265.9635,32.1344,33.6521
81.0894,261.9801,30.8800,35.4986
82.0249,260.8307,29.6571,37.5375
85.2586,259.9948,29.2819,38.2948
89.1359,264.3597,29.6079,37.0459
93.2481,268.3011,29.9749,36.3991
95.8499,269.4051,31.2656,35.9823
94.9723,272.4712,31.7690,35.0537
94.3675,272.7048,32.8070,33.7347
93.2370,272.9912,33.3599,33.3061
92.2981,271.9963,33.3081,32.8102
93.3916,272.0559,33.4837,32.3834
93.0599,272.2659,33.7736,32.3415
96.4772,274.0323,33.5359,32.3743
99.2425,273.6107,33.3572,32.7430
103.3338,275.8214,33.4794,32.3581
106.9441,276.4709,33.3059,32.3686
112.2439,276.3330,33.3298,33.0497
117.9252,275.6570,33.2737,32.8419
123.9931,273.5837,34.2434,33.2501
133.8368,271.8826,35.5412,33.4076
143.3089,271.8865,35.9326,33.3378
154.0339,270.5531,36.1497,33.6496
163.6525,269.4034,36.2948,34.6785
174.2043,268.3984,36.1503,35.3460
184.5164,267.3596,35.5297,35.7032
191.4329,268.3697,35.7735,35.4723
198.5047,269.4024,35.8564,35.0967
205.0619,270.2738,35.8492,34.4776
211.7987,270.8662,35.9527,33.2611
218.4225,271.7136,36.4315,32.1135
224.3794,272.6194,36.2538,31.2076
230.6405,272.2049,36.1103,30.6898
236.9007,270.7419,36.3073,30.7175
247.3760,269.0851,34.9876,32.0264
253.5344,266.6141,34.5255,31.5001
259.1978,267.4182,33.8004,31.3164
268.6613,266.6666,32.9230,31.2617
274.0692,262.1884,32.1331,31.6962
279.4843,259.9714,32.7501,31.2855
289.6145,261.9145,32.5791,31.5474
300.0903,262.6243,31.6446,31.7047
310.5820,264.3185,30.9097,31.6701
320.4909,262.7558,29.8076,31.8994
325.8548,263.2613,29.2911,31.8774
334.8802,261.1703,28.6348,31.4474
339.4444,259.6589,29.0185,30.7573
348.2894,260.2315,30.0196,29.4334
357.2825,261.2976,29.6999,29.7305
362.6336,260.3490,30.2528,29.5441
371.4970,260.5702,31.0559,29.1896
376.3751,261.5975,31.6522,29.0821
380.9370,263.9829,32.0404,29.0675
385.1657,261.6809,32.2777,29.4519
394.4764,262.6425,31.9046,30.1055
404.0565,263.9676,32.2261,29.5412
413.5875,265.4091,32.0089,30.8396
418.6927,259.6122,32.6237,31.2845
429.0928,259.9392,32.9441,30.9838
434.6761,256.4849,33.7211,31.0703
444.6164,258.1685,33.2187,31.6110
450.3525,259.1700,33.3671,31.3937
456.4828,259.5126,33.6128,32.0734
462.1944,263.0052,34.0774,31.6228
466.1796,259.1002,34.7746,32.2966
471.1699,260.3182,34.7135,33.9694
477.7984,260.8784,33.7986,36.7032
481.6452,258.0823,32.1233,39.5305
483.0658,255.5840,31.8148,40.0054
486.1909,259.3022,31.9585,39.2351
489.0236,249.7726,30.6930,39.8289
491.0379,251.4840,30.0992,38.9338
490.1539,245.4838,29.6733,39.5889
490.3847,247.2982,29.4176,40.7057
490.0713,246.3948,29.4430,41.1690
489.1490,247.3003,29.5505,42.9095
489.8278,250.1648,30.3171,42.6432
490.6200,255.1802,31.5065,41.8568
493.0198,261.4088,32.4056,40.9283
493.1481,267.3414,33.3675,38.8118
490.9430,267.3541,34.4562,37.3681
485.4677,267.7812,34.0848,35.9570
477.8356,266.0128,34.8157,34.9292
464.6529,265.2285,34.5519,34.5859
454.5846,262.8263,34.6774,33.7444
438.4284,261.7137,35.4202,32.4643
423.8385,261.6604,35.1489,32.1444
407.3625,256.3476,35.2135,33.1319
393.4268,257.7935,35.2184,33.1311
379.2032,261.7419,35.9039,32.7899
365.0355,263.6629,35.6725,33.1527
350.3052,266.9337,36.2590,32.4325
335.6368,269.6559,38.1361,31.1257
322.0125,270.3022,38.1299,30.9038
309.7710,271.0436,39.1201,29.5101
301.0013,272.8471,37.9364,30.9504
291.5394,270.4176,38.9493,30.1296
280.6705,272.8447,39.7584,30.3066
277.1986,272.6776,40.6995,30.0689
275.3987,276.4018,40.9575,30.3140
269.1808,277.1885,40.7283,30.0250
263.5852,280.0231,41.4435,29.0769
259.3671,280.7374,41.4205,29.6152
252.5054,283.6807,42.9595,28.3395
243.3202,288.0289,42.0926,29.8071
232.5192,291.6707,41.7707,30.1524
219.7166,294.8050,42.2135,30.1188
207.8709,296.5200,42.6215,29.5406
200.7565,297.3541,42.6223,29.0515
192.2142,296.8288,41.9690,29.1015
182.3856,297.7166,40.6459,28.9950
172.9390,298.9922,39.2034,29.7846
163.0649,297.9405,38.2655,29.6525
158.4059,297.2263,36.2676,31.5247
158.1694,298.5236,34.9413,32.9852
163.0945,298.2579,35.2350,33.0639
160.2320,294.7393,36.2658,32.3532
160.2620,294.3096,36.1801,32.6251
172.1848,295.2933,36.4524,32.4015
178.1978,296.8388,36.4401,32.6103
187.8368,306.2708,36.8119,32.2670
195.5853,305.9565,36.8562,32.2326
197.0456,304.1928,35.6424,31.3671
202.9403,307.3645,34.9591,30.2132
209.2561,309.7111,34.8911,30.6504
215.4982,308.4291,35.8297,29.9213
225.3067,309.1459,36.4425,29.6894
228.6620,308.9568,36.9908,30.0278
235.4361,305.1277,37.2137,29.6936
237.4673,304.7837,36.7696,29.8610
239.2357,302.2059,38.5168,28.5536
240.5603,303.0619,38.0021,29.2110
243.6239,301.9303,38.5352,29.1223
248.7229,300.9533,39.8537,28.5543
253.5339,297.1936,38.6317,29.4559
257.4664,299.1519,38.7769,29.7069
262.3936,299.9484,39.0056,29.1754
269.3105,299.6156,38.4616,29.7749
274.8965,299.5101,37.7984,30.6891
281.1852,301.0241,37.8302,30.8191
286.0002,299.8177,37.5384,31.7010
291.8162,299.2803,37.0468,32.6242
296.2849,300.7656,38.1650,31.6453
299.3341,301.6984,40.2996,30.8856
307.2467,302.6048,41.1930,30.9401
309.7528,299.8958,42.9337,30.0202
315.2474,300.8194,43.3370,30.7970
321.4467,298.6660,43.4448,30.9123
325.5900,301.1721,43.5039,31.3117
338.0849,300.8375,43.7611,32.0732
346.2605,302.4187,43.1151,32.4108
351.5656,304.4789,40.8039,34.7385
355.9588,304.3582,38.4292,35.9749
353.8497,303.2520,37.8813,35.7276
359.6349,302.8293,36.6070,35.7568
364.1570,304.7455,35.6744,35.4744
366.6732,304.9265,35.1324,34.7268
368.5104,302.8326,35.8898,32.2449
367.1483,302.6173,37.9492,29.4734
366.3087,302.0220,39.3708,27.2485
365.1072,296.4735,38.6447,26.1548
373.3718,289.8312,37.2185,26.1663
376.5626,287.9572,36.1203,26.3867
376.5972,287.8404,34.3574,26.5876
379.0829,284.6652,33.2156,27.1062
377.9223,284.3540,32.3916,27.8193
375.4679,277.0890,31.6494,29.3339
378.8847,275.3491,30.4926,31.2194
378.6394,276.0531,29.9803,32.0697
379.0810,278.0194,31.0014,31.5172
381.5150,276.7284,30.0379,32.7393
383.7510,277.6860,29.4347,32.7740
385.0786,278.2014,28.7360,32.5367
386.6110,277.1663,27.7062,32.8147
386.2987,274.4616,27.6356,33.1547
387.7778,272.4652,26.4664,34.6177
390.4464,274.0379,25.4983,36.2296
390.8712,279.9620,26.5622,34.5871
390.4253,284.4798,28.5751,31.6636
389.8432,288.7701,30.3905,29.2588
386.7057,290.4708,31.2886,27.7487
387.1321,291.0618,30.6704,27.8598
383.6265,292.0060,31.8605,26.9803
377.6803,294.4322,32.7880,26.3554
368.9055,297.7876,35.9932,23.8769
352.0199,297.0710,37.5137,22.4416
347.9603,297.2625,38.4645,21.7504
346.0566,299.5085,40.5505,20.1983
343.4782,300.6940,42.9336,18.9146
341.7304,300.0288,43.9882,18.7892
340.8806,300.9340,44.8092,19.0628
336.2840,300.3116,44.7700,19.2296
338.3519,299.1714,44.3454,19.1007
330.7597,295.9917,44.9306,18.9697
324.3317,301.2744,45.4879,19.1324
314.3823,300.6947,45.6955,19.8487
310.9419,300.4573,44.8530,21.1211
305.4478,296.8273,42.4400,23.2839
295.8910,296.7889,40.8537,24.9677
292.0743,302.7634,38.7039,26.5357
279.3309,302.0938,37.4772,27.0724
269.4783,306.8203,36.4407,28.3229
260.9836,311.0121,34.5850,30.0032
241.3842,300.5786,35.2989,30.1194
225.9076,298.0040,36.0924,29.8663
217.9749,290.3376,36.8830,29.3298
209.3555,291.4201,36.5887,28.6159
199.2784,289.7717,36.5367,28.1386
191.3508,292.3769,36.4724,28.6777
181.5980,294.2726,37.4057,28.3907
171.1279,295.1469,38.7938,27.0838
162.4480,298.6542,38.7817,27.0293
155.2121,301.9622,39.0858,26.4919
151.5726,302.9336,38.6372,25.9573
149.6527,301.4713,38.4998,25.0406
148.5688,301.0925,38.2092,24.5762
146.2314,302.6579,37.8484,23.7904
144.4134,303.1136,37.5106,23.4319
144.4210,302.7527,38.0863,22.5192
146.1629,302.5687,39.4468,21.6067
142.2452,302.7693,39.0824,21.2566
145.9572,303.7725,39.6527,20.8708
145.2932,303.9335,39.5779,21.1551
144.5270,303.8003,39.3798,21.5730
142.3282,301.4556,38.9184,21.8375
138.2265,302.8229,36.5434,23.3506
135.5506,302.6218,34.0120,24.6866
133.1579,303.6205,31.6836,26.7753
133.5770,304.1345,29.7347,29.1641
133.6488,306.0002,27.2088,31.7969
130.8951,302.2695,25.9201,33.3559
127.1885,299.9437,26.0557,32.6996
122.6892,301.0804,28.3313,30.1652
120.3382,301.5056,29.1855,28.8691
122.6104,300.1661,31.2376,27.0498
130.2916,297.8831,31.6963,25.6666
132.7593,297.7910,31.8377,25.0566
135.9899,300.9644,31.9387,25.3606
136.2778,300.2646,32.5721,25.8592
139.3894,301.5806,32.4756,26.7117
140.0320,301.2148,32.0510,27.3659
136.3740,293.2115,29.4196,29.9932
