1
389.2310,472.3192,61.0856,64.5413
395.7970,467.2776,63.0701,65.4033
401.6786,460.6155,65.3804,66.2386
404.3799,457.1917,67.7504,66.0970
398.0641,458.2417,70.5548,66.3102
386.8682,461.6457,73.3661,66.1488
375.3776,466.1467,74.8918,65.9034
365.6583,475.6308,75.4419,64.0648
366.6102,486.8442,74.6525,61.7769
376.5121,499.9045,72.9459,61.1937
384.2347,507.6948,68.7946,63.9421
400.7649,502.1568,67.2341,66.3461
444.2057,478.1943,71.9381,60.2710
451.1219,475.0303,71.5920,60.0203
2
0
0
0
0
1
977.8818,381.4183,76.7014,38.6183
1033.4237,373.4040,76.1951,39.2495
1088.1506,364.1087,76.5575,38.2197
1141.4292,355.5678,76.0934,38.3150
1196.7308,346.1295,76.6795,38.1542
1243.7274,334.6724,76.1517,37.2798
1289.8429,327.8457,75.0621,36.7641
1342.6998,319.6234,74.4657,36.1698
1387.2357,310.1599,73.7381,35.5229
1418.1705,302.1823,71.7015,35.4653
1460.9681,294.4934,72.6226,33.7676
1492.6051,288.2713,71.3796,33.5928
1494.4344,288.6593,73.4372,32.8084
1494.8754,295.0233,73.9137,32.2728
1509.3297,295.2037,74.1282,32.2169
1507.9226,299.0003,76.5623,30.3639
1502.1349,305.9758,77.8888,29.4502
1550.1340,318.8351,76.3083,30.5227
1567.7522,324.0242,70.7380,36.3617
1581.2327,324.7698,66.3793,42.0305
1593.8955,325.2552,64.9992,48.1284
1598.5631,318.1173,65.3947,52.4749
1598.8102,308.6572,64.2299,55.0126
1597.4962,301.6033,61.8655,55.9364
1597.0919,294.5879,61.1011,55.9008
1597.8711,287.1572,61.8150,54.7181
1599.5685,282.2191,62.6878,52.8975
1598.8652,277.4590,64.1244,49.8091
1597.0814,271.5832,67.2256,45.7645
1593.1085,267.9166,71.2580,41.6283
1592.4426,260.3330,74.4544,37.5661
1587.6270,254.2708,74.1966,37.0233
1589.5337,245.4371,71.5699,36.0456
1590.1681,237.6455,68.2248,35.9935
1588.6542,230.9905,66.5265,36.4800
1583.1897,225.8556,63.1142,37.8094
1578.3928,219.5219,61.2512,38.6801
1575.0453,215.5399,59.0900,39.6142
1569.7764,212.4517,59.7175,40.2036
1565.6570,209.0081,60.4380,40.5349
1561.5338,205.5375,61.6874,40.5966
1557.2269,201.8539,62.0058,40.2479
1554.6420,199.7791,62.2633,39.5537
1550.4227,198.4576,62.7678,38.5056
1547.6970,198.0106,63.2053,36.5160
1539.9796,201.5439,63.3349,34.5392
1530.8829,204.9412,65.2132,31.6142
1520.4098,207.7694,64.3053,30.1861
1496.6281,205.4146,65.5643,30.3890
1462.0521,202.4561,64.3360,33.0809
1407.1952,216.8168,63.2354,36.3608
1358.7864,235.3184,59.9451,40.3669
1300.4382,240.4898,58.8717,44.2190
1249.0330,251.0673,58.5938,45.8510
1196.0519,261.4238,58.4344,48.2937
1145.4193,276.1388,60.3364,48.9620
1102.3450,283.6639,60.3456,49.5851
1050.6538,292.4863,61.4869,50.9209
995.6844,303.6927,65.2994,51.6253
949.0124,320.3083,66.5227,52.7511
900.8932,330.9113,68.0421,55.1842
851.5601,345.0853,70.3722,55.9602
800.6093,359.8362,74.1590,55.8034
750.1287,378.1973,77.2246,56.4493
703.6132,400.0664,79.6732,57.6168
658.4091,416.1014,81.0099,59.3258
611.3288,434.2440,84.1354,60.6461
572.8757,451.6149,84.4077,60.7462
523.5287,475.0964,86.2405,61.8286
475.9970,493.4110,89.1456,61.1193
439.9360,513.8033,87.1560,63.5820
429.2023,513.2487,86.9172,62.6847
415.8399,515.5025,84.9011,65.7824
411.7805,519.5923,81.2744,70.8565
410.3657,527.0775,79.3408,72.5823
406.9932,535.9429,76.9598,73.5546
404.8246,545.3555,73.6880,75.2016
403.6078,553.8391,70.1616,77.3344
403.0779,555.8275,65.6443,79.3020
400.9594,554.7938,60.8569,80.4961
392.5571,553.8963,57.1960,80.8661
387.3900,553.1609,55.4289,81.6301
387.6819,551.9185,54.3541,81.6500
397.1626,545.9510,54.4898,80.4378
404.0472,542.5800,56.7562,78.3489
412.5150,538.8779,60.7663,76.5044
418.3697,532.6484,63.7565,73.8117
421.1266,529.0597,65.7745,69.0917
425.6320,530.0594,66.3715,66.7660
423.5756,533.4852,66.6909,66.7193
420.9991,533.9545,67.6707,64.4102
419.9557,534.8024,68.8746,61.3216
417.5222,535.7871,70.4258,58.7194
413.0991,535.4918,71.9762,57.5280
412.7005,534.1205,72.6517,55.5498
412.3453,533.1227,72.7178,54.7810
415.4890,528.4486,70.9640,57.3093
413.8707,527.6573,68.5522,59.9584
412.5950,525.1398,70.3116,58.8723
402.6093,523.8339,70.5399,58.1906
402.9862,522.6838,71.7573,57.5159
401.3401,518.3929,72.2780,57.3965
402.5261,518.3431,70.2772,59.0467
406.1431,509.6518,66.0900,62.8588
416.9634,508.9021,63.6743,65.3010
425.7726,504.1319,62.0441,66.9518
426.2581,494.9137,59.8823,69.2019
429.2464,490.4586,60.2495,69.0280
446.5486,480.8912,64.6048,66.4670
493.1690,452.1185,69.2050,62.9679
557.6804,438.3875,74.6147,59.1296
632.7698,420.7619,78.7658,55.8831
709.4603,409.9781,82.2101,52.7642
775.3790,399.9113,85.9502,51.1313
852.0248,391.8811,86.5180,49.9133
920.3531,381.9261,88.6446,48.8287
987.7382,372.9919,92.2791,47.6483
1054.9443,359.4984,94.3262,45.8403
1122.3160,356.4902,96.5149,45.4756
1182.2094,347.7009,102.6590,44.1518
1239.7344,339.3275,106.8703,42.1713
1305.2157,328.6584,106.6356,42.3129
1360.8319,319.7880,110.4360,41.4629
1425.9772,308.5467,111.6303,41.1900
1491.4608,296.2733,110.1056,42.1513
1550.0692,284.5640,102.2584,43.3304
1581.0144,284.7662,98.3573,41.4758
1592.5183,283.9409,92.0507,42.1517
1594.9210,276.3383,85.0800,44.3521
1599.5328,271.7308,83.0816,43.5046
1600.7850,263.0879,82.2520,43.2104
1601.9814,254.4855,82.1736,41.5443
1598.5033,254.1731,82.6332,40.4874
1595.4382,261.3076,82.6982,38.6348
1589.0989,268.9310,85.2111,35.7076
1584.8810,267.4407,83.8894,35.0851
1576.3309,256.9692,81.4482,36.0671
1577.7634,247.7852,80.2322,36.9191
1575.9695,252.3784,80.5557,36.3526
1570.6094,252.3166,82.2782,34.7052
1568.2488,253.0240,83.0810,33.4114
1569.5399,245.9770,84.2041,31.8077
1569.8278,253.5279,83.6167,32.5091
1552.1896,252.1252,86.7530,32.4940
1541.1422,247.4453,84.1450,33.1703
1540.0768,236.5715,78.7372,35.7891
1541.3478,230.5093,74.4767,39.2027
1543.0735,223.9233,72.3401,43.1423
1543.8978,223.2821,70.6645,46.2858
1540.0167,226.1394,70.4302,47.9210
1534.9412,230.9550,70.5623,48.0180
1528.6848,237.0780,70.8898,46.5021
1521.9834,244.5333,70.8262,44.4858
1516.5063,251.2061,71.5642,42.8664
1505.2501,259.6497,71.9143,41.7827
1494.9656,269.1088,72.6886,40.3103
1469.9642,272.4547,74.8136,39.2372
1416.9589,275.9741,75.1398,40.7391
1364.3273,294.0276,73.2702,44.3398
1312.3713,305.9756,73.1166,45.6074
1263.8540,316.6741,73.3316,46.9824
1214.5371,326.0480,73.2270,47.4258
1166.3029,336.3339,73.2924,48.0817
1124.6927,346.4111,73.7626,47.6921
1074.8153,356.0656,74.2533,47.8661
1026.0392,364.2425,76.5579,48.3349
981.8549,376.1588,76.9919,48.0855
933.7913,383.9634,77.5008,48.6570
890.1432,396.8987,78.0657,48.0219
847.9992,403.4072,78.7144,47.5087
806.7114,414.7357,78.4005,48.6349
761.9274,426.1825,80.2794,48.4588
720.4562,433.7774,80.5772,47.8393
674.3077,445.8492,83.2869,47.5446
637.8824,452.4743,84.1533,47.0521
597.5339,460.1578,83.6265,47.0459
561.5994,466.0844,83.8335,48.1005
522.6890,477.6142,85.1173,47.1799
486.9071,484.9048,84.6279,46.7275
450.2783,492.6029,85.8039,46.3992
420.4921,498.5565,86.5637,45.8714
383.4713,503.6531,87.1631,44.2785
354.4760,506.8136,88.8948,43.8607
326.4064,508.0436,89.0014,43.0754
306.0145,500.9028,88.4023,44.4653
307.3293,500.4127,86.4333,47.3090
302.7458,495.5673,82.6935,49.4029
298.5139,495.2318,80.9665,50.3460
285.5291,495.4383,81.3965,49.6805
278.2401,496.3969,81.4099,50.1020
274.4174,497.1295,80.3510,51.2917
271.3418,499.5966,77.6569,54.0998
260.0514,504.6681,75.4475,55.8369
242.0654,506.7629,74.8288,56.4037
246.6985,509.1835,75.7657,56.2118
252.7834,512.9379,78.8562,57.2714
263.9610,514.7974,80.3305,57.8386
279.9670,533.6664,77.3708,61.9183
284.3793,549.5299,74.5020,63.2181
288.6237,562.7026,73.1077,60.5683
290.7605,573.4227,73.3323,56.5559
292.6218,586.2104,74.9695,55.3090
311.0967,589.4637,73.6895,57.8257
331.3253,585.5505,71.3615,60.2581
352.1584,571.0677,72.3636,59.3719
408.7487,551.0383,73.9187,56.7590
481.2653,540.5433,78.5736,53.6857
556.7614,531.1563,79.9268,51.5150
623.1525,522.7401,81.5180,49.5942
687.7067,515.7419,83.6286,49.0142
748.0749,509.9925,87.5124,47.5352
763.3638,519.4240,90.4045,45.4384
2
0
0
0
0
1
1295.4362,484.4488,82.7860,43.0048
1347.7965,482.4263,84.4076,41.8272
1400.7637,480.8719,85.7025,40.7316
1452.4664,476.5789,85.0991,40.7980
1503.8770,474.3416,85.0951,40.4374
1546.0112,473.9995,81.5451,40.2814
1552.3881,475.3163,78.5446,40.0700
1560.3204,483.1701,76.1045,40.4969
1571.5143,486.0060,74.4532,42.1579
