1
281.0904,248.2328,43.9796,44.5433
283.5098,248.9176,44.1389,45.3432
286.5068,249.7466,44.2834,46.3288
284.1690,250.3815,45.1118,46.6637
287.2953,254.4064,44.8030,48.6633
284.3683,253.8047,44.9824,49.2971
284.7538,255.3192,45.6192,49.8276
282.8531,256.6669,46.4276,50.4923
282.7293,257.2917,46.9381,51.1309
279.1680,260.7545,47.1994,51.5909
275.7332,259.6656,47.6274,52.8836
273.3421,260.9923,47.1492,54.0728
275.1277,259.9872,46.9590,51.4068
275.3222,262.3379,47.0594,49.2522
274.0750,263.8717,47.0070,47.5579
277.2181,266.1429,45.9255,47.6638
276.7203,265.9230,45.7709,47.6694
275.2422,266.0584,46.0654,46.9856
276.6919,269.1000,46.0260,47.2877
276.4278,268.7050,46.2991,47.2487
274.4036,267.5081,47.0392,47.8481
273.8560,269.1671,46.0977,49.2536
274.3439,266.7836,45.8956,49.8676
271.5009,264.8773,46.1801,50.2966
268.5126,260.8032,48.1438,47.7967
272.3173,264.3890,47.3081,46.9036
273.0313,267.2521,46.6800,46.4688
273.2027,268.5716,46.4194,46.3135
273.6563,268.1901,46.1097,46.1046
271.2438,267.0314,45.5284,45.4903
272.4788,272.7542,44.9745,45.4195
269.3738,274.1357,45.4037,45.3615
269.0520,272.6859,44.9547,45.0751
272.5821,273.9549,45.5495,43.8680
271.0011,272.8211,45.8269,44.0559
272.3164,272.7919,45.9786,44.3594
272.5920,273.8138,46.4793,44.9950
271.6821,271.3907,46.0949,45.7450
270.4713,269.0088,44.7118,46.4440
272.4728,269.4917,44.2285,46.6322
276.1856,272.7786,44.4079,46.3341
275.5995,271.8140,44.7910,45.5484
275.6916,269.8187,45.1410,45.8824
273.4663,267.1144,45.0717,46.1170
274.4139,269.3448,44.6314,47.0997
271.3401,267.1794,45.4660,46.4224
271.6516,266.3737,45.5854,46.5464
269.5471,264.9438,45.6754,46.5080
271.0296,268.0537,45.0947,47.7379
269.8945,269.5533,45.3424,48.2329
270.0845,267.9775,44.7762,48.1816
270.0851,264.6844,44.7351,47.8436
270.2349,268.6047,45.1616,48.2848
269.0547,269.8705,45.5454,49.1947
269.5579,269.4778,45.8245,49.4275
268.3091,268.7815,45.9608,49.9785
265.8900,268.8759,46.1067,49.7879
264.3019,269.2751,46.0930,49.7707
263.7689,269.1850,46.1421,49.9245
263.0200,268.2325,46.3082,49.3802
261.2738,268.2350,47.0616,49.0294
255.7501,268.2589,47.5141,48.4651
253.7376,271.8788,48.0175,48.8457
255.6199,270.9943,48.0111,48.7683
255.4848,271.8217,47.6054,50.2340
253.9612,273.6092,47.7454,51.6250
251.2252,272.5839,48.2338,51.9747
248.7486,268.2348,49.2524,49.7854
246.8015,270.5977,49.1730,49.8516
245.9504,271.0878,48.7479,49.8538
244.3544,270.4947,48.4227,50.5685
242.0544,270.1312,48.1571,50.7171
242.5256,270.1564,47.1905,51.8349
241.8322,269.9611,47.0184,51.8542
240.1322,268.6082,46.8751,52.1637
239.3890,268.9235,46.8217,52.8364
240.6288,268.1029,46.3444,52.9658
241.1309,268.6992,46.4138,51.5610
246.1283,270.4695,47.3178,50.4817
245.3155,270.3166,47.1761,50.1333
245.1973,270.8013,47.4203,50.4366
247.7104,270.6021,47.4753,50.7138
248.6826,271.5121,46.9757,50.6459
248.8914,272.2170,46.6054,50.7609
250.6825,272.1593,45.8571,50.9489
250.6976,272.6547,45.9379,51.2553
249.1745,272.0856,45.8091,51.4705
248.4933,271.8607,46.1104,52.1562
247.8415,271.3767,46.2437,52.5680
248.3799,270.6798,46.0716,52.7696
247.1229,270.6041,46.4059,53.1461
246.0777,271.9714,46.2487,52.6528
244.4400,271.5812,46.6790,52.1008
244.9398,270.8822,46.4390,51.9260
244.6863,265.9511,46.4741,51.0001
240.6257,268.1934,45.9751,50.2280
239.8381,267.4878,46.0029,50.2815
240.0946,264.0640,45.5230,49.9244
237.1423,267.5821,45.4125,49.9989
238.7141,268.3136,44.9818,50.1686
244.4592,282.3132,47.1770,48.6213
256.3213,293.0542,46.6097,50.0175
269.4760,300.5871,46.8571,49.0192
257.5009,313.0408,52.7352,44.9543
2
0
0
0
0
1
367.3947,317.9250,42.8911,47.2112
368.5916,319.0171,43.9528,47.4753
370.1481,319.7662,44.3945,47.3501
366.1354,318.0023,44.9346,47.9301
364.0044,321.3721,45.1247,48.1654
365.1397,322.9733,45.4614,48.7265
362.4288,324.3552,45.8091,48.9344
360.2988,326.1958,45.6767,49.0360
358.0958,326.4348,45.4016,49.2883
359.0026,326.6534,45.5486,49.3720
356.9612,326.6338,46.7246,48.7808
349.6832,326.9502,46.6280,48.0787
348.6987,328.6003,46.8631,47.4507
342.6697,324.6245,47.1362,46.9944
332.4314,320.1404,46.9971,46.4925
328.6926,317.5860,46.6227,46.6373
329.5034,318.3342,46.1426,46.8420
331.8170,321.8270,46.0936,47.0936
329.9200,318.6354,47.1664,45.8817
327.0822,315.8198,46.6078,45.0924
327.1371,317.8441,47.0796,43.8633
326.6324,318.3478,47.3698,43.3872
326.5957,316.9510,47.9533,43.0984
326.6063,313.6223,47.7730,42.6207
319.3893,307.4948,48.8095,43.2662
316.7704,307.4186,48.4055,42.8535
315.5559,308.5383,48.5629,42.9408
312.4419,313.7119,48.4786,42.9624
306.9542,316.4888,48.4345,43.3242
300.0943,319.0588,47.8904,43.8621
300.9665,319.8226,48.2010,44.3953
302.7334,319.9621,47.9670,44.4673
302.0368,319.3074,48.1104,43.6859
301.0740,318.4492,48.2669,43.4148
304.6758,314.5447,46.9479,43.7141
305.7921,310.5022,46.3627,43.6443
306.8607,306.9991,46.1821,43.4697
306.7397,300.7964,46.3987,43.2840
310.2643,296.2475,47.1776,42.4585
314.5213,292.7866,46.7063,42.1635
312.6377,294.2365,48.3852,41.1263
310.9863,295.9875,49.6398,40.6553
314.0801,295.6023,49.7797,40.8964
311.7105,294.3040,49.6816,40.7574
310.0988,291.7155,49.9831,41.0836
313.2407,289.7249,50.4859,41.5933
315.7968,286.3389,50.5012,41.8289
319.1997,285.1902,49.9646,42.0410
319.3699,282.1729,50.0323,41.9918
318.7322,281.3242,49.8196,41.6931
322.4952,276.7353,50.3494,40.9117
312.9614,277.4188,53.3506,38.6479
317.8958,274.8316,52.2485,39.0427
323.0510,275.7278,51.4295,39.3753
323.5532,274.7241,51.1710,38.9535
321.4191,274.6200,50.0963,39.9148
324.1039,271.6845,49.4956,40.3708
325.1329,269.6918,48.9295,40.4251
326.7766,267.3393,48.9508,40.2574
329.7333,268.7309,48.1662,40.3011
329.3658,269.3676,47.8509,40.0959
329.0522,269.3100,47.7356,39.9653
329.8960,270.0858,47.5589,39.7051
329.8420,269.1000,47.3593,39.5652
328.7308,267.6888,47.1548,39.2373
333.9390,266.4418,46.3077,40.2375
333.5198,264.1553,45.7171,40.5189
332.3831,262.0662,44.9893,40.4036
334.8285,254.0033,44.3010,40.7961
334.4663,251.2002,44.6091,40.8017
334.3652,250.5435,44.8480,40.9793
337.6698,248.0098,45.7665,41.4014
340.7311,246.3461,45.7617,41.8739
343.6248,246.0438,46.1871,42.4045
342.3149,245.7826,47.1580,42.7877
346.4367,247.5607,47.4608,43.0446
344.7317,244.3583,47.4816,42.3451
350.0007,245.2972,49.9979,41.3550
347.3145,245.4704,48.7000,41.7294
346.4115,245.3657,48.3666,42.4608
351.0026,243.8132,46.3333,43.7243
354.2884,243.6800,45.7399,43.3864
352.7205,244.6099,45.4022,44.1607
355.4013,245.0838,44.7976,45.4410
357.1856,244.5016,45.6057,46.0815
357.9247,244.3791,45.3878,46.3873
360.6313,242.3978,46.5564,46.5126
365.5872,242.9198,48.3868,46.2122
373.6552,245.5750,49.2359,46.0271
379.5088,245.9502,50.1698,45.0964
383.6967,251.5489,49.4362,43.9100
382.2617,251.8378,49.9167,42.6418
372.6817,242.6132,47.1784,42.8894
373.0376,240.9989,44.3469,43.7936
371.2649,237.6898,43.2198,43.1799
366.8289,237.1301,42.4677,43.8557
369.6142,241.3563,41.5474,44.2502
367.2771,243.6352,41.0042,44.5371
366.0813,244.9836,40.4407,44.8669
363.4906,248.2203,40.3873,45.1646
364.8262,247.2946,40.0209,44.5367
368.3438,251.4279,38.1612,46.4167
360.4414,251.6626,37.9199,45.8829
360.5731,251.1434,38.3313,44.5396
358.6072,247.4783,39.7047,42.8603
356.0592,242.5265,38.7420,43.3919
356.9277,242.7805,39.4729,42.6882
354.7120,244.7429,39.6330,42.6260
352.8264,247.7684,39.3689,42.1107
348.9731,245.9776,39.2634,41.1044
346.0627,244.5095,40.0389,39.6797
346.4656,243.5957,41.4700,38.4133
341.5952,244.7348,42.0024,39.3713
337.9998,245.4933,41.9638,40.4558
339.9071,241.7736,42.2770,40.8003
337.4908,241.0882,41.4356,42.3129
341.3436,238.0752,42.3635,42.0785
340.3795,238.2326,43.4830,40.7462
335.0483,237.9670,43.7124,40.6163
340.0743,236.0565,43.1119,40.8249
338.9904,234.8805,42.5375,40.3611
342.8752,233.6744,41.3550,40.7373
347.1804,233.8916,40.8779,40.5396
344.4726,232.2507,39.7932,41.3170
344.7235,229.8067,39.7893,41.3678
343.5885,232.3715,39.7960,40.8916
344.5290,229.8361,39.3961,41.4170
347.2092,230.1226,39.2078,41.4154
345.5658,229.3740,38.8255,42.0514
348.2386,230.4392,37.9993,41.9980
347.3179,228.9472,37.8116,41.5467
352.5140,228.6543,38.8182,40.5563
351.7802,226.5762,37.6524,41.1913
347.7487,219.8541,36.9869,41.8549
348.2776,220.2074,36.8217,41.6630
348.7803,218.8002,36.5829,41.7536
349.9754,218.5115,36.4870,41.6935
351.7546,219.8216,35.6639,41.8670
356.4531,218.9705,36.4908,41.0933
359.4656,217.2251,36.7310,40.4596
361.5291,220.2079,36.7802,39.2749
363.3454,220.9628,35.7401,38.5985
368.2778,222.9408,34.4460,38.2729
371.8554,220.9270,33.6704,37.5511
368.9318,222.2965,31.8599,37.3728
363.7648,221.5354,31.6131,37.1212
366.4726,222.3906,33.6542,34.8093
369.2585,223.9606,35.3159,33.1502
374.7368,230.8406,34.6120,32.9593
371.6440,238.3809,33.5275,33.3373
370.0731,236.5533,33.9778,33.0701
363.9322,240.6548,35.1524,32.6601
356.7998,243.4577,35.1672,32.8707
354.5555,237.1283,33.8606,35.1255
353.0175,231.7426,32.6191,37.5426
352.1567,226.3139,30.7417,38.6987
351.8767,226.3593,29.6542,39.0851
352.8832,226.7294,28.5115,39.1698
352.7811,226.3793,28.0299,38.4998
352.9732,227.9029,27.6562,37.9781
353.3954,225.8616,28.0595,36.0165
354.9739,228.8224,26.8506,36.2927
354.7899,228.5291,25.9766,36.4630
356.5837,228.3729,25.9883,35.3001
357.6684,227.9614,25.7967,34.0691
359.5096,227.2501,25.5701,32.8194
359.7013,225.4039,25.6700,31.6393
360.1293,225.1521,25.7559,30.7144
360.8327,224.9922,25.7146,30.4520
375.2360,241.6951,24.9999,31.5801
379.3497,241.5875,24.2100,31.9582
378.8769,241.1468,24.0215,31.7356
382.7983,242.2469,24.2916,30.7275
383.6829,243.8378,24.4251,29.3094
384.5854,246.4993,24.9518,27.4663
385.0876,248.5848,25.5030,25.7441
387.0189,248.9830,25.3687,25.0466
385.9085,249.3410,25.5469,24.0293
389.2019,251.4402,25.3179,23.0383
391.4075,251.6362,24.3026,22.7901
392.5255,252.8035,23.5532,22.1276
392.4514,253.0553,23.3390,22.8180
395.8160,256.0535,23.2449,22.8322
394.1710,254.9284,24.1478,22.8474
394.4599,260.7762,23.7894,23.6086
394.8891,261.3825,23.5510,23.1638
397.5380,259.0464,22.2133,23.2193
399.8268,254.0518,22.8497,22.1574
402.3148,254.7015,23.7890,21.1809
408.5925,254.8802,23.5622,20.0874
410.5974,254.3714,22.8828,19.4603
412.0893,254.5433,22.1550,18.8714
410.7590,254.0316,22.1863,18.3669
412.9962,254.6820,21.6964,17.9385
415.0344,253.5174,21.4441,17.0734
414.5295,253.7615,20.7923,16.8949
416.4987,252.8680,20.5314,17.2874
415.1918,253.3541,19.6451,17.6778
414.4987,253.4529,18.4263,18.0478
411.4405,254.5966,19.5303,16.6165
413.9581,253.4947,19.2391,16.3142
412.0123,253.8169,19.0877,16.1062
411.4235,255.6640,19.2563,15.5133
412.0060,255.6654,19.3812,15.3298
411.0428,254.0988,19.3231,14.8389
412.9909,254.2332,18.9448,14.8655
410.9877,255.5685,18.3775,14.9086
411.7246,256.2384,17.5733,14.9775
410.2803,255.6555,17.0048,15.0201
409.3347,255.9039,16.0432,15.3915
408.1341,254.7997,15.3405,15.2496
409.7964,256.3397,14.7912,15.4144
408.3374,254.7908,14.3993,15.0941
406.5167,256.3131,14.0601,15.3885
405.7171,254.0128,14.6868,14.1299
410.2786,248.8955,14.2299,13.7588
410.4895,248.3788,13.8590,13.1605
403.8638,257.4990,13.5731,13.2958
392.7104,257.3698,12.8572,12.8760
390.6044,257.8506,11.5075,12.9779
388.5588,256.8748,11.1527,12.6682
388.2455,256.3167,10.8821,12.1653
388.3011,256.7251,10.3836,12.0836
387.9790,257.2616,10.0000,12.4103
388.0074,258.7064,10.0000,12.1014
386.7377,257.3872,10.0000,12.1128
386.2171,256.7184,10.0000,12.3906
387.0833,256.8032,10.0000,12.0693
384.5212,256.2213,10.0000,11.7815
385.1804,254.5915,10.0000,11.0148
