1
183.7369,20.3273,49.5261,37.3453
183.1371,21.9959,50.7259,36.7375
181.9594,26.3413,51.7083,36.2847
181.6217,26.3759,52.3836,36.2153
181.4471,28.4049,52.7327,36.3258
180.5506,29.0078,53.1294,36.5164
179.3885,31.2565,54.0478,36.2360
178.5008,31.9329,54.4083,36.2981
177.6960,34.7705,54.5967,36.3080
177.4392,36.9916,55.1103,36.1390
176.6043,36.7480,55.3508,36.6260
175.7749,38.0180,55.5687,36.9679
175.1053,40.0080,55.4581,37.3376
174.8584,40.6296,55.9519,37.5487
174.5898,42.7378,56.4890,37.7284
174.9199,44.3476,57.3052,37.4613
173.8627,45.2313,57.9355,37.1781
174.3670,46.6414,58.4156,37.3358
173.3070,48.0497,59.0370,37.5167
173.0760,48.7131,59.4989,37.7009
172.6308,49.5858,60.3894,37.4767
172.5011,51.6949,60.6488,37.8502
172.4407,51.4900,60.7697,38.2600
172.3202,52.9137,61.0105,38.5114
171.9983,54.3807,61.6545,38.6919
171.8227,55.0169,62.0055,38.9893
170.8338,55.7745,62.4034,39.0542
169.8065,57.3255,62.8707,39.1265
169.6819,58.1245,63.1199,39.1239
169.1699,58.9810,64.1439,39.0100
169.4342,59.8198,65.2277,38.9446
169.1193,60.5122,65.8574,39.1872
168.7251,60.4935,66.6459,39.2246
168.4657,60.4141,67.1647,39.3835
167.7452,60.3270,66.9420,39.5578
168.6293,60.2405,66.8371,39.7306
169.4135,60.2350,66.9333,39.7416
170.9932,60.2558,67.1063,39.7001
170.9975,59.3274,67.0979,39.8888
171.6367,59.3030,67.4906,39.9375
172.4850,58.3572,67.4718,40.1514
171.6978,58.3112,67.3650,40.2433
172.6601,58.2566,67.1216,40.3526
173.7921,58.1958,66.5368,40.4742
174.7509,58.1687,66.2918,40.5283
175.6090,58.1547,66.2456,40.5563
175.2341,57.8648,65.3258,41.1362
175.7425,57.7318,64.3088,41.4023
176.0161,57.7138,63.7617,41.4382
177.9769,57.7329,63.1349,41.3999
178.1006,56.9991,62.8875,41.2302
180.1506,56.1451,62.0490,41.3076
181.1134,56.2436,61.7427,41.1105
183.0361,53.8442,61.1205,41.0745
184.0549,53.0794,60.6844,41.0026
185.5761,52.0759,59.2360,41.4158
189.2463,52.0672,58.2110,41.4332
190.5780,51.1584,57.1112,41.6872
191.1676,50.1526,55.9320,42.1476
192.3563,49.1685,55.0952,42.5751
194.2137,49.0443,54.4504,42.8235
196.1153,48.8947,53.7055,43.1227
197.9022,47.9931,53.1769,43.4033
198.9773,47.8375,52.5456,43.7145
199.9089,47.0698,52.1968,43.7355
199.9945,47.8852,52.0256,43.6140
200.5843,47.9553,52.3507,43.4739
202.6514,48.1145,52.7387,43.1554
202.5634,48.2526,52.9148,42.8793
202.5535,48.3552,52.9346,42.6740
203.0157,48.8175,52.0102,43.2529
203.2443,48.5804,51.5530,43.7271
203.9518,48.4996,51.6371,43.8887
205.3913,48.5120,51.7643,43.8639
206.5117,48.6737,52.5328,43.5405
206.8298,48.7542,53.4081,43.3796
207.4879,48.7116,53.6139,43.4647
208.1053,48.7096,53.9058,43.4687
208.7285,48.7048,54.1907,43.4783
209.5379,48.5904,54.1078,43.7072
209.8268,48.4496,53.5299,43.9888
210.7318,48.4733,53.2538,43.9414
210.7755,48.9299,51.6374,44.5570
211.2329,48.0960,50.7227,44.7110
211.5985,48.1507,49.9914,44.6016
216.5174,46.6666,49.0880,44.5917
217.0334,46.6256,48.0560,44.6736
216.6731,46.8104,47.3166,44.3041
216.3004,46.3759,46.6194,43.7304
215.8955,45.9101,46.0064,43.2394
216.3660,45.4719,45.0654,42.7105
217.6393,45.6076,43.9010,42.4390
217.4624,45.1164,42.8953,42.0618
218.0077,44.6390,41.8047,41.6787
218.4564,43.5282,40.9072,41.2709
218.8146,43.1457,40.1908,40.7418
219.0303,40.2086,39.7595,40.2434
219.2146,40.4103,39.3907,39.8400
218.7031,39.8552,39.1661,39.7024
218.2449,38.0572,38.8404,39.5725
217.6109,35.7760,38.8736,39.1955
216.9651,34.6443,38.9358,39.0000
215.3042,31.6739,38.5755,38.8042
213.0634,31.1562,38.1829,38.6210
210.6279,30.7706,38.2159,38.1828
209.4070,29.5705,38.2513,38.1767
208.8844,29.5158,38.0931,38.2859
207.6948,26.5569,38.0665,38.1897
206.9149,24.9735,38.4254,37.7539
206.9373,24.4649,38.3806,37.5715
206.4122,22.0734,38.2349,37.5701
205.8324,19.6184,38.2007,37.7050
206.4113,19.7206,38.2383,37.5007
205.2123,19.7402,38.2508,37.4614
206.9027,18.1309,38.4468,37.1030
205.1794,18.0416,38.3243,37.2818
196.9310,16.8182,38.1524,37.3473
196.8127,15.1582,38.3890,37.1004
194.5474,13.2805,38.1646,37.2895
195.4390,12.3824,37.5697,37.8975
196.3498,11.4443,36.9365,38.5852
197.6386,11.2829,36.7373,38.9080
195.1837,10.2157,36.8826,38.6601
195.5575,11.0050,37.3246,38.2711
196.0578,10.4196,37.5143,38.2514
196.6140,10.4495,37.5951,38.1917
197.5402,10.5974,38.1297,37.8959
200.2791,9.3889,38.6382,37.9183
203.2377,9.9054,38.7490,38.0909
203.7983,11.5096,38.8379,38.5127
205.8732,10.3415,38.3424,39.6308
204.0357,10.5533,38.3337,40.4351
205.4273,10.8510,38.0312,41.0800
208.0782,9.9294,37.7119,41.6776
206.7197,10.6008,37.9293,41.5847
206.8515,11.0590,37.6656,41.9201
204.5209,12.8583,37.3153,42.0801
201.7559,13.1110,37.8464,41.5747
200.1455,13.3497,38.5664,41.0973
198.5442,13.6385,39.2602,40.5196
200.0334,13.2790,40.0508,39.9824
2
0
0
0
0
1
247.5352,44.4192,14.0625,60.0099
247.9720,43.0361,14.2979,61.6670
249.5012,40.1721,14.6495,62.8485
249.9210,37.9265,14.9699,63.8599
250.2909,34.5698,15.4103,63.4919
249.9976,35.3227,15.9969,63.1696
245.8642,60.1791,15.9331,64.6310
245.9582,57.3409,15.7450,66.6792
243.9255,57.6307,16.1068,67.3343
247.1575,75.2469,15.8958,69.6196
248.3187,76.6459,16.1306,70.6571
249.0802,78.3138,17.2025,69.9164
248.4884,80.9828,18.3862,68.5014
247.5345,84.4063,18.9837,68.2053
247.4393,90.5762,19.1742,69.0376
247.3005,92.2377,19.4518,69.7123
246.6887,94.8830,19.3282,71.1579
244.1320,95.4625,18.9804,72.7294
243.5264,115.8506,18.8107,74.7595
242.7221,118.8522,19.0133,75.7870
240.5685,119.5118,19.0473,77.3168
238.3056,119.4676,19.2334,78.8517
237.3947,120.1718,19.5835,80.3865
235.6568,122.6190,20.0598,81.4911
233.9191,126.6052,20.4867,82.6646
231.3221,127.1675,21.0340,83.0889
230.2325,128.7184,21.6479,83.1175
227.4079,130.6960,22.5653,82.3169
225.9592,132.3982,23.8795,80.4957
225.2996,133.2415,25.1988,78.8090
222.9017,134.4598,26.8294,76.3725
221.7593,137.3707,27.5364,75.2838
220.1710,139.0036,27.5630,75.1679
220.0873,140.5470,27.7305,75.2287
219.1547,142.2316,28.0180,75.0148
217.1673,145.1716,28.8332,73.8744
211.5772,170.3743,30.5449,70.8114
210.2157,174.6715,31.7036,68.4744
206.6486,186.6735,34.1853,64.6308
197.1039,189.0944,34.8237,62.8643
198.2928,194.5825,35.4908,61.0229
194.3073,195.3054,35.9291,59.5770
183.4489,176.5223,35.2590,59.8316
179.1085,172.3229,35.0303,59.3210
176.2400,170.3374,34.8733,58.8715
173.9948,169.9715,34.9713,58.1390
170.1986,170.2777,35.2890,57.5268
166.1854,169.3038,36.0597,56.5723
168.2004,171.0231,36.3791,56.0333
164.9992,170.6619,36.9932,55.3085
163.2433,173.2897,37.6123,54.3921
161.9295,173.2103,37.3542,54.5510
160.7101,173.8018,36.9109,54.8090
157.1463,174.5381,36.8510,54.7738
153.5797,176.1231,36.8042,54.4758
152.1757,179.1206,36.7508,54.2038
150.7908,180.0807,36.6691,53.7092
149.9352,185.4696,36.9634,52.8502
143.3782,187.9836,37.3977,52.0485
140.5691,188.8546,37.4004,51.7104
135.5107,191.9460,37.7259,51.1229
134.0491,195.7021,37.8585,50.5867
131.6186,198.3670,38.5519,49.4246
126.5631,199.4821,38.9833,48.5772
126.4623,213.3749,39.1847,48.3283
120.7400,205.3595,39.6193,47.8438
118.3870,201.4831,40.1976,47.3415
116.8400,200.8524,40.5367,47.2255
115.2735,203.6675,40.9076,47.1196
113.0350,205.0732,41.2284,47.0790
110.7819,205.0838,41.5650,47.0578
97.5529,205.6500,41.5187,47.3204
104.5266,205.5402,41.5543,47.5398
90.5236,204.0469,40.1126,49.1242
87.7969,202.4790,38.5485,50.8565
88.4598,203.9106,37.2226,52.2073
87.2657,207.3164,36.8040,52.4126
86.3166,208.2984,35.9030,53.2477
85.9583,210.0743,35.2223,53.8879
2
0
0
0
0
1
115.1787,226.5058,71.8226,57.1434
111.2241,226.7284,75.6764,54.6705
105.9605,227.4468,78.0195,53.2338
104.2581,227.7164,79.3665,52.6945
102.6163,227.9705,80.5810,52.1863
99.9315,228.1656,81.7931,51.7961
98.8145,228.0368,81.9366,52.0537
97.7659,227.8354,81.9368,52.4566
96.4782,227.8203,82.4085,52.4866
94.2410,227.7494,82.6606,52.6285
93.6754,227.3663,81.6743,53.3947
91.8189,227.0959,81.1565,53.9355
90.8001,225.9008,81.0777,54.2091
89.6784,224.9056,81.2010,54.0796
89.0402,223.6530,80.3577,54.4650
87.7164,222.8808,80.8920,53.8962
86.4380,223.1778,81.3369,53.3021
82.6039,224.7904,82.6787,52.1857
80.5507,226.4529,84.6748,50.9710
76.9631,226.5520,85.4913,50.7728
72.0264,225.6535,86.8511,50.4412
69.2504,226.8248,88.1171,50.2417
66.5883,229.0335,89.1245,50.1411
62.2161,228.8029,89.1825,50.6023
59.5881,230.0927,90.0781,50.2029
55.7008,232.6085,91.2924,49.5447
54.6388,233.6113,91.2230,49.7326
56.0181,233.4290,90.6601,50.0971
59.2137,234.5983,90.8493,49.9522
62.7749,240.0763,90.3086,49.9653
66.2868,242.7491,92.0291,48.9918
64.0462,244.9401,92.1205,48.9995
66.2477,245.0059,92.1101,48.8679
73.1331,243.6613,91.5025,49.3632
100.0150,230.6600,92.5738,49.0449
88.4955,241.9816,93.5756,48.4389
91.3691,239.8820,94.4526,48.2221
107.4202,229.9953,95.6076,48.0411
116.3416,227.5816,95.6127,48.4066
124.8921,226.3953,96.4105,48.5417
126.1492,224.9295,96.1476,49.2220
126.7290,222.5601,97.2473,49.4422
129.0429,226.4151,99.4571,48.5697
125.9817,225.5035,100.9866,48.0967
127.7502,225.5502,102.0707,48.0032
130.1596,226.4434,101.9013,48.5416
128.9328,226.3195,102.0233,48.7894
127.9591,226.0997,101.6330,49.2289
130.8582,224.4412,100.5141,50.2062
131.2870,220.6267,99.6565,50.8144
134.0961,218.0490,98.7146,51.2934
132.3310,215.3964,97.5796,51.9334
134.8051,212.8956,97.2852,52.2811
136.5340,211.3121,96.1562,53.1196
132.4188,209.6915,95.0815,54.0345
134.0609,209.2709,94.1232,54.8757
135.3668,206.5479,93.8374,55.6696
134.2894,206.4854,93.6570,55.7946
135.3994,206.4895,93.7718,55.7864
136.3083,204.2181,94.2901,55.6569
137.5814,204.0409,94.0855,56.0113
138.6862,203.8581,94.2206,56.3769
140.9470,202.4442,94.4047,56.8518
142.4986,203.0535,93.6651,57.9968
144.7956,201.5426,93.8146,58.6469
146.4334,200.8486,92.9239,60.0348
150.2286,200.2590,92.5181,61.2140
152.2846,200.0931,93.2229,61.5458
153.6892,200.3232,95.2626,61.0857
153.6597,199.5108,97.7690,60.2630
156.1626,199.7574,100.1765,59.7699
156.9180,200.8719,101.1646,60.0395
162.7036,200.6704,102.1828,60.4425
168.6194,200.5452,103.0505,60.6928
167.9089,200.4071,104.4715,60.9690
168.6252,200.3633,105.6217,61.0566
171.8045,199.1697,107.0670,60.8426
174.2216,197.7031,107.4709,61.1567
177.8580,195.5882,105.4590,62.7561
179.0310,193.5492,103.1128,64.2064
183.8175,192.0874,101.3912,64.5131
185.9843,190.6353,99.6541,64.8206
189.5073,186.6329,97.7592,65.0988
192.6424,186.6023,96.5925,65.1600
193.1754,184.1004,95.5265,65.0933
201.1876,184.0126,94.6106,65.2688
205.2854,185.6351,93.9365,64.5311
208.5418,186.3588,94.8780,63.0837
218.0491,186.5441,95.6631,62.7130
216.8049,187.1413,98.1513,61.5186
224.2750,186.8863,98.1986,62.0287
228.1312,184.6587,100.5148,61.4696
244.4583,172.1629,103.3133,61.1377
229.3632,182.5635,105.2511,60.8838
247.9516,170.5244,106.9674,61.6262
249.5348,170.1824,109.0628,62.3101
249.6882,168.6306,111.4295,62.7401
252.6057,167.1724,113.7423,62.9406
249.9707,165.6991,116.2587,63.1338
252.8279,163.9901,118.9262,63.7578
250.1847,162.3515,121.3686,64.1911
257.4670,160.2806,121.2406,65.4456
264.5832,156.9579,121.5429,66.2771
268.4282,157.0511,122.6296,66.0907
274.3781,152.5280,122.4837,66.3217
274.9083,149.2721,121.4231,66.9529
280.0261,145.1023,122.9291,66.4864
287.6487,143.4316,122.4320,66.8781
291.6875,142.1967,123.2015,66.3989
297.5610,139.3155,123.2630,66.2570
302.0844,137.8519,123.0681,66.2337
311.1588,134.2708,119.6560,67.5011
317.6419,132.7087,118.3642,67.7068
321.1285,129.9987,117.1970,67.3207
322.2890,126.8073,114.8760,67.9454
330.6478,126.4418,112.4348,68.6763
331.5606,124.6944,110.6091,69.3400
334.7326,126.4572,109.8954,68.6294
336.3040,125.5681,109.5452,67.6151
338.3161,124.4736,108.2914,67.0337
340.1201,123.3458,107.4253,66.5475
341.3370,122.5001,107.7121,65.5182
342.8891,122.6067,107.3156,65.3050
342.9784,121.3373,107.1371,65.1456
341.7163,120.0304,106.9683,65.0664
342.0750,117.1404,106.2511,65.4684
342.6090,116.7464,105.1830,66.2564
343.0963,116.5424,104.2084,66.6644
343.3842,116.6447,103.6325,66.4598
342.4410,116.8975,102.8563,65.9541
342.9406,115.5672,101.8573,65.9722
343.0691,114.6880,101.6002,65.1027
343.3494,113.7662,101.0396,64.3369
