1
168.8777,64.0413,91.1120,66.6182
139.5571,90.3706,91.5883,68.9396
114.3964,105.2505,89.8813,70.8939
100.1591,112.4202,93.2705,69.7393
115.4895,122.4855,92.7507,68.8863
121.0064,131.9111,89.8255,71.1871
124.6456,140.4529,86.0216,73.5667
119.0842,161.3513,89.0978,70.5948
109.2784,151.5166,89.4045,69.3768
129.1165,144.2096,91.4911,70.7269
158.7449,125.6542,90.9361,73.9282
201.5413,125.0881,89.2224,78.2483
232.7525,126.3593,86.9495,81.5678
254.9651,127.3198,89.0473,83.2994
287.0173,130.7505,93.7466,80.9891
304.2519,131.1702,97.2229,79.9939
300.1408,137.4043,98.7843,81.8561
307.7206,137.0332,93.2940,87.0769
327.2493,137.8363,92.8349,91.3137
347.2621,141.0999,94.9210,90.1239
363.4479,147.9478,95.4418,88.1215
372.6461,161.8087,92.4972,86.6340
376.3205,173.5955,89.2792,83.8473
379.6059,168.8844,84.8450,84.7334
375.1333,149.9670,80.7206,88.2602
353.5692,136.6021,79.6034,88.0760
331.4594,125.7313,80.7209,84.3331
296.0746,116.3428,80.6274,85.6295
278.6437,120.6337,81.1687,85.3223
268.1955,129.0865,80.3233,82.7687
256.7628,144.2395,83.2727,75.5379
241.0313,145.9221,85.4587,69.1813
223.6327,147.6723,86.9358,65.9708
210.7124,144.5402,84.8939,65.0635
198.2845,139.1583,82.7392,65.0830
186.0906,137.3068,81.3877,66.6015
170.9948,136.9257,81.4433,66.5314
158.9243,134.6012,78.2705,68.4824
164.8867,131.0268,74.5635,70.8059
173.0697,124.7683,72.0361,71.6643
180.7061,129.5908,70.2468,68.4666
188.6312,137.8400,68.8835,66.6247
202.0341,138.3650,67.9017,65.0523
216.0671,140.4884,68.8392,64.8874
234.9299,140.7524,68.6630,61.4346
253.6528,142.1656,68.8182,57.9536
268.0438,144.4285,68.6416,57.5857
289.9511,145.9413,67.9951,55.9871
302.6245,148.4764,66.4752,54.0151
307.9724,147.7430,63.3890,53.3836
307.0022,145.7122,61.6386,51.9629
315.1246,142.9039,59.3968,50.4096
317.6786,141.0919,56.2403,51.9498
322.2058,155.7324,52.4636,55.8839
331.1686,166.9619,51.3451,57.1206
340.9414,167.7619,51.7629,58.4681
347.1690,168.0754,51.0131,61.8769
339.0245,160.1451,51.0816,63.3120
339.1847,159.3449,51.5248,64.3403
331.9447,148.5635,52.8663,63.2698
331.0620,150.3152,54.3718,61.8477
321.7767,146.3441,53.2420,62.4480
315.0692,141.9451,51.6151,63.2815
312.3245,152.5338,54.9455,60.0249
310.4195,156.4926,56.8549,58.2561
309.3070,160.1695,58.5906,57.2455
306.8981,161.0408,59.4708,55.9743
313.5343,156.9650,57.2950,57.7301
312.1398,158.8153,55.2027,60.4153
311.2038,162.5750,53.5123,62.3096
313.1286,164.6244,52.9776,61.3242
313.2054,161.3994,53.3537,58.9882
309.5870,157.4949,56.2760,56.8395
307.9381,159.1179,58.9425,55.1782
308.3221,160.4149,59.2436,54.2069
313.1730,158.6526,56.5856,56.9425
315.2295,160.3655,55.6565,58.2525
314.6936,166.0706,54.2504,59.5425
312.4565,170.4865,52.1172,62.9987
296.3440,170.1343,53.7101,64.6965
285.0850,168.1692,54.3665,66.4649
274.6838,171.4014,55.5411,66.9054
253.2727,167.4009,59.1748,65.1063
234.2132,165.2577,63.4525,62.2623
222.9589,164.6388,64.2842,59.2051
235.3061,161.1946,61.3564,59.1984
252.1332,155.8591,60.2633,58.1318
265.1900,154.4714,63.6670,54.7898
283.9897,159.0153,62.7817,54.9263
304.5790,164.9580,61.1308,56.3444
316.1964,163.5345,58.5229,57.4756
327.3770,161.4344,58.7534,56.4379
335.8351,155.0307,59.3298,53.8865
337.1767,151.8995,57.7908,53.0924
342.5253,157.0591,54.5495,54.0575
357.1594,168.2964,52.5684,54.5533
364.4991,173.7272,52.7913,53.8502
376.6402,175.7619,54.0046,52.6891
383.1907,178.1824,54.5632,51.5443
388.2785,185.5642,54.5708,54.0327
375.6468,180.7634,55.8895,56.7921
356.5896,178.1286,55.2515,58.8613
348.6781,183.0404,53.6518,61.3155
2
0
0
0
0
1
167.8580,200.4810,42.7311,61.2884
168.4611,207.3055,47.0817,61.2944
176.9043,207.5775,50.6760,62.6894
191.7667,209.7570,49.2664,66.5926
215.9175,212.3163,48.5649,68.6892
241.4512,216.9228,50.0038,69.2520
265.1302,217.0118,53.0964,68.9469
271.6704,215.1680,53.5011,67.6349
284.3269,207.0061,53.0504,67.5051
286.2720,208.9292,52.0345,66.9172
293.5031,209.9637,55.0556,64.4644
297.7808,212.3751,53.2363,65.9581
305.6669,214.6594,53.9275,65.9512
324.7863,205.8031,54.0872,66.7960
327.6479,200.3184,55.5258,66.2745
314.6121,194.5535,56.9591,67.0917
310.2399,198.3019,58.4482,69.6886
299.1370,204.2495,59.9631,69.8061
296.2880,205.9312,61.1437,70.9358
294.0663,209.3629,63.6174,71.0278
298.2159,210.3621,62.1565,73.9939
300.5115,213.2939,59.8348,75.6165
305.6738,200.4968,55.7290,80.6069
309.1016,195.8230,53.2315,84.7308
307.1145,189.6301,53.3466,86.0142
300.0065,184.8393,57.9177,84.3353
304.6829,189.0017,60.2255,83.4009
300.9846,184.8521,64.0179,82.4323
298.4502,183.4434,66.6508,81.3917
295.9861,183.6305,69.3401,81.2682
296.4333,179.5467,70.6027,80.3408
283.7266,170.5612,69.5199,79.8693
281.3561,164.7796,69.7439,78.9634
291.3922,173.9612,65.4010,86.1527
291.8701,164.6156,61.5800,91.9957
294.9527,160.7744,56.7598,101.5106
299.5462,157.1398,54.6676,105.4811
291.4303,150.5936,51.6206,109.1913
291.2036,145.5720,48.9488,112.7641
293.3684,143.2498,47.8381,114.5707
290.3985,149.3375,52.7192,109.2319
281.9870,154.5304,58.0504,102.5986
272.9366,151.1659,59.5885,99.4075
274.3150,143.9104,58.5346,98.7478
284.3781,141.2565,56.1825,101.3783
286.8725,140.3919,54.5704,102.5877
317.6122,134.3796,59.3359,100.5413
325.5886,140.7466,61.8803,100.9521
363.0794,151.1537,64.2366,100.0296
370.7700,142.3315,62.5499,104.7340
378.7681,129.5974,62.0023,108.5753
381.6190,140.7709,65.1728,104.9736
382.3683,148.9504,68.8461,98.8387
377.0494,165.0074,72.5352,91.3978
372.2159,170.0193,75.2366,87.6435
371.8797,170.7756,75.9709,87.3799
364.3438,162.6142,78.5827,82.2912
355.0557,159.0185,80.0475,77.4494
356.9059,160.6047,83.0250,73.0461
363.2057,161.4254,84.6429,71.8148
362.6439,155.9014,84.7742,72.6322
351.2776,147.3368,80.1639,76.4292
354.3312,150.5825,77.9314,76.8143
377.9568,155.8011,75.9572,80.8129
402.8181,167.9460,81.4942,79.5043
