1
290.3765,157.2542,90.2472,191.9873
285.1007,156.5579,90.2654,192.7483
282.4272,153.7462,89.9389,192.4520
278.9443,153.9570,89.8895,192.0021
278.2520,153.1302,90.3950,192.7341
277.6126,154.6716,89.6514,192.5400
276.4721,154.5507,91.5259,192.6981
275.1147,149.5383,93.9972,194.8403
287.0942,147.4023,92.7485,197.6573
286.6830,143.4427,95.9241,200.3795
286.4926,158.7176,95.5042,196.1541
281.2993,147.6418,95.0666,198.9516
275.7124,146.5279,95.2287,198.4365
274.0053,153.3364,95.1854,196.4845
275.3055,146.6400,89.1634,199.6044
278.1634,159.2863,87.0288,195.8194
282.2052,148.0157,85.7138,197.0973
280.0383,152.3288,84.9185,197.2987
278.7337,149.4688,85.3035,195.3048
275.1020,140.7860,86.8031,197.7207
278.6199,140.2915,88.5577,197.4406
265.7296,141.3130,85.7165,200.6174
257.8782,137.7876,84.2261,202.7852
264.3578,134.4488,80.6975,204.8037
261.3834,128.2423,79.8478,207.3859
263.2259,134.7037,79.4921,206.8595
253.3002,141.1586,77.9281,202.6219
260.5506,137.3816,77.8910,200.7368
262.0428,138.8039,77.6422,197.8421
263.2195,139.1494,76.4271,195.9536
267.0636,135.9640,77.8470,194.6752
296.2341,138.0911,84.6008,188.9289
299.7314,131.8843,85.2362,188.4425
295.4938,139.8925,89.7228,182.6235
288.7054,138.1172,88.2968,182.4321
292.6320,133.2937,84.3654,183.6255
293.0058,136.4050,84.5563,182.3965
294.9881,136.6116,81.1746,182.3967
295.9652,138.2236,78.1264,180.2056
289.7548,138.3371,76.2520,178.2677
291.7879,136.1133,74.1128,178.4745
291.3244,133.6187,73.5700,177.4526
296.1180,134.1941,72.9241,177.4229
284.5905,136.0616,71.1035,177.0478
284.4475,136.7895,69.5359,176.1794
282.0378,140.2732,68.6828,173.7531
278.4728,144.1930,66.5150,171.0108
276.3356,145.3831,63.9795,169.7809
277.7776,145.2906,61.6056,168.8596
277.2276,143.1327,60.9030,167.7815
277.7428,146.9132,60.4131,166.4343
2
0
0
0
0
1
328.5135,147.9380,84.0424,150.1062
323.1499,151.4662,83.3604,148.9527
335.2159,149.3953,83.8855,149.6548
333.3603,150.9185,84.1234,149.0974
333.8122,148.0264,84.8499,149.7258
333.5373,148.3669,84.2011,150.0188
333.4607,149.3204,82.3706,150.0001
346.1320,147.4610,82.2298,148.7841
348.4008,144.7904,81.1532,148.7592
347.6580,147.3478,79.9906,146.3327
344.7747,150.6971,80.6004,145.5505
345.8249,154.0636,81.8162,144.8180
347.7953,154.5386,81.5821,143.3508
349.0822,155.2201,81.4524,142.7553
349.6346,156.5277,81.1041,142.2299
349.0131,152.6203,80.5840,140.4577
349.7546,151.2800,76.8093,141.4826
354.2124,150.3468,75.5789,141.2265
355.9913,149.6894,73.6518,140.5466
357.0898,148.8992,73.5688,139.3859
359.8057,145.0234,72.3881,140.2713
359.6135,148.8975,70.9182,139.9517
360.3244,146.1710,70.7305,141.5696
362.4171,141.2673,71.6603,143.7608
361.4525,142.6069,70.2871,144.8588
361.4279,145.1068,72.7744,141.7084
367.8473,140.5280,72.3473,142.2791
364.4668,145.3326,71.8943,141.9680
367.8366,142.1589,70.9737,141.4299
371.3143,141.0423,69.8715,141.6422
377.0868,144.9682,70.9736,140.5320
368.4915,142.6604,70.5609,142.1949
373.7961,143.4109,70.5265,142.2655
371.7400,142.7910,70.4521,143.1577
370.9948,141.6655,70.8129,144.8345
371.6699,139.9037,71.8158,147.1663
369.4774,139.3787,71.6177,147.0219
368.6251,139.6171,72.1512,148.0768
379.4850,141.3933,74.7316,147.1794
376.7633,141.5447,75.5249,147.7784
374.9987,140.1125,76.5843,148.1460
385.2890,141.6163,76.8063,149.1111
387.7826,144.5697,76.7122,148.1061
384.4508,141.3383,77.9059,148.8653
384.3828,137.4885,76.6299,149.8255
382.7502,139.9614,74.8016,150.1217
384.3624,135.3440,73.2439,151.9773
384.9960,140.4736,73.6825,153.9467
384.8472,139.2685,73.8750,153.8597
381.8427,137.2602,74.3359,154.4040
377.3598,137.6151,75.2338,155.0411
382.3976,136.9168,73.7163,155.1037
375.4199,138.2264,74.5265,155.9553
378.0124,134.3916,75.6745,157.1502
378.5633,134.6494,73.9101,158.7809
376.0112,134.8913,74.0483,159.5870
375.1368,135.6731,73.7376,159.9534
376.8096,134.9986,72.3119,160.0432
377.6074,132.6007,73.3573,161.4940
372.9760,134.5670,74.5606,164.2213
375.5536,136.9968,75.2770,164.6032
366.7336,138.7790,76.5017,163.6121
367.2595,135.4231,77.4018,164.3320
366.7566,136.6081,78.9428,164.9230
365.2866,136.3504,79.4992,165.6549
364.1673,131.9624,80.0084,166.3259
365.3557,134.8717,80.0816,166.3087
361.8135,132.0659,79.6348,168.6220
360.6906,136.6714,79.9584,168.2155
358.5888,131.5646,78.6976,169.9624
358.6857,134.6392,78.6401,170.2550
360.7469,132.2038,77.4296,171.8116
356.7835,130.0720,78.2210,173.9496
362.5927,132.0549,79.0661,176.3839
354.0373,129.1905,79.8624,178.8967
357.7237,132.3369,80.3017,179.2706
352.1460,132.7764,80.6743,180.5727
356.5089,129.3459,81.7479,180.8605
355.2776,135.3914,81.8756,182.1498
353.6506,134.2654,82.8490,182.2530
346.2550,133.0787,82.6020,182.6452
346.9591,139.3731,81.8862,179.2222
342.3489,136.5579,81.9291,179.2859
347.3222,134.1939,82.7036,179.6220
350.8235,136.5650,82.5074,179.5394
339.5031,139.6022,80.9506,180.7272
335.3096,136.9053,79.9474,180.4447
342.5773,137.5058,80.9241,181.1790
337.9476,139.4162,79.8812,180.6241
346.2025,136.5570,81.4979,181.9632
341.9833,137.9977,81.1864,182.1981
349.5383,147.1240,82.7523,177.8200
345.2975,140.3383,83.1111,179.5179
342.4853,138.6005,83.0781,182.5631
353.0919,141.9238,85.6200,182.7961
349.1830,140.8166,87.8966,182.5739
341.6237,144.2795,88.6860,180.8626
363.9861,141.3231,92.7104,177.2770
350.4120,141.9698,93.5416,176.4143
340.8246,141.7065,92.4742,175.4779
345.0045,144.3485,92.5587,173.3422
339.9464,138.8362,91.1519,171.8412
332.0152,142.9287,90.3363,169.7866
339.4648,142.1062,90.9085,168.0011
333.5883,142.8666,91.0739,166.2650
343.5165,143.1496,92.0922,163.0625
338.9654,139.8953,91.7225,162.6615
347.9753,140.4973,92.2928,159.4335
341.7283,145.3257,93.9916,156.9670
336.2722,146.0348,94.8828,153.0861
342.0970,146.8821,95.1213,149.9624
336.0287,148.5488,95.9001,148.0080
333.8103,146.6413,95.7709,147.5212
331.8419,149.5288,95.2165,146.3236
338.5965,150.2878,94.4808,145.3561
335.6067,146.4078,93.4408,147.2347
343.6711,148.1434,92.8566,146.9774
338.1647,144.6040,91.3263,148.7789
341.2628,151.5510,90.3866,145.8871
326.5028,156.4670,90.7701,143.2110
332.3551,160.6226,91.6358,140.5130
360.3640,150.6611,85.0611,142.4226
356.7544,148.8648,84.1194,143.0780
346.1612,148.4499,84.2772,145.7058
342.4698,153.3544,84.0821,145.2571
328.0198,162.8006,82.5540,144.2861
336.8236,158.6714,86.5498,141.2206
336.5694,153.5353,86.3254,146.0366
331.0142,151.2202,82.8129,149.5144
329.6178,149.2390,78.6736,154.7125
329.5692,140.9229,73.5681,161.2954
328.3650,139.8309,71.3045,166.2684
324.6515,140.4897,69.1858,169.6408
321.6154,134.9272,69.1885,175.0250
320.0023,136.9498,69.7030,176.5502
317.4080,139.7042,70.2680,175.6186
315.5780,142.6272,70.2663,174.2164
316.8024,144.3659,70.0986,173.4375
314.1100,139.6917,69.8072,174.8340
313.5212,139.5726,72.2122,174.1099
313.2676,140.9638,75.7887,172.9414
312.9890,139.9434,77.2462,172.4781
313.3119,141.9863,81.2647,169.7826
311.0237,144.8185,80.5894,169.1101
319.2688,144.7683,77.8879,168.9938
322.8855,144.9211,77.6286,167.6926
317.9343,147.4872,76.6206,166.5327
316.4943,147.1674,76.5804,166.1515
325.2538,147.2138,76.6483,166.8195
320.0116,148.8569,77.3383,166.5051
326.0464,146.1580,76.9221,167.8014
329.9776,144.8703,75.9162,168.6899
331.2245,137.3820,77.0399,169.0294
321.5179,142.2613,77.0539,168.9646
326.0544,141.5346,74.1080,169.2021
320.4475,144.3517,74.2774,168.3515
330.5402,143.7301,75.8009,167.6187
328.4760,143.6314,77.8772,166.2317
338.3326,144.2106,81.9938,165.2964
334.0974,142.2366,83.5993,165.3252
332.7809,142.2805,83.8520,166.3150
344.1435,140.7239,85.0600,168.1981
352.5031,134.5749,85.4816,169.8390
347.3391,139.7435,85.5757,170.1355
356.4028,136.0451,85.3731,170.5629
358.4258,138.8547,85.6589,171.4700
353.3625,139.2101,86.3142,171.5750
352.9684,136.5252,85.9633,173.2443
353.9188,136.0923,84.0534,175.9811
362.5349,140.2279,83.5492,174.8409
359.3584,142.4613,81.8722,170.8306
360.8527,134.2864,77.6083,176.7039
361.3096,133.9135,73.5458,181.2293
362.4150,135.6528,72.3593,184.1692
370.6174,134.3127,70.8660,182.4495
367.2930,127.7560,68.4092,188.1309
373.9004,129.5406,66.7601,193.4973
369.9669,124.2204,66.9002,196.7868
375.7090,124.7919,66.3352,199.2591
376.7546,123.9590,66.9983,201.2707
380.4500,122.7948,67.5224,202.6149
379.5875,120.4735,68.5917,203.9127
379.9419,119.9536,69.8978,203.8011
380.0096,122.9923,70.2892,202.6665
379.6369,118.7181,71.4398,204.5794
372.7361,122.5496,71.6145,205.1080
371.0652,119.7344,71.6859,205.5356
375.6224,124.2274,72.9938,203.5225
373.1427,120.5467,72.4581,203.9895
369.6870,123.4734,72.3644,203.1402
375.5275,123.8796,71.7220,202.8800
371.7159,121.1611,70.2641,204.2046
369.1739,122.9587,69.6373,202.8942
377.6091,124.8939,69.2959,203.7091
376.0908,126.4523,68.0642,199.0584
371.4868,123.2658,67.3879,198.5873
371.8407,125.1267,66.9293,197.4674
374.1217,124.3968,67.0349,198.4625
375.5571,125.1304,66.3920,199.6504
368.2315,118.3445,66.7405,201.4545
371.4570,120.1495,66.6838,201.6455
374.0703,126.7733,66.7469,199.5480
375.8912,117.7234,66.6875,200.1632
379.7996,117.3112,67.2158,200.1141
375.5212,120.0200,67.8979,200.7749
372.9848,117.7474,68.6208,201.7821
380.8832,124.9767,71.9259,198.0848
376.9921,129.8721,74.8883,193.3354
374.8381,131.4498,77.2209,189.1223
385.2410,137.0681,79.2426,185.2166
380.6555,139.6552,79.4627,183.5912
386.4432,139.4986,83.3282,180.9729
386.2216,133.7516,85.2837,183.4071
384.9892,147.3208,86.9858,178.7393
384.8105,140.7407,89.8204,178.7137
380.4661,139.3469,89.9370,178.1775
376.1919,139.2905,89.0305,179.8619
388.3740,127.0784,84.5390,186.1452
390.6169,121.6589,85.4436,192.0543
384.2237,123.0886,85.4231,194.3534
386.9986,123.3424,86.2015,196.3948
384.5397,118.8315,87.1633,197.1313
375.3784,121.7320,87.2121,197.7779
368.0034,129.6564,88.9492,190.8706
364.2630,123.0132,90.1792,190.0210
360.8973,123.6985,92.4002,190.4897
358.4330,123.9061,93.7820,189.6919
355.0521,126.6965,92.3646,186.8202
348.6421,127.4147,89.7411,186.6050
356.8744,125.5189,88.5093,187.9941
353.4258,127.6234,88.4402,188.7953
345.7215,127.4466,88.4442,190.5286
345.5934,126.6055,86.6808,191.8737
338.6360,129.3073,86.4637,192.9748
338.6833,128.5964,84.7692,193.7791
335.3657,135.2951,84.0209,191.8198
330.5593,136.3945,83.8736,191.9455
325.0472,139.0047,85.2929,191.3788
319.9966,134.8102,85.4024,193.6636
316.0414,126.7394,84.3234,197.0089
313.1204,125.6391,81.1150,200.2557
329.7176,129.7304,78.9769,200.7234
322.0904,118.7936,78.5769,205.8117
316.6499,123.6151,79.8493,209.0846
316.8512,119.9694,78.4749,209.2866
313.2520,122.1718,78.1460,208.7591
314.1642,124.4584,76.6686,206.5482
308.3019,120.0630,75.3304,208.0851
305.1176,115.6053,75.6283,210.6968
300.4270,116.2678,75.3584,212.5173
305.3016,120.3171,75.3826,213.0819
301.7530,115.7362,76.1874,214.9542
307.4932,120.6570,76.4990,215.5837
303.4079,115.2209,76.1223,215.8658
307.9102,121.2878,74.6676,217.2324
301.8384,114.9993,74.8242,218.3431
311.5681,115.8955,75.2444,219.7833
313.3819,109.7439,74.5484,222.9738
304.3692,101.1929,74.1564,227.1427
297.9675,101.0391,75.8129,229.2954
291.1435,97.7926,76.9166,232.9531
301.3564,90.7604,76.7198,235.9997
307.0116,86.9169,77.0198,238.1805
305.2210,83.2272,78.1673,237.7819
292.7169,83.1089,78.9062,237.5144
329.0809,95.9177,79.6651,234.7824
305.7934,83.0781,81.4802,236.2502
304.9467,80.4576,83.6503,236.3209
302.7798,85.0734,84.1211,235.4303
303.5676,87.3384,84.5563,232.4964
293.6136,92.9313,84.1295,231.0795
282.7810,103.0659,86.5076,229.1792
291.1689,98.9873,87.2607,230.0777
274.8698,124.8144,87.5978,228.3434
277.6927,118.5196,88.1904,227.9706
265.7615,118.7637,87.3750,226.8458
270.3226,116.8221,84.7391,229.1897
270.1707,116.9381,82.3701,230.8605
270.8726,108.0245,80.2493,238.0951
272.4298,99.2183,77.5809,244.1308
269.7429,106.0492,76.4406,244.0462
273.7998,103.9586,76.5754,246.4046
274.7699,99.5517,76.0231,247.0554
276.6866,97.6065,76.8698,245.8898
278.0504,97.9834,79.5422,247.6669
280.4515,83.4798,81.2229,253.7697
281.7607,80.5327,82.2809,258.0919
281.1316,82.7665,82.8485,258.5499
289.0119,85.6293,83.3737,256.2636
293.2094,91.0874,82.7043,251.4619
285.9390,84.9174,83.8485,246.9585
295.9104,93.8409,84.8905,252.5606
304.4667,90.2200,83.6220,255.6014
308.2590,90.6344,83.5700,259.5029
297.7544,89.7392,84.2147,263.3902
307.5075,86.9857,83.1150,266.2259
313.2096,83.0943,82.9574,269.6076
311.1501,88.9496,83.3782,269.7118
307.3102,77.4064,84.8145,273.5177
307.6617,74.1495,86.2319,277.1003
305.1104,69.7018,87.1784,280.1887
302.6755,68.6884,86.3459,282.9225
301.1941,67.8740,87.1529,285.5106
296.4666,67.2316,87.2648,285.1525
290.7494,76.1561,90.1525,281.5370
290.8388,80.6751,91.6232,278.5395
283.3528,92.8627,96.1950,270.6851
289.3650,96.3416,97.2635,261.5623
