1
332.1259,37.8858,40.5864,41.3605
334.2769,27.9041,39.3723,43.6742
335.4383,19.5712,37.5715,46.6352
338.4091,14.7789,36.7836,48.2861
342.2365,14.5595,37.5003,48.9258
347.3131,17.7525,36.5272,48.8759
352.6879,25.9137,37.4764,48.2557
358.7735,32.1866,36.6045,49.5067
362.5547,35.9823,35.7810,49.9165
371.3987,31.4881,34.6241,51.9710
373.7731,35.5273,32.1854,56.2734
371.8363,45.1508,32.3703,55.5442
370.5355,53.8581,32.1467,52.7902
359.3849,49.3554,33.0148,52.2201
351.1251,42.8569,34.3406,52.2195
342.6671,34.7788,34.3692,52.5507
336.1231,25.7390,36.3055,49.7815
332.1543,23.9797,37.6181,47.5720
324.7729,19.7977,39.3839,47.1714
322.8147,15.2227,40.2672,45.6434
323.7109,18.4678,38.4638,45.9840
321.9358,25.3057,36.8527,47.0617
327.4686,28.1716,36.8881,47.3317
332.5258,31.2643,35.6854,49.1303
335.9419,34.0654,35.2743,50.4716
336.9257,33.5897,35.8714,51.7674
341.4038,30.3870,36.7753,51.9163
337.6078,24.2976,37.3395,51.4296
339.6129,17.9204,39.8415,49.5853
347.7293,16.8678,39.7290,49.2179
355.8906,20.3506,40.0251,47.0996
366.1735,28.2148,38.7129,48.2266
377.1179,38.4763,36.7708,50.1248
375.5158,29.3725,34.6829,52.3094
376.0209,29.5148,33.3875,53.8463
2
0
0
0
0
1
392.9382,109.6684,49.2596,47.7231
387.8020,94.7030,49.9627,49.8616
376.9894,72.8643,47.5674,52.4496
362.7483,50.8503,47.1280,54.3065
351.5115,27.3335,46.8041,56.7491
336.5402,12.3241,46.9790,58.3201
320.0956,6.5184,47.9084,57.6885
311.2046,5.4822,47.9650,59.7571
301.1066,10.2392,48.9214,56.5658
299.3552,17.7631,48.9276,55.3757
302.5042,23.0186,49.5741,55.1508
307.2824,24.8647,50.4282,53.6440
313.3113,28.3402,49.5683,55.4485
307.9085,20.0742,50.0480,55.1831
304.4288,15.6474,51.3731,54.0932
300.5582,12.0682,52.7480,55.6258
296.6847,7.3160,54.4120,56.3855
294.5757,8.0742,53.7827,58.0430
292.1900,8.9917,52.9820,60.4816
299.0041,9.7541,54.1847,61.3567
307.3164,4.0847,54.7978,63.7382
319.0494,2.4095,56.6242,65.2430
326.2621,1.0435,59.3391,65.7023
324.2923,0.7438,60.8168,65.3597
320.2420,5.4504,60.2718,67.8572
322.9413,7.6100,60.2399,68.1835
320.9847,7.6017,61.9538,65.4508
320.6425,2.5717,62.1781,65.9809
316.8824,-0.5657,63.1466,64.4997
314.3148,0.3178,66.2710,62.5630
306.7766,0.6311,68.0571,62.3451
298.8219,3.3937,65.9342,65.6559
287.2254,3.5761,67.0404,68.2062
280.4880,14.6354,68.1452,65.7943
285.5844,37.4307,69.5523,63.6253
272.5809,36.3526,69.9122,62.4512
2
0
0
0
0
1
289.1749,150.3344,73.5367,84.7022
273.9206,129.0527,74.9224,86.1989
256.4705,104.9460,74.9926,88.3067
237.8163,83.9587,79.2858,90.2425
232.8186,62.5290,77.4682,96.7494
219.0819,33.3501,77.6958,99.9951
207.1263,17.2652,80.4704,103.1254
184.1805,19.0748,82.1872,105.0536
176.4997,8.8384,81.5050,105.6349
145.5181,4.8558,86.8914,104.4245
142.4565,10.7808,88.3927,105.7244
142.6472,21.3209,86.6566,108.3802
149.0809,28.6386,90.0502,111.3086
154.4120,34.8282,94.8737,113.6999
157.7365,34.6657,99.0534,117.4066
160.0453,22.0468,100.7362,115.0544
