1
333.8179,119.0251,19.3029,25.1848
328.5433,117.3200,20.0651,24.4007
323.9270,117.9513,20.9048,23.8375
320.6413,118.1221,21.1381,23.4958
315.2839,118.2926,21.3133,23.1549
312.0629,117.7123,21.4540,22.9151
308.4196,118.1324,21.7544,22.7736
303.5181,116.4296,21.7408,22.6733
299.5884,116.8031,21.9068,22.6256
295.9682,115.9015,22.1344,22.3251
292.4256,115.9669,22.2182,22.1943
289.4979,115.7811,21.7790,22.5658
287.1665,117.1652,21.5535,22.5910
284.8683,115.0440,21.2840,22.6626
282.5148,115.4011,21.1469,22.6403
279.5520,114.9350,20.8674,22.8829
277.4979,115.9439,20.8428,22.9315
274.7885,115.3655,20.7483,22.7100
272.0811,116.3439,20.6894,22.8059
268.1672,115.9449,20.3000,22.9191
265.5958,117.2028,20.0005,23.1246
261.7874,114.8451,19.4729,23.0891
258.7939,116.0487,19.4329,22.6908
253.9064,116.1571,19.2650,22.4742
251.1417,116.7027,19.5398,22.0397
245.8716,114.8377,19.6080,21.8427
240.2630,115.6291,19.7322,21.5650
235.0750,115.0519,19.7050,21.4190
230.0109,115.0374,19.4736,21.4481
224.4921,114.8427,19.5591,21.1932
219.5253,114.9945,19.2264,21.5311
213.8158,115.6267,19.0968,21.5501
210.5808,115.0363,19.1686,21.4512
205.8844,113.3423,18.9699,21.6421
204.2540,114.3012,19.0346,21.6419
201.7691,112.9789,18.8825,21.7255
196.8401,119.5969,19.1540,21.2715
190.9083,119.5665,19.5621,20.6960
185.0397,120.1044,19.8888,20.2540
181.8494,118.9711,19.9478,19.9921
177.7409,119.3505,19.9882,19.8622
172.6978,119.1278,20.0333,19.6800
167.0764,120.9481,20.0189,19.7919
163.9692,120.9479,19.9640,19.7923
161.9062,122.9975,19.7073,20.0756
157.9719,122.8615,19.4315,20.3477
154.6281,124.0711,19.2287,20.4340
152.1116,124.3966,19.2654,20.4076
150.5274,126.2671,19.3102,20.4149
148.2307,125.0981,19.5250,20.2506
148.7544,127.8558,19.7302,20.3725
145.1870,128.5602,19.2868,20.8583
144.3952,131.1780,18.9741,21.3115
148.5507,129.5655,18.9071,21.3656
146.3556,132.6823,18.8598,21.4713
151.8869,129.8970,19.2238,21.3286
166.0806,131.0987,18.9262,21.4788
164.7547,130.6544,19.0340,21.0955
163.5886,131.5341,19.4710,20.5996
162.0351,131.8767,19.4232,20.5454
164.3374,131.9524,19.2242,20.3941
165.3546,132.0393,19.0613,20.2202
165.5710,134.2402,18.6285,20.1481
166.1244,134.1736,18.1321,20.2815
166.8254,136.3364,17.9395,20.1887
169.0190,136.4300,17.7536,20.0014
170.5435,138.5600,17.6762,19.9016
178.2440,138.1638,18.2462,19.5111
184.7435,140.3316,18.3265,19.3370
189.1901,140.6589,18.3294,19.2755
193.5080,142.5392,18.5759,19.0679
197.6259,142.6130,18.6394,18.9203
201.1551,144.1248,18.6788,18.8542
206.1104,142.9491,18.8163,18.8412
211.7217,145.0591,18.8613,18.7723
216.1492,145.0616,18.8962,18.7675
222.4116,146.8734,18.8273,18.7026
224.7368,146.0251,18.9049,18.6261
231.7212,147.8607,19.1209,18.5012
237.8812,146.4130,19.2425,18.4343
244.6262,148.4901,19.3985,18.4331
248.9794,148.3182,19.6280,18.1812
253.7118,148.2559,19.6882,18.3058
259.5891,148.3330,19.8983,18.1517
265.8090,148.6198,20.0384,18.1771
267.9600,148.5066,19.9480,18.4036
272.6905,148.6195,19.5446,18.7815
277.5418,148.8640,19.4984,18.8960
283.3263,150.8745,19.4172,19.1074
286.2079,149.5217,19.1141,19.3864
289.0844,149.4445,18.8179,19.5406
291.6458,147.5555,18.5275,19.6945
293.9222,147.7496,18.1876,19.9081
294.3901,146.1242,17.8516,20.1601
296.8005,146.1792,17.8174,20.0499
296.6107,145.9249,17.6010,19.9625
298.2011,145.9195,17.3764,19.9733
298.4905,145.4677,17.3855,19.7013
298.2603,145.5159,17.2620,19.6048
298.5672,144.1084,17.2286,19.5184
300.6997,144.6781,17.0124,19.5359
300.9254,143.3659,17.1362,19.2841
299.8454,142.8057,17.0032,19.2579
299.5826,143.4053,16.9578,19.2003
299.8329,143.1257,17.0264,19.1903
300.1647,143.0244,16.9330,19.3930
300.2994,142.8285,17.2353,19.2131
299.7420,142.5141,17.2025,19.2681
300.5698,142.4817,17.2693,19.3329
301.0378,142.1635,17.4856,19.3930
302.2915,142.8162,17.8811,19.2488
303.3443,142.2133,18.1140,19.2853
303.5887,143.0546,18.2140,19.3693
305.0886,141.8091,18.1733,19.4932
304.5595,142.8979,18.0453,19.6880
306.0847,142.2840,17.9653,19.7277
305.5320,141.9790,17.8838,19.7441
305.3158,141.9417,17.7239,19.8188
305.6011,141.1093,17.7442,19.7106
305.9107,141.1801,17.7147,19.5690
305.6420,140.5947,17.6651,19.5658
307.5608,140.2279,17.3442,19.7134
307.4234,139.5651,17.0358,19.8723
307.5295,139.2674,16.8235,19.8869
309.0092,139.3082,16.7523,19.8053
310.5701,138.5863,16.5066,20.0987
310.3420,138.8447,16.3869,20.1577
309.9004,138.7336,16.1206,20.3799
310.5690,137.4622,15.9312,20.6273
310.6393,138.7914,15.7905,20.8416
311.5310,137.6045,15.7337,20.9135
311.8755,135.2201,15.6203,21.0768
311.6762,133.0888,15.4425,21.3052
312.0186,135.2950,15.3347,21.5078
312.5632,132.7571,15.4017,21.3801
314.2817,135.1466,15.4287,21.2197
314.0917,134.2818,15.2335,21.2233
314.0041,135.5686,15.4086,20.9384
314.0677,134.4286,15.2815,20.9354
315.2829,134.3949,15.1255,21.0028
315.3320,132.4417,15.0272,20.9399
316.2983,135.6973,15.3526,20.6381
316.2198,135.8930,15.5096,20.2467
315.3922,133.1148,15.4792,20.1845
315.9845,136.3382,15.4154,19.9022
315.6605,136.8002,15.5084,19.5332
316.2975,135.9511,15.3362,19.5787
317.6581,137.1389,15.3591,19.3984
316.9134,136.2966,15.2092,19.4438
316.7002,134.3944,15.0909,19.4352
317.0209,134.6963,14.9923,19.3740
317.1054,135.1142,14.8231,19.6185
316.8504,133.5257,14.7922,19.5490
317.4898,134.0127,14.5923,19.6541
316.9862,133.4822,14.5238,19.6394
317.0235,133.1546,14.4492,19.7581
316.9868,132.9187,14.5227,19.6927
316.9727,133.1759,14.5509,19.7156
316.6933,132.9144,14.5716,19.7006
316.7339,132.0835,14.4903,19.7478
315.8852,131.6538,14.5750,19.5319
313.4393,127.9889,14.6455,19.3621
313.7082,127.6755,14.6420,19.4546
312.3514,125.8362,14.6774,19.3839
314.7561,128.5811,14.6842,19.2452
313.4945,126.9485,14.5418,19.3117
314.6287,127.1478,14.4005,19.4450
314.4444,126.9766,14.2377,19.7873
314.2519,126.6867,14.0887,19.8330
313.8086,127.1872,13.9107,19.8966
314.6084,126.1698,13.9021,19.8103
314.6069,133.2366,13.9050,19.9559
314.2956,127.2266,13.9966,19.7604
313.5486,126.8886,13.9015,19.9067
313.8365,128.7622,13.8561,19.8716
313.3395,126.3850,13.7920,19.8647
313.5611,126.6344,13.8766,19.8939
313.2528,126.1190,13.9634,19.8652
312.1381,124.5985,14.0702,19.7220
311.8585,124.8943,14.0991,19.6607
312.3352,126.4664,14.2052,19.6957
311.9539,126.5614,14.4357,19.5056
311.0933,124.8119,14.5579,19.2734
310.9146,127.7295,14.9154,18.7532
310.5597,125.2296,15.0958,18.4594
310.5839,126.0117,15.0474,18.4786
310.5547,125.2736,15.1059,18.3729
310.5416,124.5023,15.1321,18.3356
312.1403,126.3000,15.0933,18.4253
311.3097,126.9198,15.1729,18.2401
310.9521,125.4501,15.3625,18.0259
311.9494,124.4836,15.4694,17.8572
311.4506,126.5475,15.4180,17.9254
312.5723,122.8203,15.2734,18.0337
312.4313,125.9035,15.0313,18.1560
312.3287,126.3413,14.7144,18.3246
314.0553,126.2311,14.3785,18.5451
314.6458,126.7477,14.2325,18.5466
315.7742,126.8100,14.0359,18.4221
312.1213,119.2906,14.2019,18.1614
312.8438,119.8710,14.2830,18.0181
313.8411,120.1989,14.3198,17.8700
316.9442,125.0063,14.1873,17.8723
313.8447,118.9304,14.3380,17.4230
314.5979,118.0321,14.3302,17.2212
315.3362,115.3334,14.3427,17.1588
307.4803,109.4953,14.1957,17.4364
305.1128,108.0308,14.4532,17.3804
306.5928,109.4674,14.4979,17.5120
306.2205,104.7692,14.7390,17.3413
306.2402,108.4360,14.6996,17.5795
303.7320,106.5207,14.6377,17.8553
305.1938,106.6881,14.7806,18.0316
306.4319,114.8241,14.8848,17.7584
307.8870,117.0700,15.0561,17.3751
308.0753,115.1395,15.1899,17.1529
307.5900,115.2289,15.1422,16.9741
307.4035,115.2532,15.0097,16.9255
309.2377,115.2960,14.8601,16.8399
308.7538,114.1591,14.8301,16.6188
308.7702,115.0081,14.7972,16.4061
308.5164,114.8654,14.8136,16.2002
308.1376,114.8579,14.5946,16.2152
306.7873,114.3367,14.3850,16.2875
306.9459,114.0491,14.0678,16.3800
305.5547,114.0946,13.9753,16.2890
303.7776,113.8430,13.7195,16.3159
303.5696,112.7258,13.6629,16.1875
301.3613,114.1550,13.3830,16.1471
300.0133,114.2212,13.2918,16.0148
298.6771,114.7323,13.1980,15.9146
297.1579,114.5346,13.0305,15.8521
296.8869,115.8234,13.1184,15.5460
294.7946,114.7847,13.2438,15.3683
294.9297,116.5118,13.4240,15.0659
289.1243,112.4515,13.3745,15.1140
291.7135,114.3311,13.5771,14.9424
291.9184,115.0724,13.6164,14.8068
291.6664,116.2655,13.6728,14.6582
291.1871,113.8844,13.7392,14.5132
286.8429,105.9842,13.5302,14.7429
285.3553,104.0640,13.3894,15.0222
284.9933,103.0067,13.2188,15.3477
283.4243,101.5768,13.2099,15.5103
281.8579,103.1004,13.1792,15.6266
281.8552,103.2457,13.1848,15.7891
282.4913,103.7038,13.2799,15.7847
282.2382,103.6710,13.3289,15.8503
277.2148,105.6624,13.2758,15.9993
277.4522,103.5401,13.2614,16.0992
280.3959,104.0311,13.3778,16.0407
274.3438,104.4464,13.4490,16.1357
275.6483,104.2174,13.6326,16.1283
275.5983,102.9932,13.7326,16.2355
274.5931,102.5700,13.8570,16.1388
2
0
0
0
0
1
255.6718,107.8469,12.7017,26.9966
254.2694,107.8974,13.0467,26.2806
253.4810,107.0761,13.4026,25.4813
252.1447,108.3143,13.6554,24.8196
251.7146,108.6810,13.9162,24.0862
249.8795,109.4934,14.0279,23.6476
249.2029,109.2232,14.2043,23.0109
248.0015,109.7660,14.2792,22.5073
247.4200,109.1048,14.2909,22.1027
246.0146,109.7805,14.2525,21.8909
245.4085,109.4335,14.3328,21.4530
245.1177,109.0840,14.3535,21.0304
245.0925,106.7789,14.4040,20.6480
245.0414,108.1012,14.5061,20.2026
245.0233,108.2580,14.5423,19.8889
244.9608,109.7821,14.6674,19.5438
244.4126,108.0465,14.6889,19.2533
244.4063,108.4030,14.7016,19.0734
243.8053,109.3596,14.8421,18.7526
243.5440,109.7732,14.8366,18.4536
243.3038,109.6088,14.7934,18.2589
243.6343,110.7656,14.6523,18.0246
243.6288,110.3962,14.6631,17.7355
243.4128,111.4203,14.5856,17.7258
241.8643,110.4866,14.6332,17.5603
242.4258,112.0037,14.5230,17.5647
241.4147,113.0790,14.5263,17.4333
240.1823,111.7836,14.4771,17.5101
239.2103,112.3469,14.4085,17.3898
240.1423,116.0682,14.5453,16.9502
236.7535,111.8776,14.3842,16.9056
236.6323,112.0310,14.1341,17.0913
234.1754,113.6264,14.1360,16.8475
233.8908,115.2221,14.2178,16.5809
234.1506,114.5775,14.1829,16.4161
232.3121,115.2334,14.4890,16.0675
231.6780,114.8636,14.7952,15.8450
229.2307,114.1550,14.8653,15.8148
230.9156,111.6925,14.8771,15.9089
227.9903,112.8979,14.9106,15.9218
226.7015,112.4693,15.0608,15.8081
225.3122,113.4224,14.9228,15.8461
225.9064,112.4619,14.7035,15.8292
225.5519,114.8494,14.4509,15.8618
224.3809,114.7047,14.4068,15.6739
224.3916,116.5104,14.3855,15.3776
222.7141,113.1027,14.4598,15.1634
221.9726,115.2990,14.5434,14.9691
221.6880,113.0715,14.6478,14.7766
223.4285,109.6887,14.4106,15.0549
224.2733,109.0590,14.1128,15.3863
221.4131,108.4383,13.7954,15.6988
220.8608,107.8415,13.5074,15.9641
220.7380,108.0309,13.2893,16.0489
2
0
0
0
0
1
184.4731,118.5097,14.0038,14.2905
181.3167,119.0469,14.0784,14.1074
177.7319,119.1197,14.1461,13.9618
174.6093,118.9793,14.1944,13.7998
170.8475,118.8270,14.2238,13.6637
168.7329,119.0372,14.0613,13.6823
166.4118,118.1814,13.8977,13.6464
164.1045,118.6334,13.7409,13.6100
163.6086,116.7529,13.8713,13.4945
163.5805,114.5858,13.9274,13.5191
159.2530,115.6292,13.9381,13.5934
158.5618,114.2810,14.0198,13.6884
156.4092,112.6400,13.9616,13.9161
154.9191,112.5305,13.8686,14.1350
150.3634,111.8995,13.7192,14.5152
148.1662,111.7706,13.6677,14.7729
146.5731,111.5157,13.7193,14.8348
144.9355,110.2239,13.8474,14.7210
147.9719,110.2717,14.0723,14.6254
145.4485,110.0209,14.1481,14.6751
144.4758,110.4899,14.2780,14.6449
140.5506,110.7397,14.3854,14.6007
138.1767,111.4714,14.5686,14.5068
135.7176,113.1548,14.9079,14.3451
132.7481,114.6227,15.3190,14.1733
130.6065,113.0026,15.4230,14.1629
127.0350,113.4661,15.5788,14.1676
123.4593,111.8088,15.7055,14.2040
116.5476,112.0287,15.8736,14.2350
112.7130,110.1023,15.9593,14.2961
108.1533,112.0533,16.0293,14.2044
104.5712,111.1355,16.0549,14.1362
98.0722,112.1519,16.2224,14.0044
93.2555,111.2333,16.3420,13.9387
97.3513,113.1017,16.2505,14.0138
97.4780,113.2349,15.9971,14.2236
94.5436,115.2704,15.6817,14.4341
88.7190,114.4622,15.4768,14.6280
84.4906,116.1049,15.4007,14.6608
80.7227,115.5934,15.3626,14.7372
76.7306,116.0089,15.2890,14.8541
73.1913,115.9251,15.2473,15.0218
68.1679,116.1321,15.2840,15.0845
63.3176,116.3814,15.4198,15.0641
58.4912,115.1408,15.4714,15.1451
53.6725,113.8730,15.4661,15.2698
48.2736,114.8773,15.6153,15.1974
41.9808,113.3657,15.5848,15.3091
37.1316,114.0795,15.5529,15.3412
32.7940,113.0233,15.4709,15.5075
27.9714,114.3924,15.3590,15.6963
23.4321,111.7836,15.1457,16.0234
20.5127,112.6808,15.0949,16.1922
19.0468,110.8348,15.0708,16.4358
17.9275,109.4180,15.3253,16.2932
