1
661.6541,129.8956,31.0607,67.0571
661.1586,129.1078,30.5327,67.1138
659.8862,134.3643,30.0564,67.1745
659.1851,142.5971,29.9556,67.2423
658.5876,143.5632,29.6482,66.8123
657.9200,142.3560,29.4928,66.2456
657.1570,142.2122,29.5392,65.0534
656.4949,140.4937,29.4003,64.1010
655.0572,145.2090,29.3819,63.3517
653.6877,149.8283,29.2495,62.7272
653.0610,149.9858,29.0787,62.4122
652.2727,147.2713,29.2387,62.1744
651.0002,142.4852,28.9515,61.8344
646.2152,136.2812,28.6792,61.5878
640.5975,134.9729,28.7329,61.4090
634.9197,140.9984,28.9201,60.5264
630.0844,150.8898,28.8857,60.1539
628.1760,158.7026,28.5611,59.7129
627.4081,164.4073,28.7286,59.2501
626.4465,161.3211,29.2873,58.6001
626.2725,160.1065,29.6353,58.2999
630.2287,158.2280,29.9207,57.9581
631.4158,156.9677,30.2788,57.7464
634.0546,156.3778,30.4784,57.5568
634.7216,154.5211,30.5141,57.1606
636.0590,149.7804,30.5687,57.0893
635.2162,143.9084,30.8897,56.5522
635.3079,134.4843,30.7063,56.3307
635.3467,135.2305,30.6286,56.1939
637.4926,141.3612,30.3940,56.1040
637.7140,149.5124,29.9514,55.9663
637.6651,145.6978,30.0491,55.5708
637.7132,150.4905,29.9529,55.3184
639.8508,164.4461,29.6615,55.2934
640.6026,169.1343,29.4804,55.1750
640.7418,157.9653,29.2019,55.1117
640.7761,148.3883,29.1333,54.5858
641.0721,142.5557,28.5414,54.5230
641.8859,136.2717,28.2059,54.1710
641.5334,135.6674,27.6298,54.0986
641.0320,136.4201,27.3625,53.8633
637.2910,131.4377,27.2725,53.7320
638.1028,127.6870,26.9074,53.6821
639.5924,130.7738,26.4311,53.7661
638.9825,134.0336,26.4065,53.4687
638.6398,137.6458,25.8522,53.6826
638.6873,139.3807,25.7571,53.9124
640.0614,140.1156,25.4787,53.6775
642.4536,137.3447,25.6008,53.0861
643.0820,137.8331,25.5642,53.3295
644.9475,140.7323,25.5022,53.6462
644.8179,144.9699,25.7614,53.7571
644.8878,144.3079,25.6217,53.8484
644.8913,142.2134,25.6147,54.3426
644.7681,142.3545,25.8611,54.0603
644.7010,144.7652,25.9952,54.1945
644.0552,150.5121,26.0437,53.8891
644.1456,153.5381,25.8629,54.0348
645.5085,157.1665,25.6141,54.2090
647.9920,157.1579,25.5941,54.2263
648.6270,156.3930,25.5606,54.5195
647.8482,157.1023,25.8779,54.3411
646.5328,157.1705,26.0223,54.2047
646.4729,155.2802,26.1420,54.2540
646.9519,156.0020,26.4306,54.0570
651.2804,155.9210,26.5147,54.2190
655.1182,157.0085,26.3544,54.5491
656.9852,160.2158,26.3840,54.4074
657.4305,157.1448,26.7465,54.2843
660.6430,152.6234,26.6090,54.5245
662.5515,147.6303,26.5679,54.4414
663.1072,142.5263,26.7133,54.5958
663.0414,143.1694,26.8450,54.5710
662.8757,141.9373,27.1762,54.5084
660.7442,132.6427,27.6345,54.0740
659.3793,133.3119,27.8247,54.0054
660.1750,137.2295,27.5054,55.0746
663.9444,147.4228,27.6601,55.2037
667.2617,158.7063,27.4594,55.7989
667.5475,164.3201,28.1798,56.1996
666.8060,168.1366,28.3525,56.4288
666.7111,164.6235,29.8589,55.5548
659.9067,164.3800,30.1697,57.3715
660.3987,158.9744,30.5477,58.6498
664.4427,158.2979,30.7825,60.0028
662.0085,151.1231,31.4177,58.8307
661.4277,147.1327,31.1746,58.3830
660.4282,146.6961,30.3856,59.2562
656.6301,146.8133,29.6224,59.0219
652.0182,149.6027,29.2096,58.9497
651.6057,151.8617,28.6662,59.9054
648.8924,154.1011,28.6009,59.5455
648.0621,160.4395,28.8949,59.1679
647.8358,161.4191,29.3476,58.5748
647.7204,161.5817,29.5783,58.2496
647.9535,161.6196,29.1121,58.1738
648.8423,158.7405,28.6899,58.5104
649.6214,159.4293,28.4847,58.4860
650.4189,159.3558,28.2387,58.6328
650.3220,160.5747,28.4326,58.8889
649.4238,162.0622,28.8749,58.6221
648.6626,160.8654,29.0395,58.3000
647.9962,158.8797,29.0164,58.2035
646.0621,159.3503,28.8219,58.6164
645.3434,159.7488,28.9025,59.1764
645.1705,159.6793,29.2482,59.3154
644.5358,155.3020,29.1432,59.8231
644.7479,156.6533,28.7191,59.8807
646.3987,161.3653,28.1646,60.0713
646.3029,162.1912,28.3560,59.7861
648.3002,158.3421,28.4590,59.2894
648.2832,158.3438,28.4930,59.2861
647.5378,163.9332,28.6228,58.9945
647.0071,168.5712,28.3254,59.2310
645.0296,169.6969,28.2088,59.6941
643.0820,168.4022,28.0182,59.5596
642.4714,167.1743,27.8826,59.3020
641.6603,168.6028,28.1544,59.1462
641.0068,168.1503,28.1085,58.6982
640.8652,164.1000,28.3917,58.7250
640.7933,164.2143,28.5356,58.4962
640.7794,164.7887,28.5632,58.6976
640.8743,162.5949,28.3734,59.0246
640.2346,158.6010,28.2980,58.8822
639.4847,159.5091,28.4459,58.4177
639.4464,159.5011,28.5226,58.4337
640.2256,159.3154,28.3131,58.8051
640.3293,160.3426,28.1058,59.4523
640.2591,160.2066,28.2463,59.7242
639.6165,160.7114,28.1683,60.0776
638.8691,160.9951,28.2965,60.8769
638.0944,160.9758,28.4652,60.9156
637.1263,157.3478,29.0171,61.2507
637.7825,155.1156,29.1034,61.5189
641.9834,149.2468,29.1263,62.0237
641.7574,143.5578,29.5782,62.1068
642.3488,140.4042,29.8165,62.7301
642.2679,140.2865,29.9781,62.9656
641.5074,140.8586,30.0588,63.2617
640.8635,140.7763,29.9005,63.4263
640.8821,142.7849,29.8633,63.7466
640.6663,146.9386,30.2949,64.1381
641.3380,148.0016,30.4145,64.9383
641.9684,148.5811,30.6305,65.2562
642.0524,151.5412,30.4626,65.2767
641.9891,152.1217,30.5891,65.5982
641.8528,153.0278,30.8617,66.7651
640.9296,153.4793,31.1970,67.3733
640.0287,154.0489,31.4727,67.7599
639.7109,156.8034,32.1084,68.3964
641.1509,158.9033,32.3419,68.8670
642.6635,162.5007,32.4521,69.5104
643.3953,163.2567,32.5674,69.5774
643.8983,163.9914,33.1434,69.6900
643.7433,163.8793,33.4534,69.9141
643.6270,164.8224,33.6859,69.6304
645.0427,165.4739,34.0590,69.9295
644.8376,163.4126,34.4692,70.8261
645.4747,162.9793,34.8284,71.6926
645.1777,161.7845,35.4223,72.4299
644.8005,160.1887,36.1766,72.2751
644.5325,157.6052,36.7126,72.3898
643.6776,158.5491,36.7275,72.1970
642.7828,160.8449,36.8245,72.6828
641.7302,160.6838,37.2286,73.0051
640.6603,155.5331,37.6555,73.0288
640.7592,155.6045,37.4575,72.8860
641.8466,156.3478,36.9981,73.1145
642.9330,157.2619,36.5357,72.9968
648.3076,156.1502,35.9916,73.5195
647.2399,155.9164,36.4280,73.9871
646.3848,156.5585,36.4249,74.4162
646.3423,156.0686,36.5096,75.3961
647.2678,156.8129,36.3942,75.6430
651.0709,156.9744,35.7365,77.0570
650.8875,156.0508,36.1033,77.1580
650.5381,157.0840,36.8019,76.8458
649.7189,156.7345,36.6787,77.5448
648.6137,153.9072,37.1193,77.8899
648.2302,153.7064,37.8864,78.2916
648.0849,158.8435,38.1769,78.8275
649.8302,159.5371,38.3154,79.2549
651.7083,154.5362,38.2057,80.1407
651.5335,153.0440,38.5552,81.2909
651.4437,152.5371,38.7348,82.3046
651.2407,151.4463,39.1410,82.6112
653.1409,146.8213,39.1136,84.3150
657.7393,146.4282,39.4713,85.1012
657.5932,142.4767,39.7634,85.2897
659.2819,142.0985,40.2590,86.0462
