1
276.2874,128.3139,85.2643,62.8029
278.4178,133.8476,87.9789,61.0357
276.1944,134.3927,90.0885,59.9456
274.0298,136.0448,92.0668,58.9921
272.9682,136.4410,94.1902,58.1997
274.3705,139.0499,96.1515,57.7480
275.8223,140.5795,98.0573,57.0936
278.6702,143.0277,99.6274,57.0411
284.1914,145.5562,100.8066,56.8728
284.7747,146.9126,102.0989,56.6187
289.0635,148.0206,103.4160,56.8764
291.4210,147.8188,103.6963,57.2801
296.7757,150.0795,103.0212,57.7758
300.6530,152.1358,102.7877,58.6773
304.4319,153.2557,102.7866,58.9565
306.6814,151.7416,103.3350,59.4610
310.1663,152.5190,103.9862,60.4466
316.0911,154.7762,104.9700,61.0655
319.2646,157.0624,106.3983,61.6767
320.0793,158.1229,107.3924,62.1791
322.0663,157.6756,108.7114,63.0736
325.0815,157.4359,110.7250,63.5530
326.5943,157.4439,113.1379,63.5371
329.6466,157.5789,115.2975,63.2670
327.6910,157.4768,116.4268,63.4712
328.8721,157.1813,116.8667,64.0622
334.7235,156.5521,116.4389,65.3206
337.5917,154.6252,116.3703,66.3406
338.6492,149.2090,117.1056,65.7720
341.3105,147.7818,117.4860,65.7750
342.7641,150.5614,117.4360,65.9299
343.2598,151.3363,116.4444,67.2392
348.3111,153.2812,114.9417,69.0826
344.5235,149.4878,113.8905,70.9185
344.0392,147.0147,111.9686,72.9741
343.5499,143.1780,110.0509,74.8550
345.9167,142.3257,108.2159,76.5596
346.7516,141.6427,106.5461,77.9255
354.5026,142.7840,105.5258,78.5393
353.3556,144.4337,104.9288,78.1308
353.5171,147.5708,104.6058,77.6068
354.6591,149.8266,105.1835,75.9567
355.7003,150.3082,105.9444,74.9935
354.2321,150.1700,106.0418,75.2698
355.4595,152.8996,106.4320,75.5007
356.7676,152.9882,106.6706,75.3236
359.8150,158.7801,106.2865,75.1614
362.5900,160.4488,106.4303,74.6710
368.1358,163.4829,106.7027,74.2847
366.5128,163.7547,107.1100,73.7410
366.5387,165.3319,107.0583,73.4227
366.6478,165.5311,106.8400,73.0241
366.7623,167.0464,106.6110,72.8136
368.2611,166.9113,106.4264,73.0838
370.3089,168.1005,105.1455,73.5201
372.3513,166.4845,103.8632,73.9495
372.5757,165.3078,103.4146,73.5126
371.4178,164.1523,102.9541,73.0473
369.9468,163.1116,103.1344,72.3671
368.3413,162.2336,103.5921,71.3700
367.0686,161.2655,103.3940,70.5624
368.0234,160.7045,104.2118,68.9573
368.9424,159.8735,105.0866,67.9063
362.4420,155.9376,104.5447,67.6526
356.4144,154.0020,105.8152,66.1314
356.5925,152.8518,105.4591,65.7422
360.0540,151.4089,103.8919,65.9499
363.1324,151.5280,103.0509,65.7118
359.5930,148.8462,102.2057,65.7927
358.9815,146.2730,100.7986,65.6790
356.0036,144.7541,98.9332,66.1096
352.8491,143.2986,97.4835,66.4345
349.3932,139.9102,94.1162,68.0718
351.4515,138.4894,92.5455,68.3674
343.7235,138.3580,90.3132,68.6303
341.0556,135.7714,88.1573,68.8091
335.3372,132.7525,84.7909,69.9123
333.9469,132.6694,82.7046,70.0785
334.0326,130.8572,80.1291,71.2990
331.0169,128.5572,76.6259,73.5153
328.3027,125.7512,74.9615,74.3988
330.8537,124.6124,74.5636,74.3242
330.3399,122.3677,70.9018,76.4689
325.5713,119.6692,68.8372,77.2252
324.2938,117.9693,66.7936,78.3257
323.1816,120.5589,66.7344,77.7134
323.3584,119.5377,66.3809,77.4828
324.9131,118.2849,65.5353,77.7245
331.0816,116.8510,64.4685,78.3383
329.9244,117.0916,64.5366,77.8571
334.2962,117.1805,62.5128,79.9193
330.7899,116.4316,62.8089,79.1782
327.8517,115.0474,61.9886,79.7143
327.7633,115.1502,62.1653,79.5088
328.0765,115.0949,61.5388,79.6193
324.4542,110.2974,62.1283,78.1224
321.6248,112.5268,63.3769,75.8686
327.1426,119.1024,63.2944,75.8612
325.9261,116.0229,63.5382,75.4527
323.5237,116.5478,63.9694,74.4029
322.3385,117.7072,64.1623,74.2617
325.1004,120.3701,62.9955,75.4711
326.4985,122.1256,62.3775,76.3169
331.2476,136.7261,61.6051,77.6555
331.1763,132.0829,61.7476,78.1843
325.9108,117.6241,61.2795,78.5038
326.8179,127.4898,61.6623,78.5466
321.9568,113.8261,62.5684,77.2218
322.8963,123.0211,62.8878,76.4190
323.5348,124.7149,63.8020,75.2227
324.3805,128.4183,64.2983,74.3784
318.6420,124.6130,64.8631,73.2593
317.1157,126.0604,65.7414,72.5386
318.8031,120.4414,64.5435,72.8916
321.6971,117.6225,65.2457,72.0394
323.1504,119.7374,66.6617,69.9709
318.8336,122.0851,66.6892,69.5787
319.1251,121.7438,68.2520,68.1154
314.3980,123.4756,69.1160,66.7992
316.4417,124.8277,69.3093,66.2355
320.3156,128.4543,70.0991,65.3855
312.8496,127.8071,70.0982,64.5467
310.5156,129.3961,70.5263,63.4886
310.5565,130.8339,70.4445,62.7227
314.3704,130.6332,69.1053,63.1242
316.7355,130.4567,68.5388,63.4771
317.0038,129.3551,68.0022,63.6018
312.4738,129.1644,66.7012,63.9831
305.8438,128.9280,67.6136,62.3980
304.3979,130.7022,68.4584,60.8966
304.2150,129.0266,70.8605,58.1392
303.7030,127.7546,71.8845,56.6251
303.2336,127.4724,72.8232,55.1693
306.0653,130.7320,75.2032,52.6718
308.6800,130.9913,77.9976,50.1471
304.6942,131.9752,79.9511,48.1795
302.7845,131.9307,81.7681,46.2662
306.4089,131.8612,82.5066,44.4083
304.4128,130.3840,82.5468,43.4107
303.3120,128.0498,82.7889,42.2007
300.9915,128.7552,83.5455,40.7898
298.4579,129.2847,84.7549,39.7309
297.0067,129.7080,85.7292,38.8842
295.6207,130.1208,86.5738,38.0586
293.4073,129.3572,87.1502,37.6607
292.2517,130.4613,87.5350,37.3790
291.2643,129.4150,87.5826,37.5445
290.5999,130.0119,86.9806,38.2815
291.8624,130.7318,86.3908,38.7765
293.9603,127.7287,86.0652,38.9774
290.6335,127.9227,86.9169,38.5892
293.5497,126.7965,86.9031,38.9021
293.5570,127.6705,86.8884,39.0989
293.4439,128.6034,87.1145,39.1813
295.7434,131.5156,86.4211,39.2151
294.6216,131.7924,86.7216,38.6615
293.9084,133.8101,86.2099,38.5020
292.0312,134.8347,86.1090,38.3806
290.6701,134.4044,84.9828,39.2412
290.1708,134.9637,84.0586,40.0453
289.7178,134.5475,83.0413,40.8777
288.9589,134.2242,82.6359,41.5243
290.1528,134.8864,82.1765,42.1284
293.6719,137.0041,82.8662,41.7568
297.8423,136.7143,84.2040,40.4007
298.2707,136.6534,87.2105,38.5908
293.1815,137.0914,89.6138,37.7149
261.8964,140.4030,87.4020,38.9440
255.4980,138.9960,86.5293,39.8053
253.0831,136.7139,85.4936,40.4591
249.7082,139.0099,84.4372,41.7216
2
0
0
0
0
1
346.9297,119.1291,68.1405,30.2378
344.4474,118.1950,65.5040,33.6263
344.3211,117.3536,64.2158,35.3092
341.6156,116.3847,61.8733,37.2469
357.6000,113.2672,67.0770,34.1888
372.7479,112.7945,69.8261,31.9871
371.9007,109.7290,71.5206,30.2410
372.7911,110.3290,72.8783,29.0409
370.0247,110.6343,73.7086,28.4302
374.0380,111.0021,75.0930,27.6946
376.7350,106.2088,75.9993,27.8308
376.0209,105.4690,77.4274,27.7198
380.9831,103.8680,78.7656,27.7039
381.1338,102.2358,80.0920,27.7128
381.5412,100.4820,80.9240,27.9268
389.3774,99.6091,81.8778,28.0098
394.3763,98.9185,83.6241,27.7133
398.5801,97.7191,83.7024,28.4150
402.7108,95.8840,83.9966,28.6630
401.7253,94.9518,84.2476,28.8075
398.7856,94.0608,84.9489,28.8634
400.8707,93.5420,84.2529,29.9010
399.2722,93.0089,83.9580,30.9674
401.1091,96.9942,83.8062,31.8021
399.4215,97.4420,83.6335,32.6806
401.6473,99.5183,82.7564,33.8897
399.8212,101.7851,82.8162,34.7447
398.8304,101.5820,82.9856,35.1507
397.0618,101.5774,82.8790,35.1601
396.1613,101.5169,82.8595,35.2810
400.0266,103.1996,82.4183,35.5604
399.2986,104.7550,82.0534,36.0915
400.0774,104.2992,82.3208,37.0030
403.7324,105.1372,82.3906,37.1718
402.8426,105.8581,82.3214,37.5791
401.7828,105.6965,82.5858,37.9022
406.0975,107.9157,81.4145,39.0574
406.4395,108.5133,80.7306,39.7300
405.9888,109.1359,79.7626,40.3540
405.9630,109.9522,79.8142,40.5875
405.8894,112.3627,79.9615,41.3788
405.2588,114.1130,81.2227,41.6512
407.8693,114.7561,81.7310,42.2748
406.9207,115.0964,81.7001,43.5221
409.7904,115.6724,81.8076,44.3191
411.1451,115.8729,81.0624,45.8823
411.0484,117.4015,81.2558,46.7848
410.4928,116.1236,82.3670,47.3426
412.8808,117.1173,83.6629,47.3791
416.7567,117.9598,84.0862,47.7379
421.7586,118.8172,84.3633,48.0794
420.9854,118.4215,83.8435,48.8707
421.8707,119.3173,84.1448,49.1508
421.5833,118.1280,84.7196,49.4485
421.4356,118.1934,85.0149,49.3177
421.2729,118.1336,85.3402,49.4374
420.7067,118.4637,86.4727,48.7770
419.4340,117.4353,86.9091,48.7248
419.1049,116.4851,87.5671,48.5104
420.1158,117.4345,87.6663,48.7325
420.4857,120.2977,86.9262,49.3841
420.0137,122.8963,85.7441,50.5653
417.8218,122.8203,85.8707,50.7173
422.6426,128.7621,84.7614,51.6324
415.3065,126.0554,84.5095,52.7817
421.9988,126.9769,81.8627,55.2340
425.3965,127.9970,79.3649,57.4913
421.1735,129.1577,77.0694,59.4665
427.7919,131.4945,74.5610,61.2300
433.3091,131.8602,72.0700,62.6345
433.1685,132.4397,70.2312,63.5957
432.8668,144.8447,68.7279,64.0679
432.2330,148.0647,65.8135,65.9917
432.4545,140.9998,63.2948,67.6675
434.2362,141.3806,59.7315,71.0301
433.5915,144.0615,56.9062,73.8975
429.9967,186.9502,59.9846,70.3421
426.4592,189.4451,62.9581,67.4032
423.3755,190.4714,65.0203,65.3505
416.6022,190.0180,66.2485,64.2043
409.1977,182.3876,66.6772,63.0305
406.6121,180.6708,67.7636,60.3369
401.9480,176.3142,69.0259,56.9512
398.9073,177.0353,71.1439,53.5274
396.0556,176.4513,72.9306,50.7786
394.6520,175.4396,73.7974,48.9212
391.8234,174.3105,75.6094,47.3343
389.8627,174.1437,77.6075,45.7444
387.9397,172.6472,79.5272,44.8850
382.9286,172.0219,81.7887,44.1954
381.1908,170.1298,83.3026,44.0559
379.4372,169.2407,84.8280,43.8526
376.8505,167.3146,86.0002,43.7035
372.3133,165.4507,87.0136,43.4007
368.5620,164.2273,86.4168,43.8228
366.0107,163.9480,85.4491,44.3813
361.2906,162.9719,84.7952,44.3146
360.7414,161.8235,83.8855,44.6034
355.0653,161.9137,83.2397,44.4231
351.0316,160.2991,83.3589,43.6780
350.4342,159.2706,82.5777,43.7590
346.4384,159.6361,82.7055,43.0280
343.3354,160.0846,83.0458,42.1310
340.5443,159.5328,82.7935,41.2899
337.0507,159.7978,82.0746,40.7599
335.5531,159.1052,81.2561,40.2382
335.2451,158.4087,79.9863,39.7453
2
0
0
0
0
1
399.6087,184.4733,41.1772,60.3989
400.6132,182.3480,37.5758,64.6495
401.3503,180.5345,34.5058,68.2764
402.4379,180.1430,32.3307,70.6560
403.3213,178.1986,30.5640,72.9513
403.8626,177.4379,29.4812,74.4727
404.1620,178.5777,28.8825,75.3896
404.2853,178.0953,28.6359,76.3546
404.0060,179.1115,29.1945,75.9323
405.0576,176.1495,30.3194,73.7856
407.6623,174.2776,31.5235,71.1160
406.4233,176.2870,32.4153,68.6834
406.9272,177.2314,32.9739,66.7945
409.8865,174.9394,33.2489,65.1848
409.0603,173.9610,33.3717,64.0825
409.8136,174.4878,33.3807,63.0288
409.8493,174.9626,33.3093,62.0792
411.2192,165.7608,33.5394,61.1779
413.8305,163.3761,34.2194,60.0446
