1
625.4093,665.1194,58.9772,27.2658
617.0756,659.8317,60.7562,27.0389
603.9242,657.4291,61.3156,27.0416
578.4095,656.5593,62.9802,26.4527
556.4889,652.1040,63.4660,27.6527
541.2269,644.2046,63.0972,29.1527
525.9893,638.4266,63.5541,29.8310
509.0882,636.7273,64.1248,30.1363
483.4724,631.2465,64.7412,29.7462
465.3561,628.2548,64.7400,30.0283
441.6688,613.3511,63.9988,32.0427
417.3603,595.3353,60.2870,35.9884
402.6311,576.2609,56.4837,39.4766
384.2307,566.4281,56.7531,40.2609
368.1402,552.2729,54.0487,43.8031
340.7877,526.6678,52.2627,46.2053
330.3583,506.8533,51.2274,46.5201
317.6346,499.3964,52.0532,47.3723
301.3113,500.0108,55.9043,43.6114
279.9710,498.3582,59.0508,40.2024
258.0796,505.2976,63.0355,37.1227
234.5190,518.7030,63.6897,37.2066
210.4805,541.8442,62.2028,38.5014
197.4234,555.8448,61.3507,40.6447
191.6218,563.0186,59.9545,43.4709
180.3446,571.4761,57.3351,46.1110
177.0173,584.5494,54.0869,50.0028
182.3779,598.6219,48.0252,57.1966
188.1657,615.8559,46.2960,60.9005
203.2500,645.7054,43.0385,66.0810
216.1541,688.9204,40.5954,69.0877
223.1399,718.6980,40.8898,68.1879
221.8795,723.4865,41.4874,68.1920
234.7014,734.5203,43.2191,66.2987
253.4714,752.6651,45.4755,65.5325
268.9356,774.0686,47.2210,63.7461
284.1933,789.1066,49.5550,63.7738
294.0233,794.2708,50.3938,64.0547
303.1237,799.3953,51.1269,62.0197
312.7597,807.0128,53.4115,59.6433
335.7759,809.4170,55.3214,58.3458
351.9151,825.3344,57.9431,56.8138
370.2661,841.2168,56.9404,58.1560
374.4673,847.8453,54.4777,60.6632
375.7637,848.6719,52.0545,63.0011
376.7949,844.4958,51.6005,62.7437
377.1512,844.6111,51.4574,62.7435
376.9019,848.4858,51.5010,63.3919
376.0128,847.2827,52.1052,62.6767
375.1909,848.4105,49.9711,62.7099
374.9033,851.6560,49.0572,62.8015
380.8818,851.6421,48.6110,61.7077
383.6828,856.1013,49.7226,59.9218
387.8812,861.3731,48.7839,59.7513
386.7258,863.6337,47.8780,58.1276
388.3507,864.7746,47.1548,56.5917
390.1516,867.2615,46.6307,56.9447
384.1754,866.0929,48.5985,54.8712
386.4559,868.4620,48.7372,55.1544
384.9069,867.1615,49.8661,54.1578
381.5285,868.5237,50.5899,53.9023
379.5349,869.6871,51.1565,52.9286
379.9535,869.4587,51.4831,53.1070
379.8152,868.1898,50.8980,52.8570
379.1774,869.1609,51.3555,53.3329
381.3961,873.7330,50.0706,54.6766
382.2469,870.7577,48.7669,55.0304
383.3531,872.2332,46.5521,57.1990
384.3961,871.9630,45.5328,58.0963
384.4328,870.0463,45.4861,58.1655
384.7523,870.7548,44.4420,57.9902
386.5484,871.2093,44.6195,58.1733
390.7499,866.8882,45.4859,56.7876
392.5360,868.3526,46.0598,55.9093
392.9982,867.5436,47.2633,54.5233
391.9059,865.4485,46.8349,53.1994
391.5287,869.1354,45.2111,55.1077
390.5263,869.2339,44.9954,55.6441
393.3175,873.9180,45.7603,55.6906
401.5471,881.2153,50.8362,52.5217
406.7579,884.1946,52.2974,48.7051
408.2218,886.8730,52.9175,45.4754
410.5323,888.7187,55.3470,42.5792
411.8250,890.6812,56.0676,41.3316
410.3927,890.5421,56.2038,40.0362
412.0955,888.0001,55.4613,41.0798
409.0659,893.0062,54.4399,41.0914
401.3808,892.8494,57.0072,38.8815
403.8735,890.9755,56.9240,38.8765
398.8123,891.9785,58.8718,37.4561
398.0281,890.6360,59.4541,38.1432
394.2979,890.6808,59.6225,38.3337
394.7048,892.8726,59.9526,37.9078
395.2939,895.1821,60.1549,38.2676
393.1719,893.2262,61.1148,37.0999
396.5148,892.2293,61.9738,37.0600
396.3117,892.6859,61.5074,36.6138
395.7365,892.3760,61.3539,36.5914
396.3503,885.5399,60.7451,39.1718
392.0513,887.6602,61.4532,40.3275
392.4428,887.5450,62.3069,41.1800
388.7321,887.4962,63.2969,41.2789
389.6217,887.1687,63.4769,41.6130
389.4524,884.5978,63.3451,43.4336
392.5984,888.1467,64.4728,42.5523
390.8959,886.2576,65.0848,42.9251
389.7645,887.1516,66.0413,41.2322
393.0368,887.7678,66.8462,40.5851
396.1901,887.4282,67.3670,40.4595
400.3341,887.6572,69.5853,39.2063
403.3959,889.6758,70.1823,38.8162
405.7791,889.7029,69.6391,38.5984
407.0480,889.2227,69.6755,38.6275
409.7517,889.9699,71.1611,38.7688
408.1103,888.1558,69.9876,38.5737
410.1764,888.9418,70.0758,39.0233
410.8136,886.2408,72.4834,37.5177
410.3027,886.9914,71.9659,37.1782
411.7911,884.4308,73.6895,34.8041
410.2034,885.0472,73.9455,33.3245
408.8499,882.7433,74.5824,31.3139
408.2221,882.1726,73.7735,30.6465
417.4227,884.1743,72.9177,30.6469
435.0776,879.0610,73.4460,31.4436
451.0466,874.1862,72.1532,30.6889
460.9306,870.3417,71.6077,30.4455
472.8167,865.4913,70.2226,30.3896
490.2275,859.7891,69.1449,31.0510
514.0422,855.0308,68.5721,31.4914
542.2115,850.7268,68.2526,31.7093
555.6895,849.5612,69.1126,31.9213
561.6966,851.9811,66.7596,33.2715
562.0429,853.5328,64.2630,34.3025
562.7200,855.1021,62.3549,35.1657
566.5362,856.1102,61.2127,35.5759
566.8688,855.3774,60.1869,34.9319
566.1713,855.4585,61.4613,33.4548
566.1079,855.0501,61.3095,32.4842
568.8763,847.2037,62.7518,31.9633
567.1353,847.6324,63.5971,31.4679
572.6979,847.1683,65.6007,29.9301
571.2737,845.7998,66.6392,29.9148
582.6786,846.6392,65.9118,29.4915
587.0816,850.0952,66.8219,28.6347
593.6046,852.1520,66.5044,28.2911
602.0378,848.6816,64.6269,29.8253
612.6718,845.5416,65.1439,30.2194
611.5974,842.2714,65.1068,31.3083
611.5594,839.1340,64.6432,32.3017
617.5590,834.6060,64.2401,33.2613
618.1923,830.4785,63.0353,34.6850
620.8122,824.4821,63.8122,34.3434
629.2723,825.9693,65.0062,34.5769
640.2628,829.0786,66.2095,35.2496
645.4963,826.1959,66.2419,36.4728
657.8130,824.3007,64.9521,36.9692
668.9591,818.6934,63.8469,38.1242
668.9753,816.1891,63.2895,38.7326
673.0206,812.8899,62.2320,40.4639
679.3079,804.8790,62.2711,40.8165
684.7818,801.2607,62.5221,40.7480
689.6877,802.1035,62.6392,40.4556
696.2096,790.8104,61.5870,41.2695
701.4540,780.5666,60.4208,42.2385
708.0717,760.1275,56.4395,46.7807
719.1977,745.9496,54.8894,48.3250
730.1907,731.8088,53.2360,50.9148
747.0515,710.8794,52.5469,52.2014
760.8384,692.7236,51.1027,54.9920
775.3978,673.4380,53.0444,52.0647
778.1816,667.1325,54.2869,51.1199
778.3477,667.0508,55.8387,49.7809
780.4226,668.7956,58.1850,47.3191
780.6351,670.3026,59.3932,45.7784
780.7053,672.1492,60.3125,44.7931
781.9189,673.8375,59.9355,45.4575
781.6291,673.2903,59.4161,45.1588
780.5413,674.2264,61.1579,44.7858
779.7230,682.0508,61.8735,43.0067
780.0201,684.7025,62.2818,42.8983
779.6983,691.9266,60.2656,44.3630
782.8293,692.9523,59.3037,43.7205
779.6495,700.4041,57.8336,43.3082
778.8081,706.6327,55.7949,45.1623
781.3192,703.8588,54.8878,46.2521
781.0226,705.0274,52.6213,47.9652
781.6032,707.4279,50.6434,49.9267
781.2363,709.6233,48.4193,51.8778
776.0429,709.3398,45.2552,54.8031
772.0635,710.2994,42.2465,58.0720
770.0550,711.3249,39.3246,61.7535
766.3900,709.9498,37.4835,64.4792
753.0281,716.0447,36.6901,66.9188
738.0709,722.1647,39.2648,65.7643
719.3015,728.0373,44.4821,61.4630
702.5068,741.2588,50.0588,57.1031
684.3283,748.8354,51.8773,55.1329
675.2256,754.9418,55.1684,52.0403
674.0922,754.8340,57.1489,49.8554
673.8005,756.0937,58.1863,48.8715
672.1971,747.4301,59.0848,48.2142
673.0257,748.6711,59.3828,46.8664
672.9702,750.0854,59.3217,45.4415
673.2270,750.8714,59.4034,44.2233
666.6386,752.3001,61.7400,41.3554
672.2290,757.3302,61.3925,41.6720
671.5041,755.8399,61.4241,41.8503
670.0406,759.0786,59.5031,44.4005
669.0988,759.3041,56.2039,48.3177
667.3774,759.7562,54.6645,50.6002
665.9355,760.1779,55.2716,51.2923
666.5148,759.3881,55.9779,50.7551
667.2345,760.0713,56.7710,49.8949
665.0648,755.6170,59.3168,46.1975
660.9597,755.4639,61.7066,42.5180
662.8941,755.6547,62.5067,40.3472
666.2344,754.5374,62.8791,38.9990
658.0800,754.7466,64.7790,36.9413
661.1686,752.1339,65.2615,35.2290
660.5643,742.9536,63.0824,38.1382
663.5439,728.9044,59.6096,41.9557
658.4373,723.6233,58.1297,44.3409
656.5648,708.7271,56.1595,47.5638
650.1976,691.2941,54.1486,50.2903
645.4453,685.5362,53.0807,51.0071
640.7979,678.8167,55.4161,48.7347
625.1808,672.6139,57.0004,46.2478
613.6954,662.7546,57.2680,44.1316
592.2181,647.0657,59.9229,42.4860
570.2875,638.8416,61.3751,41.1636
532.5655,634.9141,63.7793,37.7185
491.0094,633.5701,65.7645,35.6209
473.1040,634.1196,65.7147,35.7228
459.1862,640.4794,65.0176,36.3806
426.0954,646.7590,67.4526,35.1142
392.2523,657.1866,67.4833,34.4302
368.1078,663.6312,67.4172,35.0304
346.1574,676.7991,66.3526,35.4056
327.5874,690.7021,62.3614,40.0640
320.6820,712.0584,59.0228,43.2576
308.1535,732.9951,52.9867,49.9973
302.4626,758.8604,50.8671,53.3762
300.8466,787.1634,47.6187,58.2068
303.7484,801.6900,44.3118,62.0918
304.5673,798.7580,43.2965,64.8571
311.1081,798.6399,44.3221,65.8621
326.1376,800.4619,45.4751,65.6728
333.5095,806.2636,47.8545,64.8787
349.3940,814.7798,51.6730,61.8134
364.8713,824.2827,54.8853,59.3802
390.7567,829.2296,57.0126,56.8057
399.8405,833.5135,57.2133,56.1871
410.0408,839.3965,57.2753,56.4058
427.0085,847.7589,56.5538,58.3053
429.8191,847.0629,52.8003,62.2297
430.1810,843.7128,49.6281,65.9659
427.5744,836.0635,46.4205,68.3804
425.2649,838.5159,44.1014,69.9701
423.2599,835.2263,42.4908,71.7178
407.8557,832.5961,46.6681,67.0225
387.4662,838.8695,52.1987,60.8361
369.4447,838.5800,57.1065,53.6923
349.9094,834.3644,61.3484,46.9158
326.4125,828.9291,64.4582,42.4201
304.2173,818.4980,65.3793,41.0893
282.2149,802.4423,65.6952,40.5373
258.9904,781.1479,63.9230,43.2967
229.1944,754.6708,62.1906,45.8194
206.0866,732.6539,62.1613,46.2011
189.3493,706.0691,59.3859,48.8427
165.3506,679.5973,58.3722,50.3258
154.0181,672.2816,61.1651,48.5506
141.7347,667.0132,63.7601,44.8753
143.2874,666.0010,64.6812,43.3134
142.7570,668.9709,65.9619,41.2149
142.2019,670.4838,67.2155,39.1587
141.9391,671.6005,67.8323,37.6709
141.6618,672.6866,67.0636,36.3800
142.1071,673.1473,66.3633,35.2719
139.7937,674.0963,65.7173,33.8098
140.5182,674.3713,65.4891,33.0635
137.2242,670.6456,65.8315,32.7786
135.3001,662.3486,64.6183,34.7347
133.4965,657.7909,63.7980,36.3806
129.1190,647.2397,62.5994,39.1860
129.1788,637.0901,59.4391,42.2573
130.3758,627.0186,57.0463,43.4092
121.8112,612.4291,55.8230,44.4796
113.1853,590.4899,54.8362,45.0635
112.6288,566.6661,52.5011,47.1065
113.2649,557.9706,49.6240,51.2494
117.4545,541.7987,48.0242,52.9322
121.9563,519.8903,44.6968,56.2500
122.3970,494.8355,45.4733,55.5373
131.2817,468.7085,44.1628,56.7589
139.1441,435.2713,42.7452,57.8058
145.2386,403.3163,42.7935,57.5933
153.1246,374.1115,41.3806,59.4406
163.0455,354.8789,41.5352,59.8924
175.4058,347.7217,45.0367,58.2577
189.9449,342.2679,45.5659,57.9035
191.2678,345.8860,46.2792,57.7975
185.3397,353.0702,47.6417,58.3385
184.2892,353.7197,49.6931,59.1777
172.8649,356.4604,52.7786,59.0767
166.0895,363.8804,56.8268,57.4322
156.7406,367.0674,59.4179,55.3274
152.7872,370.8620,61.2818,52.5340
146.1191,374.9500,63.9715,49.4734
143.0014,376.7188,64.8324,46.2820
2
0
0
0
0
1
209.2964,327.2393,36.8293,42.7340
213.1593,325.7701,37.6781,44.0950
217.4586,325.4843,39.5887,45.1092
217.8442,332.1458,42.0738,42.9037
226.3689,335.1649,45.9551,39.9527
227.9603,332.5896,46.2500,39.5710
238.3400,325.3903,44.2094,42.5645
243.1295,314.1991,41.8759,46.9342
250.9917,305.6167,40.3494,50.1856
252.0920,300.1386,38.0784,53.5434
258.7680,297.4425,36.5600,56.2879
266.4391,289.7191,37.4799,55.7063
279.4409,280.7069,40.0369,54.0686
286.5530,273.7123,40.0981,54.2795
287.8501,269.8251,38.3028,55.2719
290.3793,262.1840,36.2380,57.5093
290.2146,253.4367,36.1165,57.5874
287.7575,240.4941,37.1020,56.9286
286.5587,238.3696,37.1159,57.4515
284.7487,226.7121,37.9653,58.4863
287.6253,226.3950,41.0846,57.0032
282.7697,226.8053,43.5546,55.9901
274.3642,225.7561,46.3298,53.9820
272.9498,225.6066,47.6744,53.5381
271.9615,225.7988,49.4750,52.4756
267.6875,227.2608,52.0252,51.6354
261.9496,229.0077,55.7454,50.9845
256.8493,228.3501,59.2948,50.3521
252.6875,230.5246,62.2328,49.9651
262.2342,234.5377,64.5823,50.7327
264.2562,234.3104,65.5215,51.4271
275.2477,232.9723,61.8669,52.6375
276.5071,233.2676,59.5912,52.2278
276.5410,234.0519,58.6728,51.3518
275.8842,235.0939,58.3827,50.0810
275.7740,235.6796,58.5757,48.5114
276.3209,236.6316,58.5733,47.6243
274.1999,236.9644,59.3146,46.5968
272.0564,234.5629,58.9858,45.9578
270.1654,235.2280,59.4619,45.4118
270.6106,232.1766,58.5490,46.7659
270.9732,227.5163,55.2848,49.7483
268.7375,227.9558,54.2331,50.3725
265.8889,226.3352,54.5316,50.0800
264.5823,227.0589,55.0914,48.5797
259.2131,227.0811,56.9180,46.5437
256.2808,230.0131,59.9406,44.1964
255.8600,230.3507,62.3396,42.2022
251.4194,231.9193,64.1565,40.7732
246.5946,233.5747,66.1344,39.2141
245.2834,235.3296,65.7373,39.5462
240.3535,242.0602,67.8763,38.4807
231.1216,249.8004,69.2972,37.5447
220.1313,256.9526,68.6607,37.9074
204.8772,270.5808,69.1067,38.4625
192.5223,286.4229,65.5152,41.8280
172.4980,308.8820,64.0274,44.3356
168.6659,319.1693,60.4987,47.5278
164.8797,323.1039,58.9775,49.0779
164.7778,325.9323,61.1500,47.6476
165.7224,321.6606,64.6947,44.3262
176.9330,308.4240,60.0674,48.2453
179.7519,298.1152,53.9528,54.0084
189.5545,288.5624,48.3841,59.1515
203.9084,273.2932,45.4999,61.2325
221.1064,264.2895,48.0711,59.3090
245.5396,244.0129,48.9084,57.7387
264.1818,234.7018,51.5286,55.5812
289.0959,213.2760,55.2321,53.3369
322.7913,204.8854,57.8077,50.7785
357.1220,195.5217,60.4691,48.0908
387.0155,196.5321,63.7371,44.7060
412.9359,196.3362,65.2240,43.1363
452.1069,215.9734,64.8769,44.0473
481.2930,243.8605,62.4802,47.5196
490.3966,251.8366,59.7816,49.5378
497.4918,254.5679,59.8692,49.6704
509.9928,260.7491,62.7075,46.0681
531.1540,260.7415,64.2276,44.2914
567.1583,245.0409,64.1002,44.0951
601.8277,218.0858,61.8968,46.4794
614.2207,208.4025,60.7640,47.6146
615.5278,206.1371,57.3489,50.5407
616.5026,205.1316,54.2052,53.9143
614.0678,205.3696,50.2559,57.3322
612.5853,202.8495,46.2211,60.6516
612.7316,197.5203,42.5326,63.6803
609.2759,197.6469,39.9709,64.9546
606.2999,195.1341,37.9093,66.6764
595.8907,188.2777,36.6463,66.7580
584.1415,184.9613,37.1429,65.5395
568.0787,179.5133,41.2034,62.5399
538.3143,174.5295,44.6908,59.3440
512.4988,165.3229,48.0319,56.9462
492.7540,159.5785,50.2130,54.6148
478.2655,161.0903,54.3705,51.2761
481.1412,163.6495,53.2753,52.7333
491.3272,164.1706,48.0345,58.2800
500.4511,165.8616,44.4439,62.0177
509.5279,166.6124,44.2014,62.8738
525.8060,176.0000,49.1802,59.2783
541.1356,178.5110,53.0437,54.9232
563.8614,193.7916,58.2011,50.3655
600.1772,211.3278,61.0944,46.8294
635.2324,222.4224,62.9063,43.9521
659.2141,235.5016,63.3064,43.2205
674.6654,256.4053,59.7153,46.9372
690.8511,283.7123,55.1798,51.3599
712.9178,311.7226,56.1354,50.7390
733.0475,316.1409,58.0096,47.4733
749.1264,331.0652,59.6220,46.6655
764.8983,346.1425,56.6276,47.8142
775.7630,371.2186,53.5610,51.6227
771.4050,392.8578,50.2582,55.6173
770.6328,427.6703,46.3297,60.5697
762.5792,469.3232,45.8661,63.8564
755.5627,513.2636,43.3831,67.1366
750.0824,543.6843,41.9301,68.4824
747.7308,581.1544,42.1338,69.0631
731.1684,604.0428,45.9271,65.7369
702.8792,616.0219,51.8850,59.5515
686.7159,616.7620,57.6436,52.8391
661.7874,615.0230,61.7674,49.3880
629.7354,614.0317,64.7934,46.6045
613.7810,591.0676,61.7322,49.0576
599.0817,563.3683,57.0515,54.2224
585.5182,519.4181,52.7913,58.4519
577.7903,476.8033,51.9474,59.6191
561.6119,428.8835,52.4124,59.2067
553.6438,386.1244,50.3013,59.5834
549.4474,364.6935,47.9595,60.6547
547.4318,351.6430,47.1044,61.1952
531.7792,325.2472,46.5421,61.1283
509.9085,287.0465,47.1381,58.6712
494.9710,273.4792,49.4704,56.7582
490.9532,254.9994,49.0696,56.7779
489.5913,221.4026,48.4162,57.4875
492.7487,178.3878,46.2654,59.0646
499.9457,162.9619,44.5543,60.3794
502.1374,161.2348,42.6980,62.2767
500.0100,164.7028,40.1827,64.2413
493.9872,173.5071,41.0913,64.1351
480.7531,175.8477,43.7048,61.9734
467.6855,173.2189,48.7307,57.3037
450.6801,177.9720,52.4408,53.0674
419.8177,181.0125,58.1841,48.7586
387.4619,180.1872,61.8808,44.8864
359.5406,193.1999,64.4570,43.2554
327.7614,218.9691,63.9137,44.3551
302.0017,225.8665,65.0901,43.8351
277.7427,230.3585,66.9034,41.6548
258.2694,235.9025,66.4441,41.8641
243.9508,253.3952,63.6101,45.1173
232.3263,279.0726,60.6212,47.6845
216.1084,325.2081,55.9524,53.8790
209.1615,364.3278,53.9219,56.9883
210.1163,409.6841,51.0191,60.0827
224.0382,470.7634,50.0037,61.5136
239.9179,526.1188,49.5289,62.9513
244.1527,554.3120,44.9041,66.9479
241.1490,570.1132,42.5696,67.4617
234.9027,584.4415,42.6453,66.6864
221.8234,599.3817,44.9902,64.5441
194.5507,617.4946,50.3766,59.5515
156.7769,639.5065,57.5053,54.3588
145.3024,640.4525,59.5880,52.1569
150.0307,639.5751,57.7297,53.5349
154.3524,640.3832,56.6987,54.9041
152.0641,643.8502,56.2599,55.5514
148.6325,644.2362,55.4732,56.1964
149.9790,643.5818,53.2388,57.7348
152.1735,645.1785,50.7980,59.9769
153.2884,647.6685,49.5593,60.7886
159.6848,651.6938,46.8800,62.5957
159.9270,656.2199,44.7698,63.3717
165.5004,662.0527,42.4167,65.0310
171.4662,678.6548,40.7091,66.4820
184.0218,695.6993,42.3276,64.9179
201.6176,708.1688,45.2262,62.2501
219.1098,734.3912,46.6236,61.5243
228.0195,748.8040,45.0849,63.0717
236.7616,752.9797,46.3557,61.5851
249.1178,763.9213,49.1359,59.2703
260.5964,768.6573,53.1766,54.9505
278.2679,762.1917,58.1253,49.1754
302.9350,754.0664,62.0397,44.9085
343.7840,745.0570,64.3706,41.0519
378.9135,744.6543,65.7277,39.2646
407.1412,748.3111,66.9072,37.6675
428.0392,745.8160,66.3921,37.8373
444.0245,755.2873,66.3009,37.9366
472.7555,775.5818,63.0362,42.3844
487.6494,791.3076,57.9103,46.7589
497.1886,816.6559,53.8695,51.3397
509.7082,833.5848,50.5515,54.4784
514.0474,836.3638,50.9433,54.7963
521.5757,834.6486,55.3202,51.1002
524.7757,834.3385,59.1345,46.8043
522.8412,836.6380,62.1750,43.9739
523.3773,836.5787,64.1800,42.1726
527.8609,835.5201,66.3596,39.5650
533.0516,836.6539,66.9765,39.7041
533.4923,836.4173,68.9749,37.8385
534.4520,835.6319,69.7404,37.2900
533.1310,835.4911,69.7442,37.3018
535.1535,829.6616,67.5618,39.6539
537.5524,828.8347,66.2395,40.8794
538.3896,827.6581,65.0170,42.0223
541.2418,818.8253,63.1806,43.9914
542.3354,816.7147,61.7040,45.4909
543.9825,813.9555,60.3256,47.0185
549.0626,803.7619,57.5511,48.6657
549.4135,804.0058,55.2669,50.0500
554.6345,803.5798,55.7427,49.0441
556.6533,801.5430,55.4106,49.1393
555.7545,800.3933,55.5154,48.8316
554.8243,802.0532,55.7812,48.6788
562.6843,800.4929,56.4215,47.3725
571.6707,797.0919,56.2902,47.4586
574.1262,793.6654,56.4271,47.3189
577.7173,790.9108,56.8698,47.3794
586.5017,785.9229,57.8810,46.3919
586.9333,785.9109,58.2930,44.8651
587.6442,786.9465,56.9804,43.6873
597.3294,794.0201,59.3998,41.9975
601.9577,794.5690,60.8880,40.6687
605.0588,796.7697,58.1698,44.1033
608.1494,800.4922,56.8701,46.4275
607.8639,801.4250,55.8280,48.5279
610.6749,796.2645,56.5170,49.8942
612.0693,792.4100,57.0823,51.4195
612.4951,790.5475,57.7503,52.3221
612.1188,792.5688,59.0336,53.5293
612.4243,790.1154,59.6811,54.0371
609.9847,791.3188,60.1732,54.9245
611.4242,789.6750,60.7129,55.6900
613.0810,789.3114,61.6940,56.1462
614.5642,788.8622,62.2046,56.8694
614.9758,787.2178,62.7534,57.7321
615.5381,786.2176,63.0873,58.5126
613.1694,788.2370,63.4228,59.4728
610.9896,789.2546,64.2050,60.5410
610.0192,791.0880,65.9099,61.4669
609.6937,791.8743,67.4000,62.4448
610.2106,790.4263,68.8686,62.6811
607.5415,790.6741,70.0742,62.6300
610.7653,790.5700,73.2943,62.2895
610.0969,790.0266,76.0315,62.0462
610.4332,788.9011,77.9271,62.5405
607.1829,787.6388,76.5845,64.6298
609.5857,791.6962,77.1812,62.9480
2
0
0
0
0
1
712.9826,724.4599,33.4273,44.2626
712.9902,723.3372,32.2806,45.7930
713.4103,720.8649,31.3058,47.0355
713.6343,720.6085,30.8601,47.4769
714.1584,717.5336,30.9252,48.0987
