1
294.2180,148.1295,44.8124,145.1867
294.1817,148.8684,45.6919,144.2242
294.3524,150.3641,46.2806,143.3658
295.9384,149.7031,47.0443,142.4724
296.3310,150.9998,47.2278,141.7909
297.5923,150.6152,47.1820,142.1550
297.1913,152.0144,46.7385,142.7100
297.9535,152.0557,46.6062,142.6712
297.0105,152.4805,46.2901,142.3780
296.2440,153.1914,46.1068,142.4815
295.4278,154.8539,46.1796,141.6274
293.3789,155.2070,45.9876,141.5582
291.9933,155.3421,45.7205,141.9829
289.4627,154.4529,45.1956,141.9746
286.3563,155.5906,44.8072,140.7702
285.9654,156.3499,44.8198,139.8241
281.9958,155.3630,44.6932,138.1241
280.3083,156.8080,44.4187,136.8900
278.0134,156.5249,44.0686,136.2779
275.6418,157.7932,44.5124,134.1973
273.8097,158.0993,45.3489,132.7407
272.0785,159.7053,46.4615,131.2917
271.2375,161.3055,46.9794,130.3439
270.7638,162.2515,47.5367,129.1844
270.1221,162.0748,47.6693,129.6751
271.7379,163.3970,47.8767,129.7850
270.3617,166.2544,47.9569,130.1050
270.8302,166.1885,48.1106,129.7952
270.5728,165.8784,47.7868,130.0752
268.3448,167.7706,47.0019,129.3375
268.9482,167.7140,46.1460,129.5478
267.0527,170.0504,45.2226,128.7216
266.0193,170.1759,44.7811,128.4979
263.6911,172.4418,44.8817,127.5225
261.5508,170.7018,45.2133,126.9683
259.1832,171.2313,45.2444,127.2788
257.5108,172.1774,46.2054,127.1796
254.0576,172.8960,48.0844,126.3408
251.3430,171.1042,48.6484,129.0282
250.8393,174.5263,49.0157,129.2520
251.0067,173.3070,48.6406,128.6092
251.1442,174.5148,48.2055,128.8029
250.0666,173.1915,47.8019,128.7424
251.5303,171.8904,48.0832,129.5819
250.9986,171.9099,48.4545,130.4254
253.2372,168.6461,49.2298,131.7742
252.6931,167.9803,49.7410,132.8900
252.4755,167.2013,50.9335,132.6947
251.8305,165.0845,52.3193,132.2310
250.9483,163.7502,53.6902,131.8605
248.3019,172.2965,55.3190,130.3747
245.1820,165.4534,56.6376,130.2607
244.2989,168.5357,56.3990,130.3660
239.7655,164.2883,56.4609,132.0490
233.7405,161.3101,57.9075,135.5755
228.0768,152.9358,61.5627,137.6898
224.3034,151.6666,63.4949,140.6905
226.0875,149.9729,64.7580,142.0223
227.1275,149.0210,65.1703,143.0541
230.8112,145.3269,65.4990,143.8939
232.8352,144.2721,66.0738,144.4328
238.2181,143.7192,66.4039,144.8428
239.2679,144.7906,66.9276,144.4087
240.9185,144.7791,67.7805,143.6611
241.4519,145.3822,69.6723,142.7948
242.8671,144.8719,71.3502,145.2359
242.6030,140.7675,72.9581,146.8089
242.0579,142.7384,78.5132,145.5749
244.6828,137.2127,82.1402,146.5844
245.0533,135.5175,87.4320,145.7596
242.8124,141.8290,91.7214,144.3869
227.5775,145.0082,89.6765,144.0887
231.8810,146.2663,91.8777,141.2524
229.0838,151.2949,92.3135,139.1997
231.3713,148.1940,89.9174,139.0901
230.7324,150.5831,86.7902,138.9717
234.1527,148.5112,83.2944,139.0488
232.9835,149.4328,80.5094,138.3167
234.7316,143.9405,76.8749,138.7045
232.6191,151.5063,75.8901,137.3176
234.5771,147.0460,72.9509,137.2650
232.4591,148.8444,73.2288,135.5739
232.4285,149.1709,72.3702,133.5087
233.5088,145.1487,70.6810,135.1730
234.0166,148.4245,70.3054,133.4646
233.2885,144.9644,68.9358,134.0699
234.6223,149.0043,67.8411,133.1414
237.1753,140.3295,66.7833,134.0652
239.1497,144.8764,65.7293,134.9465
238.9646,141.4794,65.2995,135.3144
240.9381,138.6684,64.5687,137.3030
243.3649,142.4091,64.5565,137.5512
243.9308,144.3444,65.4604,135.3421
246.9396,144.2867,64.2312,133.9488
246.9633,146.5880,63.2253,133.6999
252.3070,141.5666,60.3578,135.3972
256.3060,142.3659,57.3351,137.3902
257.4898,140.6589,55.5526,139.9048
259.1620,140.8341,54.8888,140.6400
258.8211,140.9862,54.4745,142.4401
263.6567,140.8481,54.0464,143.1513
266.1442,141.4002,53.8325,143.6563
268.1095,147.2323,53.2727,146.2537
269.8891,145.2948,52.8484,151.0759
267.3694,149.7108,53.6462,156.2568
265.5395,153.1499,55.4420,160.6085
262.4361,158.4146,58.2964,164.3992
260.4450,141.0643,61.2649,169.6826
261.9196,120.6833,62.5743,178.5796
264.1262,126.1823,64.8015,187.5388
266.6199,96.3910,66.4492,197.4753
270.3118,96.4230,69.3575,206.1061
274.0544,98.1813,72.0934,215.6477
276.9736,74.8044,73.7138,221.7696
280.3261,61.2316,74.5174,222.2415
285.2325,75.1596,76.4654,228.3438
290.1921,80.9964,80.3041,235.8600
288.8195,84.6367,86.4943,239.2452
292.3134,87.4575,93.4759,242.2601
296.7759,85.2434,99.2850,246.3667
300.4178,83.3542,104.9631,251.1312
306.2216,85.3641,109.6450,255.3083
314.9178,72.0522,111.5495,261.5927
322.8886,70.5459,109.9898,271.1788
2
0
0
0
0
1
279.6311,159.1010,47.7478,139.1400
279.1287,161.6306,49.5787,136.7001
277.4140,163.4109,50.6628,135.2323
275.7123,165.1285,50.6276,134.9675
275.0821,163.4468,49.7237,135.5423
274.6347,164.1508,49.0137,136.5955
274.5709,164.2982,48.0686,139.3414
274.8767,162.1823,47.5620,142.7414
276.1769,158.3396,47.2217,145.9361
274.9511,159.7223,47.3980,148.4618
274.8641,156.0641,47.3303,150.7742
274.0862,154.2273,47.3789,151.8654
273.8748,153.6064,47.9433,151.7663
273.9249,155.2258,48.8691,152.3211
274.7224,153.0434,49.7318,152.0360
273.5946,154.1548,50.6232,153.1622
274.2147,155.0668,51.6489,154.1963
273.8510,155.2499,52.9673,153.8415
274.5589,156.4273,54.0906,152.9297
275.2361,157.6087,54.9868,152.2338
277.8009,158.6929,55.5673,151.4914
277.1389,158.0508,56.2179,150.2309
277.1382,156.9221,56.5311,149.3172
279.7131,160.2638,56.9331,149.2499
279.0043,159.1908,58.1233,149.0850
278.6287,162.2479,59.1937,149.6822
277.3171,159.8480,59.9462,149.2799
276.6401,161.1606,61.0124,149.3157
275.5026,162.0280,61.6963,149.4800
273.4419,159.3001,61.6081,150.1720
269.7927,163.8875,63.3316,148.4315
268.5059,164.2299,64.5272,149.2438
265.8397,164.7766,66.1764,149.1734
265.7756,166.1711,67.0626,150.5761
265.0469,172.3547,68.5285,149.7773
267.5391,173.4257,69.7008,149.2075
265.3556,171.9905,71.4148,148.9915
264.4030,175.0173,73.1844,148.4717
267.2054,174.8227,74.6805,147.4483
267.3253,172.1189,75.5824,147.3898
268.6719,173.3839,75.0086,149.1413
268.0810,171.6801,75.5675,150.4911
270.3560,173.5786,76.5563,148.7748
270.5116,169.4341,76.1522,150.7608
271.6826,173.7430,76.2853,151.6500
273.0778,169.3634,76.0763,152.0244
271.6437,168.6441,76.1298,152.7209
271.0627,175.3996,76.7756,150.7175
274.0323,172.9234,76.2774,149.8364
273.0806,169.4329,76.4353,150.1397
276.8510,173.0445,76.6800,150.0184
276.7123,169.7093,77.2221,150.5074
279.8951,172.7370,76.9964,150.7997
281.7506,171.7104,76.4969,150.3519
281.4662,170.7601,76.9536,150.2807
282.5169,173.6667,77.5940,149.5018
279.6707,171.7337,77.2611,150.5316
281.9642,171.4817,77.7631,150.2711
281.9601,171.3606,78.2718,150.7771
280.3497,171.5443,78.5396,150.7851
280.3916,171.1519,79.4533,150.7366
279.7700,173.4282,81.0662,150.8996
277.9389,174.1056,81.8739,151.5302
276.1010,175.7577,83.6177,151.4817
274.4704,176.6458,84.0104,151.5188
273.4442,176.7340,84.3711,150.3239
273.2364,175.5603,84.0611,150.6301
272.6317,176.8763,84.1907,150.3351
272.1683,174.8738,83.9285,150.3896
271.0653,174.0366,82.9411,151.6457
270.7289,174.1345,82.1101,151.3934
271.0934,174.3642,80.4568,152.2043
273.1522,174.4127,79.6284,153.0631
275.2333,172.1660,79.0446,154.5046
279.4996,168.9650,78.8315,156.2480
287.2956,161.1756,78.3285,160.1668
294.0334,159.4938,79.4937,164.1617
300.0054,149.4214,79.9257,170.8365
305.6664,147.7494,80.7796,175.2478
309.6763,146.5937,82.6570,176.5804
308.7752,145.6809,82.8314,178.4734
307.5822,145.1501,82.1200,181.0781
302.8565,150.1248,83.2624,182.0622
299.7515,151.3581,83.4609,181.8298
297.4897,152.8544,85.5904,179.3824
290.3355,148.5247,88.7134,179.0435
286.7768,157.8735,92.4265,175.8480
283.2556,154.7338,94.9714,176.3307
279.7044,158.4280,100.1228,171.7084
261.4293,149.9118,102.2582,172.0975
263.6959,156.7409,104.1982,173.9422
270.7437,159.9633,109.0110,171.0476
279.6609,160.5999,108.3644,172.1638
289.9131,159.1771,104.7707,172.3833
290.5847,165.7728,99.5954,172.3574
291.7556,165.9887,95.4640,170.2720
293.8317,169.9470,92.1057,167.1293
294.7597,168.4853,89.1241,163.7308
297.6693,170.4520,85.8300,162.2697
300.2791,171.6774,83.3477,161.6062
300.8196,172.8712,82.8532,159.5611
301.5389,173.9688,83.6371,157.4998
302.6111,176.8565,82.7232,156.7847
306.3368,176.7654,82.7914,155.4497
306.8492,175.4925,82.6155,155.1851
309.1386,177.0782,82.5011,154.6798
313.9579,177.3127,82.0064,155.0901
316.0581,179.2888,82.4300,154.5797
318.1653,177.8386,82.0368,154.2983
319.6950,179.3241,82.2833,152.3526
322.5024,179.7131,81.2138,152.0583
326.0886,181.8085,80.4681,151.3520
328.6458,180.5228,78.9317,151.4693
329.9922,181.6154,77.9258,151.1825
332.8935,182.2868,77.0677,151.8847
334.0775,183.0156,76.4994,151.1419
336.0795,181.4049,75.4011,152.0302
336.9958,179.8597,75.0469,152.4344
337.4914,177.9906,75.0315,152.6944
340.5017,178.2384,74.3281,154.0128
340.1945,178.4281,73.6520,154.2828
342.6861,179.1154,74.8537,153.1093
346.5378,177.8699,74.6726,153.5473
349.1335,176.0943,73.8794,154.4720
352.0407,174.2316,73.1788,155.3973
355.7185,175.2858,73.0404,156.2475
358.0598,175.8304,73.4090,156.1454
360.6664,176.1640,73.4489,156.5562
365.3052,177.7634,73.2510,157.1239
367.1930,179.6443,73.3907,156.4369
370.7752,180.7986,73.0990,156.7763
373.9528,177.4956,72.7266,157.8964
375.7994,178.1835,73.1802,158.6271
378.6957,177.5031,73.5098,159.3184
380.2249,178.1386,73.9314,159.8175
381.2537,177.9961,74.9952,160.2978
379.5618,176.3421,76.0750,161.0266
380.6697,181.3038,78.9083,160.9317
379.5421,179.5936,79.2942,162.6972
382.8976,177.4460,79.3856,165.0580
381.5739,179.7785,80.7456,166.3744
382.3091,177.5282,82.0572,167.4211
384.0921,181.7528,85.4170,165.1709
382.5173,182.6395,88.0590,162.0218
382.7389,183.8545,90.3508,158.6793
385.3808,185.0142,92.6998,155.8465
386.2303,187.5905,95.0175,153.6120
388.0165,188.4656,96.2587,152.6068
390.2614,187.4697,96.7423,151.7836
393.7291,186.1515,96.6929,151.5288
397.3287,186.0148,95.9636,152.3568
402.7896,182.8152,92.3948,156.4778
409.6654,180.1239,90.6582,158.2233
410.4593,178.0244,87.7692,162.8385
414.0345,176.9474,86.6634,164.8897
417.5031,171.4389,85.5698,166.5530
416.9460,172.9708,84.4827,168.2520
418.5056,168.1888,82.8520,170.4809
420.1085,172.9662,82.4579,171.9481
420.8234,172.2961,80.9600,172.7071
422.0822,168.9092,78.9950,174.8915
420.6960,172.0872,78.1301,172.8020
420.8735,171.2045,76.6311,173.2513
419.8577,174.2443,75.8126,172.1625
418.8900,171.4609,74.7118,172.3135
417.0741,174.3854,73.5421,172.7387
415.4274,173.5736,72.8187,172.9936
412.3576,171.8116,71.9257,174.0637
409.9691,175.3844,72.0877,171.7088
407.8241,172.3112,71.4596,172.8121
405.3937,173.0150,71.7478,172.0397
401.3445,169.9889,70.9865,173.4847
398.4006,168.3722,71.3102,173.9321
393.4778,171.0407,72.5004,172.6220
390.7845,169.6704,72.7630,172.0426
386.9357,168.5356,73.7758,170.6213
385.7528,169.8927,75.1391,168.8533
385.1960,170.1141,76.8883,167.0902
383.3531,168.8046,77.3427,166.3150
383.1159,171.0381,76.6830,166.2191
383.0790,170.9202,75.9096,166.7678
383.2591,169.0716,75.2970,167.4072
382.7710,167.4536,74.7935,168.5956
383.2390,166.3689,74.6160,168.5686
383.0925,163.6805,74.1508,169.6516
384.1078,164.6349,74.1753,169.1250
385.8832,163.6216,73.6280,168.9440
386.3336,164.6419,74.1482,168.5347
385.5685,167.7761,75.9271,167.5372
386.5088,166.9313,76.4482,168.5663
384.7393,170.7748,78.3062,168.1928
382.4958,162.6792,78.8772,171.2639
382.4651,164.4567,80.4840,170.0048
380.8196,168.1604,81.7351,169.8566
379.7669,163.8589,81.3358,172.7500
380.9147,161.9698,82.1315,173.7411
379.9443,163.1258,82.7879,174.5013
379.1331,161.3085,83.1999,176.0257
380.1436,159.4125,84.1973,177.8464
381.3282,153.6137,83.2332,181.0263
381.8311,155.0106,83.6945,182.7004
380.4603,152.6011,83.9021,185.6327
383.9142,147.8882,83.8407,190.3962
384.9403,147.4591,84.5066,193.0333
388.0263,150.7226,84.5324,195.2709
388.4872,146.4797,84.5779,197.8998
388.7667,149.4037,85.9072,198.1733
389.2678,144.8025,85.8212,199.6070
387.1367,143.2581,87.1934,198.7707
386.1818,141.7108,87.6435,200.3069
389.1672,145.2615,88.6786,200.9867
392.6342,144.3804,88.8735,199.1806
392.6964,149.9454,91.8295,194.5919
396.0663,146.0849,90.6558,193.5327
397.1487,151.9972,90.1968,196.7097
397.1090,149.8826,91.4216,195.2256
394.5199,147.7001,90.7894,198.4942
389.3940,146.7860,91.5816,200.7472
388.4150,143.5409,93.7425,198.0844
385.2886,141.6952,93.7405,200.7696
381.4799,139.1935,95.0184,201.0983
378.0558,136.3268,95.2778,202.3505
374.5117,136.7430,96.0745,203.8657
369.8456,134.0981,97.5787,202.2632
365.8168,135.7821,99.3996,199.4685
363.0018,136.1185,100.0235,197.8652
359.4980,134.1778,99.9652,196.8769
357.7281,135.8795,99.7810,196.8650
357.0011,133.7440,100.0955,195.8455
353.0117,134.5693,100.7635,195.6124
351.3364,131.9670,100.9688,195.0212
347.9024,130.9634,101.1372,195.7378
347.5522,132.7146,100.4773,196.6449
346.2988,129.0262,98.9505,197.3082
346.9568,128.1853,97.4094,199.3411
346.3899,126.6117,95.7292,201.0125
348.2179,124.7786,94.1301,201.1758
347.0631,125.1557,93.0582,202.3857
347.4703,119.8870,91.6428,201.6574
345.7922,123.7754,91.2063,201.9251
345.7369,118.0070,90.3213,200.9458
343.9152,119.7795,90.0584,200.5985
343.7057,119.5274,89.9889,199.2252
342.1361,120.0120,89.9903,197.9163
340.8350,121.9891,89.3533,197.7847
340.2580,120.9780,90.8545,193.7920
338.6603,122.8098,90.1295,193.6138
338.8000,121.7415,90.2114,191.4747
339.7693,123.9461,89.2294,190.9048
338.0843,125.5287,89.6847,189.9858
336.3781,123.4501,89.8923,188.9207
337.6599,123.4954,89.1518,189.2490
337.9236,120.2726,87.9824,190.5854
339.2619,121.9367,86.7364,192.3048
337.3209,120.7098,85.4181,195.9213
336.5934,122.5354,85.3868,197.1962
334.4848,122.7980,85.7038,198.7296
332.2998,120.5192,85.8547,200.4311
331.9123,126.4308,85.9184,202.2846
331.2412,122.9323,85.5827,203.8695
330.5332,122.9111,85.2853,206.5314
327.4817,126.1531,85.9672,207.3599
325.0485,125.2032,86.9496,208.5492
320.8997,128.1967,88.5237,208.6554
318.9645,123.2963,88.4192,210.4733
316.1086,119.8566,88.4905,212.4561
312.7004,121.8904,89.4874,213.4208
308.3968,117.4492,90.1727,214.3572
304.3380,119.1061,91.1316,215.1045
299.1942,123.4506,92.4818,216.6152
298.0300,126.5513,93.9434,215.2342
295.1152,128.0868,93.8554,215.4820
289.7963,128.1061,95.8972,212.3542
287.0387,133.6855,97.4829,210.3541
283.4450,127.6389,98.4003,208.2741
278.7485,130.2202,96.8733,210.2759
277.1225,131.1000,97.6684,210.4162
273.7302,132.0931,98.3479,210.5327
271.2173,132.7385,99.3397,210.0081
268.3138,132.7961,100.6346,209.3341
265.7708,130.0634,101.3417,210.0941
264.6131,130.5208,102.5503,208.9207
266.3195,132.1784,104.0382,207.5694
264.6855,133.2801,105.4620,206.0410
260.6777,134.2672,107.2956,204.0333
260.5114,135.9009,107.4008,203.3160
258.2773,137.4205,107.2947,202.2815
258.2656,136.5770,106.6642,201.9487
261.0518,138.0512,106.1042,201.3798
258.2791,139.6089,106.3664,199.8561
260.3436,138.7039,104.7685,201.0170
261.3265,137.4774,103.7786,201.5103
259.4646,139.4337,104.5468,199.0436
260.4503,139.2379,104.2733,198.9757
258.7690,140.1541,104.5137,197.7090
255.9370,128.6118,103.4094,199.2516
257.7042,135.8160,105.4963,196.8984
253.1703,141.9108,107.9086,193.6278
251.2006,128.8657,106.1341,196.4393
250.6346,118.7551,106.6228,197.8796
249.1993,112.3506,106.4541,200.7570
247.5476,133.3314,104.4108,201.8586
244.9022,126.0561,103.9099,201.0469
244.2516,117.3256,102.7076,202.3374
243.2776,110.5113,102.8562,202.9470
240.8769,135.5636,103.0468,199.4830
240.7912,128.3650,103.5811,196.8671
239.8181,122.4661,103.9197,195.9929
239.5715,116.2046,104.9955,196.0322
238.1956,140.9255,105.0330,192.9177
239.2620,133.7496,104.1351,192.8084
240.0280,124.2225,103.2484,194.5971
243.3146,117.9874,101.4673,199.5201
242.4493,140.4224,101.2245,197.5347
243.4208,131.2477,101.0011,196.7702
244.7984,124.4673,101.5004,197.7497
243.9390,141.0559,101.2967,195.4053
249.1022,126.2228,99.8274,197.9064
249.9216,113.8549,98.4064,201.7545
252.0171,129.3915,97.5228,203.9167
251.8896,132.4478,97.4903,202.3499
253.1785,109.2060,96.6586,207.8553
254.9996,112.3354,96.7114,211.8832
256.4937,83.3979,95.6482,219.4581
256.7150,80.5071,95.8549,226.0370
256.8967,71.9340,95.7951,231.0900
253.6219,66.4387,96.4184,235.2604
251.7733,68.2039,98.3235,238.0269
249.8035,67.8476,100.1659,241.9437
247.8934,65.1361,101.4326,246.0512
245.5731,65.7559,102.6742,249.1239
242.7565,64.7328,103.8200,252.5917
241.7204,59.5395,105.7113,253.5428
235.6615,62.9069,107.5526,255.2787
237.5372,61.6761,109.2644,256.1021
233.4559,64.1035,110.8609,256.0608
231.6526,59.0376,114.8135,253.2176
225.7721,65.2647,117.4315,252.9734
224.7621,61.8614,119.9349,251.7666
220.0718,60.8491,122.4221,252.2177
218.8932,66.5815,123.1613,254.8917
218.1716,67.2961,124.9894,253.6693
216.5316,65.8923,125.9607,255.2389
215.3288,67.6811,126.2195,257.3910
217.6344,64.8904,126.2796,259.4624
217.0366,62.3322,126.7573,260.2799
216.6286,59.6295,126.9799,262.9334
219.0397,50.0971,127.0815,266.5827
219.0537,56.4672,126.7798,270.4522
219.5703,51.4913,128.3803,272.8263
218.9752,51.6897,129.3222,275.4279
217.2591,52.1151,131.3564,274.7751
215.4843,50.8722,132.3972,276.6212
214.4899,49.6026,133.1981,278.6783
213.1577,49.3417,134.0843,279.2130
208.2549,47.9072,136.4903,279.3588
205.3516,45.7321,137.1036,281.1420
200.4024,20.2534,139.8521,280.8824
200.6439,31.8997,141.5877,281.3972
200.6379,44.9986,141.9878,283.5878
197.3018,42.0920,143.5057,284.0998
166.4618,35.7681,151.3316,279.2449
181.6007,9.5503,151.4256,280.7217
185.4267,19.4974,153.6548,278.8643
149.1525,13.0940,162.3856,273.5493
168.1722,15.2673,162.5446,272.6484
177.7990,19.0931,162.1977,273.9786
142.7614,16.3740,172.7042,266.9484
163.1856,17.2360,171.0451,268.6172
170.5766,13.9586,168.3168,271.8171
173.5785,17.4076,166.2733,276.6329
136.1185,12.1629,176.9407,268.8963
157.0248,10.2619,175.1258,271.2999
172.8689,12.5300,169.0491,276.7746
181.2212,10.3369,166.7510,279.1626
141.0572,7.2156,176.8559,270.2642
164.3941,8.7031,175.4953,271.6091
175.1353,12.6639,172.0895,273.8554
138.7173,5.9460,183.0085,264.4768
164.5080,6.6832,181.7899,266.4291
179.4953,11.4034,177.2619,270.6613
144.4596,9.0513,186.1270,263.1476
165.7946,6.3772,183.2852,266.1736
180.0890,5.4348,178.0034,271.2839
145.6322,4.4418,187.8451,264.1191
167.9472,3.8565,188.0723,263.8166
178.8184,5.1085,186.6192,263.4998
142.4384,3.5293,196.4896,254.8941
162.8673,0.6953,192.8795,258.1513
169.2403,8.3892,191.9092,257.4373
134.1676,8.3812,201.3769,250.4504
156.4798,1.6885,202.0180,248.8428
165.3809,10.3318,197.6937,251.5933
130.0347,8.1896,206.7377,244.0962
150.9126,3.7859,207.9538,242.3941
162.5748,10.7821,201.7291,247.2361
125.8082,3.5744,210.7582,239.8233
147.3234,6.7260,209.6065,240.8768
107.9838,8.7630,217.9332,235.7739
129.8050,8.5019,220.6047,234.0853
143.1283,3.8073,218.0619,233.5662
108.1458,8.0397,224.6325,227.9190
135.8459,8.2462,224.0973,229.4205
97.1968,10.0252,230.5107,226.2060
116.2706,12.3307,234.4681,223.1665
128.0152,13.4392,228.9061,227.0204
95.7196,12.1141,235.8465,224.7968
123.4171,12.7594,234.9448,228.2674
136.1111,15.7293,228.0864,231.6219
102.6086,9.9381,234.5212,228.4184
128.3338,9.2708,229.8754,233.6532
92.6878,9.3655,237.4813,229.6619
112.3416,10.4122,237.1377,231.3864
82.3900,4.2379,243.6728,229.6261
100.1618,2.5933,244.8025,229.5033
107.0124,1.5047,240.4849,230.8019
113.4853,1.9041,237.2682,231.2068
119.2275,2.7409,230.3741,234.6188
123.2916,7.7459,225.9890,234.4465
87.5588,3.2467,232.9536,229.6311
106.7392,6.0760,234.6924,228.7934
121.2555,3.3659,229.2110,230.3624
85.5804,3.4813,234.7948,226.5247
101.8573,3.5838,238.4594,222.1224
109.2671,-0.3531,232.9420,224.2189
119.7862,-3.0399,226.2981,226.4355
116.6274,-2.4088,223.3493,225.2345
119.1755,-1.3374,220.5541,224.1408
84.3737,-2.8721,227.1531,220.0091
108.5248,-2.3295,227.7591,221.2462
112.6835,-3.2579,224.5310,220.9165
117.5100,-6.5932,221.1919,220.6146
84.5681,-7.3528,229.6838,215.0399
107.2209,-4.4876,233.1340,212.8237
113.3449,-5.3446,230.3799,211.4782
85.5319,-7.6030,237.0881,206.6407
104.6166,-6.5329,234.3564,208.8363
74.7484,-8.4702,241.1598,204.9929
94.0653,-5.7825,242.5053,203.7770
64.1438,-8.8405,248.2005,202.4327
85.1158,-4.1391,250.2352,200.4370
94.1696,-7.3671,245.3189,202.3599
101.2361,-4.9487,241.7587,203.4406
74.7422,-6.1490,247.4809,201.1438
87.4394,-2.1429,248.1608,199.8160
92.4923,-2.2977,241.6255,202.7281
102.5950,-3.1900,235.0504,204.2038
78.3587,-3.1356,239.4571,201.9147
96.1411,-3.1286,240.2081,200.0364
98.4537,-2.4267,238.6209,198.0869
72.2778,-2.8227,244.8748,193.9080
90.0452,-2.8567,246.3848,191.0723
94.1697,-4.9627,244.6352,188.3774
68.8056,-2.5835,249.0689,184.8125
84.9346,-5.2446,250.4991,182.0545
57.3544,-1.7273,255.4875,178.7454
81.2128,-1.6911,254.0509,179.6889
96.2476,-4.1551,247.6687,182.6724
68.1193,-1.0789,250.4149,180.7911
88.8098,-3.7025,250.1943,179.3508
57.7119,1.2339,256.4883,176.3176
81.0524,-4.0098,254.6363,177.9539
98.3596,-2.8631,244.3642,183.2041
103.5430,1.5306,239.6874,184.9099
108.4237,-0.7286,237.2466,184.8347
82.3054,1.9741,240.1139,183.6491
107.0351,-3.5003,237.3935,183.8975
113.1821,-0.7064,233.5492,185.0343
118.8601,0.2641,228.0575,189.0761
126.4105,-0.6449,226.5071,190.1208
102.7720,-0.4921,229.2875,189.2771
117.4484,-3.4383,224.5736,190.2863
122.2790,-1.4120,223.7850,189.5430
125.4282,-2.1270,221.5072,190.0203
105.3676,-0.9973,227.7744,185.0164
119.0504,-3.0229,230.0937,181.5716
123.5531,-0.7025,229.2401,180.6896
108.9485,0.3038,233.5920,176.5237
113.8416,3.1315,230.2885,175.7177
116.8507,8.1046,228.6302,174.8438
120.3292,11.3285,226.0891,175.0061
124.2724,16.8892,225.2699,172.3638
126.8793,16.3945,223.8708,171.9360
130.6025,20.9898,224.2063,169.6833
134.5431,18.5989,222.0235,170.8030
140.3121,21.5494,217.4506,173.3079
152.2259,16.7787,211.9424,177.8648
151.1356,19.3030,208.5423,178.8714
162.7394,16.2288,200.5952,184.7178
167.5151,17.4233,196.4175,185.9448
171.7968,12.5198,192.9601,187.3571
169.4205,29.7040,192.4745,185.8817
177.3420,15.6926,190.0937,186.9751
179.8963,17.0359,187.7302,187.0286
180.9386,33.2384,187.1058,184.0292
186.6253,22.0556,186.6235,182.9694
183.0475,37.3210,187.2856,180.2595
192.1885,17.9725,184.5638,182.1604
187.9529,35.6084,186.2210,179.4548
199.4507,21.6458,184.6224,180.7047
200.0339,36.1178,184.4801,179.9103
204.0661,23.6400,183.5282,181.4820
205.5895,22.1536,182.1395,182.3246
202.5099,35.0208,182.5472,181.2477
210.3829,27.3062,183.7371,182.0328
212.1145,22.0036,181.9973,183.6160
213.3869,24.5294,177.0765,186.1737
216.9234,23.9059,174.6361,188.2226
221.4637,19.0583,171.3265,190.4986
222.4475,19.7367,169.7421,191.2447
226.8504,18.8737,169.4285,191.7460
227.0114,18.1651,169.3783,190.9083
229.8533,17.5730,168.8619,191.1141
230.6991,18.4736,169.6127,189.7248
234.5118,16.5420,170.9238,189.6105
233.7242,20.2904,173.7924,186.3008
237.4596,21.8742,177.1572,183.8403
240.6647,24.3186,180.6421,179.7510
227.8822,25.5689,185.7180,175.0806
234.2936,23.4893,186.4206,175.9561
238.8418,25.0343,188.1671,174.2983
244.1351,24.4802,188.3080,173.7095
248.5554,22.1202,187.3238,174.6091
250.4420,22.1529,186.9387,174.9006
251.2713,20.5923,187.8116,175.7135
253.0840,16.7229,186.5879,177.7750
257.2501,16.8936,185.0365,179.2286
261.6903,14.3006,186.0437,180.3436
255.7331,19.9541,191.0141,175.8953
261.2339,16.5514,193.1410,176.6781
253.3417,19.2562,195.6083,175.3248
255.9119,18.0776,194.1770,177.6420
252.9480,20.4211,195.4588,177.3164
251.5876,24.0953,197.9341,175.6665
247.1768,25.6699,201.2190,173.3596
248.5743,25.0516,201.9369,172.6264
245.2437,26.6929,204.0042,169.3795
255.8655,26.4092,202.7204,170.0760
257.6576,25.5771,201.7388,170.2262
261.1318,23.1088,200.8111,171.1462
271.4731,15.2015,192.1683,178.2470
271.8954,14.7950,192.2640,179.6957
272.4450,17.4527,190.7703,180.0804
268.0407,16.9337,189.3519,178.4750
272.4289,8.6435,188.1799,181.2818
262.6655,16.0624,188.7426,179.2484
273.6877,10.9908,186.2433,181.3880
265.9505,28.3553,185.9233,177.2361
272.0857,10.7516,181.6886,180.4834
269.5450,29.8504,183.0959,174.6699
277.0288,12.4839,177.8166,177.8296
280.2691,3.9787,173.8865,179.8789
283.9031,27.1119,174.3993,173.9361
261.7492,20.3060,174.9174,171.9451
273.7994,19.0114,172.9718,172.4061
282.0044,15.9070,169.4675,173.6068
261.2749,15.8824,165.9181,175.6341
271.7131,32.3735,165.9003,172.9418
282.3438,15.5365,160.5185,176.7669
264.7427,17.7575,161.2276,175.8129
280.3874,37.2526,163.0051,170.6427
289.0818,25.0542,162.7974,169.8778
269.8708,45.9615,166.0427,165.1457
288.2265,35.4379,166.2383,162.8678
291.9239,32.5185,165.6216,162.9368
290.2531,28.8308,163.6258,164.9047
291.4180,29.2265,161.4797,165.4761
296.5459,28.7506,159.2462,166.1677
300.4601,27.2909,156.4551,167.4530
302.5511,29.8856,156.4227,164.9161
302.9580,30.0503,153.0777,165.5147
304.4338,32.8894,150.5768,165.2517
303.8507,33.8694,150.4205,163.1952
304.2505,34.7189,147.5878,163.0603
305.0441,35.6354,146.3666,161.0372
303.0974,36.7789,143.3339,160.5024
305.4471,36.9527,142.8122,159.3366
305.1918,34.9856,137.9802,161.0656
306.5733,34.0017,135.2035,161.5683
307.9943,33.6018,132.2924,162.2587
312.0770,34.7149,131.0873,160.6085
310.9635,33.4911,128.3180,159.9265
309.1843,24.2947,125.8223,161.4522
311.2713,31.4894,128.6768,156.7570
311.1531,33.4660,127.3143,154.9233
316.6719,33.0063,124.6704,154.8092
320.4252,32.4806,120.2772,155.1697
324.4554,31.3902,115.2958,155.8637
326.9558,30.4103,113.4305,153.7410
326.7455,29.8426,111.2523,152.5468
330.6117,29.3562,109.0335,150.1652
331.4412,29.2961,106.5342,148.6750
333.2701,28.3839,103.1367,147.9568
333.7188,24.8207,98.1845,148.9896
337.4474,25.7370,96.9906,147.6114
336.0923,25.9050,95.7218,146.8377
340.1871,26.8965,96.5380,144.4419
340.7714,26.0700,92.4734,145.7087
340.7329,24.1144,89.2655,147.0330
343.9855,24.2784,88.2054,146.7065
340.5432,24.7588,86.6078,147.0789
341.8476,24.9271,84.8965,147.3326
343.0358,23.3811,82.6487,148.1707
343.9475,24.0466,80.7800,149.0257
345.3583,22.9418,78.5890,149.8862
346.4115,22.6561,77.1754,150.1524
346.4771,23.1599,74.8910,151.0087
346.4917,24.0955,73.7312,150.4464
347.5352,25.7330,73.2179,149.3041
348.1441,25.5873,72.4776,148.3596
348.6742,27.8808,71.4460,147.4091
349.4875,28.3705,71.5028,146.7096
348.9439,29.8036,70.9608,146.2542
348.7860,31.0543,69.5905,147.6093
349.9872,29.4316,69.4332,146.9848
350.9242,29.0994,69.0594,146.8874
351.6052,29.7768,69.7267,145.9613
351.6177,31.1237,70.3224,144.8761
352.5000,32.9240,70.7554,143.9049
350.3979,27.2950,71.5227,142.8802
349.1596,32.9633,71.9870,142.7022
351.9105,32.6249,71.5829,141.8456
351.1674,34.8136,72.0257,139.3209
351.0113,35.6121,71.5296,138.9832
351.6833,30.1210,70.9592,138.7826
353.9796,33.1277,70.1312,139.7964
350.8999,35.9872,70.4994,138.9149
352.3404,35.2784,69.3633,139.8041
352.2549,29.7612,69.3953,140.3673
353.8892,34.3647,68.7238,141.4375
351.8353,32.2467,67.3782,142.9107
352.9711,31.8764,66.7855,144.2983
353.7526,32.9962,66.0910,146.1640
354.7827,32.1475,65.1604,148.3459
356.0385,31.0751,65.6926,149.0850
355.2624,32.5043,66.2526,149.7858
356.4110,32.9201,68.1332,149.6650
355.7822,33.4558,68.9114,150.3127
355.9200,31.9363,71.0548,148.4969
354.3932,33.8893,72.5731,147.3600
354.2777,34.1913,75.7181,145.0777
353.3172,36.0384,76.8883,144.4646
351.2420,37.8969,79.8794,142.7007
332.0410,34.9545,81.0884,141.6897
336.1590,39.0347,84.8109,138.4026
337.5366,40.9475,88.3215,135.8358
320.3161,36.2532,88.5455,136.1029
326.7629,36.5695,88.8729,135.6624
325.6586,36.5768,87.1977,137.1138
323.0508,34.1867,86.0810,138.5000
323.5528,35.5404,85.6336,138.3968
325.1587,35.6001,85.4439,138.2215
325.9017,32.9571,85.0329,138.7647
322.0714,31.5383,84.4651,138.6391
316.6016,34.5670,85.2560,136.1434
311.3403,36.7433,85.2793,133.4276
308.8344,41.8472,84.2073,130.5714
310.1184,40.9774,82.5042,128.7544
309.7433,41.2460,79.3885,128.1668
309.3919,41.9368,76.8944,127.5210
308.8610,36.9688,74.1621,126.9455
310.1331,38.0004,71.3093,128.0136
309.5307,34.9600,69.5652,128.1260
310.6954,37.0320,67.5372,128.4741
309.8766,39.6982,67.0667,127.1542
308.6092,36.8484,67.0315,126.2464
308.3044,40.7395,67.1070,124.7441
304.9941,40.5463,67.8677,122.0271
304.3434,39.9297,68.0922,121.1249
301.9219,40.5543,69.4890,119.7013
298.4948,40.7019,71.3698,117.9730
297.3170,46.8653,74.5456,114.5362
297.2202,45.4175,75.5509,113.1345
295.4839,48.3225,76.1929,113.1543
296.1314,48.2142,74.9838,113.9443
293.7359,48.3840,76.0617,113.6861
292.3985,46.6558,76.3286,113.0021
292.5518,46.9781,75.4895,114.4834
292.8312,47.9766,75.0126,115.0732
289.7564,47.2938,74.5180,115.8316
286.8654,45.8249,73.5539,116.8981
286.5454,45.7682,72.6993,118.1181
284.0771,46.8399,72.1387,119.1084
279.4452,45.1968,72.6807,119.1361
276.6079,48.3740,74.4489,117.7913
272.5774,47.2636,75.1652,116.9713
272.7088,49.2879,75.0192,117.6031
270.2044,47.6350,74.3600,118.5046
271.1657,50.8114,73.6177,118.7121
269.6163,50.2443,72.8118,118.4441
271.2522,48.9047,69.9419,121.2482
269.0136,49.2339,67.5813,123.1157
270.6609,48.9894,66.3154,122.7227
271.9734,50.5417,65.0402,123.4299
272.9157,51.2551,64.3698,122.3548
273.1916,50.5177,63.8756,122.3245
272.1141,50.8650,63.3424,122.3925
273.5579,53.5417,62.9924,122.5025
274.5541,50.1366,61.9706,124.0495
274.2851,52.5987,61.8512,125.0706
273.5728,51.9649,63.3643,123.3069
272.4659,51.4938,64.2935,122.0111
274.1358,54.9922,64.0021,122.9463
276.4203,55.1346,65.6265,120.8366
274.2041,56.5303,66.6411,120.0437
274.7856,58.8827,68.9750,116.5164
275.2626,60.0065,69.9636,114.9715
273.8875,59.9758,69.9701,114.9119
275.5716,57.6995,70.2347,114.7767
262.2906,56.8324,70.1194,116.4977
268.5154,55.4913,69.1474,118.1350
274.5705,53.6124,69.2500,118.5726
262.0768,53.9780,69.6280,118.9132
268.8408,49.5673,67.1487,122.9217
270.0362,47.1722,66.4719,124.9979
268.6937,48.9895,66.8511,125.7850
268.9017,48.6923,66.7177,127.0440
268.2088,48.1822,68.1575,127.2707
269.1295,44.4754,68.4742,128.3518
268.4215,43.4028,69.4569,128.1470
268.3667,44.6260,69.5461,129.0746
270.1045,35.8723,71.2403,130.3459
271.4647,42.4675,73.4061,130.1328
271.4856,43.7521,76.2023,127.4423
272.9225,44.1718,78.3601,125.2021
275.8304,43.5258,78.8689,124.9661
280.9164,43.0093,79.3278,124.8130
285.2218,44.9949,81.4160,122.4165
286.7244,42.1839,78.6300,124.5614
289.7007,43.6773,78.8713,123.5996
292.4413,43.0226,77.9444,122.9474
295.7210,45.0027,75.9115,123.9239
297.8889,46.4731,74.8186,123.7280
299.5235,46.3865,74.0803,123.1014
300.1438,49.4566,73.2600,122.4635
308.2210,45.3316,71.4988,123.4394
307.4958,47.1058,69.4854,123.4636
308.2104,46.7743,69.2570,121.9229
311.8788,47.2824,67.6616,121.7588
313.2238,47.0062,67.0465,120.3571
315.0547,46.7960,65.4602,121.0483
317.4519,49.1286,66.3407,118.3716
316.8827,52.5677,66.9010,116.1908
317.6696,54.0357,67.2294,114.6135
320.2702,53.9676,66.6295,114.1195
321.4086,54.4837,65.3913,114.4819
323.1328,54.7080,64.5090,114.2927
323.1574,56.8388,64.3150,114.5229
324.6973,56.9224,64.3466,113.7906
326.2287,58.8493,63.3569,114.9699
327.5752,58.5906,61.9629,114.7733
326.7744,60.4916,62.0322,113.9212
327.1486,62.6700,61.1734,113.4250
327.5607,59.8626,59.2615,115.1836
328.9178,58.0117,57.5304,117.0945
328.2055,59.1357,57.3783,117.6084
330.3492,59.1150,56.8555,117.7600
328.2838,61.2418,57.8451,116.3964
332.1644,61.7428,56.2576,116.9279
333.4378,61.0985,56.4615,116.7109
334.9209,60.9203,56.0945,116.5219
334.9442,62.1618,55.6076,115.9185
337.0582,62.8767,55.2019,116.0768
339.8767,60.9040,54.7914,115.9402
339.1230,56.2173,55.2764,114.9241
339.0792,61.7900,56.1232,114.8080
341.2520,54.9236,56.6488,114.3405
341.5978,62.2834,57.6088,114.5063
343.9997,56.3359,59.6975,113.4307
345.0691,64.8554,60.7150,112.4815
348.0865,65.9800,62.8399,109.0756
356.8638,64.8925,62.3777,109.0047
364.7026,67.5054,62.7514,106.5696
370.7033,70.0881,65.8091,101.9186
370.8651,71.0251,65.3966,100.5658
371.4975,71.0220,62.5205,102.7773
374.3369,70.1141,62.3719,101.6897
375.5419,67.6687,61.7495,101.7166
378.1367,73.5635,62.4793,100.4657
382.2893,70.4494,63.6068,98.9889
382.6714,74.6254,63.3377,99.5986
384.7834,69.8924,64.2612,99.7496
383.9499,70.8954,65.2595,100.4154
383.5365,69.9533,63.6203,102.6953
384.0399,67.2052,63.6403,102.2886
381.8923,70.8239,62.4780,103.3955
382.4033,66.6964,62.4265,102.7132
381.4331,69.8131,61.5815,102.8362
380.9755,68.0153,61.2183,102.8720
378.9667,73.5030,61.0915,101.7404
379.2741,75.0331,60.7579,99.9678
377.5961,76.1591,60.5908,98.5886
377.9278,77.6339,59.9132,97.8677
378.0231,79.2464,58.3488,97.4983
377.9581,81.3058,56.1848,98.1095
377.5016,79.8115,54.4755,98.7420
377.4514,80.8032,53.8612,98.3606
378.9793,83.7218,52.7401,98.0757
381.7475,82.9851,50.6085,98.9884
381.6887,84.1468,49.8832,99.2786
381.3990,87.1775,50.5309,98.5854
382.2981,89.5801,50.8128,98.7172
383.0953,92.6077,51.9888,97.5424
383.2992,95.9965,53.0708,95.6046
385.7715,94.7537,52.8246,96.0850
386.9953,91.8897,50.9166,98.6370
387.8416,91.3669,50.2981,100.4058
387.9467,92.3542,50.8329,100.4498
387.7132,92.4536,51.9261,99.2525
386.6222,92.7295,52.9663,98.6956
384.8178,87.3523,52.8205,102.0703
383.5938,94.8003,54.7953,100.4792
382.8103,91.1218,54.7484,103.2174
381.3939,86.0331,55.5719,105.5486
380.8362,93.2634,56.7181,103.8558
380.9697,93.2814,57.7299,102.8683
379.7789,98.9851,57.4194,103.1429
379.9749,97.3986,55.9957,104.1977
378.7206,96.9953,54.6057,104.6394
376.8469,96.0109,53.8357,104.7627
378.3346,101.0564,53.5819,104.2498
379.8641,104.1074,52.5504,104.8008
379.3527,103.4267,52.2135,104.7171
379.6273,103.3799,51.7118,104.4710
381.6961,106.0160,51.3748,104.6202
383.1125,107.5250,51.6704,104.0332
382.4189,106.2177,51.7694,104.1785
382.9332,104.4609,51.5085,105.0377
382.8314,102.6059,51.4977,105.4450
383.7892,107.4355,52.1479,104.1956
383.8872,105.1853,51.9411,105.3791
383.5052,104.8410,52.2501,106.5027
382.8422,104.2463,52.4964,107.5088
373.1263,108.3082,54.4557,105.3148
377.7420,113.2284,55.0316,104.3119
377.9002,111.7207,54.5435,105.4041
379.8661,120.1032,57.8939,101.5268
378.0390,116.3488,58.4156,102.5968
368.7660,120.6950,58.3598,102.5910
374.6510,126.5835,61.2975,100.9352
374.5342,127.8239,61.5354,100.0529
372.1513,125.9961,63.0293,100.4266
370.6240,132.8091,63.6323,98.9202
370.4189,138.0176,65.2763,96.6888
369.8798,133.6403,67.7864,95.4337
359.4481,136.9749,67.7310,95.9894
364.7128,144.7675,72.0311,91.1130
367.3878,144.1967,73.4031,90.1109
366.0135,145.3825,74.8687,88.5873
364.6722,146.5845,74.1897,89.0215
362.3844,146.8470,73.9678,89.4843
360.1160,146.4903,73.6139,89.9256
359.1682,147.7179,74.3378,88.8205
356.5295,148.3932,74.5339,88.3406
353.8032,148.1226,74.2660,88.3665
354.7200,149.4114,74.2423,88.3391
355.8344,152.3051,74.4943,87.2231
355.6768,150.1765,73.5927,87.4446
344.8531,146.2672,74.8796,87.6640
348.7567,146.1756,74.8981,88.8798
350.8013,145.4641,73.3871,90.2356
341.1586,143.5095,74.4595,90.7042
348.3589,138.6808,70.9749,94.6871
351.2755,137.7141,70.6467,95.3699
343.1916,133.3689,72.2806,96.0300
348.3401,132.2704,67.8677,100.6403
353.7697,132.2726,63.6069,104.6127
355.5923,130.2366,61.5366,106.5734
357.0904,132.9698,61.1932,106.0842
358.3604,129.6185,59.4030,107.5709
358.3547,130.6586,58.5938,108.6055
359.6662,132.0380,58.0961,108.9226
361.2137,133.2205,57.3611,110.6078
362.6051,133.6940,57.4775,111.6421
364.3506,134.0516,58.2808,111.5676
365.3068,135.9488,58.3118,112.2734
365.8704,136.1609,59.1262,111.9687
367.7827,138.9202,58.9477,113.3455
368.1977,141.0837,58.5385,114.2433
370.2480,139.2290,57.7215,116.2812
370.3032,140.3607,57.4956,117.0198
371.3746,139.6836,57.1733,117.5157
371.8465,140.5468,57.5627,118.5316
372.7174,138.9228,57.6730,120.2802
371.8186,137.4234,57.8481,121.6893
371.7267,136.6277,57.7558,123.7284
371.9759,138.4899,58.2938,124.2737
372.6535,138.7268,59.0312,124.9400
371.3850,136.0908,59.5189,126.8295
369.7386,132.9971,60.8764,127.9676
368.8414,128.0811,61.2372,130.4864
370.4783,125.9661,63.5178,131.7368
370.5465,125.6641,65.8640,132.1972
371.7040,123.7240,69.1069,132.9550
373.6976,138.0015,74.5584,128.0090
373.4952,134.4435,77.6837,126.3300
373.1089,130.2426,78.9497,127.4256
376.7823,139.6123,81.3291,125.5995
376.7597,133.6302,83.4964,127.0169
377.9317,136.3866,82.4660,130.4426
378.9151,128.2706,83.0845,133.3058
381.8602,133.0655,83.8093,134.7877
382.4189,133.8447,85.6309,134.5459
384.9753,136.6509,87.6543,134.1864
382.9805,137.9220,89.2222,134.4382
380.6783,137.9793,90.8239,135.2894
379.9615,134.9144,91.9752,136.9006
381.2047,136.0921,92.7993,137.6753
378.4708,129.8897,93.7542,139.9665
377.3375,134.2768,97.8716,138.7378
376.8890,128.5912,99.0717,140.0789
376.6358,131.0424,100.3651,140.5897
374.9586,127.6471,100.6416,143.0599
375.8796,129.5504,101.4850,144.0408
376.7126,126.7120,102.4882,145.4843
377.6945,126.2416,103.5290,146.3192
375.1788,125.4438,102.9488,148.8588
377.1470,125.7205,105.1330,148.4935
374.5221,121.9022,103.6327,151.1145
376.6925,120.5777,105.0623,152.0725
363.8424,115.4258,106.6314,152.9036
373.4623,114.3118,103.7627,158.8054
375.9595,117.8221,103.8174,159.9037
377.6240,109.1935,104.1960,163.7136
381.3762,117.4176,106.0565,162.6603
381.3856,109.0560,106.4682,166.0577
366.3904,109.1174,107.2216,166.5115
373.3103,107.5207,106.5137,168.9247
377.5158,109.2012,110.0499,166.2832
380.9149,111.3523,111.6540,165.7506
379.5557,113.1995,112.6970,166.4348
379.3839,114.9944,114.6135,165.5744
380.4954,116.4419,116.3768,165.6918
378.9358,118.1100,117.7536,166.2097
378.9228,118.9756,119.2223,166.3019
379.0008,119.4692,120.0919,166.9497
380.1721,118.4666,119.4901,167.6188
385.2103,119.2238,118.4764,168.4644
371.4063,113.7048,117.8919,169.3229
381.3344,114.6765,116.8647,168.0714
389.5516,120.5241,115.6300,167.6062
391.6555,122.0459,115.3121,167.1560
394.9855,120.7856,114.3719,167.6852
396.1926,123.8523,115.4544,166.0532
397.5934,122.2556,116.1390,165.8705
401.5606,115.7539,112.3884,170.4733
403.8646,112.7535,111.2450,172.3230
405.7265,106.5082,108.8825,175.8899
406.7201,103.4064,107.8015,177.4690
407.6670,99.2637,108.6088,177.8867
407.8030,99.5964,108.8967,178.4415
407.6188,102.7083,109.9449,177.1496
409.0919,102.1872,107.9726,179.4438
408.6877,104.0000,108.9210,180.2912
409.4805,103.9891,109.5770,180.7777
407.3555,107.4811,111.3497,179.4001
405.2028,110.7463,114.2686,177.5352
406.6162,106.8252,112.6630,180.3710
407.0951,111.8851,112.0890,181.5542
408.0657,107.4407,112.2888,181.1811
407.1815,114.6798,113.0728,182.2457
406.6177,113.4655,114.1389,182.0720
406.1632,110.1457,114.3935,183.4231
406.5950,114.2679,114.0350,183.8285
407.9489,112.1705,115.5999,182.6711
408.2918,111.1006,116.5608,182.7365
405.9420,113.8740,117.5552,182.7364
409.0138,108.8096,116.0911,184.3793
410.0663,111.5864,116.4752,181.1272
412.4072,112.5270,114.1377,180.7173
415.0879,113.4301,113.3314,180.0390
419.4769,113.2729,117.0850,177.2165
418.1861,115.1540,119.2102,176.9996
421.2988,110.5302,118.7063,179.4468
423.7396,109.3790,117.4834,181.1098
425.4398,111.7970,122.1893,179.4339
423.4503,111.7892,126.3483,177.0135
422.6281,112.5081,129.4876,175.6730
420.9661,113.2286,130.8249,177.7427
420.7996,114.3217,132.4894,178.9005
420.3053,115.8437,136.1665,177.7622
420.6176,114.5426,138.3938,177.0403
421.6992,112.3269,138.4187,178.1500
423.1825,111.5792,137.6136,181.0656
423.3202,110.4686,136.9339,183.2175
423.3918,113.0389,136.7142,184.3390
424.2223,115.6867,139.8994,180.5791
424.1089,116.0435,142.1329,179.3000
425.3064,116.2714,142.7680,180.3649
424.7360,113.5564,146.7716,179.0464
417.8962,115.7964,149.1397,180.3107
414.6407,124.0885,151.4433,179.5092
385.7626,131.2797,151.5621,178.2621
397.7050,127.4180,152.6430,177.3585
408.1028,122.4711,149.4141,181.1037
409.4232,118.7590,144.9504,187.0598
408.9390,116.3926,146.2665,187.6370
411.2327,113.3597,146.7108,188.2268
407.3743,111.9777,150.0549,188.5409
407.5305,105.4958,153.8410,188.0119
405.0531,98.7430,156.5438,188.6985
408.4293,101.0655,160.5250,187.1435
382.8073,94.6458,159.6672,189.6344
396.9168,100.1665,164.0309,187.5869
391.6900,93.0684,168.9104,188.3930
391.8171,88.2504,172.8368,188.2804
388.8217,88.0993,177.8971,187.5844
391.4230,82.3461,180.4495,187.9806
387.4117,83.0472,184.0369,186.2233
391.6375,79.4751,184.2339,187.3328
387.4232,109.3930,189.6066,181.2356
378.8011,95.1651,193.6118,179.3049
403.6351,84.7286,195.7336,180.6720
369.8307,68.0637,192.2149,186.6577
374.3996,94.2267,193.7562,183.3637
390.8081,70.3080,189.3414,188.2063
398.4805,59.2938,186.8498,192.7449
397.4082,88.7523,191.7438,188.7288
359.8084,72.2485,188.5689,192.4592
371.9836,59.9293,187.3885,195.4204
382.5938,50.7615,186.5770,196.8804
388.3542,48.0039,184.9620,196.6942
387.6545,53.3526,187.0690,192.1955
391.3409,57.3144,188.4969,189.0102
390.7722,58.1958,189.6158,187.7848
388.8877,57.4884,188.9029,187.2111
389.5910,57.9898,189.7436,184.6129
391.1199,52.6948,188.6047,184.7450
389.4463,51.1700,188.6418,184.2679
390.0818,51.5852,190.2936,182.9927
390.6299,49.0008,190.0513,183.5371
389.9938,47.7656,189.0021,183.3323
395.7058,48.9701,186.4710,184.3165
397.5102,46.2728,187.6976,183.7893
397.7713,44.6993,188.1893,183.8434
397.0247,41.8991,188.4073,185.3585
400.1817,44.9024,187.6714,186.8503
397.2068,48.4535,187.7966,187.0992
398.7717,46.3237,187.0920,187.8441
399.5639,50.1150,188.5010,187.0792
398.4989,49.9901,188.5022,188.1412
396.1005,53.9297,191.5004,185.9113
399.1697,55.5326,192.0600,185.7035
397.4313,59.5803,192.7234,185.5870
401.6532,62.2392,196.5434,182.7837
365.1440,65.3534,196.2619,181.5564
375.3211,65.0990,198.0634,179.8121
386.1730,67.3789,198.7394,179.4032
395.6770,70.6960,197.3767,180.3091
398.1758,71.1316,197.9236,180.5626
400.0415,74.9164,197.6225,180.7859
399.6588,78.7667,197.7280,181.9483
399.2859,82.3829,199.5311,182.3667
397.9659,81.8280,200.1930,182.9207
363.8985,82.4371,197.0024,185.5866
372.9003,81.9702,199.8448,183.8133
382.2428,84.7430,198.8741,185.0177
388.4650,89.2096,196.5164,185.7767
394.4276,88.1888,193.9328,188.5248
392.2040,94.4595,195.4432,187.3839
392.6894,96.7837,195.8728,187.2951
394.4529,97.4206,195.9225,187.9402
394.8669,99.4834,195.7513,188.6826
392.9474,101.5078,196.4703,190.4864
359.7218,98.7622,196.2023,191.6687
366.7271,98.6881,198.4381,190.1822
375.0273,105.1797,201.5912,187.9363
382.9277,101.6427,197.5127,189.3208
384.8202,104.5747,196.3678,189.6011
391.8649,101.2469,194.3508,190.0932
393.3120,100.2048,192.5413,191.4552
398.9866,99.4348,190.2397,192.1068
400.0869,97.8830,190.4428,193.0752
394.4315,92.4552,189.4066,195.9786
388.6732,101.7520,189.3118,196.7337
392.3827,104.9296,188.8202,196.8568
389.1016,100.0367,187.1504,200.3952
397.5933,104.2570,186.5823,200.3232
400.5577,106.2990,186.3987,200.8477
403.1093,112.6344,189.0618,199.3583
399.9750,102.1712,186.3269,204.4850
397.8307,103.7605,188.7090,204.1631
398.3322,107.4896,189.4515,203.5154
400.2656,103.9993,189.1168,204.2663
397.1159,100.4509,188.7846,206.5422
403.9704,101.2512,187.2687,207.2136
405.4714,100.0754,188.6022,207.5488
404.7582,94.8828,188.2041,209.1278
407.6998,89.5440,187.0283,211.4798
383.8804,86.3218,187.4855,211.5307
395.8286,83.1459,185.0224,212.8894
407.7246,90.6292,186.3408,210.3948
382.8341,92.2145,186.9653,210.5147
399.0353,95.4512,188.1669,209.1988
399.5070,95.4536,188.2901,210.3203
396.6722,116.2702,192.5871,206.3377
401.7839,103.9381,192.2173,207.9179
397.9126,94.6429,189.4241,211.8440
401.3787,94.5420,190.8481,210.7610
373.7357,95.4382,190.6431,212.1788
385.1114,94.3414,193.1450,209.1255
391.6478,94.3972,189.6937,209.6355
389.3946,98.1399,192.9351,206.1053
382.4022,101.9650,196.4174,202.5278
381.1705,104.6208,197.8291,200.1471
380.8563,99.0554,194.1411,201.8224
385.0734,94.3920,191.2873,202.8914
386.3808,94.2352,190.0721,202.6615
376.1423,94.9110,190.5308,200.7493
382.5318,97.8453,191.4633,197.8184
388.5432,105.5744,194.4844,193.3881
386.0236,112.0931,197.5558,190.4625
351.7040,97.5436,190.6887,196.8696
358.5738,98.5390,191.4462,195.3168
361.7547,89.7373,186.4890,200.0287
363.1678,83.7284,183.8879,204.5889
358.9925,84.2518,182.5320,206.5467
360.3118,87.6562,183.0081,207.0292
359.4651,85.9873,182.7470,208.5904
356.3275,90.1158,184.1606,207.9656
358.0717,89.7186,184.8442,207.6151
355.5144,90.5218,185.9059,207.3295
355.1259,91.7598,187.1593,206.4399
352.6788,90.5438,187.3873,206.2867
351.5268,91.1443,187.3193,207.1713
352.2470,90.3270,187.6864,207.5430
349.6890,88.8854,187.8844,207.9075
350.9218,90.5913,188.0170,207.2826
347.6860,87.9528,188.6163,207.2689
346.3736,85.7006,186.5849,209.2028
346.8242,84.3490,183.7966,211.8872
348.6314,83.2160,182.2726,212.7503
346.5437,83.3220,180.1443,214.6454
352.3549,86.2406,178.7145,216.0831
350.5791,86.5534,179.4446,214.6176
350.4141,90.3146,178.8107,215.3302
345.3316,90.4908,179.2144,214.3828
352.3493,92.2652,179.0123,213.3142
354.8595,91.5233,178.0451,214.1846
351.5805,94.2223,179.5224,211.6359
351.2431,101.0652,180.7439,210.1139
353.9957,101.0107,182.4529,208.6570
340.7054,103.3854,188.9438,203.4332
342.7806,101.0484,189.3289,203.5843
318.6866,92.4288,193.4435,203.0210
332.1861,91.7617,195.6799,201.5862
308.0257,84.9076,195.1542,202.8540
324.7642,79.6122,185.0792,213.1375
331.6856,85.5889,184.6733,213.4900
305.2391,79.6007,182.4892,213.7558
316.5238,77.8691,180.0861,215.7065
326.5107,85.9884,181.0791,215.9641
329.5356,93.3681,184.8210,212.6253
328.1822,103.1216,192.9552,207.5185
324.1728,110.5602,198.2593,202.1203
303.1745,99.9801,201.3611,201.6045
316.4908,102.6594,205.0626,201.0937
314.5283,105.2399,207.4760,199.4443
313.3909,104.6798,207.0008,198.2008
309.1114,101.3428,206.8314,198.2108
306.7085,100.9191,204.1613,199.7675
306.8052,98.3895,202.3034,200.1410
307.1265,101.3157,200.3337,199.6917
307.2067,97.4238,197.2412,199.8245
305.5862,97.7169,194.3401,200.8039
309.0048,96.1248,191.6984,202.7962
305.7675,96.6462,191.6921,200.7293
301.0862,94.2406,191.1842,200.3997
300.3391,90.6704,188.7481,200.5806
269.3398,89.4888,196.2981,195.7078
283.0017,96.5607,201.2066,193.8940
297.9225,97.8578,202.0490,193.8116
301.2000,104.6789,208.6339,187.5087
299.2906,109.0513,214.0614,183.6248
263.5874,105.7296,218.0970,182.4074
272.5661,105.5808,210.5253,184.4687
276.7196,110.6218,203.6687,184.4647
282.8742,108.6497,191.2548,189.3330
286.0029,111.9826,181.0208,190.6541
283.3987,113.8725,176.6194,189.1429
289.9309,112.3674,169.8527,188.8059
287.2040,111.5449,164.9996,187.0648
289.5987,108.0529,155.9124,188.9040
294.9981,113.5107,150.6905,187.1661
272.1388,111.5346,153.3601,186.0693
290.1403,114.9522,153.6290,184.6926
269.0619,114.9798,155.0060,185.8505
286.8839,120.4829,152.0904,185.4874
297.5865,127.3702,149.7513,180.7472
298.3685,126.9563,146.0627,177.7812
303.3483,131.8050,144.0535,175.1591
305.7435,132.5508,141.0326,176.1727
308.9645,132.3952,139.4254,176.7348
314.4994,134.9758,137.3595,175.9976
317.5949,136.7300,133.4293,176.6924
317.3086,137.3757,131.2173,176.9782
316.6941,143.7152,131.5288,175.1469
323.1890,144.6101,128.9169,176.7254
324.6016,141.2309,123.1031,180.0181
328.3100,143.2650,119.3128,180.1039
329.8397,145.9623,117.7553,178.9883
324.6806,153.1312,119.7456,174.0976
326.7721,155.7245,121.1054,172.1893
329.3192,156.8021,120.2080,171.2377
326.5329,159.3904,120.4378,168.1761
327.3275,158.9570,123.6798,165.9295
333.3610,161.1145,124.8375,165.6802
335.8511,160.4921,121.2825,167.3813
338.8622,159.7436,119.6982,168.0941
338.9549,167.5444,121.6861,164.2200
340.9164,167.3464,122.5767,162.7414
340.0846,169.7917,123.1199,160.1173
335.6493,175.4565,125.9708,155.0795
337.6155,175.9622,128.7929,152.7518
337.3373,183.6333,132.9720,146.4058
335.0630,185.0015,135.3421,142.3793
336.2618,186.8128,135.0968,140.1200
335.8164,184.8454,133.7600,140.1163
333.4778,186.1569,133.3447,138.9141
338.2968,184.7366,131.7526,141.2690
341.3371,178.7872,127.3655,145.1013
344.9225,180.9658,123.1798,146.0236
353.0249,176.6670,117.2287,150.5992
349.9359,181.9053,115.3343,148.3771
355.0779,176.1398,111.0022,151.2286
359.5085,176.8623,106.3976,152.4695
356.8361,181.6425,105.7362,149.2954
361.0695,176.4681,101.5737,151.1741
361.1683,176.2135,98.7598,151.5734
360.4399,177.0130,96.8585,150.6737
363.4923,174.7324,93.3895,152.3970
366.1443,174.6006,90.6017,152.7662
366.0468,176.5544,90.0281,150.7614
364.1722,177.2466,90.0504,147.6587
363.8020,174.9970,89.7379,147.9815
365.2978,172.2941,89.2129,148.3633
362.6560,171.3834,90.8273,146.6975
360.7321,169.6535,91.0903,146.0615
360.5235,168.6401,90.3515,145.1612
358.7167,166.6201,91.2765,142.0187
357.3837,168.7738,90.0553,139.5404
356.8896,164.1921,88.6343,139.1521
358.9565,163.5627,86.4634,137.0448
358.4161,158.4292,85.4698,136.5449
360.2389,156.7594,82.7920,135.6592
362.2885,155.7729,81.6497,133.5147
361.4105,154.6644,80.4515,131.2211
363.1519,148.2910,78.8945,132.2973
361.3400,154.7076,78.2121,129.9352
365.0254,146.8057,75.9725,129.4817
368.2927,148.1367,74.9571,126.7487
368.4369,152.8183,74.0608,123.8652
371.2444,147.0799,72.1521,124.2263
372.8091,152.9605,70.8720,121.3862
374.3688,153.3847,68.8405,119.4721
376.5665,144.4537,65.5755,121.8769
377.0221,146.2506,62.5229,123.2747
379.4937,140.4271,59.5924,125.8732
379.5378,137.4477,57.7284,128.2985
378.5171,142.6071,58.6808,128.5491
380.9422,138.6315,59.3554,128.3430
404.0069,112.8279,59.1796,130.5240
380.7139,134.4480,60.5496,128.3423
381.1809,135.2778,60.5981,128.7499
378.4451,136.7747,61.7980,128.8147
374.7911,136.6653,63.8633,127.1768
372.8244,133.2444,64.0855,125.3393
369.9927,132.5626,64.3663,123.4375
368.9821,134.1250,63.2925,123.0921
368.9474,136.4623,62.5643,123.1953
367.8526,139.1922,62.5497,122.1805
365.9269,139.6492,61.8134,121.6023
364.7109,142.3623,61.6462,120.3205
362.9444,142.1403,61.0032,119.0345
361.2860,143.3374,62.3236,116.1036
359.2575,144.9619,62.7874,114.3761
358.2082,145.1438,62.7288,113.3975
357.2008,145.7705,62.2880,113.3633
355.0611,148.1110,62.2497,113.0049
353.7093,145.4622,62.0558,112.4491
353.4284,149.2591,60.4038,113.5013
352.8058,148.1699,60.5797,113.6003
352.0103,148.6247,59.7834,114.8518
351.7768,147.5956,59.3830,116.0286
351.7755,150.2215,57.7144,117.6451
351.3859,150.8533,57.1782,117.5179
351.5970,152.8030,56.3973,118.5324
351.0405,153.3055,56.1440,119.2050
350.4981,158.0599,56.0040,119.6995
348.8557,158.9265,56.2663,119.2983
349.0615,158.1149,55.9364,119.7817
349.1172,162.0779,55.7111,119.8493
349.0885,160.4802,55.6822,120.2930
349.0002,161.3391,55.4102,120.2951
348.2960,162.4873,55.3376,120.5962
349.0511,162.9240,54.8504,121.8936
348.7955,167.1923,54.7039,122.3995
348.3249,168.4472,54.4760,123.1398
348.4275,168.0481,55.0460,122.5034
347.8902,170.3356,55.2143,122.1957
347.8730,171.1208,55.4572,122.0487
346.9670,170.7102,55.8451,122.1799
346.4370,170.9919,56.1521,122.3062
346.2382,172.0452,55.9864,123.0354
346.0839,171.9613,56.0065,124.1529
345.1583,172.8245,56.3115,124.3901
344.7575,171.8801,56.4519,125.4252
344.0073,174.0066,56.8447,125.4890
343.1177,174.7432,57.0038,125.5876
342.4779,175.3740,56.9850,125.7543
341.5527,172.0768,57.2420,126.4018
340.1176,172.7342,57.9778,126.0779
339.5906,171.4992,58.5882,126.6962
338.3949,172.2879,58.4358,127.6514
337.3021,171.2304,58.7061,128.3562
335.7852,174.9131,59.1786,128.7169
334.8377,176.3784,60.3181,131.0472
332.9211,175.1284,62.0437,130.5585
331.0678,177.4967,62.8819,130.3980
329.3548,178.7575,63.6256,131.5249
326.8351,180.0405,65.1018,131.3876
323.8239,180.3369,67.1908,129.9375
322.1419,181.9834,67.6939,130.9329
319.0323,181.6503,69.2801,130.2891
317.0650,181.8049,71.2021,129.7072
314.5887,181.6526,72.9729,129.1906
313.8421,182.1191,73.3636,130.7147
312.8473,182.0726,74.0215,130.4534
311.3873,185.7656,74.1505,130.8639
309.2159,184.0982,75.8190,129.2169
308.4167,183.3126,76.8558,129.3296
306.1306,187.1590,77.7681,128.2614
304.2731,183.0586,78.3881,127.9628
302.4354,190.4290,79.9482,125.2463
299.3350,185.7375,80.8115,125.1564
295.1644,191.6913,79.6426,124.1661
292.1495,190.4024,77.6617,124.4868
290.2081,192.4606,75.3974,124.5016
287.0542,193.4520,73.6471,124.0081
285.6275,193.5992,72.5832,122.3671
282.8270,194.9744,71.4267,120.9226
279.3827,196.4556,69.5764,120.1336
278.7828,194.2915,68.5758,119.2706
277.3572,200.6663,66.4442,120.7555
274.4900,196.7353,65.6553,119.1703
273.2813,197.7852,64.6527,118.6929
270.3383,197.4727,64.4553,117.7084
268.6591,196.8314,64.6125,116.5305
267.3505,198.0662,63.6323,117.7943
264.6705,196.3985,61.9679,119.2137
262.4407,195.3815,61.5602,119.0908
260.3313,199.0192,60.5496,120.8712
257.5098,198.0092,61.0378,119.5020
254.4845,197.2444,61.9014,118.4025
251.8716,197.5651,63.1237,117.7512
248.6776,198.9595,63.7874,118.0223
245.0581,197.9584,64.7075,118.0265
242.2654,198.1025,65.6170,117.5351
239.9686,199.4735,64.7916,119.3750
237.6983,198.9832,65.8880,117.9815
234.5262,199.4825,65.1883,120.1115
233.7816,196.6024,65.4309,120.1165
230.5811,197.8452,66.2042,120.5128
225.8571,197.2670,66.8364,121.2167
223.2842,195.2171,68.1053,120.6941
222.2041,193.9327,68.3975,121.5886
219.0743,195.1137,69.7227,122.0729
216.3077,195.4114,71.5151,122.0635
213.7272,193.4887,71.7404,123.6938
