1
233.2239,158.8304,34.4596,69.2480
234.8616,164.1124,34.0729,70.3817
227.5033,162.4520,34.1779,70.9048
230.9115,164.8203,33.4529,72.4993
231.9555,169.4278,33.3088,73.6238
229.2339,175.9161,33.2778,75.2580
219.0785,178.8737,33.1532,76.1040
229.5777,183.7101,34.0842,77.4242
250.6239,167.7006,35.3349,77.5147
2
0
0
0
0
1
143.0034,303.3018,53.4691,49.4481
123.1563,296.7483,55.4016,49.5555
100.8875,287.1673,57.6123,50.0900
91.8514,287.0280,57.5349,51.7480
71.5879,280.6546,59.2225,51.9875
62.5679,273.2680,59.5819,53.4706
57.5475,269.3721,61.0324,53.3859
36.9485,264.1403,62.6032,54.0726
45.0985,245.2220,60.2301,56.3715
52.3884,230.9620,59.7639,56.3471
110.7510,229.6228,63.8267,54.1467
165.4217,236.1068,63.1670,56.5235
194.0235,241.9810,66.3717,55.2692
218.7978,249.0349,67.4167,55.9670
226.4758,250.2728,67.1893,56.8171
233.9903,252.8313,67.4769,57.5106
238.8829,258.7700,69.8820,55.8927
245.6190,266.2381,70.6196,56.0315
251.5538,269.7492,71.0382,54.1493
262.6070,273.8364,72.1346,51.9392
270.6244,278.3478,71.9153,51.5631
284.0860,281.3588,72.3254,51.0039
299.9091,286.0533,73.8515,50.4439
316.8887,289.0491,74.1515,50.2567
331.1599,294.9154,72.9906,51.0716
337.3674,301.6414,72.1644,52.6734
330.3905,307.4834,72.1532,52.8643
345.7434,311.7929,73.2936,52.3265
373.9698,330.1278,73.8539,52.9486
369.4529,329.7363,73.7374,53.4210
363.2517,318.9997,73.6072,55.4200
374.9270,324.0996,74.6490,55.7011
390.3534,328.3318,74.7553,56.5140
406.1821,331.9117,75.0491,57.6305
420.5444,334.5549,76.1941,57.7683
429.7166,344.1761,75.0304,59.5095
436.6660,352.0117,75.1496,61.8728
415.3409,346.8098,74.2397,64.4516
397.7123,330.5298,75.7419,65.4860
381.5984,303.7397,75.2495,66.6933
367.8120,288.7638,75.6681,67.0157
357.7938,276.0363,75.7423,66.3365
340.5824,268.3660,75.6043,65.6143
324.6585,260.5448,75.2743,64.6407
307.9275,260.4875,74.5556,64.1109
286.3926,253.7870,76.2599,62.6008
280.2250,246.0767,76.2224,61.9634
266.0463,237.1281,76.6685,61.1653
243.2013,228.9240,76.9825,60.2417
230.3032,213.8542,77.2294,60.0667
217.3474,202.2399,76.8376,59.7869
195.8194,194.1021,76.9719,59.3855
169.5002,182.8736,76.6203,60.2938
148.9660,169.6280,76.7770,59.9111
126.4275,161.0495,76.6664,60.6110
121.6360,156.6192,75.9532,61.2218
112.8307,142.2729,75.7694,61.5797
104.0905,136.3530,75.9342,62.6138
91.2296,142.7995,76.8097,63.8786
99.3971,153.4467,76.3477,65.3818
114.1548,180.2311,75.6178,66.2149
120.8336,185.4418,75.8172,67.0678
116.1871,167.0910,74.9950,67.8912
115.8855,171.2764,75.7578,68.1667
117.7634,181.7466,75.5771,69.2215
118.8859,193.9921,74.6217,71.9870
127.6928,202.2563,74.7714,75.1179
159.5650,209.0872,72.3506,79.1836
189.6042,212.7578,69.3613,83.0236
214.4769,222.2662,68.3715,84.2882
2
0
0
0
0
1
143.6382,66.6836,44.1432,72.8198
147.4458,66.2115,44.9752,74.2256
153.5147,75.1167,48.1261,72.8602
158.6884,75.9907,48.8635,73.9313
160.5743,77.1434,49.3050,74.0040
166.4452,73.9767,50.0983,75.1775
186.5817,72.4442,50.8151,76.4106
193.1207,68.4776,51.9643,75.8409
187.9109,64.0156,51.2740,75.0640
181.8086,61.3517,50.8974,73.5510
176.0786,59.5449,50.2413,73.2132
172.0386,64.8422,49.3873,71.2167
155.3012,63.9568,49.4920,70.7595
135.7287,74.0559,50.0859,69.1345
127.2407,82.4921,50.9447,67.9208
120.7560,91.0046,52.5895,66.1672
114.0446,101.9158,52.5436,66.8848
108.5013,110.2979,51.9097,69.0839
99.4377,114.0281,53.2897,68.4925
96.2415,110.8671,54.3445,68.9739
96.2522,124.9683,53.8444,71.7792
94.7911,134.3680,54.3132,72.8955
95.6748,133.3451,55.7543,73.9035
101.0157,130.3108,58.8880,73.5194
108.1167,124.4726,61.1106,73.6084
108.0380,117.5512,60.5494,73.9370
101.6403,112.6219,60.7339,73.5462
96.6955,101.9642,61.6674,70.7270
