1
230.6915,137.5018,55.4729,67.4213
229.2270,138.1072,54.5359,68.1437
223.3969,139.5181,54.6222,69.1799
218.6794,135.8270,54.3259,70.7232
218.9581,134.4468,53.7684,71.5187
219.3163,132.0234,53.0520,72.4292
218.8281,128.6160,52.0582,73.3335
218.9997,122.7675,51.7150,73.2253
220.2713,116.5705,51.1321,73.8577
209.2939,104.0691,53.4849,71.4177
201.1046,100.7009,56.1302,68.3446
201.4945,101.2723,57.3083,67.2019
200.3057,100.4031,57.7268,66.9811
199.2731,95.4317,57.8293,67.1110
191.6424,93.2729,59.3274,65.5301
191.4211,94.4432,59.7699,65.1552
189.3373,93.3404,61.9707,63.4269
188.9429,92.7264,62.7594,62.6802
188.6232,91.1839,63.3988,61.8143
189.2823,91.4307,64.0525,61.3209
189.0745,91.3785,64.4681,61.4252
190.0521,92.4803,64.4952,61.2040
190.1767,94.1621,64.2460,61.7991
190.4250,98.0995,63.7495,61.8637
191.7795,101.8096,63.0185,62.3560
193.8602,107.6483,62.8060,62.5250
196.1369,108.1940,62.2000,63.4072
198.3125,108.9044,61.8048,63.9645
199.3208,108.8812,61.7689,64.0110
200.7441,108.6932,60.9030,64.3870
202.0385,103.8557,60.2871,64.1974
203.7746,97.6052,58.7750,64.9376
205.3131,91.4561,57.6456,65.5500
206.5423,85.6027,57.1263,65.6223
208.2248,80.0643,57.6251,65.1078
209.2286,78.2788,57.5494,64.8151
210.0829,75.5284,57.7670,64.5374
213.0360,75.1707,57.6367,65.2527
213.5015,74.6887,58.6400,64.2823
215.1438,76.5110,59.2261,64.5084
215.9423,79.2347,59.5771,64.9054
216.9660,82.8600,59.4896,65.4943
216.8687,87.2241,59.6843,66.6046
216.8169,90.8188,59.7878,67.3675
215.9869,96.1925,59.4462,68.6293
215.9422,101.7825,59.5356,69.5432
217.1941,106.3330,59.0630,70.5981
219.7713,113.0227,57.9883,71.4981
221.2428,117.5434,57.0817,72.6386
224.9043,123.7280,55.8763,74.5435
224.9121,124.2286,57.9093,73.5424
226.8279,124.9221,60.2770,72.1553
230.1236,120.9853,62.0194,71.6951
231.1462,114.9630,62.0786,73.2179
232.8525,107.4353,60.7949,75.5002
235.9006,99.6169,58.9851,78.2775
240.4465,91.9155,58.5184,78.5863
240.3030,85.5183,58.8055,76.3074
238.3528,80.1906,60.5825,72.0997
237.0335,81.5312,61.1336,69.4185
239.8984,86.3674,61.5685,67.9657
239.5459,93.2151,62.2735,66.5060
239.2871,95.9090,62.7911,65.1739
241.2350,101.1333,62.9254,64.8008
243.4011,101.9614,62.6162,65.1559
242.8182,106.4704,61.7699,66.1982
243.0832,105.2390,61.2399,66.6461
243.4570,104.8180,60.4922,67.4881
243.7317,104.4531,59.9429,68.2178
245.2408,103.8426,58.9418,69.4388
246.7761,104.4546,57.8913,70.2348
248.4420,108.3613,56.5748,70.4831
250.7044,110.5258,56.0459,70.1499
250.9300,112.0926,57.5790,69.0006
251.0064,112.7110,59.4174,67.7638
251.8575,111.7558,59.7170,67.6725
251.8533,108.6285,59.7255,67.9114
253.7092,101.6650,58.0227,69.7845
254.7022,93.9783,56.0367,71.0838
256.4707,85.8281,54.4980,71.3972
256.7382,74.1354,53.9631,71.0450
257.6588,67.2362,54.0860,71.0951
257.2261,62.5864,54.9512,70.5608
256.4808,62.1947,56.4420,69.3713
256.7524,62.4488,57.8774,68.8633
257.6146,63.7478,58.1470,70.2534
258.6360,64.0700,58.1241,71.6286
259.5807,65.6164,58.2753,72.6171
260.7150,67.9550,58.0649,74.1145
260.8244,70.2456,57.8460,75.7665
260.8142,69.9049,57.8665,76.4478
261.7186,70.1052,58.1678,76.0473
261.4809,72.4789,58.6432,75.5177
261.0690,75.3363,59.4669,74.0201
259.9564,77.9003,59.5931,73.0902
258.8867,84.3016,59.6458,72.8084
258.1156,88.6116,59.1046,72.5216
254.2362,90.6668,60.6530,70.4814
248.1107,93.6005,62.5856,68.7413
246.5216,96.1369,63.6963,67.8037
240.2277,93.0399,63.8605,67.7858
239.0369,85.7976,64.1691,67.7598
239.7357,73.5632,62.7714,69.3769
241.5606,65.1770,61.2020,71.5863
245.0151,56.6517,60.5618,71.9204
244.6301,55.0915,61.3318,70.8720
248.2532,61.2013,62.4078,71.1360
252.2036,68.8591,62.9149,72.6357
253.4006,73.0822,62.6541,72.7227
255.1941,78.8389,63.3280,71.8616
256.2874,82.1846,63.2694,71.5539
256.1682,84.5599,63.5078,71.0476
255.8666,87.0240,64.1108,70.3558
255.4841,87.2599,64.8758,69.8839
254.5546,88.0730,64.6130,70.3795
253.6237,88.5034,64.3494,71.6441
252.8560,89.7525,63.7440,73.4277
250.2950,86.1668,62.3894,74.1226
249.1610,83.8702,60.3618,74.4202
247.6317,85.0255,59.1811,74.2293
242.5145,87.7166,61.0251,73.0423
239.9661,92.9515,64.0128,71.0091
237.8939,94.5464,66.0315,69.9450
237.8662,94.2596,66.0870,70.5187
243.1142,87.6811,66.3460,70.7696
245.3668,79.7728,66.1587,71.4731
249.2778,71.6588,64.8379,72.5320
255.4470,64.9152,63.3117,73.0444
257.1920,62.7176,61.9675,73.1477
259.6145,67.6478,61.3746,73.9172
265.5318,74.9575,62.3098,74.1957
267.8907,81.7705,64.0349,73.4557
269.4892,86.9167,65.1658,71.8191
269.1267,94.9615,65.8908,70.8256
268.5442,98.0288,67.0558,68.9963
268.9332,99.7418,68.4204,67.7128
268.0963,100.2594,70.0940,66.6777
266.9227,100.4533,70.2875,66.2898
266.9192,99.5997,68.1439,67.9971
261.9072,98.5532,65.3043,70.0901
259.5977,99.0560,63.5277,71.2163
257.9672,99.9349,62.5464,71.5796
255.6228,100.9575,63.0132,71.6456
247.9947,104.3372,65.5523,71.2446
242.3148,110.4315,66.1430,71.9788
238.8936,112.0041,66.4613,73.1831
236.7239,111.2732,66.4039,74.6448
235.6751,102.9220,66.2812,75.8052
238.3539,95.6171,65.3962,76.9971
241.4414,87.0507,63.7022,78.4460
250.1985,78.7203,61.8370,79.4579
250.0219,70.2165,62.1902,78.6993
249.9536,69.9011,64.5416,77.1152
251.3144,71.6321,66.2773,75.8818
255.6391,78.2682,68.8150,73.7968
254.8021,86.8332,70.4892,72.3854
252.9524,95.1876,71.9385,71.4262
252.4369,99.9896,72.9696,70.8530
250.8278,107.0920,73.9229,70.2375
249.4938,108.5267,74.3210,69.6382
247.4634,109.4701,73.8481,70.0180
245.2779,109.0717,73.6883,70.8149
241.0073,105.0368,73.1274,72.0580
239.2262,101.0701,72.1170,73.1324
238.6508,96.0205,70.9802,74.0820
235.5533,95.2055,68.0380,75.7120
235.2363,94.8978,66.4090,76.3274
229.6954,97.4154,66.2586,75.7852
227.2974,105.2836,66.5833,75.6983
225.7793,106.3530,67.3800,75.7991
224.3164,105.0714,68.0519,76.1085
224.4876,98.7185,67.7095,77.4674
226.5355,90.5576,65.8988,80.0795
229.8884,82.4815,63.7853,82.4548
231.6003,73.9382,62.6597,83.4532
236.0667,67.0926,62.9074,83.3736
238.1835,67.3352,63.2699,82.8883
242.9100,70.5368,65.2996,81.0783
242.9358,73.7894,67.5498,79.1766
243.2068,79.4325,69.3164,77.1258
243.4775,86.9583,71.0805,75.9062
242.8660,89.7396,72.3036,74.9725
242.3775,95.6663,73.2806,74.7152
242.4559,101.0576,73.1237,75.5857
240.3508,100.4957,72.6504,76.7095
238.5224,101.2160,71.6033,77.6207
236.4318,100.2083,71.0855,77.2868
235.5741,100.3156,70.4649,77.0722
234.2556,100.9634,68.4562,78.0993
234.8303,100.5264,67.3068,78.9733
235.1085,100.4554,66.7503,79.1153
232.6380,100.8762,67.1013,78.2738
228.4201,101.7085,68.6741,76.6092
227.9218,102.0953,69.6706,75.8355
226.7835,94.8642,69.6563,76.5523
225.0374,90.8207,68.5448,77.7337
225.9014,81.6230,66.8167,80.0118
226.6233,71.6750,65.3729,81.4284
224.2683,62.9755,63.1579,82.6688
223.1652,54.9351,63.0727,82.7103
220.3511,48.6147,64.1198,81.6076
218.7471,48.9583,65.0370,80.9204
217.3408,49.2079,65.5545,80.4212
216.7735,49.5200,66.6891,79.7970
216.0332,51.1691,68.1697,78.8032
215.3976,55.0670,69.4408,77.9465
215.1762,59.4079,69.8836,78.5451
215.2000,64.8018,69.8360,79.4396
216.1079,67.0123,70.3698,79.7179
213.4634,75.4014,68.5715,81.8392
216.6592,75.7001,69.2789,81.2418
216.3949,83.8098,69.8077,81.6022
216.2025,87.6511,70.1925,81.0673
217.0332,92.5583,70.9115,80.7750
219.4117,99.4908,70.9296,81.2349
220.5344,100.7597,71.0790,81.0920
222.8577,106.6885,71.2225,81.2099
222.3633,105.6171,72.2115,80.9534
223.8874,103.9317,71.5743,81.9131
226.4978,95.4718,71.1850,81.9228
227.9749,88.2849,70.6404,81.8386
230.8539,79.9102,69.6817,81.7906
230.9868,75.0635,69.4160,81.9500
232.4742,67.7879,68.8229,82.2113
233.5773,60.8972,68.9928,81.7357
235.2770,54.8736,67.9649,81.9251
237.1814,47.4661,66.5141,82.5927
238.4182,39.3260,66.3852,82.4598
239.6008,33.6880,66.3604,82.0328
242.2396,33.5554,65.7502,82.2980
245.3071,29.5232,66.5986,81.0510
246.0707,28.9402,67.3939,79.8946
246.1292,28.9089,69.5944,77.6399
247.7021,30.7206,71.0840,76.3342
246.8745,32.5781,72.7392,74.9405
247.2587,34.3147,74.2964,73.7929
247.9177,40.2928,75.3106,73.4972
248.9146,48.0710,75.6602,74.3446
249.1432,51.8888,75.2030,76.1579
247.1067,58.9193,76.8923,76.3986
246.8141,60.1019,77.4776,76.4474
244.3006,65.7881,77.6565,77.1951
239.3457,61.6625,77.8118,78.1306
236.6697,55.2897,78.2524,78.5972
230.1434,47.8066,78.9546,78.7430
224.8152,39.2253,79.6772,78.5216
224.5472,37.9898,80.2133,78.5012
216.7288,31.7220,80.8537,78.5398
214.0246,31.5489,81.2420,78.8860
209.3908,32.4415,80.4230,79.6224
206.6012,32.8283,80.9615,78.8490
205.2522,37.8199,81.1428,78.9322
198.0803,38.9872,80.3617,79.1184
198.1324,42.4624,80.2575,79.7025
195.8354,44.9504,79.8134,79.7647
192.2699,47.4372,79.4053,79.8172
188.9153,49.7669,78.5923,80.1726
184.3656,53.1369,77.6908,80.9333
180.8692,57.9705,77.1899,81.2576
178.9062,59.9389,76.1259,82.3108
177.7662,64.5353,75.9113,83.0964
174.8220,66.0285,76.7929,82.6135
168.9754,67.9286,78.4463,81.3231
161.8947,72.2567,80.0280,80.2147
160.5396,76.2134,80.2146,79.8719
161.3874,76.1950,81.0402,79.9088
167.1466,73.6778,82.1948,79.8738
171.7174,64.5187,83.2620,80.3267
176.1931,55.7137,84.6150,79.9039
180.0495,47.6999,84.6739,80.3881
186.8658,39.8603,84.0373,80.4723
193.1635,33.5703,84.3947,80.0995
194.7533,33.3690,83.8053,80.5021
199.9194,31.8620,83.8225,80.9287
203.2082,30.9729,82.4338,82.7069
206.3971,29.2365,81.2572,83.5790
213.0464,26.8367,80.9376,83.1871
217.3290,24.4075,80.1261,82.8762
220.3624,24.5806,79.1931,82.5300
221.6993,26.2934,79.0659,81.6512
227.5732,29.2739,79.9727,80.7519
227.2412,33.4890,80.6366,79.9150
230.8139,37.5142,81.0763,79.4498
236.0646,46.7299,80.6867,81.2419
237.6303,53.6372,80.1054,82.7275
244.9122,62.6700,78.3627,85.1757
240.6483,66.7731,79.1658,84.6940
232.5945,70.8904,79.7928,84.1997
231.3470,75.6756,79.7055,84.9587
238.6926,77.3014,77.9785,86.8927
237.0047,68.3211,76.1632,89.2807
216.3158,50.4724,78.4906,88.5309
207.8848,35.0907,79.5782,87.7453
200.5736,26.2723,81.0294,86.9426
195.8458,18.8874,82.5506,85.8435
189.9373,19.2751,83.7605,85.0681
186.9065,16.7674,84.5047,84.7660
177.2908,21.8151,82.4106,85.3334
178.2038,25.3649,80.5847,86.1584
176.0543,28.0525,79.6326,86.0342
176.3303,33.5588,79.0807,85.4554
176.5499,37.5218,78.6414,85.3012
172.5067,39.2290,78.9843,84.4681
171.2887,42.0837,78.8464,83.9062
167.3304,44.9278,79.0750,83.3433
163.7281,47.4147,78.6069,83.4846
159.6778,54.3060,76.4982,85.0160
154.6275,59.7991,73.8855,86.7431
155.4236,61.4861,72.2933,88.4242
155.4636,66.8200,72.2132,87.8676
155.2564,69.8775,72.6278,86.7884
151.7952,76.1147,74.5342,84.3461
150.1787,78.4088,75.2662,82.2587
150.3559,75.2157,74.9118,81.2048
152.6718,65.5292,75.1960,80.9133
160.0187,54.2033,75.2504,81.4433
160.6511,41.3731,73.9855,82.4323
167.5944,31.3321,72.4108,82.8152
171.9784,25.9383,70.9722,83.8304
176.8882,20.0586,70.8955,83.4111
178.0945,20.0970,70.9110,83.3344
182.7577,20.5342,71.2928,82.4600
184.0361,20.7555,71.1557,82.0173
185.2636,19.6925,71.1113,81.7327
190.1990,19.6131,70.8628,81.8914
190.8966,19.2310,69.4676,82.6557
191.6429,19.2023,67.9750,82.7130
193.1385,25.4709,67.3540,82.0269
194.8657,26.8554,66.2493,81.6074
195.0073,30.8286,65.9660,80.6370
194.9891,35.6034,66.0023,80.3107
195.2609,42.5868,65.4588,80.1522
195.2495,48.7196,65.4816,79.3373
195.1533,54.6698,65.6740,78.8271
194.7791,57.3408,66.4225,78.0314
194.5177,59.9557,66.9452,77.3478
192.2657,60.0763,66.9075,77.1065
191.0471,59.9890,67.0782,77.2812
190.7820,53.2218,67.6083,77.1837
189.4721,47.5287,67.9492,77.1754
189.2692,41.8173,68.3551,77.1768
189.2459,36.1079,68.4015,77.1416
189.1970,34.0144,68.4995,76.7466
189.0444,33.9966,68.8046,76.7822
188.6239,35.0234,69.6457,77.0205
188.4255,34.8741,70.0424,77.3190
189.3537,36.0740,70.5059,77.2392
187.0617,37.0145,70.4378,77.6843
189.8872,37.4333,71.7827,76.8466
190.0290,37.0424,71.4991,77.6285
188.9595,36.6510,71.2900,78.4113
186.5989,37.6023,71.2975,78.8654
183.0742,40.9035,71.2549,79.3552
180.5686,42.2012,71.5242,79.1307
174.6093,46.9097,71.5839,79.2007
171.6616,51.9398,72.7318,78.6357
165.9121,62.1728,74.6976,77.2361
157.7724,72.7561,74.2291,77.6027
152.0424,83.1300,73.7344,78.3731
148.5656,92.4633,73.5028,78.8674
146.1363,96.2142,73.5631,78.5629
145.1199,104.4787,73.2005,78.8016
142.7600,107.0717,73.1337,78.4023
140.2139,108.8568,73.4538,77.2180
