1
591.7805,201.4604,45.2241,36.3344
587.7521,201.2221,46.7483,35.5483
584.6655,200.4190,47.3032,34.9951
579.6688,198.9574,48.8618,34.1307
574.8036,197.2313,49.9694,33.2585
573.7640,197.1963,50.2917,32.2779
573.4772,197.0217,48.9995,32.5752
577.3756,198.5356,44.5125,35.1780
583.4247,199.8003,38.5441,39.5512
583.1221,199.5436,33.7169,43.6303
582.6149,197.8580,29.8637,47.0204
582.1564,194.1337,27.6892,47.8471
581.0623,191.0277,26.5973,47.7682
579.8801,189.7831,26.0604,47.3793
578.8416,188.5033,25.6629,46.9288
577.6024,189.1908,25.4207,46.4606
576.6234,187.6211,24.9431,46.0258
575.6826,186.1901,24.5544,45.2874
574.9758,186.5834,24.3669,44.5338
574.7466,186.3816,24.1258,44.1675
574.2903,185.9818,24.0459,43.5503
573.5878,185.4877,23.9673,42.9344
572.7955,185.0303,23.7961,42.4509
572.8082,184.7197,23.8408,42.3289
572.2229,185.1174,23.9452,41.7582
571.6841,185.1876,23.9981,41.3808
571.0184,185.2710,24.2167,40.8179
570.1420,186.0093,24.0384,40.4154
569.7068,185.4828,23.8587,40.3680
569.7435,185.7597,23.8279,40.3481
569.2201,185.7177,23.4709,40.6974
568.7906,185.5198,22.9845,41.2033
567.6570,184.0933,22.1993,42.0860
567.6467,183.9362,20.2445,43.4902
568.0730,183.1068,19.8189,43.0828
563.8889,181.2533,22.8322,40.7235
561.3336,182.4803,26.1619,38.2995
558.9039,182.4237,29.4820,36.5113
555.5038,183.5233,32.5600,34.9280
552.0335,184.2749,35.4135,33.7958
546.2554,184.6951,38.9156,32.4780
543.7422,184.2966,41.3712,31.2656
543.5009,184.9736,43.0801,30.4622
541.8380,185.7417,44.4301,30.3761
540.6067,186.4514,45.4951,30.4974
540.7429,186.7697,45.9242,30.9458
540.4713,185.8191,46.3882,30.9934
539.9103,187.9579,46.4552,31.1401
540.3129,186.4397,46.7675,31.0988
541.1724,188.8649,46.6297,31.5387
541.6377,188.2072,46.5949,31.6084
542.8867,187.8321,46.4929,31.5896
543.2954,190.6917,46.2029,31.9220
544.6598,189.8730,46.0163,32.1955
547.1470,190.5452,45.0884,32.9405
553.1909,191.8769,41.2151,35.6013
557.8022,195.0807,36.1993,40.1054
563.8087,193.8057,33.2324,42.2688
569.1964,189.1416,36.2108,39.4949
569.3962,189.6327,40.3827,36.4968
570.3397,191.1927,43.6907,34.2302
571.2116,191.8262,46.1749,32.8147
572.6221,192.8456,47.8875,31.8645
573.5835,194.7373,48.7375,31.7220
576.1332,195.0726,49.1950,31.6527
577.7106,196.3231,49.6584,31.5965
579.8192,196.5499,49.9435,31.8037
581.5217,197.8208,50.0827,31.9484
583.6292,198.2232,50.2000,32.3403
584.6761,198.5399,50.4877,32.7296
587.3926,198.7862,50.5859,33.1092
588.6212,198.3951,50.9154,33.0684
590.4458,199.3330,50.9103,33.0673
593.1158,199.8412,51.0062,33.1093
594.8586,199.1366,51.2723,32.9435
596.4167,200.1887,51.3948,32.8527
597.7642,200.3976,51.6152,32.6831
600.0123,201.2084,51.6894,32.5681
601.9945,201.1390,51.8826,32.5005
603.7559,201.5606,52.1232,32.4374
604.3334,202.1491,52.0730,32.4341
606.7081,203.4317,52.0289,32.2852
607.7553,203.3046,52.3428,32.4273
609.0994,203.3115,52.6075,32.4339
610.3420,204.5567,52.6809,32.2619
611.3404,204.5676,52.8621,32.2849
613.3901,205.5779,52.8434,32.0102
614.0997,205.4672,52.9541,32.1508
615.6118,206.3344,53.2068,31.9036
616.1174,206.4107,54.0139,31.6553
617.8013,206.7266,55.6687,30.2741
618.1669,206.9320,57.6443,29.1443
617.7050,209.1541,59.4686,28.8075
618.6592,208.5426,60.5268,28.7275
619.5963,209.4696,61.2416,28.5521
618.2431,209.8802,62.0410,28.7457
619.4979,209.8718,62.1316,28.9180
619.1574,209.8326,62.2666,29.1075
619.4505,209.9151,62.2353,29.1857
619.3153,209.8416,62.2078,29.2644
619.5317,211.2064,61.5841,29.6772
618.5553,211.3540,58.6049,31.3169
617.4594,213.5322,52.2456,36.0785
617.9039,216.8497,45.8430,41.1770
618.5235,216.8583,39.8356,46.0240
617.1278,212.4491,37.3000,46.4769
616.0109,210.6229,36.4462,45.8157
614.6727,209.6985,35.8093,45.0073
613.6497,210.2609,35.4380,44.5294
612.2440,209.4062,34.9505,43.9350
611.4705,208.5932,34.2859,43.3542
610.0361,207.9026,33.6282,43.0484
608.7117,207.8147,33.2433,42.5491
606.5170,207.0647,32.9322,42.2184
605.1528,207.3368,32.6704,42.0635
603.2540,206.9238,32.4681,42.1656
601.4574,206.1051,32.1912,41.9082
599.8311,205.8141,32.0578,41.9849
598.6802,205.8258,31.8141,42.0414
596.4798,205.0243,31.5802,41.9108
595.2798,204.8953,31.4741,41.9635
593.1693,203.9456,31.2898,41.9164
591.5593,203.3377,31.1227,41.8358
589.9434,202.7322,30.8810,41.7778
589.3980,202.6896,30.9063,41.9324
588.4038,202.5074,30.1387,42.5485
590.6511,204.4717,27.0271,45.1116
589.8346,203.7520,24.3301,47.4617
590.4007,202.6818,26.4210,45.6145
586.9336,201.6935,28.6264,43.6720
586.3726,198.2346,32.0376,40.5765
585.8185,198.4889,35.5087,38.0709
583.2700,199.2424,38.4034,36.1139
580.9700,199.9431,40.1746,34.9738
581.3412,200.7156,42.2509,34.1218
579.5778,200.4603,42.8512,33.9513
579.1194,200.0178,44.1369,33.3969
578.9368,199.9215,44.8318,33.2969
578.3928,199.6712,45.4579,33.0232
578.1218,199.9611,45.7273,32.9537
577.7162,200.2289,45.7443,33.1353
578.2307,199.6623,46.0807,33.2226
578.4022,199.8813,46.2225,33.4966
578.2028,199.0993,46.1329,33.2944
578.6086,198.7061,45.8565,33.2121
579.1820,198.3971,45.5789,33.2149
580.6064,197.6535,45.2906,33.0603
581.3860,198.7098,45.1463,33.0380
582.0613,198.4488,44.9944,32.9711
583.1660,198.7618,45.1328,33.2922
583.6895,198.0025,45.1952,33.1249
585.2645,197.0483,45.3657,33.0933
585.4219,197.8399,45.6500,33.2722
585.8115,199.0628,46.3931,33.6572
585.6017,199.2496,48.1491,32.9396
587.1206,199.7215,51.0159,31.9839
588.3484,200.2267,54.1874,31.0078
589.2542,200.2417,56.7860,30.8182
588.9156,201.2254,58.0666,31.5887
592.1298,200.2846,60.1343,31.8948
593.7672,200.8367,61.7821,32.2136
595.4832,199.9838,62.5103,32.0638
596.7241,199.4064,62.9167,32.2052
597.6253,199.3581,63.5330,32.2710
599.5657,199.6453,63.8066,32.3479
600.2925,201.3274,64.2776,32.5132
605.5985,200.5390,63.7090,32.9093
625.2410,178.5605,60.8650,35.8623
617.6009,176.6292,60.2137,36.2176
612.1700,174.6833,59.9317,35.9471
601.5847,175.1787,60.6500,35.9888
591.2374,174.9788,62.5728,34.6523
585.2034,176.3986,65.2546,33.9565
579.9313,178.6139,68.7607,34.7551
570.1165,177.9672,70.2290,35.7782
556.7614,179.3932,72.2144,36.5453
546.3174,178.5799,73.6285,37.2436
2
0
0
0
0
1
612.2299,197.5564,57.0182,46.3070
612.1340,196.1249,59.0494,45.3409
612.0149,197.2929,59.0514,45.4407
610.5970,199.3051,54.0461,47.2479
610.6050,204.4889,46.6526,53.3689
611.2946,205.2004,40.2041,59.8482
612.4828,203.1992,35.8447,64.7792
611.3745,200.1236,34.2522,66.5571
610.6954,198.3775,33.7464,66.8120
609.5240,197.9258,33.3432,66.8213
608.8179,197.4141,33.1861,66.0413
608.2545,197.4852,32.9169,65.1803
608.0546,197.3165,32.5879,64.6669
608.2237,198.8777,31.9102,65.2916
606.9099,198.5337,31.3689,66.1286
606.1570,198.5506,31.0384,66.7307
605.3790,198.0855,31.1352,66.5960
605.1283,198.5728,31.2419,66.3729
604.1327,198.4042,31.0146,66.8398
603.2018,197.9052,31.1429,66.5308
602.5593,198.4363,31.3342,66.0630
601.8613,199.5213,31.2423,67.0091
600.7756,198.3887,31.5388,66.8530
599.9628,198.6896,31.8074,66.2547
599.1924,198.9108,32.0438,65.7085
598.1792,198.4061,32.0156,65.6395
597.3029,198.9054,32.0720,65.2407
596.4033,198.4407,32.0214,64.8803
595.4429,199.7008,31.9293,65.0313
594.4075,199.2357,31.9362,65.0969
593.6127,199.8030,31.9270,64.9858
592.6169,198.8268,32.0958,64.5773
591.5041,199.5696,32.1113,64.4508
590.6409,198.7327,32.2927,63.7431
590.7863,199.4074,32.6442,63.3697
589.6153,199.1807,32.5894,63.2190
589.9691,199.7725,32.8267,62.9223
589.4454,200.3525,32.7148,63.7279
589.4562,201.2477,32.7162,64.6991
588.8547,199.1362,33.3162,64.1659
586.8685,200.8823,34.4910,63.4204
582.3078,199.0630,38.0191,60.0499
576.3790,197.7706,43.6923,54.9455
569.0330,198.4223,50.4406,49.4236
565.2233,201.3190,56.5589,44.5472
559.5055,203.5981,61.9999,40.8452
554.6234,206.6198,66.4045,38.2290
552.4658,208.5469,69.3398,36.6635
549.4846,210.1844,70.9555,35.4608
545.7196,211.3324,72.4517,35.3271
543.1527,211.6766,72.9302,35.2225
538.6898,212.0778,73.6327,35.5424
535.6377,212.8289,73.8380,35.2503
531.1978,212.4047,74.0035,35.0968
526.6624,213.4197,74.2234,34.9237
523.4269,213.8871,74.2651,34.9182
518.4430,213.4904,74.6771,34.4566
513.8104,214.1404,75.0746,34.0888
507.8814,215.5933,75.7021,34.0434
504.4184,216.7390,75.4496,34.2040
502.8067,217.4245,74.0905,33.6957
498.6474,217.8774,72.7706,33.6641
494.2833,218.3032,71.8321,33.6129
488.7738,218.5708,71.3232,33.3362
485.7071,219.3122,70.8623,33.0099
479.9650,219.4425,70.7127,32.8280
475.1292,220.4642,70.6081,32.7352
470.8780,221.1104,70.4247,32.5754
465.8264,222.6713,70.7126,32.2540
461.4431,222.8137,70.7703,31.8744
456.8862,223.9102,70.6394,31.8303
452.3156,224.4340,70.4829,31.7827
449.2338,224.5131,69.9589,31.7289
445.6423,225.3574,69.3830,31.6145
442.5301,225.5255,68.7975,31.3400
439.6501,225.3602,68.1259,31.0132
436.0875,226.0598,67.5009,30.6419
436.0122,226.2627,66.6931,30.2056
432.9767,226.2558,65.7981,29.5802
433.3748,226.6206,62.8997,29.7716
435.1238,227.8149,58.3499,31.0255
436.8864,229.6156,53.7173,32.5195
437.5668,231.4590,49.5080,33.6662
436.4279,232.7452,46.3437,34.3979
436.3285,233.8397,43.9345,34.6474
435.5382,233.7903,41.9368,35.0408
435.1009,234.2031,40.5939,35.0066
434.2227,234.9216,39.5465,34.5139
433.9615,235.3424,38.7533,33.8097
433.0360,236.3016,38.2375,33.4202
432.5198,236.8545,37.8663,33.0819
432.4673,237.5299,37.4847,32.4040
431.6889,238.6820,37.2275,31.7450
431.6531,238.7379,37.0940,30.9313
431.2044,238.8190,37.1458,30.1502
431.0827,239.6350,37.1215,29.2648
430.5638,240.4949,37.3543,28.5909
430.2738,241.2234,37.7921,28.0399
427.5627,240.7033,39.0774,26.9809
422.3861,241.0563,42.4157,25.6079
414.9438,242.1522,45.1552,24.8498
408.4368,241.5503,46.1045,25.0572
407.6092,242.6720,46.1738,25.0627
406.9678,243.0397,46.5842,24.8431
406.3185,244.1081,47.0386,24.6020
405.9310,245.3761,47.0856,24.4889
405.2127,246.8974,47.1789,24.2940
404.3650,248.0067,46.9769,24.2015
402.8891,249.9708,47.2395,24.0345
401.4654,251.1582,47.3070,23.9777
400.8914,252.1463,47.2459,23.9824
399.9758,252.5603,47.2989,23.8186
399.2320,254.3907,47.3067,23.7197
398.8470,254.6430,46.9019,23.8586
399.4780,255.0684,46.4380,23.9032
404.6750,255.7975,46.3985,23.8862
410.2755,257.2124,46.3607,23.9783
414.4038,259.4262,45.5198,24.6333
415.4442,259.4303,44.0226,24.8358
416.8129,259.6424,42.7236,24.9773
417.4811,260.1814,41.6176,25.0130
419.1226,261.3742,41.0787,25.0380
419.2995,261.8565,40.8312,24.8800
419.6685,262.5905,40.6955,24.8073
420.9705,262.9595,40.6969,24.7090
421.4307,262.6128,40.4927,24.7196
422.9060,263.8014,40.3362,24.7020
423.2387,263.1867,40.5482,24.8658
424.1924,263.2744,40.9840,24.9246
422.6559,261.6162,42.4545,24.1811
416.6979,260.7892,44.6143,23.2024
407.4369,260.1116,46.5437,22.5922
405.9193,259.8084,46.1717,22.5198
406.9384,258.3505,44.8756,22.4328
409.6748,258.0591,42.6668,22.6962
410.1689,257.9806,41.1913,22.4967
411.2011,258.2683,39.8933,22.3296
411.4224,258.2640,38.9804,22.1256
411.9416,257.6754,38.1067,21.8775
411.8696,257.4093,37.5188,21.8566
412.9665,257.8034,36.9887,21.7142
414.1787,258.2982,36.5255,21.5937
414.8843,258.2015,36.1031,21.4016
416.3380,258.6494,36.0018,21.3157
417.8060,258.7085,35.8468,21.1871
420.3307,258.5551,35.7946,21.0517
422.2032,258.8523,35.8242,21.0321
424.0875,258.9996,35.8002,21.0382
425.7282,257.5447,35.7364,21.0175
427.9630,258.1750,35.6735,21.0243
430.9268,257.5633,35.3374,20.9304
434.5810,257.2300,35.0577,20.7857
439.9915,256.1760,33.8719,20.9583
448.8822,255.4547,31.5143,21.5566
459.8207,255.3386,28.6547,23.1118
467.4435,254.3263,26.6303,24.4470
472.4020,252.4207,24.3878,26.5947
477.2686,252.2616,22.6287,28.4921
481.5323,250.1117,21.6407,29.6803
485.5386,248.5904,21.0782,30.4206
488.9774,247.1923,20.8478,31.1339
491.9762,246.0238,20.8713,31.3662
495.5714,244.7507,20.9087,31.7639
498.9013,243.1639,21.0366,32.0695
502.1920,242.2891,21.1427,32.4220
505.2263,241.2701,21.2729,32.5398
508.7177,240.5336,21.3138,32.8853
512.1371,240.3506,21.1956,33.3820
515.5308,239.4106,21.2675,33.8803
518.7392,238.1634,21.4825,34.3995
522.8479,236.9323,21.5828,34.9846
525.8478,235.9237,21.8674,35.2106
529.4751,234.2514,21.9953,35.6414
533.0812,232.9231,22.0727,36.1494
535.9476,232.2082,21.9254,36.8213
539.1705,229.9757,22.1042,37.2745
542.2140,228.9966,22.1234,37.6315
545.7418,227.2007,22.1533,37.9953
548.4664,227.0501,22.3301,38.3972
550.5690,225.4110,22.5192,38.5940
553.3917,225.0741,22.9548,38.8531
554.9083,223.8388,23.6667,39.0921
557.5091,224.1085,24.6107,38.9880
562.6721,224.3934,25.3434,38.5830
561.7428,221.4273,28.0097,36.6199
560.7125,220.6692,31.3988,34.5414
554.7547,217.2304,35.5167,32.0101
553.2868,216.2397,39.1245,30.3698
551.1095,215.5570,42.5290,29.0698
541.7353,213.5047,45.5422,27.9315
536.2571,209.5560,45.2319,27.3729
537.1815,207.3710,44.5812,26.2434
538.8149,206.5552,43.9091,25.1438
538.8547,204.7466,43.5098,24.3156
539.5711,203.5827,43.1299,23.4406
540.2484,202.0596,42.7651,22.9491
541.6874,200.9343,42.4062,22.4601
541.7640,200.1990,42.0223,22.2799
542.7490,198.3742,41.7927,22.0851
542.8517,197.8481,41.4606,21.7492
542.6401,195.7035,41.2894,21.6450
543.7387,194.3521,41.3630,21.2980
543.6052,193.0134,41.1080,21.1019
543.8778,192.0685,40.8131,20.9169
543.8333,190.8369,40.5809,20.7466
543.8680,188.8437,40.4392,20.6259
543.8672,187.4321,40.2411,20.5742
544.3747,185.1414,40.0294,20.5991
544.5867,183.4299,39.9252,20.5672
544.9621,181.8113,39.7839,20.6419
545.9935,179.5222,39.6315,20.4880
546.1740,177.2618,39.3735,20.3509
550.8308,174.5934,38.5724,20.2528
559.6959,173.5423,35.6241,21.6808
570.8105,175.0547,31.7618,25.5816
572.5628,175.8039,27.5405,30.2492
573.6320,172.6297,24.8550,33.3857
574.4843,169.9610,23.9445,34.6265
575.1199,167.7970,23.6544,35.3773
575.0743,165.9256,23.2593,36.3969
574.5145,164.0534,23.2638,36.9276
574.1813,162.7902,23.1821,37.7853
574.5165,161.3078,22.9665,38.1529
574.3423,159.8040,22.8375,38.5741
573.7591,158.0255,22.7838,38.8331
573.3477,157.3417,22.8177,39.1703
572.6600,155.7915,22.8247,39.3788
572.2355,155.0767,22.7385,39.9200
572.1308,153.9211,22.5856,40.2799
572.4443,153.2456,22.2093,41.0717
571.4230,151.3265,22.2199,41.6454
570.4135,149.9415,22.0917,42.1355
570.9423,148.8112,21.7399,42.8000
569.6052,147.2581,21.6453,43.1101
568.4266,146.8588,21.4598,43.9458
567.9491,145.6663,21.1028,44.7481
567.2311,144.1207,20.8906,44.9552
566.9017,143.7327,20.5218,45.3869
566.2361,142.3912,20.4645,45.1756
566.4382,142.4096,20.2340,45.6692
565.9338,141.0128,20.2154,45.5000
565.6240,140.4631,20.1402,45.7860
565.5394,140.2975,19.9314,46.2408
565.0566,139.6130,19.8853,46.5667
564.8042,139.1529,19.7400,46.9886
564.1306,138.2752,19.7494,47.0952
564.1874,137.9442,19.6360,47.4194
563.3351,137.5723,19.5826,47.3540
563.5864,137.7878,19.3471,47.7295
563.0069,137.0564,19.2881,47.6521
562.4714,136.4813,19.2797,47.7348
562.8405,136.6320,19.1129,47.9240
563.7899,136.5646,18.2721,48.9569
562.9487,137.6104,19.0181,48.2698
563.6588,137.7502,21.0834,45.9228
561.5015,138.2775,24.5676,42.9507
559.6209,138.9875,28.0851,40.1351
552.8533,136.5423,32.6056,37.0587
544.9032,136.2919,37.4131,34.3992
542.0010,137.2206,41.6843,32.1978
539.8394,137.9215,45.0667,30.9100
538.0792,138.7913,47.2224,30.5445
534.5117,138.7980,49.3689,30.3982
530.7525,138.7268,51.8691,30.2666
526.5201,138.3261,54.3647,30.2921
522.6722,137.9691,57.6078,29.7954
518.7395,136.8466,59.2375,29.3969
518.2441,136.7318,60.8931,29.2423
517.6666,136.9708,62.2898,29.1516
517.0361,136.6574,63.3484,29.5321
515.8392,137.4131,64.3082,29.9053
516.3801,136.8887,65.0718,30.0998
516.6727,137.5128,65.6077,30.2636
515.5590,137.0267,65.5547,30.8828
514.9321,136.8341,65.6741,31.2841
515.3481,136.6742,65.9883,31.4830
515.2398,136.9516,66.0924,31.6180
515.0880,135.0658,66.4137,31.0798
514.6820,133.6517,66.2975,30.8190
519.2502,134.3211,62.7515,32.5327
526.8782,139.7609,55.5758,37.6137
538.0819,139.6521,48.7952,42.5898
538.5582,139.5548,42.0289,48.5109
538.3939,138.7470,36.0401,53.9414
538.8574,136.1523,31.7984,58.1524
542.5581,134.7655,28.0924,60.9893
541.8343,133.3320,25.5986,63.1146
544.7269,132.6293,23.5172,63.7057
543.3120,131.7123,22.3534,63.8584
545.2245,131.3239,21.3618,63.3322
545.3281,131.1979,20.4547,62.9097
545.4779,130.8128,19.8973,62.3480
545.4899,131.2568,19.3019,61.7463
545.7596,130.7044,18.8749,61.3155
545.8707,130.7825,18.5452,60.7915
545.1691,130.4456,18.3114,60.5279
545.6603,129.8683,18.0097,59.9628
545.0020,130.1249,17.7939,59.6810
545.7034,130.1949,17.5287,59.1608
545.4042,130.0532,17.3753,58.7008
545.2631,130.0624,17.1509,58.2182
545.4605,130.5065,16.9712,57.8537
545.1245,130.3135,16.9505,57.4584
545.2222,129.1250,16.9332,57.0159
544.8474,129.0785,16.9623,56.7087
544.8448,129.7469,16.8985,56.3936
544.8677,130.3006,16.7451,56.2067
545.4662,130.0376,16.6785,55.8605
545.4443,129.2204,16.6288,55.5374
545.4527,129.1949,16.6014,55.3639
545.0169,128.6131,16.6803,55.2530
544.8987,129.1868,16.6260,55.1318
544.6777,127.7492,16.5931,55.0275
544.5063,128.8228,16.4694,55.0043
543.1429,128.5612,16.5256,54.9097
543.7162,127.5874,16.4907,54.4067
543.1954,126.6836,16.6516,54.1764
542.4319,126.2299,16.8625,53.8186
542.6218,126.8059,16.8223,53.6207
542.5083,126.2139,16.8268,53.3140
542.6738,126.7054,16.9819,52.8816
541.1456,126.5448,16.9191,52.5144
541.2496,126.1818,17.0537,52.3212
541.2020,126.1654,17.0309,52.1960
541.4503,125.8008,17.0800,52.2046
540.1447,125.5165,17.0691,51.8793
540.6613,124.9959,17.0231,51.8362
539.3933,125.2610,16.9247,51.6846
539.8386,124.7057,17.0093,51.5406
539.4833,124.3150,17.6547,50.9182
538.4434,122.7377,19.9032,48.0737
536.9691,122.3903,22.2773,44.6869
535.3145,122.9393,25.4946,41.8858
534.8442,124.0857,29.0496,39.8889
534.6882,124.0376,31.5777,38.9613
535.0555,123.8574,33.2361,38.5917
535.4344,123.4644,34.6068,38.3441
535.5500,123.3360,35.8232,38.1461
536.0552,123.4860,36.7549,38.0561
535.7560,122.6010,37.4411,38.3180
535.8459,122.0301,37.7672,38.6616
535.2126,121.8320,38.1555,39.0821
536.0102,121.5107,38.7148,39.3165
536.3536,120.7615,39.7393,39.6541
536.1971,119.5157,40.7389,39.8355
536.0582,119.9795,39.6173,40.7191
534.7374,123.7841,34.3667,45.9343
534.9069,121.8834,30.7605,49.7654
532.4017,118.9110,32.2334,50.2358
530.0455,117.0810,35.2364,48.8241
527.0540,115.9621,38.8997,46.9554
521.9217,114.9485,42.9305,45.4021
517.1025,113.8874,47.3515,43.2836
513.0205,113.3418,51.3019,41.0862
510.4410,112.9546,54.3759,39.3450
509.7060,112.7799,56.6666,37.9465
508.0931,112.5680,58.0375,37.0193
507.1855,112.4395,59.0078,36.7057
506.1622,112.6927,59.5729,36.7658
507.2531,112.2292,59.8168,37.1975
505.4175,112.2763,60.1705,37.2875
505.2873,112.9202,60.4287,37.6860
504.4712,111.3764,60.5780,37.3037
504.2144,112.3076,60.5773,37.8889
503.4191,110.5028,60.7356,37.5819
503.5804,111.5360,60.6849,38.1476
502.4032,109.9320,60.6802,37.9025
501.9469,109.9291,60.6450,37.5801
501.7607,110.0066,60.4369,37.4797
502.0957,109.5780,60.5650,37.2828
501.8445,109.8930,60.6482,37.1337
502.1371,110.4638,59.9109,37.8415
505.7184,111.9188,55.9913,41.0594
513.0117,116.4064,48.7235,47.5321
519.3834,114.9881,41.9003,53.8727
521.1166,110.6080,38.2277,57.0040
522.7918,107.0849,38.4967,56.8033
523.2250,104.4061,40.7978,54.4425
522.1378,104.7973,42.4727,51.8893
521.2982,106.1178,43.6890,50.4157
520.0891,106.6317,44.6259,49.1456
518.8599,106.2472,45.1254,48.2907
517.8450,107.1687,45.0898,47.9225
518.0961,107.8408,45.0304,47.9663
517.0081,106.9400,44.7910,47.6132
516.3214,107.8102,44.6993,47.6597
515.6238,106.9879,44.6422,47.6533
515.5643,107.7279,44.3635,48.1723
515.7679,107.9491,44.1252,48.5216
515.7249,107.2890,43.7846,48.8316
515.2267,107.9072,43.5637,49.2363
514.3188,107.2589,43.4949,49.3360
514.5302,107.8056,43.4731,49.3373
514.2631,107.3088,43.3187,49.4984
514.4626,106.8670,43.2024,49.5054
513.6151,108.2874,43.0086,50.1792
513.8580,108.0884,42.6290,50.6418
513.9999,108.2768,42.1524,51.0666
513.9569,107.5598,41.7907,51.0354
513.8502,107.3199,41.3137,51.2908
513.0345,108.3975,40.1293,52.1006
512.7945,111.1571,35.8032,55.9695
512.7797,113.4477,31.3577,61.0135
509.9801,108.4133,33.4367,60.4194
505.7294,105.1237,38.6386,56.3397
502.1941,106.8489,43.7290,52.5690
497.5331,107.1676,49.3998,47.8871
494.4556,108.0271,54.4807,43.9912
491.3805,109.2726,58.3779,40.8070
490.9294,110.0411,60.9174,38.4441
490.7027,110.7779,62.3369,37.1012
491.2442,110.9739,63.2298,36.0943
491.4637,111.0169,63.8439,35.4336
491.4969,111.4318,64.4462,34.7796
490.8198,112.2198,64.8032,34.4459
491.5571,113.1154,65.1593,34.0500
491.6538,113.0901,65.1494,34.0590
492.4849,113.3142,65.0230,34.0230
492.9015,113.1564,64.9967,34.0041
492.7409,113.0294,65.0477,33.9404
492.8114,114.0651,65.4604,33.5108
493.5113,114.1401,65.4717,33.5498
493.6755,114.6876,65.6391,33.4726
494.8781,114.5319,65.6913,33.6542
494.5686,115.0117,65.5615,33.7366
496.3772,114.8680,65.4242,33.8446
497.4972,115.0107,65.5750,33.9185
498.1899,115.2397,65.6392,33.8542
498.7424,115.9488,65.6221,33.8945
499.5247,115.9689,65.6884,34.1056
500.6484,116.2161,65.6219,34.3388
501.7791,116.4829,65.7468,34.4719
502.5806,116.8507,65.9401,34.6489
503.7408,116.9476,66.1890,34.8228
503.4295,117.2694,66.0811,34.7948
503.1885,118.3559,66.6072,33.9896
504.3579,119.5329,66.9601,33.2948
504.9610,119.6587,66.7780,33.3379
505.6024,120.4846,66.9826,33.3352
506.1098,121.1426,66.9384,33.3890
505.5923,121.2886,67.0133,33.5590
506.6207,121.8462,67.1758,33.6729
506.2456,121.9646,67.2121,33.6328
506.8410,122.3923,67.3301,33.5508
506.3982,122.1978,67.2120,33.7480
506.5260,122.1647,67.1524,33.8160
506.9429,122.5938,67.1883,33.9852
507.2476,123.1337,66.8120,33.9825
508.5130,123.3529,66.8157,34.1482
509.5844,123.8844,67.0487,34.1416
508.9456,124.5100,67.1092,34.3260
509.4105,124.6014,67.0485,34.6876
511.0457,125.0751,67.0963,34.7725
511.1339,125.2205,67.1238,35.0597
511.0251,125.2257,67.1378,35.1713
511.6876,125.6643,67.1581,35.2441
511.7543,126.2775,66.7035,35.1600
511.8492,126.2957,66.4129,34.9972
513.4710,126.4815,66.0538,34.8359
514.2641,126.7155,65.8266,34.8292
514.8021,126.7990,65.6355,34.6221
515.6043,127.2286,65.5602,34.4692
516.6851,127.4298,65.4426,34.3683
517.7401,127.7412,65.4962,34.2196
518.9539,128.3353,65.4545,34.1254
519.7557,128.3673,65.4205,34.0096
521.4757,128.9180,65.4449,33.8102
522.5662,129.1271,65.6447,33.7955
523.4780,128.9775,65.8850,33.8044
523.8152,128.5208,65.8572,34.2744
526.5483,127.1881,63.7328,35.4143
536.6149,132.2975,56.8872,41.3694
542.7001,135.6834,49.8905,47.9568
543.9421,132.7872,43.5142,54.4367
552.5370,127.4049,39.1674,58.3412
556.9677,125.6300,37.0843,58.9799
557.9126,124.4533,36.0799,58.5437
557.9347,123.2435,35.5952,57.9236
558.7011,123.0880,35.2424,57.5050
559.7191,124.1403,34.8334,56.8771
560.4761,124.4612,34.4170,56.2269
559.6346,123.6417,34.1951,55.8100
559.7216,123.3717,34.0466,55.2296
560.6616,124.4523,33.8937,54.9319
560.1080,123.7449,33.6096,54.3459
560.8019,123.6246,33.4241,53.9690
561.6777,124.2092,33.3106,53.6363
562.1001,124.2015,33.0498,53.5110
562.7744,125.1742,32.3497,53.6136
563.2769,124.4494,31.2291,54.5234
563.6817,125.6085,27.9798,57.5632
567.2755,125.7610,25.0608,59.2804
565.2315,123.3033,28.1088,57.2122
563.8553,121.7274,33.0383,52.6693
561.0516,122.2677,38.3795,48.0872
556.8490,123.4503,43.6446,44.2414
555.6151,124.4137,47.4323,42.1326
553.3711,124.9688,50.1346,40.8808
550.1931,125.0050,53.5785,39.4017
549.9592,124.5768,55.7712,38.5057
548.2171,123.8231,57.2767,37.7473
546.8441,123.0555,59.1708,36.8618
545.2739,122.8255,60.5431,36.2246
543.7656,122.3973,61.6879,35.7051
543.5640,121.9686,62.6047,35.3598
542.9328,122.1403,63.1764,35.1760
542.5707,122.1599,63.5750,34.9993
542.7632,122.4674,63.9602,34.9332
543.2132,122.6682,64.2288,34.9092
543.3107,122.4269,64.2467,34.9195
543.5872,122.2093,64.2361,34.9003
542.7289,122.1986,64.2644,34.9984
542.9769,121.8177,64.4227,35.1658
543.3271,122.8025,64.4917,35.4221
543.8811,122.3753,64.3789,35.8372
548.5181,122.9524,60.1845,38.8059
558.5963,128.5177,52.4630,44.9213
560.0613,128.0426,45.2066,51.2479
567.5087,119.5910,43.8724,51.2384
567.7102,117.8694,45.3248,49.6663
567.1490,117.2832,47.0006,48.2571
565.7339,118.5409,48.0635,47.5642
565.3730,118.8950,48.3547,47.2825
565.1362,119.2466,48.5041,47.4299
565.0345,118.8857,48.5313,47.4767
564.9077,118.4854,48.4834,47.4904
564.5152,119.3234,48.4298,47.7091
563.8978,119.1866,48.3482,47.8097
564.1212,118.9944,48.3112,48.0572
564.3984,118.9744,48.2313,48.3916
564.1692,118.6455,48.2035,48.3186
563.8875,119.3626,48.1049,48.6324
564.8123,118.9604,47.9685,48.5377
564.8473,118.7607,47.7974,48.5215
564.3365,118.8087,47.7010,48.4397
564.9699,118.8916,47.5346,48.6453
564.5164,118.8550,47.3947,48.5543
565.1119,118.5628,47.3023,48.5181
565.4327,118.9594,47.3332,48.9517
564.9342,118.9036,47.2292,48.8477
564.7518,118.5686,47.2324,48.8504
564.9188,117.9727,47.1317,48.7268
564.7350,117.6431,47.3576,48.5934
565.2272,117.2632,47.7179,48.3768
565.4747,117.8230,48.8000,47.9187
565.6294,117.9341,50.5755,47.3195
564.5422,118.2931,51.8386,46.7465
564.2936,119.4147,53.4364,46.0105
564.7118,119.3290,54.8727,45.6429
565.5818,119.3304,55.8428,45.4925
566.0895,119.1291,56.3615,45.9179
567.2740,118.9462,56.9809,46.0648
568.2562,119.2231,57.5900,46.4454
569.1334,119.2283,58.3097,46.4052
569.2390,118.5476,58.6989,46.6221
570.3331,118.8564,59.1219,46.8121
571.5493,118.1091,59.1687,46.9177
571.9375,117.9180,59.0355,46.9308
572.6318,117.8436,59.0036,47.0495
573.3771,118.3152,59.0764,46.9443
573.3887,117.6525,59.0055,46.9181
573.5842,117.3523,59.0734,47.0542
573.4911,117.7007,59.2173,46.9229
573.4301,118.0272,59.2856,46.8766
573.4902,118.2098,59.2714,46.8588
573.9568,117.8051,59.4418,47.2090
574.2084,117.5945,59.6570,47.3129
573.7708,117.1006,59.4230,47.6737
574.8530,117.8102,57.2903,48.5126
573.7600,119.8594,50.6788,53.2107
579.6714,121.6485,44.4150,58.4548
570.5777,117.2089,43.1804,58.8403
565.0562,114.2985,46.5524,56.3889
562.0584,111.8624,51.0923,52.5129
560.7335,111.7968,54.8363,49.2831
559.4907,112.7077,57.4883,46.4283
558.6880,112.8661,59.4113,44.3223
558.9410,112.4989,60.6047,42.7328
559.2321,113.3676,61.4612,41.3429
559.2776,113.1699,62.0466,40.5664
559.8936,114.1586,62.4507,40.3720
559.8090,113.7908,62.5852,40.3375
559.6807,113.4175,62.9687,40.2276
558.5376,113.5387,63.8897,39.7527
558.4193,114.6031,64.8621,39.3313
556.5790,114.4926,65.8248,38.8126
555.4584,115.4607,66.7151,38.4902
554.2308,115.4431,67.1939,38.4436
553.6652,115.8724,67.6241,38.5562
552.7477,115.7503,67.7547,38.6345
551.5833,115.3383,67.6765,38.5617
551.1509,114.5330,67.6242,38.2697
550.0517,115.3011,67.4684,38.0420
550.0849,115.2830,67.3592,37.9524
549.0052,115.7965,67.1585,37.6566
549.7313,115.2599,67.4324,37.3182
548.8182,115.6665,67.3324,36.8025
550.0678,115.3727,67.3815,36.5473
549.2249,115.6498,67.3534,36.2083
549.8839,115.9760,67.2887,36.1263
548.8307,115.3331,67.1007,35.8964
549.6854,115.1084,67.1474,35.6932
549.3624,115.6815,67.1840,35.5083
551.5369,115.3065,66.5268,35.9646
556.0704,116.3643,61.7688,39.2226
566.5375,121.5208,53.9840,45.6048
571.6313,118.3591,46.9334,52.1617
574.4614,112.9451,42.4956,54.5979
575.5851,110.3525,40.4395,55.0497
575.7660,109.1521,39.2008,54.7957
575.5185,108.9118,38.3308,54.4112
575.3608,108.8838,37.6841,54.3413
574.6402,108.4035,37.4019,54.0819
574.6968,108.6050,37.0301,53.5568
573.8903,108.9121,36.9654,53.4982
573.8970,109.1696,36.2678,53.6847
572.1464,109.3547,32.9473,55.8480
573.7178,112.9913,28.4308,60.0288
569.7062,111.2280,31.0428,59.3447
566.0963,107.5906,36.2930,55.0935
559.7358,108.7443,42.1534,49.9945
552.0592,109.1044,48.5855,45.7007
549.7596,110.1071,53.7564,42.1171
547.0936,110.2238,57.6786,39.7596
544.5345,110.9534,60.2458,38.1095
544.2961,110.4368,62.2944,36.9291
542.9567,111.5136,63.4949,36.1498
543.1963,111.4211,64.2204,35.6894
542.8158,111.8133,64.6411,35.5890
542.4297,111.2937,65.1062,35.5791
542.6199,111.0472,65.3440,35.5819
541.5069,111.7429,65.5827,35.6119
542.6320,111.3396,65.5565,35.8646
542.2431,111.9410,65.7371,36.0819
541.0435,112.2156,65.6873,36.2207
542.7134,110.0331,65.7027,35.8793
546.7234,111.2538,61.9404,37.6436
557.1719,116.7368,54.1384,43.6712
558.5203,117.8613,46.7809,50.2662
566.4370,109.2401,44.0309,51.2376
568.5143,106.4784,44.3450,49.8037
566.6882,107.1165,45.2075,48.5640
566.0325,106.8521,45.7626,47.9099
566.1207,107.4000,45.8514,48.0184
565.2134,107.3048,46.0180,47.6103
565.3763,106.9030,46.1640,47.5023
565.4798,107.5017,46.2269,47.5569
566.1367,107.4053,46.3613,47.5821
566.1472,107.7138,46.3501,47.5015
565.9652,106.8529,46.4428,47.4272
565.7527,107.5123,46.4714,47.5752
566.0192,107.4303,46.5323,47.4957
566.2938,107.2653,46.3902,47.6927
566.2416,107.1320,46.2583,47.7175
566.7123,106.6361,46.1435,47.4380
566.8450,107.0158,45.9730,47.5807
567.0250,107.5553,45.7417,47.8661
567.3592,106.5297,45.4051,47.5511
567.0340,107.2163,45.1200,47.5401
567.6203,107.5724,44.5205,47.7060
567.8447,107.6192,43.6875,48.0155
568.4966,107.7569,41.5969,49.4003
569.2321,111.0626,35.6571,54.1580
566.5078,108.3025,34.9247,55.1747
563.2773,106.7070,39.2465,51.9145
561.9056,107.9042,43.5080,49.1496
560.1869,109.0003,47.5149,46.6317
558.2516,110.0090,50.5653,44.9770
554.3170,108.1257,54.2946,42.4720
550.3986,106.7131,58.1585,40.0068
549.5579,107.9310,60.7965,38.4018
549.1974,107.8547,62.7898,37.3666
548.3137,108.1858,63.8827,37.1587
548.4380,108.8999,64.7886,37.3082
547.5779,108.6631,65.6156,37.3546
547.7081,109.5161,66.3806,37.4456
547.6854,109.3597,66.9691,37.4621
546.4222,109.6033,67.3310,37.4335
545.7570,109.5971,67.6872,37.3698
545.1750,110.2849,67.8024,37.3584
545.2078,109.8873,68.0609,37.3618
544.4677,109.9129,68.3040,37.3747
543.5570,110.5155,68.2562,37.4362
542.7882,109.6572,68.1647,37.2225
541.7708,110.0787,67.9437,37.0567
540.9342,108.8163,67.9433,36.7598
543.8793,107.8932,66.2110,37.0489
550.9879,110.4305,59.8328,40.8056
560.2106,115.7132,51.9865,47.2132
566.1526,113.1317,45.5771,53.3276
566.6158,110.2546,39.0609,59.5252
567.5725,108.0418,33.3562,64.6654
566.5135,107.1618,29.0163,68.8957
569.1880,106.4632,25.4016,71.8680
571.6655,105.1734,22.7999,73.8152
572.6034,105.0058,20.8170,75.1636
573.2578,104.0717,19.3764,75.9137
573.8933,104.1013,18.4889,75.9998
574.4147,104.0367,17.7569,76.0796
574.9492,103.5430,17.3568,75.7282
574.8445,103.4285,17.0512,75.0333
575.7765,103.0243,16.9595,74.2452
575.5466,103.0734,16.7490,73.7064
576.5416,103.8451,16.5378,73.0401
576.3757,104.7255,16.3452,72.5050
576.3111,103.1757,16.3685,71.8664
576.8021,103.6915,16.2859,71.0413
576.9899,104.3130,16.1550,70.4333
577.5909,103.8706,16.3173,69.4527
578.7251,103.2716,18.2144,66.1588
577.3183,104.5345,22.2753,61.2270
575.4083,102.4409,27.2693,55.5250
573.7660,103.9160,32.3253,50.5278
573.3414,105.5882,36.3394,47.1909
572.1782,106.6098,39.0397,45.0817
571.9251,107.4695,40.7058,43.7934
572.3506,107.8463,42.1551,42.9171
573.2144,108.2790,43.4258,42.2512
573.6479,107.6342,44.7252,41.9064
572.4840,108.3204,45.5030,41.7854
573.3532,108.7154,46.1193,41.8148
574.4413,108.8170,46.7408,41.9886
575.3247,108.8660,47.6295,41.8291
574.5211,109.0703,47.9586,41.9866
575.4235,108.8817,48.4083,42.1463
576.4922,109.2566,48.9487,42.1621
576.7166,109.2245,49.8391,42.3110
576.4815,109.3200,50.8672,42.3775
576.7596,108.5043,51.2020,42.5754
576.5482,109.4294,51.5483,42.7129
577.0381,108.8379,51.7907,42.9498
577.7514,108.5806,52.5756,42.9577
577.6254,107.6272,52.9008,42.9653
579.0789,108.0439,51.2035,44.4698
579.0288,112.3137,44.3254,50.2149
577.6692,110.3284,39.8923,54.3900
572.3984,106.9651,42.9661,52.9763
567.8109,104.2101,48.8576,49.0976
564.0735,103.3398,54.3191,45.0236
562.2968,104.4660,58.4320,41.7039
561.6201,106.2332,61.1397,39.9129
561.1216,107.1432,62.9397,39.1514
561.2394,108.0704,64.1008,38.9230
561.0257,107.2991,65.2383,38.8446
560.2209,107.9400,66.1375,38.5763
560.5657,108.0550,66.5934,38.6761
561.0247,108.4302,66.8494,38.6935
560.0150,108.7690,67.2284,38.4407
560.1497,109.1354,67.3235,38.5858
559.9611,108.6212,67.3230,38.5107
560.0698,108.0438,67.1631,38.3792
561.0794,108.0451,66.8857,38.2368
559.9370,108.6683,66.6771,37.9944
560.9839,108.3853,66.5091,37.8973
561.0853,108.2307,66.2175,37.7975
562.1446,108.2642,66.1432,37.7348
561.8393,108.5842,65.9392,37.5769
562.8898,107.9609,65.5591,37.6983
567.6077,108.6280,61.8263,39.8382
578.2939,114.5732,53.8902,46.1803
580.9510,114.3834,46.6947,52.8534
588.5137,106.5890,45.9643,52.6228
588.6056,104.8968,48.0542,50.5085
588.1332,104.3266,49.6591,49.8997
588.9089,104.7524,50.7808,49.3807
587.7233,105.3722,51.3489,48.8847
587.9789,105.2784,51.6699,49.2412
587.8912,105.5766,51.8127,49.6335
589.0937,105.2290,52.3056,50.0961
588.6309,105.0910,52.6274,50.3631
588.5969,105.0820,52.5871,50.4546
589.0620,105.6715,53.0762,50.8279
589.0190,104.6746,53.1686,50.7563
590.0682,105.1246,53.3907,51.1754
590.8906,104.3740,53.4605,51.3023
591.7325,103.9542,54.1586,51.2865
591.6711,104.8724,53.9015,50.9700
592.0160,104.8484,53.9519,50.6794
594.6934,104.1491,53.9476,50.7725
594.1208,103.6255,53.9002,50.5715
593.9352,103.9885,53.5725,50.2078
595.3436,103.2797,53.5276,50.0908
595.5964,103.6718,53.4618,49.9011
596.6385,103.8037,53.2102,49.8255
598.2853,103.8354,52.9564,50.0095
598.3716,103.7352,52.9110,49.7961
599.7428,103.8959,53.1637,49.6570
600.0390,103.7528,53.4923,49.2951
600.8847,103.6488,53.6891,49.0819
600.8173,103.5146,53.7015,48.9967
601.2130,103.4325,53.6367,49.1189
601.7045,104.3541,54.1950,49.1978
602.1259,104.2957,54.1974,49.2366
601.7508,104.3400,54.1931,49.3137
602.0588,104.2000,53.9486,49.2397
603.0859,103.4144,54.1119,49.3516
603.1646,103.1892,54.0747,49.9762
607.5856,102.6430,53.7362,50.5840
606.3503,105.3849,47.1988,55.4039
609.6091,105.3758,42.2651,59.6452
601.8924,101.9508,43.7298,58.4031
596.0476,99.6344,48.3696,54.1475
593.6443,100.0752,53.1915,49.8274
592.9935,101.4617,56.8805,46.9133
591.9364,102.6909,59.4066,44.8831
591.8162,102.8216,60.4997,44.4116
591.6805,101.8059,61.3302,44.1765
591.8904,102.0682,62.3867,43.4835
590.8547,102.5595,63.2959,42.7601
591.2144,103.4641,63.8832,42.6247
591.4550,102.5615,63.9672,42.8147
591.1290,102.6714,64.4260,42.4378
590.8235,102.8114,64.6973,42.2827
589.7815,103.2744,64.8366,42.0801
590.0009,103.3881,64.9186,42.0713
590.0476,103.0932,64.8398,41.8295
590.3173,103.1408,64.8731,41.6740
589.3365,102.9687,64.8506,41.1671
589.8467,103.0944,64.9753,40.8170
590.0092,102.5983,64.9360,40.5614
589.1631,103.3532,64.9049,40.3861
589.5250,103.2082,64.8691,40.3200
589.7596,102.9417,64.8818,40.2407
589.1315,102.8662,64.6827,40.0858
590.3079,103.1080,64.3063,40.2146
592.0939,102.5832,62.2375,41.1852
601.6735,106.1773,55.2936,45.9738
609.5344,108.1628,47.7635,52.3496
612.9697,99.4008,46.0552,52.1087
611.7096,97.3201,48.3984,49.8391
610.5794,96.7301,50.7658,48.4099
609.1252,96.7005,52.5510,47.7635
608.7567,96.0957,54.0645,47.5911
607.9768,97.6409,54.8311,47.4762
607.2064,97.6540,55.3880,47.6497
606.1623,97.6459,55.9095,47.6358
605.5208,97.3399,56.2919,47.7673
605.7761,97.6784,56.6756,47.9321
605.6935,97.7050,56.8431,48.2706
607.0615,96.5412,56.3532,48.4636
606.5590,100.1363,50.3043,52.8060
607.7451,102.7950,43.2049,58.4613
602.7078,99.3943,45.5885,56.6881
599.3333,100.5452,49.0684,54.9016
593.8011,97.5878,53.8571,51.5132
593.0578,97.3654,57.7503,48.3758
591.2816,97.1650,60.3950,45.8767
591.0002,97.8867,62.2835,43.5166
589.6399,98.5037,63.3424,42.0957
590.2712,98.2207,64.2148,41.1304
589.4396,99.1246,64.5883,40.4814
589.5848,98.6945,64.6895,39.9813
589.4093,98.6568,64.8098,39.5146
589.9772,99.1225,64.9261,39.0133
590.4498,98.4878,65.1064,38.5572
589.1388,99.2918,65.1936,38.2422
590.4975,98.9299,65.4621,38.0314
589.9833,99.3571,65.4789,37.9655
591.3177,98.8205,65.5517,37.8499
590.2529,99.4921,65.6043,37.8354
591.9319,98.0437,65.3841,37.3171
598.2987,99.3375,61.5778,39.2791
612.4315,103.2257,53.7524,45.2389
616.1115,102.5017,47.5551,50.8541
618.3228,97.4517,49.1546,49.6789
617.5770,95.3472,51.6194,47.8059
617.9141,95.2976,54.0527,46.9771
618.2618,95.6680,56.4042,46.0607
618.6198,95.5613,58.1534,45.3389
617.5632,95.7938,59.1526,44.7007
618.5832,95.9719,60.1487,44.6687
619.7035,96.4834,60.8782,44.6577
619.5953,96.0444,60.9773,44.8490
619.4992,96.5971,61.2536,45.0427
620.5789,96.8546,61.6740,45.0831
620.9764,96.4188,61.7824,45.2253
622.0464,95.8139,61.6781,45.1320
623.4558,96.7623,61.8041,44.9983
623.2526,96.6131,61.9631,45.1367
624.0070,96.1505,62.0454,45.1647
625.0707,96.2600,61.9356,45.2238
625.8063,96.3195,61.6811,45.5296
625.8506,97.3348,59.5330,47.0953
626.8339,100.3438,52.2161,52.1771
633.5397,100.8804,46.0445,57.2806
622.0007,97.3528,46.9864,56.7438
616.3262,95.2566,52.1249,52.5381
613.9986,95.5756,57.5288,47.7094
611.8683,96.6226,61.5583,43.7153
612.6644,98.3508,63.9222,40.7908
612.3811,98.5511,65.4917,39.0763
612.9666,99.1994,66.2929,37.9474
613.7231,100.5560,66.7288,37.4236
614.1631,100.4058,67.0919,37.0857
614.0729,100.3180,67.4291,36.7706
614.8023,100.2957,67.6252,36.6173
615.2454,100.3524,67.8577,36.6032
616.5793,101.7160,67.8049,36.5619
617.3366,100.8068,67.9830,36.6412
616.9469,100.5455,67.9924,36.7166
618.3506,102.1423,67.8089,36.7527
617.2435,100.7570,67.4665,37.0451
618.5045,100.5388,67.4683,37.1185
618.5956,101.0055,67.5571,37.0637
618.0195,100.7570,67.6939,37.0400
619.4432,100.5857,67.5327,37.0518
618.7498,100.6277,67.4146,36.7681
619.6824,101.0092,67.3830,36.5681
619.1343,100.8276,67.4209,36.3961
619.7956,100.6091,67.4523,36.3726
619.3575,101.0895,67.5606,35.9689
619.5148,100.8658,67.7052,35.7500
620.9523,101.4865,67.7625,35.7588
622.6902,100.2383,65.9251,36.0848
632.2988,102.6849,58.9671,40.6350
640.5544,105.8732,51.6216,46.4184
645.7343,97.6496,48.6972,47.4977
645.4935,95.6416,50.1316,46.4329
644.9526,95.6475,52.3150,46.2527
644.8204,95.3309,54.6401,46.2204
644.8293,95.1278,56.6131,46.1871
644.8734,95.1473,58.0235,46.4232
645.1466,95.8177,58.8936,46.1201
645.3416,96.2313,59.6043,46.3889
645.4544,95.6658,60.1348,46.7069
646.1265,95.4419,60.4372,46.8504
647.2002,96.1489,60.6758,46.8126
647.0591,95.3771,60.8055,46.9088
647.7966,96.8073,60.8139,46.9127
648.1384,95.9304,60.9377,47.0129
648.7248,96.0405,61.0291,46.9509
649.1518,96.2766,61.1855,46.8775
649.5411,95.9363,61.2849,46.8983
651.1334,96.5054,61.6077,46.5641
651.1656,96.3104,61.6693,46.4479
652.0103,96.0216,61.9106,46.5604
653.0735,96.9963,62.3107,46.1809
653.8106,96.4208,62.4538,46.3371
653.9925,95.7980,61.5696,46.8634
654.8615,98.1366,55.1524,50.8395
658.1358,96.9100,50.3990,53.7491
660.3771,100.2194,43.1268,59.0304
652.1169,98.1512,46.9356,55.4066
647.9991,99.9457,51.5456,52.6483
644.3660,97.5467,56.2560,48.8819
644.8321,98.5685,59.5501,45.9190
643.9327,98.6430,61.7000,43.9211
643.8593,99.5547,63.0504,42.5006
643.9210,99.2812,64.2052,41.3663
643.8585,99.2742,64.7475,40.3706
643.7750,99.4474,64.9369,39.6352
643.9595,99.3503,65.5087,38.7867
644.9397,99.9372,65.8428,38.1022
645.0756,99.6419,65.9252,37.9129
645.2874,99.4819,66.0426,37.7473
645.4344,99.7849,66.2028,37.2029
646.1522,100.0073,66.2127,36.7410
646.7233,100.6676,66.2368,36.3856
647.7388,100.6184,66.1089,36.2432
648.5403,101.0966,65.4517,36.3985
651.8447,100.3120,62.4563,38.0915
662.8015,104.0473,54.6536,44.0118
664.6276,105.0033,47.4385,51.1980
673.0454,97.9225,47.1200,51.5965
673.3052,94.7719,50.0314,49.2272
672.7822,95.4276,52.7323,48.1374
672.1691,95.8398,55.0333,47.4589
671.6260,96.8504,57.2030,46.1481
670.4417,97.5649,58.4418,45.5726
671.3140,96.5213,59.2632,45.4664
672.0165,96.1230,59.8236,45.4652
671.3802,96.9009,60.0997,45.2495
671.8782,96.1615,60.4842,45.2294
670.7239,97.6538,60.4971,45.3239
672.8699,96.8580,60.9046,45.5796
673.8384,96.3540,61.2563,45.4240
674.0793,96.9133,61.3975,45.3129
674.7005,98.1465,61.4636,45.1841
675.1914,98.1268,61.5589,45.0876
674.8765,97.1954,61.3080,44.9491
675.5054,97.9179,61.2304,44.9734
676.6478,98.3233,61.2681,44.8547
676.9260,98.1688,61.3133,44.8040
677.4586,97.6087,60.9103,45.0190
677.3282,97.9523,57.1865,46.6670
678.5486,102.1566,49.6682,52.1072
675.8399,98.8873,45.5633,53.7534
667.7543,97.2077,49.7421,50.4007
665.1655,98.5666,54.6968,46.4711
664.2397,100.2562,58.1377,43.4461
665.2257,101.8051,60.7241,41.3181
664.9365,101.4385,62.1310,40.5211
665.2430,101.5666,63.0306,39.7846
664.9904,102.6313,63.4422,39.1268
665.8080,102.1469,63.7903,38.8546
664.7792,101.9591,63.8067,38.5982
665.3497,102.3540,63.8610,38.1487
665.3581,103.0294,63.8710,37.8949
666.4496,103.6405,63.9098,37.8819
666.5743,103.2765,64.0671,38.1245
666.4495,103.2757,64.0178,38.1471
666.1267,102.4510,63.7717,37.7221
669.1752,102.8547,59.8718,40.2670
679.2292,108.6975,52.2465,46.4322
681.2077,107.2117,45.2030,52.6065
688.3537,100.0223,46.2517,51.6182
687.0776,98.1441,50.1118,48.9054
683.8444,98.3999,52.6055,47.5294
683.0939,99.8873,54.9586,46.5479
683.0121,99.6219,56.6423,46.3496
683.2625,99.3112,58.0410,45.7003
681.1436,99.6096,59.1765,45.1813
682.4955,99.4355,59.7909,44.9668
681.9915,99.3606,60.0571,44.9546
682.0276,98.5237,60.1454,45.1875
682.6447,98.4828,60.1689,45.2451
682.9515,98.5832,59.7314,45.4586
683.2682,98.7978,58.2482,46.0059
684.1204,100.7786,51.8786,50.2875
689.9320,105.0161,45.5737,56.4314
678.5573,102.2698,45.3996,56.9195
673.3439,98.9406,50.5832,52.6444
669.3098,99.6458,55.6194,48.0872
666.9410,100.6349,59.1982,44.4446
666.1574,101.9495,61.7077,41.6410
665.9214,102.1590,63.1973,40.0317
665.4485,102.3512,63.9182,38.8710
665.8519,102.9623,64.3907,38.0882
664.5389,102.6088,64.4139,37.5476
665.0229,103.6915,64.6021,37.0669
665.0570,103.0393,64.8407,36.7246
664.1625,103.1346,64.8140,36.4944
663.8110,103.6683,64.9849,36.2716
664.9935,103.4434,64.9850,36.1896
665.6879,103.9679,64.7179,36.0765
665.1083,103.5775,64.5184,36.1372
664.8377,103.3515,64.1894,36.0664
665.7557,102.5247,63.7904,35.3633
670.8737,104.0065,58.4386,38.6526
677.1378,111.0406,51.4316,45.2069
685.6918,102.5555,46.9759,47.7590
685.6146,98.5699,49.2113,46.2430
684.6548,98.5991,52.1709,44.6596
683.8404,99.5320,54.3979,43.8393
682.3953,100.3022,55.9688,43.2461
681.6900,99.8480,57.0799,42.7610
680.4022,100.1669,57.6583,42.4839
680.5932,99.8929,57.8736,42.5376
680.6685,100.7066,58.0105,42.7049
681.5357,99.6508,58.0521,42.6183
681.5711,100.9835,58.0995,42.5962
681.9755,99.6498,58.0288,42.6236
682.3913,100.8842,58.1963,42.4852
682.9960,99.8461,58.3940,42.6686
682.1195,100.0412,58.2625,42.7199
682.7653,99.5614,58.1806,42.7682
683.4297,100.9885,58.3174,42.5594
683.8751,99.7284,58.2657,42.6984
684.5852,99.3512,58.4458,42.7599
685.2535,99.7619,58.4140,42.7307
685.3346,99.4503,58.3057,42.7305
685.7230,100.8403,58.6313,42.8330
686.5612,100.6640,58.8604,43.0232
688.5286,99.9961,59.1253,43.1971
688.8511,100.7156,59.3257,43.1628
689.5392,101.2596,59.6899,42.7041
690.9687,100.8415,59.9376,42.8108
692.6091,102.2484,60.4226,42.4555
692.8268,104.1565,61.4727,41.2488
692.6622,106.2021,63.1173,39.9187
694.4086,108.6155,64.4471,38.7485
696.4364,110.8130,65.5271,37.9631
697.2117,112.1309,66.1913,37.4056
698.9702,113.2492,66.6581,37.0900
700.4229,114.1352,67.2175,36.9063
701.9009,114.7453,67.1878,36.9486
704.5963,115.4719,67.3124,36.4630
705.8738,116.7292,67.5218,36.3085
708.2463,117.9817,67.3426,36.1049
710.4183,119.2271,67.2711,36.0120
713.0255,121.0077,66.8409,35.7813
715.5896,122.7476,66.5154,35.5248
718.8983,123.5734,66.3681,35.2200
721.3705,124.6987,66.3152,34.9596
722.6918,128.3829,66.5500,34.6657
725.8719,130.4722,65.7747,34.5286
726.8803,131.0369,64.7120,33.9961
729.7180,132.5698,63.7714,33.4633
731.7880,134.4033,63.3731,32.8250
734.9893,136.0331,62.7662,32.3221
737.0254,137.7720,62.4047,32.1009
739.7429,139.5136,62.0743,31.8735
741.5282,141.4832,61.7853,31.5140
743.6172,143.4707,61.5301,31.1946
744.8436,145.1831,61.1958,31.2176
747.1914,146.4351,60.5586,31.4198
747.8850,147.6007,60.2266,31.4528
749.7905,148.1078,59.5762,31.3156
752.0935,149.6915,59.1298,31.1220
753.2248,151.2699,58.2828,31.1482
755.1041,152.7789,57.0055,31.4799
755.6193,154.1565,56.0710,31.8015
755.7726,155.3210,55.2365,32.4095
756.0438,155.3048,53.8300,33.6494
756.0026,155.3437,52.6653,35.1580
753.4282,156.3433,52.0325,36.6579
749.7944,157.7849,52.1312,37.2629
744.2929,159.9994,52.1740,38.1924
739.1298,161.3793,52.1682,38.2565
733.2485,162.6220,52.6954,38.5229
724.0284,164.0102,52.9097,38.7294
714.0714,168.1184,53.0499,39.0833
703.5698,172.8828,54.2110,38.5701
695.4587,179.8765,56.6193,38.6043
690.9811,186.9041,59.1621,39.5015
687.9052,193.5089,61.0360,40.4991
688.1517,197.1678,61.9145,40.9997
689.8329,199.3668,63.1267,41.7600
690.4042,197.7640,64.2795,42.5603
691.1763,197.8211,64.7567,43.0604
692.8758,194.9189,65.5276,43.5238
693.5222,194.5769,66.9142,43.6012
694.7483,190.6275,68.5133,43.8886
696.1353,187.0534,69.6225,44.6764
700.0353,185.5782,68.4186,46.2930
708.4144,185.5201,66.6223,47.2196
722.7878,180.6389,65.0487,48.7065
731.1896,182.5402,63.9055,53.4196
739.7850,171.6286,61.6280,57.8021
732.6199,167.0012,61.8908,58.8280
725.5948,164.7225,62.8554,58.8605
719.6898,161.9621,62.8752,58.9865
717.7028,159.4514,60.9413,60.0212
714.8040,157.7583,59.2335,60.8633
712.8821,156.3193,58.0398,61.2022
711.1035,154.3017,57.6925,61.1259
711.1396,153.1375,57.4208,61.1857
710.0035,152.6733,57.9073,61.9506
706.6663,149.9697,57.9619,62.6292
704.9486,147.8094,58.3706,62.4923
705.2039,148.4861,58.4849,62.0613
706.7773,148.8777,58.9038,61.3097
709.7596,148.7243,59.2337,61.2473
714.5856,148.3242,58.6725,62.3288
722.4329,147.2198,55.5783,64.3580
727.6487,146.4516,50.5492,69.1268
731.8011,144.1682,45.8651,73.1965
732.8215,139.1039,42.7056,74.6407
733.9293,136.0779,40.2896,74.4401
2
0
0
0
0
1
739.1983,199.5451,24.4448,42.5025
738.2065,197.8416,24.9914,43.1698
735.4147,184.5251,25.0268,44.2446
732.2833,181.0020,26.8031,43.5357
725.1650,169.3398,26.0702,43.7545
2
0
0
0
0
1
733.4993,166.0330,19.6076,54.6159
728.3649,164.6858,21.3106,52.3233
721.8954,163.4828,23.8432,49.8077
718.5815,162.9614,25.8784,48.1238
715.4669,162.1694,26.7163,47.0911
713.2575,161.0000,27.0008,46.4764
710.9349,161.1598,27.1590,46.3231
708.2010,159.8817,27.0972,46.3460
705.9279,158.3632,27.1145,46.4730
703.3356,158.1012,26.9297,46.5318
701.8200,157.7528,26.6225,46.5027
699.7145,157.6791,26.4025,46.5050
697.4002,156.8524,26.2509,46.4758
694.5302,156.5686,26.1933,46.5430
692.5014,157.9595,25.7661,47.4039
691.6775,159.6293,24.8054,48.5095
689.4088,163.9745,23.8581,49.1038
687.3013,171.5424,22.5804,49.9921
684.2610,181.3629,21.0073,50.9681
680.8412,194.3139,19.5400,51.7135
676.4838,211.6890,18.7352,52.0523
671.1193,232.7120,18.7715,51.3394
665.1524,257.3050,20.6206,49.0883
661.1465,267.1186,25.3955,44.8547
656.6117,269.0566,29.6249,41.7585
651.6470,269.9037,32.8362,39.4315
649.5298,271.1937,34.8250,37.8697
