1
649.9496,272.9409,27.1507,138.2713
648.5442,276.4174,30.7860,137.6408
649.3445,281.2638,33.7385,136.3418
648.7239,282.2336,36.1566,135.9890
641.5837,288.9076,39.4227,133.5667
633.3702,292.8417,41.8885,131.7424
633.0059,292.5373,43.8422,131.1560
636.7659,289.3028,43.8436,133.8929
637.1727,290.3636,44.2786,135.5225
634.1779,292.8323,44.8608,135.9385
626.7368,297.4937,45.1212,136.0082
623.5210,302.8625,44.5954,135.9309
620.9793,313.1622,44.5832,135.7604
615.0698,319.5854,44.1318,134.4699
612.0925,318.3373,43.8889,134.5728
616.6498,318.7942,44.7548,132.8660
622.4281,317.6091,45.7673,132.0326
627.8845,313.5312,46.0680,131.0842
630.4764,307.1727,45.2243,132.4223
625.6323,309.9310,45.0959,129.1673
619.3906,311.6946,44.7243,127.1990
622.3651,314.8757,45.4527,125.2143
635.2321,312.2561,45.3808,124.6413
639.6785,308.8634,44.3563,127.5885
639.0481,306.4787,43.3547,129.1907
640.1807,305.5797,43.1460,129.9434
642.7128,303.3150,42.6958,131.7852
645.0346,301.1376,42.4189,131.8091
647.2579,295.4502,42.5288,132.1250
649.6443,289.6941,42.7974,132.5358
651.5837,286.4180,42.8905,132.8288
653.8595,283.1743,43.4208,132.3011
656.6713,276.1491,43.6767,132.5672
657.5246,269.9632,43.7442,133.0364
649.5971,269.0710,44.2920,132.4494
642.7090,264.6458,44.9974,132.3191
639.8381,258.8510,44.0851,134.3702
639.6631,254.1764,43.4525,135.8557
639.5262,249.9532,42.8733,137.1185
635.7902,248.6528,42.1813,137.2612
631.3885,250.3652,41.2983,136.5611
623.5648,252.7949,42.1834,135.5347
615.2654,250.8266,42.5085,136.2325
619.2057,253.8503,44.7150,134.3055
625.0010,240.3137,46.7426,135.6853
628.5363,235.3546,46.4459,138.1395
627.5167,233.2543,45.3646,137.9603
623.1600,232.1762,44.4578,137.1871
627.0409,233.1742,45.4037,136.6308
632.2078,235.7635,47.0423,134.1266
636.8097,235.6128,47.4991,133.1912
636.8840,236.8323,50.0730,131.1637
635.1107,239.4378,52.7152,128.9544
632.3123,240.0937,54.7745,127.6387
631.9568,239.9043,58.1542,125.8195
635.1305,241.4606,62.2639,122.5724
639.0216,244.5390,64.1993,120.7642
640.1222,245.3925,64.9538,120.0872
640.6321,242.2168,64.4481,122.0665
644.9564,245.3829,64.1276,122.0106
651.9647,243.9754,63.4159,123.3805
658.6544,241.5198,62.8721,124.2289
664.5692,239.3100,62.1420,125.4110
666.9639,238.1440,60.4675,126.9695
670.5237,237.2969,58.4758,127.6721
673.9028,236.0098,56.1158,130.0144
681.3315,229.7005,55.1648,132.2044
685.3820,227.8096,53.9519,134.0035
689.5950,226.1322,52.7931,134.8024
691.7709,225.2607,52.1328,134.9809
688.8829,222.3447,52.4261,134.1416
686.8680,218.6101,52.2519,133.9943
690.6459,212.8155,51.2551,134.3650
692.9938,209.7901,50.1505,134.9268
693.5515,206.8128,49.5644,134.7848
694.1938,205.5033,49.5625,134.0567
694.2126,199.9388,49.3884,133.4186
694.4674,197.4659,49.5671,132.9654
697.5126,198.4197,49.3810,132.1089
705.2245,197.3148,51.3744,129.8509
723.1932,198.6802,53.4215,126.8155
739.3444,196.6591,53.6480,125.9630
745.2619,187.5133,51.9026,128.5265
736.8237,192.6006,51.5468,128.8845
733.0710,198.7659,49.9884,130.2509
736.8111,204.4641,50.9828,130.6600
744.4274,208.8213,50.8138,131.6323
737.8886,213.4695,52.3778,131.3661
736.6017,217.5529,52.2988,130.5654
737.1612,218.3617,51.9489,130.7573
731.2139,219.6484,51.9670,131.1023
731.3358,223.2722,51.2698,131.3010
730.7311,226.5271,50.8785,130.5828
729.2693,224.2616,50.9236,130.5352
733.0685,220.0033,50.4620,131.5920
726.5239,214.7541,52.0105,131.3852
719.1951,212.3715,51.8629,130.4712
721.4042,210.9847,51.8846,131.1124
728.6596,206.9506,51.1098,132.8206
731.8677,205.4936,50.5179,133.4690
735.0579,200.9141,49.3565,133.7068
734.7805,196.0093,48.9177,133.4789
731.2846,193.5092,48.5903,133.2703
735.2568,194.3900,49.9895,131.8266
742.9094,191.7510,50.3002,129.9971
748.1819,192.6469,49.4224,129.8631
745.1624,192.6369,48.9800,129.2086
744.1007,194.1362,49.3376,126.7961
747.6072,190.3114,49.2878,126.9231
752.7294,191.9010,48.7956,125.5749
755.5170,194.0107,47.7800,124.6780
756.4780,195.7589,47.1577,123.4127
756.0331,199.0546,47.7650,120.6594
760.3638,197.5593,48.4144,119.0752
761.9255,196.7126,48.1452,118.5542
757.2140,195.4005,47.6438,118.9842
755.1772,195.2638,47.3983,119.2777
757.9468,198.1232,46.7628,120.8183
758.4532,200.0289,46.2488,121.7274
755.8032,199.1299,45.0849,122.0699
759.0283,193.2483,44.5018,121.1359
763.9999,190.0912,45.6746,120.6453
767.0216,193.3669,48.4340,121.7950
764.1689,203.2050,55.6464,119.0702
756.9396,205.3741,57.3822,120.2863
759.1058,204.1411,59.0146,121.3192
761.6501,205.5217,58.6778,123.9811
758.7784,206.6610,57.0005,128.1853
759.5754,209.4490,54.3004,131.7731
762.6849,208.9408,51.9955,132.8140
768.5596,208.0169,49.7469,134.1575
771.2317,207.1863,48.1882,135.8735
774.1349,206.7287,49.2235,135.1714
778.4406,206.8426,49.2682,135.0631
783.7931,207.6966,49.3807,134.5100
792.3951,210.5358,50.7135,133.1728
808.7693,202.1389,50.0310,135.5029
817.6287,201.6057,50.4650,134.7766
822.6801,209.4834,52.2729,137.7119
830.0509,217.7643,57.5880,135.5368
847.6954,216.1264,63.7036,132.0603
857.8380,208.9897,67.1054,132.1783
870.6937,202.4299,65.2854,134.2447
878.5536,189.8088,61.5626,142.5155
878.2559,190.8911,60.1632,149.4504
871.2092,183.8943,57.4533,158.7764
869.1095,184.9832,58.0018,163.9365
865.5841,183.8352,58.7161,167.5655
864.6212,181.8577,61.8380,164.2054
866.7099,178.2161,63.5332,162.6073
860.8975,171.3972,63.0481,166.2099
854.5197,168.4614,62.3729,169.2840
857.0871,171.3277,60.3283,175.6919
859.3130,164.8735,60.0752,184.3316
861.1978,168.5713,60.6875,187.8293
864.7769,176.5471,61.1482,187.1412
857.9377,193.1878,67.4845,179.6190
847.4692,211.0958,73.3230,174.4077
843.0178,218.0871,75.9148,171.0524
839.6861,226.9134,81.3419,165.4599
836.4951,234.0796,86.0075,159.8846
837.7686,243.0228,94.6909,147.2656
815.5581,252.2779,103.6371,136.8019
824.0791,242.9966,106.0021,135.9097
823.6464,241.4099,102.8790,137.3573
826.8203,239.2172,98.4273,143.6876
830.3373,241.0430,92.8130,150.2986
837.7343,239.7046,87.8822,154.5790
843.5175,237.1893,84.0857,157.3992
842.8039,231.5240,82.7338,160.5450
843.6352,239.0480,82.8153,159.1380
846.4427,238.7663,81.5315,158.8332
853.1138,237.0478,83.8995,155.4746
850.4767,227.4051,86.3815,150.9135
838.1390,223.4311,85.6059,148.0291
828.2064,226.3923,88.5279,144.5977
809.8239,195.5695,87.0239,151.8846
784.6120,214.3671,86.6458,154.3158
793.0366,209.9220,81.4917,163.9948
814.6097,193.0461,75.0154,172.8992
844.0735,216.7965,80.0111,167.0111
884.0217,230.1010,81.7671,163.1536
903.5600,213.6680,83.8924,158.5133
913.6430,219.0628,93.3209,150.8156
870.0782,209.3307,96.4349,149.3590
853.3149,237.0939,90.6984,155.3633
861.4563,258.4269,91.0507,157.0200
871.0760,281.7799,87.3487,161.2693
878.7031,302.4605,82.5652,164.0491
887.3928,317.3809,79.7464,165.5478
892.3389,316.8793,80.7637,162.5345
859.1725,303.6951,90.8715,155.7050
839.2469,309.2389,96.2078,150.6966
828.7693,309.6321,96.6373,152.7191
770.0876,318.7892,97.0496,155.3100
760.2521,311.9552,88.1719,165.3521
754.3469,295.4149,78.5683,181.3044
751.5668,278.5024,73.4715,195.4678
749.8969,249.9760,74.0509,198.1110
691.8512,191.4028,88.3460,182.9495
660.7939,184.2653,108.3310,163.9490
647.8686,194.9804,125.3649,150.2556
585.5119,210.0896,131.5289,141.6927
566.6564,216.7204,133.8645,136.0303
569.9426,219.0233,131.8677,135.8649
569.9332,229.8105,128.5737,137.1974
573.6627,238.1264,126.7220,137.3376
556.8373,270.8334,121.1021,140.9391
583.2056,259.2329,111.4603,150.3347
592.2385,258.9140,112.5015,145.2882
604.2175,274.9402,109.9740,141.5023
613.3578,288.6658,112.1854,135.7256
626.3054,302.0577,115.0641,129.9852
625.3582,315.6096,119.1832,121.7186
643.3572,321.9000,120.6727,116.2981
639.0425,322.8074,122.9233,110.5862
641.1721,308.6125,123.1176,111.2584
654.5488,295.3185,119.6729,116.0746
642.1458,302.4879,109.8528,126.6316
648.9288,294.4647,101.0748,138.1075
658.3337,272.3036,94.2788,150.5813
663.7344,242.1319,84.1889,167.8140
666.4116,211.3706,77.1273,182.1898
664.7160,182.5626,72.8269,197.1869
660.3972,157.6620,67.4388,210.0391
649.3160,148.5518,66.9696,213.3067
634.1711,151.3154,69.9892,211.2586
621.0717,155.3774,71.8733,214.0942
610.7643,154.7684,74.6839,216.9123
603.3816,166.2431,74.2521,221.7419
602.1055,169.4999,72.4621,230.3821
600.0225,177.2118,71.6467,236.8414
595.4681,226.5671,69.6812,246.5457
584.9354,242.7593,76.0686,244.8603
578.8824,255.3529,82.3686,245.9839
580.0159,268.2019,83.0250,255.7038
580.4270,275.2387,81.2900,264.0689
580.0898,275.9436,82.2321,261.6001
583.0233,266.0978,82.2191,264.1862
