1
115.1168,55.0193,111.6017,93.4439
108.6073,53.9506,114.6515,87.6687
104.6098,47.2956,114.9440,86.0250
102.5980,40.1801,114.6124,85.8502
100.7705,34.3704,113.7262,87.0919
102.7030,24.8277,112.7268,86.5728
107.4232,17.5980,111.5492,85.9627
113.3138,13.3103,110.2436,86.2733
119.5747,11.3667,109.3951,88.2947
127.2993,11.4443,107.3624,91.3491
133.8326,10.7523,105.6682,94.2798
141.3124,12.0237,104.2511,97.3119
151.5804,16.4110,103.6646,99.0653
162.7237,21.2058,103.4080,100.2722
171.6270,27.9110,99.6503,101.4328
181.0957,34.3459,96.4038,102.3933
189.6022,39.4056,94.8581,101.3113
194.5755,46.1976,94.0219,98.4355
198.7975,54.1156,92.8742,94.7187
204.1966,61.0722,97.4659,86.7132
200.8685,68.3547,97.0895,80.9080
204.6820,76.2553,100.8715,73.9998
199.0437,85.6167,101.0303,70.9687
199.5759,88.0802,100.9814,66.2103
194.5817,95.2063,99.8366,63.4283
190.4931,104.8934,97.9643,63.3432
189.5740,112.5572,96.2950,62.5347
191.3286,111.9632,95.0950,64.2529
188.9152,107.7796,94.7005,65.1662
182.7923,115.2775,92.8524,66.8678
182.8356,117.0596,89.4668,70.0445
180.9625,118.4084,87.2582,70.6374
180.3722,118.2921,84.0527,73.0237
183.5024,113.9007,79.0591,77.4979
180.4599,121.6952,77.1814,80.7134
182.7142,124.7895,75.9868,83.3296
191.9353,127.2551,72.3358,87.3145
197.5118,127.4251,70.5152,88.5536
192.4828,116.8873,67.8214,89.5874
189.6764,126.9683,67.9170,89.1955
190.3867,133.1926,68.1530,87.2356
192.1898,130.8979,68.6372,85.5705
192.9637,130.3613,69.9902,82.9530
193.7617,129.7704,71.1590,81.0002
194.3359,137.8010,71.9664,79.9602
193.9961,144.9033,72.8842,78.8574
195.1249,152.2685,73.0594,78.4946
197.2980,158.9740,74.8232,76.6094
198.1412,165.3540,76.2264,74.5465
199.0905,179.1998,77.1159,73.1161
199.3602,183.7957,76.8016,72.3874
203.9321,194.5235,76.3889,72.1560
206.4741,197.2904,76.3197,71.7683
211.7577,207.1134,76.2645,71.5986
220.6196,212.2405,76.2164,70.9117
228.1357,218.1489,76.8880,70.4260
237.0910,222.8804,77.4891,70.8780
242.8681,227.2182,78.0483,71.5142
253.5464,231.2987,77.3911,73.2789
255.6371,235.6056,78.2383,73.5098
266.8399,237.0105,78.1704,73.5145
279.7972,232.4090,77.4935,74.3675
289.9238,228.4708,77.8791,75.0844
298.0537,222.7029,78.1325,74.8955
307.2660,213.6149,79.4072,73.1370
313.4822,198.9322,81.2443,69.6209
314.8744,192.7037,81.6199,68.1945
318.9264,177.3148,83.1394,67.1097
319.3822,146.6320,81.9575,69.2003
318.6600,142.0354,81.2645,69.0174
331.1239,127.0941,80.3227,68.7455
338.6877,114.6223,79.9389,68.5341
378.4284,65.9758,81.3892,66.9315
372.9996,50.5972,79.5319,67.9021
365.3205,45.2771,80.4608,68.9733
360.2977,52.4902,84.7815,64.8525
366.4441,14.0183,81.5560,69.4635
368.1218,3.3326,81.7943,70.9762
368.2061,-2.1612,82.0811,68.8287
371.6889,-1.1320,80.6229,69.0379
402.4165,3.2206,82.0995,70.1114
405.6717,2.5326,90.5406,66.4417
392.9652,3.2999,97.7264,65.6666
385.6032,-1.5430,105.9066,63.1046
372.4606,-1.4029,111.8493,60.8096
360.3796,0.9511,115.0989,60.0612
348.2230,2.9944,116.6401,60.4885
336.0529,7.5409,116.7246,62.6625
323.5682,10.5574,115.9779,64.7405
311.1425,14.6545,115.4280,67.2943
298.4256,20.0092,113.8522,70.0258
283.1510,27.0269,111.5862,72.2308
267.9790,33.2283,108.4481,73.6971
254.9044,37.3400,106.0486,75.9130
248.9755,40.4388,103.7007,78.0603
240.4647,43.4738,101.0970,80.9437
231.4926,43.5969,98.8569,83.0356
224.7144,43.2988,97.0928,85.4062
222.8681,46.4598,97.7411,88.5137
223.7130,48.8506,99.8536,90.8367
225.7180,45.3825,101.5812,95.4307
217.9398,42.2682,102.8042,97.8559
222.8640,40.3373,103.7450,98.8294
215.3960,41.0575,105.7098,99.4270
205.9198,43.0406,108.5836,98.5217
199.0176,41.5639,111.7005,96.6066
189.3886,42.7114,115.0101,93.3035
176.7303,43.8680,118.1468,88.7904
165.2384,47.6877,123.7677,82.4850
152.9708,56.0897,127.8727,77.1301
143.5241,62.9786,130.8996,71.4668
123.9461,71.1160,135.9263,65.1860
105.2835,74.7058,142.1064,61.6519
104.9777,88.2294,138.4494,60.5138
98.3214,92.0900,133.6130,61.1250
100.5456,100.4159,125.1314,63.9324
82.3629,109.1174,121.6267,65.9481
66.0284,113.9401,120.2996,65.7575
50.9265,118.6413,116.4374,68.0227
56.9291,127.4313,114.5733,67.3857
62.7423,124.8252,108.6717,66.8136
66.3827,118.3802,101.3192,69.7252
74.6960,100.7197,99.4324,69.5627
58.9829,156.3348,97.3362,70.2589
62.8333,156.5107,96.9229,70.9152
67.7065,148.9915,96.8155,70.9514
62.4008,138.3564,95.8557,71.5176
73.0592,129.2573,94.6757,72.3142
73.3615,112.1527,93.7218,70.6758
91.1345,105.3998,94.0632,69.6729
103.9527,103.4856,94.4103,70.5501
114.8356,88.3804,95.3122,68.9784
123.7148,80.9194,94.2511,70.2970
131.3957,70.2290,93.6555,71.4916
139.4873,56.4849,93.8588,70.9104
135.0036,42.2280,93.2343,68.8355
135.9021,36.6559,92.9475,67.4682
2
0
0
0
0
1
217.0266,150.0493,46.7397,47.0787
214.0575,151.8332,46.4497,47.2085
211.2682,154.1862,46.1602,47.2289
211.9902,162.5430,45.5719,46.7219
211.5490,167.3796,46.0428,46.6927
213.7914,170.1154,46.4453,47.2207
215.4871,173.3195,46.7235,48.1012
218.0963,176.6531,47.0657,49.0229
217.0652,179.0188,47.4500,49.5312
215.9045,181.8189,47.9193,49.6733
215.7080,183.7915,48.4483,50.3025
217.1455,187.2860,48.6552,50.5965
220.1364,190.5731,49.1570,50.0016
222.9219,194.3230,49.7668,50.0334
226.3683,197.7589,50.9173,49.4240
227.9656,201.3725,51.6502,48.4928
225.6592,199.9859,52.4283,46.6136
224.6659,200.6289,53.3182,44.6615
226.3817,200.3264,53.8868,42.9113
228.8181,200.5759,54.3193,41.3708
