1
195.9280,29.6575,76.1236,79.0045
197.0576,30.9352,76.0564,78.6889
196.5248,31.1348,76.5622,77.5084
194.4664,30.3833,77.4419,76.8712
191.4744,32.5133,78.4863,77.4768
193.0348,32.3909,78.7561,77.8077
192.9111,32.5247,79.0869,78.8293
193.6263,31.5086,78.9687,79.5208
192.3733,33.1623,79.0270,79.0970
190.7800,34.0628,79.2689,79.2050
186.9663,35.4670,79.5190,78.7700
183.8474,36.2207,79.9092,78.7282
186.0427,37.8848,79.6427,79.0198
185.0996,40.6751,79.5891,78.9796
182.5116,41.2289,79.6994,80.0536
179.9681,40.6337,78.9211,81.6825
178.6033,37.4941,79.2494,82.7751
183.2462,40.3027,79.3054,82.0250
182.0747,42.2738,79.4564,82.3804
181.6902,42.6391,79.7268,82.7219
179.4872,43.4738,79.8022,82.6955
178.9698,47.1628,80.7077,81.0868
181.5871,48.6727,79.5978,80.1682
180.9285,49.7589,79.3762,79.6369
182.4170,49.8436,78.7119,79.0404
181.0165,51.0320,77.9767,78.8242
180.6273,54.4263,77.7781,78.4959
182.7943,53.3499,76.8980,77.4801
183.0327,55.7356,76.3007,77.7185
183.3539,54.5193,76.5031,78.6996
182.8857,55.4624,77.1424,78.6543
182.9015,53.0977,77.2499,78.9342
184.1624,53.9625,77.4654,78.9196
184.4264,50.9717,77.3786,79.1272
183.0457,48.7586,78.4890,78.9137
191.3788,49.3874,74.3609,83.1053
189.9733,52.6224,74.8495,82.0952
198.1031,49.9493,71.0477,84.0095
197.3883,53.8704,70.6297,83.9290
204.5281,51.4919,68.6196,84.1297
203.5789,51.9298,67.7779,83.8321
203.2077,52.6081,67.9922,83.1313
208.3564,47.0132,67.8163,81.9253
209.3504,43.4415,66.8531,80.7351
210.4086,44.3455,65.6745,80.2843
210.6105,45.4797,65.7004,79.0621
210.1183,42.8847,65.2762,77.8679
210.2487,42.8830,64.8662,77.1179
209.4747,42.8099,64.9303,76.3337
209.3815,43.0242,64.4042,74.9176
209.1187,42.3872,63.8912,74.1756
206.2613,40.9106,63.5900,73.1899
202.5329,39.0553,63.2297,73.9063
201.7427,41.2757,60.8508,77.5352
199.4139,39.8122,60.1157,79.3264
197.8329,36.4322,60.2734,79.7675
199.1096,33.8167,59.6243,79.0180
197.5277,33.4390,59.5796,78.9246
197.6819,31.5253,59.8511,77.0258
192.2432,20.0159,59.0172,78.6742
188.1574,17.9046,57.6823,80.8914
189.2258,16.8094,58.7844,81.3787
183.3043,14.5750,56.5854,85.0380
181.8605,22.9227,60.2829,82.6372
184.0538,25.3364,61.6429,81.7259
178.3865,35.0260,64.1644,79.2468
177.3919,43.8394,64.5764,77.2207
177.0991,45.1694,64.3779,74.7814
172.2695,46.2299,64.5643,73.0531
167.1713,44.8753,66.3962,70.6695
162.5200,48.1749,67.6633,69.0857
161.1832,54.8369,67.2282,69.2405
156.4433,56.5097,66.9491,68.9942
153.0138,59.1930,67.0493,68.9349
148.8421,60.3209,67.2763,69.0525
147.5119,59.9852,68.2825,68.3182
146.0227,60.4569,69.3259,66.9320
145.9944,68.5905,70.0940,64.7488
144.0322,69.7623,71.0313,64.2963
141.1883,70.7220,71.9220,64.1022
136.8581,70.4369,72.9398,63.7831
132.1547,70.1006,74.3804,63.6904
128.5128,73.5218,77.8523,61.2774
120.8971,73.9391,79.6569,59.8003
114.5308,75.0214,80.9580,59.1250
109.6238,76.4431,80.9469,59.6919
106.7304,76.8419,81.0301,59.6978
104.0306,76.6619,80.3160,59.7783
103.3861,86.0067,79.3562,60.3371
99.6420,86.7222,78.7420,60.1253
98.8669,86.8919,77.1035,60.2201
98.7799,88.4893,77.4513,59.3438
96.2257,89.7632,79.3541,56.4219
92.4955,92.8225,81.1348,53.5806
88.6756,99.0438,82.8294,51.7253
89.0634,102.4189,82.1685,50.9345
91.4143,103.7144,79.8807,51.4253
90.2398,108.1890,79.0232,51.1180
89.8613,109.6725,78.0535,50.8957
89.3883,111.6685,77.6740,50.0126
90.3521,114.0334,77.7551,48.1332
89.5368,116.5714,77.3825,47.7812
89.2377,119.5972,75.4183,48.2661
92.8947,124.5779,72.6642,49.1720
95.6850,127.4269,71.3742,49.3306
99.4427,130.1889,70.5320,49.6588
101.9139,128.6236,69.6861,49.8851
104.2973,130.2045,69.0265,50.2999
110.7001,132.3364,68.6903,51.3495
119.1103,132.7271,70.9876,51.2179
120.5396,134.4026,71.5691,51.7806
125.3131,137.3644,71.6867,51.9636
128.0776,132.0786,70.2289,53.4315
132.5669,119.5432,67.5589,57.1051
134.2899,114.1050,65.7994,60.8032
135.8342,113.8647,66.1504,62.3515
138.7710,114.7904,66.0181,61.9868
142.8425,113.5116,66.0841,61.6896
144.1064,105.7892,67.0941,62.7032
155.2298,94.6690,67.4279,63.1009
161.0794,89.9576,65.6208,64.4691
166.1923,86.6680,63.9544,66.4259
169.9019,88.5960,59.7796,71.1838
169.5932,89.8596,58.1902,72.7152
184.4789,82.6540,58.6214,72.3309
189.1982,68.0817,59.2364,74.6487
189.8935,70.1661,59.2603,75.8646
192.6780,47.5871,57.2310,80.1446
198.6168,44.3064,56.2118,83.4854
196.1260,43.0965,55.4596,85.2438
195.0047,35.0365,54.6401,87.6202
187.1800,14.9457,53.5826,89.9606
187.1384,12.1908,53.4960,88.5043
187.2363,5.4308,52.0820,89.5713
193.8335,8.1949,51.5234,89.1329
194.7106,7.3823,49.2491,89.1760
194.5872,3.8472,48.2851,88.1190
192.3193,-1.0497,49.0955,84.2681
190.5349,-0.1906,49.0992,81.3003
2
0
0
0
0
1
223.8226,77.6424,50.0889,83.7378
221.5412,77.8320,50.1410,87.1141
219.1308,80.3708,50.0208,90.2345
217.8230,82.0690,50.3194,92.0276
217.2193,87.2271,50.5692,93.2395
215.2719,93.6513,50.2831,94.5771
216.5367,86.7891,50.1695,92.4501
215.6330,95.7911,49.2571,91.9953
214.7674,100.2061,47.8522,92.6910
216.3050,102.2342,46.9377,93.7746
214.9286,109.4256,47.5852,92.4512
215.3442,112.8530,47.5606,92.4907
214.5958,115.3753,47.9249,89.8414
213.7106,120.8263,48.7279,87.0311
213.0931,126.9656,50.0537,83.5672
213.7791,129.9790,49.9284,81.6959
213.9269,131.6672,50.4615,79.8988
212.0760,135.1953,51.4561,77.0501
211.8631,136.7366,52.3588,74.8714
211.0705,138.4414,52.9133,73.9477
211.1122,139.0022,53.1387,73.5096
211.4637,138.8157,53.1328,73.0786
212.2508,139.5502,52.8600,72.6968
212.6460,138.6688,52.5424,72.9192
213.0602,138.7217,52.6880,72.7182
214.1042,138.9257,52.4548,72.4812
212.9965,138.7929,52.4394,72.0681
212.7571,137.5988,52.2463,72.2922
210.8588,139.8658,52.9838,71.3587
209.2475,136.9541,53.4025,71.8294
207.8085,136.8860,53.8411,71.8506
204.8082,136.8191,54.9961,70.8570
202.7937,137.3993,55.5174,69.5850
201.3941,137.8860,55.9049,69.4507
200.3092,136.0538,55.8974,68.7729
200.5271,135.6056,55.4531,69.6628
199.5240,134.4986,56.2620,69.6836
196.3951,133.2412,56.7422,70.1559
188.5899,129.7635,56.0899,70.1098
189.2839,131.0056,55.6579,70.0445
188.6934,127.7969,54.8164,70.5658
186.7565,124.1602,55.3855,70.3894
186.7592,124.4366,56.4189,69.6839
178.7066,120.7243,54.9359,69.5909
178.0053,115.9693,53.2488,70.5966
177.9607,105.3855,51.7937,72.4054
165.9828,103.8429,52.1067,71.9775
161.5853,103.3391,54.6592,69.1842
159.6560,98.1174,54.8257,68.3991
158.1847,92.0510,52.9459,69.7688
157.0335,82.7996,51.5716,69.0565
155.0449,82.8668,51.3513,68.7324
144.3479,83.0019,51.8081,67.6715
135.9393,84.5480,53.5222,66.3685
131.0099,80.8406,55.2277,64.4756
123.9758,64.9068,56.6780,62.3292
119.5329,64.1472,57.1032,61.7813
112.7552,65.3150,58.9539,60.2218
106.6748,57.6109,61.9907,58.7489
103.8039,53.4686,62.9352,59.6427
102.7438,48.9861,64.0672,59.9752
99.5895,44.8911,65.0705,58.7806
99.6512,43.1626,66.9425,56.9110
97.0230,41.7625,67.4021,56.5605
96.3885,38.8053,67.3396,56.0759
95.1194,36.7760,67.3382,56.2981
94.9949,36.3171,67.2498,56.4409
96.4798,37.5162,68.7865,56.0538
93.9112,36.5462,69.7449,56.3889
87.4171,35.6467,72.1581,56.3571
81.1231,36.9730,76.2019,55.7678
75.4526,36.9953,80.7396,54.6653
76.5941,39.9696,84.4444,54.1924
67.9420,40.8590,88.6264,53.5794
65.0934,41.7215,92.8876,53.2151
63.1190,44.4569,96.1810,52.8652
62.5941,45.4600,98.3385,52.6820
61.4006,47.2102,100.0383,52.4193
59.6688,48.1287,100.9044,52.3026
61.4694,49.5240,101.9011,51.9963
58.2380,51.3674,102.1415,52.3762
63.4376,51.2142,101.8573,53.0795
64.9325,50.5766,101.0377,53.9105
67.4240,49.4389,99.7075,53.6376
70.8272,50.6805,97.5791,54.4304
73.3404,50.8930,94.9142,55.6604
76.7958,52.8833,92.0094,58.3306
79.4121,52.0217,90.5476,60.6828
80.3251,48.9839,89.1108,62.2819
83.4779,50.6533,87.1547,63.5847
84.2312,48.3605,85.6777,64.1980
85.0290,51.0426,83.7679,65.4893
87.2152,51.2740,82.4697,64.8359
90.7617,51.5048,80.2295,65.5162
90.6298,47.6431,79.4065,65.0227
91.1994,46.9204,78.0115,65.2133
92.6947,47.0351,76.8574,65.3852
95.1126,48.1340,76.0511,66.6482
97.3564,53.8138,76.1210,67.1138
98.4030,56.7463,76.5267,66.2754
97.5200,53.5424,76.3618,66.8126
100.4885,58.1390,77.1420,66.6434
102.7154,67.3485,79.0030,63.7058
101.2290,65.8292,80.2844,62.1034
102.6179,64.4485,80.9677,61.0192
103.4564,66.3220,82.1827,59.4371
106.6786,75.0919,84.8593,57.9995
109.3279,85.0230,88.1875,56.2397
116.0178,87.7664,90.5154,55.7482
124.1439,90.3743,92.9177,54.9248
130.1516,91.6964,93.6186,55.1171
132.8688,91.9823,93.4541,56.0054
133.3196,93.6394,93.8503,56.8600
141.4970,95.3619,91.6616,59.6298
145.9011,97.6519,88.9855,61.4647
146.7649,101.1946,87.7530,62.0353
156.1318,112.7333,86.6584,60.8386
161.6264,116.2339,86.7692,59.1401
164.6479,118.2216,88.6130,57.1569
169.3612,117.6068,88.8456,56.6849
172.8035,118.6481,87.6457,56.6178
176.3715,122.6990,87.2432,55.8922
180.3313,120.2210,87.0742,56.2328
180.5010,122.9879,87.1858,56.0071
179.0561,125.2862,86.5717,56.0936
187.4393,127.5679,86.8182,56.2619
188.4660,127.5848,86.4544,57.8038
194.4477,129.4322,86.1535,58.6068
195.9187,126.8789,84.0618,60.1488
200.9530,127.5302,85.2072,59.3683
202.2130,126.5641,84.5613,59.2184
210.4178,124.5162,83.5684,58.4599
211.9978,124.3939,82.7473,58.0926
216.5537,130.8842,82.7486,58.4173
220.1520,136.1221,83.4876,58.6720
225.5806,137.6672,84.4643,57.8104
227.9502,140.3027,85.8751,58.2040
231.0454,141.5781,86.7838,58.4588
231.9797,137.9804,87.4542,58.9425
231.8829,132.5645,86.0794,61.8663
231.6005,127.7608,84.8161,64.1694
228.9839,122.7289,84.0863,66.0499
231.3055,116.1955,83.8817,68.2661
235.5761,110.8692,83.5293,70.8367
236.6967,97.0389,82.2947,72.8729
226.7432,85.3327,79.4107,76.5536
223.0966,73.0152,78.1722,77.9303
222.1652,63.0062,76.4656,80.1099
216.7675,56.7352,74.6249,80.4731
210.6604,54.1039,72.5999,81.3373
207.5705,55.5453,69.2765,83.2520
203.5985,50.7798,67.8753,81.8379
204.2277,48.4236,67.6698,80.9438
192.0262,52.3646,67.8905,80.7423
191.0966,51.5575,68.0633,80.3874
189.2363,53.9660,67.9353,80.1240
189.2576,52.5962,66.4092,81.6790
187.8119,51.8104,65.2472,81.8887
189.4051,55.1624,62.2500,84.9822
181.9865,55.8816,60.9631,83.5793
179.4667,49.3673,61.6218,83.8389
167.9766,58.2327,65.0826,80.0126
162.2928,59.6989,65.3678,79.5319
161.0832,47.6253,65.2726,79.3354
155.6985,51.8039,65.8233,77.8469
154.3008,57.8517,66.4185,75.4716
151.0437,60.8426,66.5749,72.8232
149.8833,57.6702,66.0862,71.5057
150.7023,58.9865,63.8068,72.2264
146.7886,56.3971,62.8445,70.8027
146.3932,52.0529,62.0802,70.5785
141.1243,47.4012,62.1758,69.6746
140.3455,42.2082,61.9517,69.1722
132.1896,39.3548,63.9162,65.5324
128.3802,38.4399,65.0161,61.9240
122.1014,39.1353,65.4956,59.1549
123.4768,39.5294,64.4484,58.9358
118.9796,40.5643,65.1673,57.5329
119.8096,41.1840,65.1938,56.8399
120.4941,40.7656,64.2106,56.5630
