1
31.8688,57.0349,70.1202,87.3467
35.8399,62.7648,72.7289,87.5468
41.9358,68.4604,74.4383,86.6462
52.2649,73.6921,74.6515,85.3278
60.1738,77.8474,73.8818,84.3222
70.3188,80.1709,72.5859,83.0697
75.9246,81.4191,73.1123,81.7413
86.6576,84.4504,72.5441,82.5086
98.3081,89.0854,70.2500,83.3382
106.7933,94.4595,70.3457,84.4749
118.9813,92.8082,68.6975,84.9745
126.6618,91.2642,66.8041,85.2755
132.5673,88.8730,65.0959,84.6977
136.6409,84.4181,64.2087,83.3673
142.9274,79.4468,62.9012,81.2456
148.7159,77.4528,61.6712,79.8603
154.1822,74.0296,61.1905,78.4035
163.2722,72.7891,60.7613,76.4480
175.7973,72.2456,60.2699,74.8199
187.4750,72.7189,61.9664,72.1938
199.2360,73.4194,64.3078,70.0811
220.3611,75.6073,63.6794,70.6768
233.3973,75.6061,63.4279,70.7418
245.5627,73.9858,65.4688,69.8358
267.0303,74.4342,63.9297,71.3953
280.0576,70.9605,62.4647,71.8823
290.8550,72.6706,60.5394,71.8293
293.5434,71.3037,59.5847,71.4612
294.1520,70.2366,59.0685,71.2915
288.1672,70.0404,58.5144,71.7741
280.1282,69.3840,58.4671,73.5575
267.6017,72.7331,60.1832,73.5762
253.8237,73.9969,61.7703,73.1828
239.1502,72.2005,62.4972,73.1397
225.4964,74.4002,63.2833,72.3213
211.9674,74.1397,64.5264,72.6364
197.3430,74.5417,64.9293,73.1656
183.1728,77.3282,66.4901,72.7540
173.4167,80.0962,65.6326,71.9941
161.6611,88.7009,67.7405,70.2504
151.3642,95.3749,67.0989,69.8536
142.8116,95.4126,65.4256,70.3662
135.6915,93.8263,64.6727,70.7343
132.2352,90.8412,63.8227,72.5451
128.1761,92.5012,62.9514,74.4568
125.9528,92.5217,62.2689,76.4030
121.8637,89.7867,61.7336,78.3452
119.2545,88.8000,62.1603,78.7259
114.3582,87.7620,63.7653,78.8477
109.4708,87.1227,66.6813,77.9930
112.8683,87.3455,68.1713,78.3307
124.1911,87.2646,66.6582,82.0976
136.3816,86.8481,66.2919,82.8533
152.1106,85.0522,66.0015,84.4838
167.2428,80.6279,65.0167,85.7033
180.7502,77.7300,66.6968,84.5461
204.8858,78.8030,68.8146,79.6707
219.0276,79.9499,69.0326,75.9860
233.8616,79.4295,69.3467,73.8395
248.2727,80.0579,69.8167,73.5044
262.8927,76.8672,69.1195,73.9226
277.4384,72.8076,69.8625,73.7053
291.5966,71.1828,69.6668,73.7040
302.6786,68.6601,68.6003,73.1443
307.7446,68.2185,67.9593,72.4906
310.0873,66.7095,67.7234,72.7876
307.1598,66.2820,68.0045,73.3552
298.8674,70.3456,68.3595,74.2982
284.3796,72.3801,68.9381,77.1563
267.8741,75.7957,70.5234,80.5723
251.4723,80.1662,71.3989,82.6985
233.3058,81.0855,72.5308,82.5940
206.2377,81.3707,74.2470,79.3978
180.7515,82.9471,76.1054,77.6209
156.6442,82.8482,76.8904,78.0194
133.3216,85.2419,78.8773,81.5329
106.0735,84.2130,83.3823,83.6689
89.1890,77.3719,84.6278,86.1919
70.2130,72.5219,86.0466,87.7081
51.4772,69.0305,87.9026,88.7349
34.5219,68.3037,91.3527,89.1554
7.4877,69.7345,91.4327,88.2611
0.5158,73.9848,88.6968,88.1446
-2.9368,76.6933,84.4012,89.5135
1.0264,76.8717,83.7929,89.1442
-3.2818,77.0178,79.2929,90.6063
-3.7448,78.7706,74.0002,92.8850
-0.6551,68.8042,72.5799,91.8703
2.8539,71.6180,75.1447,87.0604
4.8916,74.7896,77.3601,83.7010
5.1988,77.3716,79.6542,80.6784
3.6067,79.8338,80.9951,79.5182
11.7554,74.2484,78.8739,80.6774
20.6943,75.0462,78.1739,80.0742
30.8549,77.7004,80.1004,78.1807
40.3413,81.8023,81.2445,77.1584
46.6987,79.8271,79.6607,77.4259
59.3538,81.8672,76.0792,80.0773
69.9593,83.5993,74.2041,83.7862
80.1762,86.7332,75.3194,83.9460
94.4247,92.1227,78.0976,84.3708
110.5556,94.1332,81.6263,86.2071
129.1484,96.1709,82.7587,88.5545
140.9697,98.2130,85.5351,88.4864
168.8794,92.4770,82.6814,88.3708
195.9584,92.4753,82.6495,84.5439
218.3154,88.7412,80.1013,84.9106
237.5576,93.2611,81.0785,80.6481
260.3357,102.4720,82.1630,82.1861
287.0051,107.6940,81.4594,83.5496
299.4614,107.3201,83.3228,82.1138
315.5322,105.3385,84.6586,81.2239
333.2434,104.2262,83.0838,81.7390
342.2382,100.8314,80.4936,82.6891
346.0428,97.0005,78.8831,83.3471
349.0099,94.4218,78.2356,84.6870
346.5371,89.3316,79.0914,85.1909
337.2672,82.3825,80.5325,88.0267
321.5350,76.4890,84.0442,90.1445
306.2324,75.9672,87.5280,93.2134
289.0400,73.4043,91.3527,95.3073
275.4691,75.3369,93.3705,97.4680
264.1219,69.9177,92.2964,102.1152
258.9661,69.1323,91.7356,103.8605
253.8444,72.4957,91.6098,105.0045
253.6981,71.0262,92.2353,103.8007
255.8981,81.9363,90.2397,106.6068
251.3152,90.4492,90.1939,107.5208
246.7140,97.4342,93.7641,106.3261
245.9575,107.1453,95.8149,104.9888
246.8765,103.4256,93.6562,104.7879
241.0209,99.8624,91.7692,105.9621
242.6358,61.2970,85.4374,117.2471
2
0
0
0
0
1
244.3191,99.8839,73.6839,83.8948
248.1699,99.2942,74.8948,80.5210
248.1072,99.1251,75.6511,77.7029
246.6546,101.6602,75.4266,75.5429
244.4705,104.0749,74.5306,74.1276
242.3740,105.7493,73.8436,72.8710
237.6884,107.8354,72.1457,72.7454
231.7274,107.7489,69.8075,72.1483
228.9644,106.2903,67.3089,71.2256
224.7981,99.5899,65.5239,71.2123
226.4682,97.1579,64.3832,71.0830
234.4423,98.2331,63.4985,71.5915
245.3742,96.0976,63.0968,70.4354
258.8578,91.5041,64.1914,68.6893
272.8305,88.4284,66.9263,66.2831
287.7085,87.8992,68.2076,64.2264
301.1875,84.2772,67.2322,63.4387
307.5212,80.4903,65.3250,63.3192
310.5727,71.5491,64.2553,63.9201
310.5508,70.8889,64.8243,61.9655
308.8666,73.3123,65.1134,61.0093
304.9334,78.1098,65.1028,61.5223
298.0612,85.0863,64.9298,63.6189
290.3116,93.9450,64.3192,66.7408
282.3857,98.0925,64.8033,71.7858
276.5802,101.1546,65.0308,73.4144
273.6679,104.0847,64.8452,75.9157
267.5450,99.0970,65.7273,77.3335
253.1106,97.9906,68.8948,76.3771
239.3350,93.2261,71.3254,74.4099
228.2167,85.4929,71.7739,73.0765
213.7188,83.1107,72.0383,71.5908
206.8646,84.8241,73.3844,69.3315
206.7997,80.4074,75.3838,67.4108
213.8977,81.1224,75.8441,66.9120
207.4269,81.4219,78.0729,66.1090
189.7980,81.8105,82.0392,64.9858
170.7708,86.9505,85.4723,64.1403
155.3936,90.7695,86.1548,65.2261
152.7628,99.2459,83.8492,67.8776
160.8530,98.8985,82.6254,69.9670
167.2599,97.2961,81.9996,72.1275
167.9700,94.2971,79.7238,73.6867
171.8454,92.9221,76.5950,75.6899
186.1026,90.9628,76.0335,76.0098
191.9313,87.1657,74.8943,73.6574
193.7440,90.2242,75.6197,71.2704
196.2241,87.9950,75.3203,70.1026
204.0584,84.4706,73.8213,70.4133
213.4335,82.0439,73.0992,69.6368
219.5265,78.3922,71.8557,69.2553
218.0080,78.2008,70.5498,67.9202
218.9389,75.1571,69.5446,67.9623
220.0631,78.5600,69.5306,69.1751
222.5290,76.5277,67.9108,69.6244
223.2205,78.3359,67.1922,69.5439
222.2441,81.2650,67.6096,68.6326
222.7040,83.0427,69.1571,68.3415
221.1355,84.2556,70.0164,68.7609
223.9062,86.0312,70.6637,68.8833
225.7085,84.4223,71.0238,68.8214
237.5468,82.3728,70.8716,70.0035
249.7885,82.0341,75.0479,68.8566
267.1496,82.1553,76.0625,71.1722
278.2975,80.4273,76.6889,74.0050
263.6041,73.4410,78.8693,74.7432
247.6935,76.1787,81.0783,74.3201
234.2610,79.5094,81.0509,75.9770
230.4980,79.8152,80.4570,77.5264
238.8020,86.1543,78.5105,79.9646
244.6234,84.9904,76.8155,83.7686
238.9500,87.2259,78.8279,85.1383
224.6922,88.4304,80.9171,84.6802
209.3553,88.1725,81.4901,83.5311
193.5455,84.6924,83.2050,79.9613
176.5412,88.0080,85.2922,79.0326
162.9215,92.2214,84.9410,77.5832
152.3944,101.0745,80.6611,80.3511
149.4922,104.2549,76.7449,81.0756
153.0210,104.1426,75.3488,82.0056
158.5984,98.3854,75.8646,81.8107
165.7021,92.9579,76.6802,80.9076
173.6495,84.4689,75.8931,80.9350
184.3136,76.6033,73.3558,81.9038
197.0927,67.6861,72.2635,82.7672
213.0084,66.4053,72.3543,82.6441
226.4786,61.4755,70.7731,82.0487
233.1162,59.2604,70.5482,79.0126
239.2106,61.2125,71.0209,76.5425
241.2422,69.2349,70.8983,77.2820
238.7515,75.2635,71.1184,78.0135
229.9036,81.5076,72.7869,77.0340
219.2455,81.6451,75.3407,75.1845
206.5245,83.7381,80.7981,71.3561
194.9040,92.3284,86.1952,69.5263
182.8454,102.5573,88.6643,69.6212
184.2445,111.4460,90.7365,72.3311
186.2241,110.9449,90.0450,75.8325
191.8046,105.8039,89.9881,78.8957
196.0140,95.4057,88.2067,83.2737
202.7697,87.2971,86.9385,86.8809
216.3573,83.2941,84.8914,90.2655
221.1644,89.9240,83.5219,93.3848
226.9783,94.2804,83.0181,92.6398
234.3555,85.8304,80.7938,95.2613
236.8113,93.1202,80.3149,93.7337
241.1478,92.5842,79.0785,92.5096
241.3364,92.7842,78.3367,91.3802
240.5019,93.6104,76.2097,90.3416
233.7120,94.4772,77.3647,86.3154
226.9516,98.8936,77.9199,84.9681
218.2496,99.2924,76.7615,85.5405
207.2889,103.5446,76.0257,84.6096
204.4530,110.6296,76.3390,82.3556
200.6212,115.4062,77.6008,78.5400
201.1349,119.3691,77.8314,77.0510
203.4269,119.0334,77.1332,77.6148
211.0401,115.8422,75.9934,77.5906
221.4321,107.4575,74.2127,79.6213
229.8174,102.4779,74.3009,79.2450
232.8318,95.0794,75.2224,78.9146
230.3701,89.1051,76.1854,77.9700
222.3306,85.4017,77.4894,76.9239
210.9047,84.7721,79.5720,77.4038
198.6054,87.2515,80.6279,79.5627
191.3138,86.5682,79.2922,81.3653
191.0225,75.3952,79.9519,82.8149
194.0734,66.1464,81.9605,81.8160
195.3249,71.9958,82.8824,85.3452
199.2429,78.4427,85.9210,86.2059
199.7566,78.5053,88.2380,86.3782
201.5883,68.1045,87.8866,91.6576
193.5445,61.2026,88.5001,94.2270
184.2030,63.1707,90.8257,90.9513
175.9586,63.4504,90.7641,88.4162
168.0089,61.6684,91.2292,84.7798
155.9268,66.5496,92.1948,83.2366
144.7992,71.2495,92.8672,82.9429
134.2978,76.7205,92.7118,83.4559
128.5206,82.0163,92.4490,85.9340
125.3704,84.7226,92.5573,86.2617
125.3442,73.2256,92.8629,86.1199
135.5695,67.9067,94.7926,84.6356
155.3119,60.0952,96.0168,82.9734
175.9517,57.2623,97.4213,82.4457
196.6885,61.7239,96.9890,83.8966
216.3271,65.5980,95.0880,85.6840
233.2067,75.8599,91.7390,89.3219
250.9434,80.3325,92.1664,91.0208
267.0626,81.2898,90.1120,94.6250
265.4447,77.4616,88.7803,96.0389
255.6234,73.5052,88.4423,94.4484
247.4761,84.7595,87.8923,94.9425
242.9424,87.3492,87.1522,96.7062
239.5506,84.1996,86.6866,96.6610
237.2664,74.6261,84.2803,95.9613
234.9967,76.6751,82.6822,94.6931
230.5923,77.4103,82.1968,91.7375
222.5678,79.4868,82.5582,88.2850
212.3422,80.4678,82.9844,84.3668
203.3799,82.7096,84.1965,80.3751
201.1510,89.2262,82.6509,81.7236
205.1369,91.3930,81.6673,82.2825
215.8748,95.9995,80.8440,82.6114
231.2055,98.0054,79.4633,84.8094
240.8739,102.5707,78.6415,83.4405
249.4163,98.6749,77.7688,82.6470
248.1886,94.0701,76.9055,81.0052
243.2494,89.3179,77.2085,79.6982
242.4022,88.4090,78.5614,78.5185
244.7029,92.2304,79.4904,78.5394
243.8736,85.7494,79.7830,81.5251
234.4937,83.1924,81.6599,82.3643
230.6972,76.2315,83.7865,82.8901
211.5390,71.1655,85.0913,81.5466
174.7313,73.6018,90.5486,78.3100
155.2579,77.9922,92.0278,76.8167
169.5929,75.3638,91.8122,77.1592
194.9244,70.2294,93.0270,77.3608
226.6657,73.0769,95.1298,77.8997
267.0764,77.2941,96.6966,75.9209
286.0639,69.3349,94.4235,77.3269
288.1477,65.9062,91.0511,78.0511
267.5566,65.2086,90.3692,80.1149
224.2985,63.9556,95.1292,79.7836
197.3940,72.7551,97.0633,81.3445
174.4304,86.1364,97.9679,81.0760
172.2932,100.4860,104.0598,78.4213
173.1787,114.0509,104.9108,78.3406
183.0251,116.4348,101.5369,79.1307
196.8533,102.5178,95.2279,83.9164
213.9924,88.9882,89.0516,87.1204
229.4360,80.1854,86.6607,86.4805
236.8063,78.1790,82.7940,85.1721
227.3323,77.2846,83.3036,83.1469
219.3982,87.0554,87.0015,81.8354
206.4021,97.6766,90.0263,80.4956
197.9136,108.1984,92.1070,79.9424
208.9793,115.9917,87.5855,81.0749
224.0561,121.2737,87.9218,79.8625
250.9123,119.1357,87.6623,79.2535
276.6506,107.6425,92.0608,77.9145
312.0237,98.9644,91.9873,78.8625
323.9839,81.7413,87.4940,82.6079
313.5875,75.4432,89.4585,80.5280
285.0254,72.3521,87.6599,81.4164
253.4243,76.5345,89.4106,82.4033
223.3849,77.8496,94.1711,81.7987
198.2649,83.2408,100.8620,77.7947
196.7388,102.4829,97.6671,79.0245
197.4325,112.6924,89.9840,83.5202
195.0440,121.7653,89.8549,80.9913
191.4411,129.9164,90.0614,79.1254
180.5022,128.5036,94.4882,76.4292
182.5035,130.6455,95.4129,74.7819
187.9387,132.3622,94.1630,74.3188
196.7641,120.3409,87.7010,77.9488
192.3288,117.0668,86.5471,78.5281
179.2327,117.7631,88.7362,77.5751
146.7104,94.8651,89.1383,78.2656
131.6242,91.8136,88.9438,78.4081
123.0046,94.9352,85.7478,81.2155
126.1481,96.3632,82.4377,82.5482
139.8641,90.7046,80.2116,83.6190
155.6872,82.0937,78.3277,86.2222
