1
230.8340,135.7808,53.5591,72.7430
230.9215,139.4819,52.3178,76.4533
225.1291,134.0798,53.2069,76.9816
223.6408,133.7678,54.5383,77.7464
219.4066,131.8983,56.4497,77.1714
216.2967,128.0329,58.1006,75.7955
213.8375,125.8326,59.0963,75.5323
212.8306,121.5752,59.6315,75.0322
209.6731,116.8644,60.2102,75.3974
205.7672,109.3134,61.1601,74.1634
200.8859,106.2809,62.8205,72.1825
200.3738,101.3791,62.3199,70.7296
200.1385,98.3656,61.5028,70.3878
199.8879,94.4557,61.0121,69.8744
195.9382,92.4283,63.2917,67.2987
192.1228,90.0627,62.6495,65.6350
189.5714,92.4673,62.1805,64.7178
190.1542,89.4398,60.2283,63.2763
190.9067,89.7394,59.4550,62.4682
190.1053,90.9344,58.7295,63.2386
191.1225,91.1197,57.7579,64.4453
191.0739,93.1824,57.2271,65.2610
191.3417,96.3532,56.8880,65.8990
193.6139,98.4439,56.7173,66.1597
195.3697,103.6763,56.8273,66.4128
195.9760,107.6128,57.4678,66.5876
197.2061,110.1309,58.4349,66.7019
199.4308,112.7088,59.8258,67.1854
201.0770,110.7692,59.3929,66.5566
202.0116,111.9783,59.4827,67.6848
203.3705,108.2361,57.8997,69.1469
204.7062,101.6256,57.4857,69.9438
206.0350,95.7169,57.4964,70.7203
205.5899,90.1253,56.8801,72.5287
208.1421,84.7736,56.3519,74.0494
209.3579,79.5022,55.9448,75.1932
212.1971,75.8449,56.0110,76.0196
212.8940,74.8268,56.0267,76.6996
215.8902,73.9106,56.1121,76.8760
217.7551,76.0897,56.5633,77.1849
215.2281,78.9118,56.9595,78.0527
217.0991,81.6281,57.6346,77.7735
215.9524,85.7134,57.7855,78.1670
216.1098,91.6553,57.8785,78.2385
215.2422,95.7400,57.7041,78.4408
216.1991,100.6045,58.2015,77.8206
216.9924,106.6908,58.3317,77.0730
218.0754,113.3693,58.6078,76.9246
219.7214,119.0131,59.3500,77.0343
220.7380,121.6916,59.8551,77.9366
222.6893,125.8859,60.9739,79.1939
224.9670,124.0513,62.4921,78.7724
227.2699,120.7361,63.5622,78.2977
229.6490,116.2521,63.7734,78.7642
231.7381,108.8833,63.8694,79.4705
232.0080,100.0150,62.2761,81.2303
232.7099,93.3295,61.6149,81.4835
234.9915,85.2593,62.7260,77.6551
236.3527,80.3691,63.5389,73.5687
234.9991,83.0438,63.1680,70.0859
234.9899,87.4010,62.1998,67.6012
237.3471,93.3664,61.8917,65.7183
237.7413,96.0375,61.9729,62.4854
238.4447,101.4032,62.4369,60.8240
239.7812,102.8662,62.4446,59.8353
239.1854,105.6803,62.0737,60.5123
240.4096,106.7252,61.5733,62.7509
241.9400,104.9655,61.1871,64.0180
242.3743,106.5137,60.7028,66.6261
244.9185,107.9655,59.7507,69.5219
245.5926,108.0070,58.8988,71.1707
245.5732,110.9035,58.7228,71.2795
246.0211,114.1850,58.7941,71.4366
248.1818,116.1863,60.9446,70.7337
248.1505,116.6547,62.9542,70.1579
248.4262,115.2615,63.5525,70.8116
248.3481,113.7825,63.7744,72.8819
249.5044,106.6079,63.6089,74.9322
249.9668,97.5642,63.1068,75.3004
251.8841,87.7318,62.7502,75.3836
252.3018,78.4882,62.6351,75.1509
252.3544,69.7397,62.5908,75.5028
252.6422,65.9742,62.3768,75.1245
254.9974,65.1475,62.6046,75.4235
255.9230,62.5787,62.5676,74.6455
256.1425,62.3504,62.6965,73.6202
257.1097,64.8509,62.7731,72.8659
257.6447,64.9643,62.2421,72.5227
258.6002,67.3143,62.3053,71.9355
259.4850,70.8179,62.6059,72.2559
259.2299,72.1753,62.9293,72.1331
258.9235,74.5086,63.5605,71.6669
258.8369,77.5458,63.4075,71.6917
256.9407,81.6645,63.7381,71.5446
256.7231,84.5065,63.6492,71.5080
252.6018,89.2036,63.9148,71.7139
251.8529,94.5166,64.7421,71.5843
248.1939,97.9847,66.1651,72.3184
244.2645,100.1083,67.0894,72.8608
239.8084,98.5959,67.6578,73.5375
236.4210,96.6419,67.4455,74.9783
234.5608,89.1686,67.3523,75.8712
234.8830,78.1729,66.1079,77.3310
238.4252,68.4025,65.1259,78.8240
241.3595,58.9350,64.4532,78.5682
243.1048,56.0732,64.0677,78.3561
246.6171,57.9542,64.4330,78.6813
251.5586,66.7570,65.3346,77.2725
253.3880,71.7235,66.4897,74.2719
254.4939,78.9283,67.2109,72.4023
255.3352,84.3090,67.2907,72.5195
255.5347,87.5903,67.2536,72.6119
256.0536,90.1201,67.4614,72.4659
254.8403,92.0337,67.5943,72.5888
254.2323,91.9423,67.4175,72.7917
253.3771,90.5592,67.2554,74.7874
250.6747,88.3196,67.4095,77.5657
248.7513,85.7552,68.1159,78.5750
245.2526,86.0380,67.7062,78.9490
240.4424,90.7767,68.1651,78.8995
235.2923,95.2463,71.0914,78.8950
235.2799,96.4775,72.1607,78.4351
234.5660,96.8031,72.8482,77.6584
236.6637,96.1128,73.0068,78.0849
237.2924,91.1619,73.6637,78.5335
239.3891,82.1896,74.0394,79.2913
240.7861,75.2041,74.5490,79.9723
243.9697,67.2454,73.9154,80.5872
251.9623,65.9841,71.1730,81.8293
257.8405,67.3132,68.9634,83.6899
261.0951,71.2590,68.8553,82.4915
264.4710,80.1488,70.1609,80.6915
266.7473,90.5343,70.2037,78.2729
267.1709,96.1773,70.9057,76.0281
265.9518,100.2222,71.1787,73.4571
266.7066,102.1524,71.9863,70.5467
265.6249,103.1143,72.9167,69.5878
263.2928,105.4546,73.4874,70.9709
261.0869,102.1182,73.2090,72.3593
258.9676,100.3124,70.5666,74.9927
257.1187,102.2775,67.2712,78.2856
254.2399,101.9723,67.2419,78.8102
248.9653,105.1178,69.3097,78.5117
241.2228,108.9872,70.9753,78.3858
238.4393,113.3290,70.4228,80.1477
235.3804,113.5420,69.2390,80.6567
234.0555,111.5972,67.5624,81.1963
236.1616,105.0192,66.2551,82.1457
238.1035,96.4480,65.4496,82.1828
241.8184,87.8288,63.6384,84.2245
245.7864,79.2386,62.1139,85.1601
247.6880,71.2778,62.1587,85.2811
250.8209,67.7947,64.0852,85.1990
253.7049,67.5716,66.8440,81.9658
257.5485,77.8120,69.9286,79.5436
258.6406,85.2637,72.0457,77.1021
259.3300,95.4045,73.1441,77.5601
256.3937,101.3176,73.5533,76.9739
255.5730,105.2803,74.6889,75.6732
253.3393,106.5425,75.9044,73.7728
251.3062,108.1401,75.6452,72.7523
248.9751,106.0121,75.3701,71.9815
245.4504,101.0632,75.1527,73.2921
239.9718,99.1756,74.7327,73.7392
236.5389,95.5311,73.6900,74.7674
233.5380,95.9815,72.5175,76.6247
230.0711,98.5883,71.1903,78.8572
227.2901,100.1991,71.2781,79.4932
223.6319,106.2872,71.7703,80.3761
220.5004,107.8403,71.8015,80.6712
221.6314,105.6618,71.4128,81.0169
223.7758,99.9153,70.1026,83.4012
227.3967,93.1091,68.3403,85.7577
229.6412,84.4450,67.1005,86.8749
232.7478,75.0603,67.0828,87.1995
234.9594,67.9685,67.3223,87.6934
237.0103,65.4420,67.5522,86.3499
240.7599,67.8036,69.6355,82.9990
242.0322,73.4499,71.9651,79.9905
242.2522,80.8511,73.6939,77.0799
242.5249,87.5348,75.0275,75.2383
241.9133,92.2820,75.1009,73.8397
241.9810,98.1609,75.7289,73.7159
241.5001,99.6224,75.5747,74.8337
238.6842,99.7646,75.4896,76.0974
236.6196,99.5364,75.4386,76.7648
233.6105,99.2383,74.7358,76.2076
231.1160,99.7645,73.9229,75.8153
229.0989,101.9212,72.7405,76.2324
228.6847,102.7773,72.6670,76.1676
226.7913,105.3942,73.7509,77.2992
223.2773,106.5209,74.8621,78.2324
219.2006,106.6063,75.8545,79.2417
217.1996,105.7796,75.6275,79.7468
215.4363,100.4939,75.3799,80.5560
216.0776,94.4470,75.4311,80.9861
216.6259,89.6048,73.8391,82.7685
218.4604,78.9192,71.4537,84.2573
219.4816,67.6991,69.5954,84.8887
218.3295,58.9637,68.3180,84.6972
216.2828,53.5077,67.2413,83.6674
215.2470,50.4751,66.9737,82.6654
215.1355,49.3996,67.5871,82.1359
215.7703,49.6782,68.2928,81.5383
215.6859,51.3273,69.1194,79.9643
215.7641,54.4939,69.3799,79.6982
215.6116,57.9001,69.6313,79.1996
216.2628,62.7235,70.0209,79.2104
214.9681,68.7954,69.5788,80.5248
216.3124,72.0311,70.7655,80.3431
215.2543,77.3323,71.6243,79.0775
215.1488,84.6539,71.7071,79.5637
215.1186,88.9459,71.4892,78.7002
216.9261,94.9516,72.2648,78.5784
216.8779,100.4624,73.0121,78.9666
220.9436,104.2092,73.1348,78.0705
223.1199,106.5939,72.1364,77.3539
223.4009,107.3152,72.9953,76.6186
224.4207,104.2529,72.7076,76.4977
224.0752,99.6282,72.6438,76.5965
226.6747,93.5787,72.4151,77.7073
229.1174,85.7264,72.7468,78.4095
228.5151,77.8149,72.5642,78.2780
229.2184,71.9431,71.3607,79.5883
228.9177,63.9946,71.0079,79.0815
231.2861,55.7285,70.2619,78.0717
231.6516,49.1491,69.5166,77.4080
232.8413,41.7593,69.2727,76.7349
236.0744,36.2849,68.9266,76.5386
237.7504,31.8106,69.4808,75.3357
241.2407,28.5282,70.4846,73.5311
241.7306,28.7645,71.9592,72.0397
241.1931,28.2576,73.3481,70.4795
242.0234,29.7692,74.5863,68.9308
243.2077,30.4145,75.6078,67.7443
243.3415,33.3346,76.7002,67.6166
243.3224,36.0564,78.1738,67.7441
242.3164,44.1496,79.5160,68.8400
242.6677,49.8492,81.4120,69.6955
241.5559,57.7274,83.1982,70.8793
242.4023,67.6547,83.7572,73.8483
240.0678,68.2409,84.0285,76.5406
237.4419,64.8515,84.1030,78.8649
234.3174,60.5389,84.7893,80.1013
228.4729,50.9065,85.2097,79.9263
223.1456,43.4105,85.5499,79.6389
217.7150,36.7656,86.1898,78.4982
211.8185,32.5431,86.4741,77.1454
207.2353,30.5909,85.4969,76.9631
205.0686,30.9537,84.9667,77.1058
200.1486,31.8668,84.9115,76.1282
195.9379,36.1851,84.6863,76.9632
193.5211,38.8995,83.8369,77.7982
190.5060,41.5723,82.7941,78.8671
187.2402,44.0029,81.9078,79.7227
184.7802,47.8726,81.3454,80.8567
182.9200,50.4754,80.5025,81.4847
180.8876,53.4917,80.4879,82.2535
176.5634,56.3770,79.6329,83.2772
172.9787,59.5841,80.1823,84.0096
171.3972,64.1033,79.7443,85.0553
171.5275,66.3470,78.6361,86.0897
166.2307,70.9619,78.0794,85.9067
162.3771,73.8503,78.7417,84.2979
159.9365,78.0125,79.3035,82.1476
164.0577,76.8884,80.0694,80.5748
167.6945,71.9893,81.0342,79.6231
171.7045,66.2819,81.3104,80.3333
175.4051,59.7522,81.6837,80.8176
179.2031,47.8040,81.8397,81.4124
183.5209,39.2585,81.1827,81.6239
188.1378,36.1273,81.3692,83.8649
188.7908,30.7373,82.2726,85.5546
191.2116,28.8763,81.7021,86.6899
192.3537,26.7604,80.1516,87.1643
198.4299,24.6620,80.6260,86.9443
202.9817,22.3847,80.7029,86.3497
206.9447,20.4771,81.8627,85.3049
210.8137,18.7979,83.7817,81.8310
214.4899,22.5556,84.6222,80.9576
218.1788,25.5577,85.2539,80.0902
220.1594,28.9938,85.8100,79.2593
221.4678,33.4457,85.9635,79.6282
224.4402,41.0232,85.5130,82.6634
226.8370,47.3451,85.3030,84.0503
235.3252,61.9040,83.4087,88.4810
230.1536,64.1511,84.3757,87.6130
227.5318,72.5529,85.4608,86.6060
224.4702,78.2642,85.8333,87.6425
223.5156,80.7578,83.7069,92.2685
221.5564,74.4888,81.5547,95.8873
216.6750,58.5231,79.3783,100.9522
209.1626,43.1127,80.0608,102.2117
199.8396,27.4871,81.6675,100.4558
191.4004,17.6781,82.8980,95.9205
185.1549,14.1210,84.6445,90.3930
180.7668,16.3863,84.1342,87.5361
175.4444,22.7865,80.2910,88.8110
173.7174,25.2419,77.8222,90.3045
172.2303,28.2414,77.6711,91.4105
171.4209,31.0310,78.4524,90.9848
169.0238,34.1893,79.7042,88.8396
166.8678,38.8393,80.2837,87.5076
163.9790,41.4538,80.0967,86.8939
161.8569,44.2335,80.1065,86.5395
159.2646,46.9179,79.7970,86.3357
155.7556,51.5876,79.1476,85.8834
154.4499,56.8393,78.3944,85.7985
151.8855,63.3186,77.7211,86.2449
153.9980,69.9344,76.7997,85.3777
151.1127,75.3423,75.2106,85.1382
148.0466,78.8875,74.7236,83.8086
148.6207,80.6358,73.7008,82.8566
151.1307,77.9190,73.0867,82.6097
154.3432,67.2523,73.5077,82.6162
158.0864,55.2389,73.4814,82.7914
162.8053,44.8346,73.6873,83.5790
167.9114,34.0740,71.6515,85.7432
172.5906,27.4702,69.5454,88.0570
173.8996,21.9326,69.3853,88.4659
175.8067,18.4952,69.2548,88.4250
177.5937,17.7239,69.1661,88.8362
179.9454,16.8900,68.8616,89.2211
182.7243,15.8293,68.4931,88.8290
184.2521,18.0238,68.9700,88.5347
188.5036,17.9961,68.6027,88.1672
192.5718,20.2153,68.9334,87.8014
191.1455,22.9540,69.2638,88.4329
190.9806,25.8326,70.3668,87.9049
190.7484,29.9127,71.1329,87.4445
190.5901,36.8022,71.7840,87.4186
191.1211,41.5845,72.4514,87.0217
190.2990,49.9945,72.7890,86.3375
190.7394,56.1721,73.4595,85.4357
191.5150,59.5444,73.6452,84.7515
190.4570,62.9564,74.0059,84.5860
190.1751,62.4993,73.6535,84.1037
188.9753,60.6613,73.5424,84.2148
188.3504,56.1174,73.6425,83.9991
187.8693,48.1886,73.9079,84.3204
188.3714,43.5764,74.3054,84.3355
187.7084,37.4991,74.6067,84.2006
187.9885,35.8812,74.3393,84.3298
187.7260,34.9744,74.1688,83.8853
186.8728,35.7735,73.9720,83.8700
186.6483,35.6639,73.8678,83.5788
186.1656,36.4514,74.0028,83.6849
185.8693,36.8315,74.0580,84.3467
185.1040,36.4641,74.5762,85.3506
184.1823,35.8669,75.0173,85.9704
181.3901,35.0070,74.6310,85.6718
180.8524,36.3413,74.4749,84.8116
178.5527,37.7858,74.1593,83.6618
175.9556,40.5739,73.4226,82.6847
172.5266,47.0412,74.0544,82.8277
170.2241,53.8497,74.0928,83.1109
165.3426,61.2411,74.3428,82.1467
162.5277,73.2898,72.8701,82.9114
157.9944,81.6740,71.2356,85.5031
151.1271,91.0828,69.5059,87.3742
146.6524,97.7525,69.0789,87.8231
144.9966,102.9242,69.0517,88.2932
143.7385,107.7541,68.9577,88.9840
140.7450,109.7271,69.4157,88.4783
