1
142.9111,31.8106,35.3432,119.5741
141.2991,31.3763,38.5673,115.7470
140.3083,33.8575,40.5489,113.1376
139.4119,34.8805,42.3416,111.0916
137.8947,35.3518,43.0212,110.1490
137.7190,36.7949,43.3726,109.6164
136.4071,37.0667,43.6443,109.0727
135.2844,37.2127,43.5405,108.7808
135.1073,38.6564,43.8947,108.2366
134.9903,38.8719,44.1288,107.8054
134.9563,39.1399,44.1967,107.2695
134.9840,39.2388,44.1413,107.0717
134.8254,40.2393,44.4586,107.3998
133.6034,41.7352,44.5629,106.7475
133.4580,41.7684,44.8537,106.6811
133.4993,43.0980,44.7712,106.3581
132.2314,43.9595,44.9769,106.9653
131.8904,42.7141,45.6589,107.1135
131.5230,41.5424,46.3937,107.1003
131.3246,40.4913,46.7904,106.8331
131.4605,40.4452,46.5186,106.9252
131.3433,40.5048,46.7531,106.8060
131.4858,41.3610,46.4680,107.4651
131.6304,41.4348,46.1789,107.3176
132.8127,39.9460,46.1831,107.9264
132.9052,40.0178,45.9981,107.7827
132.8785,39.9104,46.0515,107.9976
132.8324,39.9304,46.1436,107.9575
134.2583,39.7434,45.6694,108.3315
134.4755,40.7789,45.2351,108.6350
134.2945,40.9648,45.5970,108.2632
134.2872,40.7241,45.6115,108.7447
134.6627,41.4319,44.8607,109.7084
134.7066,41.6152,44.7728,109.3418
135.0225,42.9381,44.1411,109.0692
135.0541,44.2599,44.0778,108.7836
134.6825,43.5233,44.8210,107.9039
133.9400,43.5284,43.9527,107.8938
134.0263,43.5955,43.7802,107.7596
133.7864,43.7239,44.2599,107.5029
133.7401,43.9252,44.3526,107.1002
133.5958,44.1503,44.6411,106.6500
133.5330,45.2595,44.7668,106.7635
133.5095,44.0906,44.8138,106.7656
133.5670,44.1009,44.6987,106.7449
133.5491,44.0036,44.7346,106.9395
133.5643,43.8616,44.7041,107.2235
133.6728,44.8306,44.4872,107.6270
132.7401,45.6898,44.0093,108.2518
132.7805,45.7629,43.9283,108.1057
133.0028,46.8788,43.4838,108.2142
132.9230,45.8587,43.6435,107.9204
132.7968,45.8407,43.8959,107.9564
132.8066,45.8704,43.8762,107.8971
132.6819,46.9862,44.1257,108.0017
131.3409,45.5919,44.4653,108.4480
131.5900,45.4482,43.9671,108.7356
131.6315,45.4086,43.8841,108.8146
131.6906,43.8563,43.7660,109.5695
131.7343,42.6720,43.6786,109.5798
131.9983,42.7854,43.1505,109.3529
132.2962,42.4843,42.5546,109.9551
132.5148,42.3295,42.1174,110.2647
133.6898,43.6192,42.1065,110.0242
134.7830,44.1701,42.2553,108.9224
134.7588,44.4930,42.3038,108.2766
134.9218,43.6603,41.9777,107.6283
136.0035,44.3532,42.1129,106.2425
136.2543,44.7051,41.6113,105.5388
136.1535,43.9628,41.8129,104.7613
136.3611,45.3369,41.3977,104.2674
136.6174,45.6864,40.8852,103.5684
136.7781,46.7775,40.5637,103.6069
135.4050,46.8859,41.0946,103.3902
134.1214,46.8300,41.4399,103.5019
129.6370,47.2744,41.4902,102.6131
124.8426,46.4241,42.2081,102.0960
122.4231,46.8869,42.6009,101.1704
114.5908,45.9852,42.7491,100.7572
108.5583,46.5160,43.7475,99.6956
107.1043,44.2128,44.4400,99.8709
99.2093,42.5854,44.6177,100.8954
96.6821,42.9178,45.1756,100.2305
95.0125,44.1434,46.2664,97.7793
92.2702,45.8660,47.2872,94.3342
91.7623,47.1444,48.3030,91.7772
91.1388,48.2908,49.5499,89.4846
90.1921,50.3622,51.4433,87.5086
91.5189,51.6441,55.2989,84.9448
90.5948,53.6916,59.3434,83.0459
89.4510,54.3588,63.8656,81.7116
88.5624,52.8098,67.9310,80.2331
87.9244,51.8143,71.5383,79.8928
90.5562,52.0071,75.8101,79.5072
104.7065,46.5269,71.9670,83.1302
113.9724,43.5912,68.0806,86.5608
116.3017,38.1452,63.4220,90.1600
116.9178,34.3622,62.1897,92.9071
117.4926,31.4110,61.0401,93.9486
116.1530,35.2402,61.2925,93.5710
111.8086,36.7821,60.2792,92.9128
111.7216,38.5269,60.4531,91.8219
113.8404,37.9867,58.6009,92.9024
114.9839,38.1505,56.3138,94.9453
114.0226,37.9329,55.8739,95.3805
116.2518,38.5609,53.7771,96.4860
117.9415,40.4105,52.7401,95.1291
117.5874,45.0732,53.4483,92.7176
116.5339,46.3897,55.5553,90.0845
115.2181,46.4613,58.1868,87.6640
116.5625,46.0685,60.0682,86.1646
115.9249,44.8296,61.3433,86.3486
124.1485,43.4360,58.8012,89.1358
126.0560,39.5653,54.9863,94.5598
126.4590,43.7533,51.8459,100.1898
126.1168,41.4336,50.1665,102.4654
123.4825,41.9471,50.6990,103.8065
120.9358,43.8251,53.3954,104.8445
124.6826,43.0545,53.2782,106.3857
125.9076,41.9000,50.8282,108.6947
131.0609,42.6663,47.9330,112.1031
131.3569,40.8185,47.3410,113.3296
130.7400,42.4677,48.5748,112.5076
130.3792,44.8302,51.7829,110.2687
129.0872,44.3545,54.3668,108.7102
131.1816,41.2759,55.2425,107.2705
134.2119,42.4868,54.2345,104.8488
134.8315,45.1744,52.9952,101.9468
135.2602,46.1712,52.1377,99.9534
135.0018,52.6757,52.6545,98.7711
135.1952,61.1205,52.2679,98.3794
136.0921,62.2386,52.8186,98.4877
136.2072,65.1509,52.5883,99.7296
136.1189,70.3201,52.7648,101.2403
134.3532,72.7670,51.5061,101.1365
133.8200,74.3789,52.5726,100.2845
123.6651,76.3945,53.8608,98.6311
116.6890,76.8412,55.9357,95.3623
110.7250,72.6171,60.7768,89.6364
126.6847,50.2219,66.5820,84.9132
113.0299,45.4000,72.4591,80.2688
106.7646,39.0178,80.1810,73.7981
117.3329,31.6024,80.8635,74.0829
124.0120,23.2366,77.2634,78.6168
143.3907,41.5047,75.3278,78.9026
137.8106,28.1442,69.4873,86.1943
141.5308,27.2412,64.4950,92.8965
145.2953,36.8090,59.4345,95.9774
146.3288,48.9553,59.7981,91.1284
151.0439,60.4740,64.5516,84.6386
142.5815,70.8690,67.4115,77.9134
150.6289,83.6244,74.1878,70.6994
147.7417,93.4689,79.9620,64.6995
146.5406,94.2481,80.0893,65.4161
147.9941,98.7409,74.8939,70.1614
149.3231,95.3792,69.9518,74.6009
152.6850,94.1290,63.2279,79.3774
149.1935,86.2949,56.7581,83.8348
150.2354,81.9176,52.4705,88.1819
137.1363,77.3580,50.1067,92.9069
127.5925,71.4998,49.1528,93.4892
121.1726,67.7959,50.8976,92.0208
126.7675,46.2009,57.5259,83.9836
109.1313,39.1771,63.9546,75.8438
105.7493,38.2763,70.7187,68.8473
114.6453,42.2103,74.9051,63.1771
118.9848,40.3728,77.0888,60.3343
117.2119,39.1314,78.4745,60.6571
120.1752,36.3629,72.5480,64.0076
130.2648,31.1433,65.2654,70.1478
135.8841,25.9294,58.2910,76.3115
140.1152,26.1526,51.9439,80.0950
148.7032,26.0046,47.1729,80.3909
149.8989,31.7701,44.7814,76.8270
155.2254,34.3831,45.5187,71.6011
163.4233,40.7134,49.2853,66.2723
163.1277,49.9172,53.5061,60.5688
157.5154,59.8193,57.5486,55.1293
157.0447,63.0718,60.2643,50.3986
160.1345,65.1762,61.0485,47.9309
157.0300,66.7970,56.9790,51.5417
157.7284,68.9477,52.1653,57.4910
160.7486,69.3374,47.8513,63.6171
159.7413,77.9185,44.6129,67.4669
160.5306,75.5401,43.0341,68.7121
158.1906,74.7859,42.4697,68.4723
158.7792,74.2728,41.2927,67.7634
163.1681,73.6893,39.3338,67.2257
164.1029,72.4139,37.4641,66.4492
164.2603,69.4980,35.5288,65.7994
164.8120,68.9413,34.4256,65.3348
164.5311,69.1270,33.4351,64.9635
164.6576,64.4300,33.1822,65.1801
165.2664,64.6734,33.4929,64.6933
164.9779,64.8914,34.0699,64.2572
166.1284,64.4169,34.8292,63.6762
166.9677,65.4136,36.2197,63.2174
167.1043,65.8276,37.4980,62.3892
168.1529,66.1316,38.5224,61.7813
167.7319,66.5145,39.3642,61.0155
167.3195,66.8507,40.1890,60.3430
166.8414,67.9549,41.1453,59.7099
165.5273,68.0206,42.1919,59.5785
164.2927,67.9641,43.0643,59.6916
162.4476,67.8191,43.5287,59.9815
158.9622,66.8436,43.9999,60.3076
156.6395,65.8100,43.7325,60.7372
154.9125,65.5177,43.9069,61.3218
154.8358,65.3447,44.0604,61.6677
154.7803,64.1654,44.1713,62.3672
156.8257,63.1520,43.4239,62.7223
157.0989,62.9414,42.8774,63.1435
157.3788,60.8517,42.3176,63.9989
159.4733,61.0914,41.4597,65.1851
165.0903,59.0475,40.2398,65.9348
165.5111,57.3414,39.3983,66.0275
170.4737,55.8052,37.7078,67.4529
173.6877,53.5911,36.1980,68.6024
175.0460,52.9784,35.1120,69.8276
178.8594,52.2047,34.0046,71.3751
180.2083,51.8741,32.9401,73.6696
181.2232,50.2558,32.5583,75.2581
182.1714,49.3787,32.3262,77.0124
184.9896,50.9621,31.7463,78.9022
184.0064,51.2067,32.0102,80.1155
183.9215,52.3820,32.1801,81.2142
184.7486,53.5802,32.2692,82.3048
185.4664,53.2894,32.5945,82.8863
186.1904,53.9630,32.9213,83.3140
187.0186,53.7461,33.0520,83.7479
186.9453,52.6301,33.1986,84.1845
187.8622,52.5048,33.1691,84.4350
187.9489,52.1724,32.9958,85.0997
189.9859,51.1136,32.5496,85.4034
189.8831,51.9302,32.7554,85.5805
189.8153,51.9418,32.8910,85.5573
189.6880,51.8595,33.1456,85.7219
191.6700,52.5554,32.8328,86.1557
191.8110,53.7455,32.5507,85.6017
191.9115,53.9090,32.3498,85.2747
192.0257,55.0189,32.1212,84.8597
193.0284,54.9720,31.9107,84.9535
193.1388,55.0087,31.6900,84.8802
193.3326,53.8030,31.3024,85.5043
194.3450,53.6564,31.0667,85.7974
194.4505,54.7846,30.8557,85.3301
194.5159,54.9890,30.7250,84.9214
194.6282,54.9665,30.5003,84.9664
194.6690,54.9896,30.4188,84.9202
194.7791,54.9430,30.1985,85.0134
194.7748,55.0140,30.2072,84.8715
195.7491,54.7482,30.0190,85.4031
194.8951,54.9543,29.9624,84.9908
195.5954,53.9983,30.3195,85.1451
194.4044,54.1601,30.9350,84.8215
194.1883,56.1316,31.3673,84.4244
192.2790,56.5389,31.6359,83.6097
192.2586,57.0535,31.6767,82.5806
188.5554,58.6442,32.0666,81.1532
188.6570,59.0748,31.8634,80.2921
188.7877,59.2973,31.6021,79.8470
187.8518,59.8796,31.7604,78.6824
185.2658,61.2812,31.8338,77.5787
185.3151,62.6343,31.7351,76.5574
185.4719,63.0988,31.4216,75.6284
185.7301,64.0275,30.9050,75.4207
186.0459,62.8924,30.2735,76.0535
184.7253,63.3925,29.6443,76.6884
184.9894,63.2349,29.1161,77.0038
185.1860,63.2533,28.7230,76.9669
185.3407,63.1156,28.4136,77.2422
185.4413,63.8498,28.2123,77.3926
185.5846,63.5373,27.9257,78.0177
185.7670,63.3434,27.5609,78.4055
185.8428,64.2734,27.4092,78.1655
186.8233,65.1242,27.0622,78.0778
186.9503,65.9132,26.8082,78.1060
186.9581,66.8339,26.7925,77.8667
187.0564,66.7171,26.5960,78.1004
187.0782,67.5209,26.5523,78.0909
187.1503,66.6433,26.4081,78.2488
187.2104,66.5611,26.2880,78.4133
188.0993,66.6039,26.1072,78.3276
188.1656,66.5713,25.9745,78.3929
188.2522,65.7966,25.8014,78.3515
188.2054,66.7479,25.8950,78.0358
188.2360,66.7970,25.8337,77.9378
189.0654,67.6537,25.7567,77.8061
189.0723,66.8459,25.7430,77.8433
189.9383,66.0333,25.5898,77.8895
189.9293,66.0232,25.6078,77.9098
190.7282,65.9538,25.5873,78.0486
190.6731,66.2202,25.6976,77.5157
190.7006,65.6434,25.6426,77.0959
191.6208,64.7784,25.3684,77.2595
192.4330,65.6701,25.3078,77.0398
192.3202,65.8591,25.5333,76.6619
192.2687,65.8965,25.6365,76.5870
192.9760,66.7771,25.7809,76.3849
192.9539,66.9492,25.8250,76.0408
192.9107,66.3658,25.9115,75.6528
192.9615,65.7651,25.8098,75.3034
193.0658,65.7864,25.6012,75.2608
193.2572,64.0972,25.2185,75.5602
192.5270,64.3737,25.1421,75.0074
192.7197,63.6921,24.7566,74.8429
192.8267,63.7862,24.5427,74.6547
192.2760,63.8137,24.1326,74.5998
192.3263,63.9562,24.0320,74.3148
193.1409,64.9327,23.9001,73.8591
193.1943,65.8556,23.7932,73.5018
193.1236,66.0654,23.9347,73.0820
191.0604,65.0986,23.6270,73.5378
190.9337,65.4762,23.8805,72.7824
191.4700,66.6684,24.2806,71.8708
189.0976,66.0519,24.6241,71.6368
188.7365,65.4545,25.3463,71.3615
188.3315,65.7989,26.1563,70.6728
187.7053,69.4193,27.4087,69.3681
182.3806,70.3134,29.1313,67.5800
182.2776,70.3621,30.8299,65.9898
180.3078,72.0973,33.2701,64.0188
175.4494,74.6557,35.4227,61.9277
172.9353,76.4125,37.4132,59.9330
173.3930,77.8928,39.5434,58.4951
172.8969,77.5284,40.5356,57.6872
172.3565,76.8115,41.6163,57.5800
167.9458,73.4478,41.0952,58.0792
164.5710,73.2175,40.0644,58.5397
165.1722,73.6345,38.8620,59.2517
163.5832,72.7979,37.4300,59.3883
161.3385,72.5678,35.8598,59.8484
161.8634,70.9142,34.8101,60.1649
158.8768,70.3671,34.8541,59.7769
155.7291,66.3071,35.2404,59.0332
153.7565,67.6231,36.2401,57.8739
149.9897,68.3846,37.8845,56.3509
148.5772,68.8789,39.2328,55.3623
148.3567,69.0726,39.6737,54.9750
149.0295,70.6286,38.3280,54.8343
149.4350,70.8256,36.0557,55.9016
149.8818,71.1292,33.7225,56.7341
150.2439,70.8668,31.5853,57.2589
146.1748,71.7843,31.4168,56.8084
145.3761,71.3360,31.6394,56.3300
150.6898,67.3087,30.6134,57.5265
153.3403,66.5305,29.4277,59.0829
156.9080,66.2807,29.1630,60.9566
158.9094,69.5085,29.3512,62.8827
153.7993,55.3021,28.1450,64.1577
157.0866,53.9763,27.2729,65.3837
161.5801,54.7675,26.8538,66.6573
166.0735,54.8893,26.5002,67.8526
164.5410,52.2839,26.6657,68.7142
167.6060,52.9661,26.3962,68.8148
170.0172,51.9333,25.9589,69.4187
170.0760,51.8855,25.8413,69.5143
170.8333,51.4177,25.7884,68.9882
172.1007,51.9201,26.1601,67.9833
171.8024,54.2813,26.7568,66.1520
172.8570,57.1400,27.5073,63.2944
173.0553,61.4237,28.5126,60.3346
173.9969,65.5564,29.3824,57.5754
177.6249,69.4118,30.2343,55.2698
177.9370,72.5625,30.9420,52.9643
179.7954,76.7405,31.1551,51.1581
183.4245,78.3194,31.6169,49.2868
186.3927,80.5461,33.2793,47.3665
185.1630,82.2468,35.7387,45.2301
181.4898,87.3794,37.9935,42.6024
184.6488,86.8720,38.0190,41.0799
186.3945,85.5135,38.2639,40.0606
188.4347,76.5181,37.8836,40.7841
188.3988,72.7880,36.7166,43.2896
187.8073,71.6847,35.3819,45.4963
188.8359,69.2878,33.3247,47.7477
190.3828,65.8478,31.5026,50.8127
190.5704,62.2702,29.8399,54.1058
190.3154,57.6718,29.0420,56.7622
192.9069,60.5819,30.5264,56.2759
194.4835,66.7423,31.4288,53.4180
193.3616,65.1203,33.6726,50.0375
190.5247,67.1589,35.4104,47.2723
186.2938,71.1151,36.0799,45.8536
186.7666,66.3509,35.1342,46.3660
188.5724,60.7080,32.8031,49.9694
189.7121,57.6205,30.5238,53.5513
191.5728,49.0187,28.1138,56.3280
192.2083,43.4847,26.8429,58.2182
192.4409,41.8507,26.3777,58.8533
188.3032,35.6410,28.0649,58.0963
188.1877,34.5935,30.9680,56.1829
185.0976,33.3284,34.4323,53.2811
190.1468,35.0260,38.0671,49.8858
179.1664,18.9796,36.5345,51.5756
174.1084,24.8351,39.7380,48.1595
166.7089,31.9272,42.0936,45.0363
166.5542,31.0588,43.7749,44.0294
161.9242,35.7859,44.7383,42.8715
163.2585,32.1871,44.8290,43.1712
163.8997,28.8357,42.1608,45.7166
165.0741,28.1253,39.8119,48.5210
165.9041,22.5247,36.7626,51.3859
162.3615,23.6730,34.1641,53.2395
163.4964,22.7128,31.8943,55.1600
164.1271,26.6068,30.6329,55.5238
162.9279,31.1442,30.3461,54.5043
160.9476,36.5028,31.6617,51.7230
159.5995,41.6848,33.0541,49.1805
159.7417,47.4265,34.0586,46.7187
160.1190,51.9699,33.3040,46.5091
160.7256,56.3826,32.0907,47.7045
164.0259,57.9539,30.4925,49.5641
164.7074,60.5737,29.1296,50.5834
165.4866,69.1631,27.5710,52.0631
166.2260,70.9690,26.0924,53.4080
168.2049,70.9857,24.6013,54.6079
168.3534,68.3422,24.3041,54.9958
167.8057,64.6442,25.3995,53.8153
165.9130,61.6157,26.7305,52.5089
166.8896,62.2442,29.7024,50.0206
156.2931,52.4822,32.2167,47.1301
155.1885,53.9473,34.4258,44.2000
155.1198,52.0641,35.7990,41.7873
155.6957,51.9631,35.8682,40.7683
154.2096,51.9841,35.2216,40.7263
152.5455,54.0472,33.7688,41.3812
153.0017,53.2826,31.6746,42.9103
147.7683,56.9296,30.4289,43.8150
146.6948,60.1845,30.2471,43.1273
144.8975,61.6676,31.5396,41.3121
144.9203,62.4411,32.6388,39.7651
143.0295,64.9580,34.1426,38.1479
140.8241,69.6917,36.2774,36.6464
134.8761,70.0425,37.8379,35.9448
134.4815,74.4107,38.6270,35.3414
134.4087,76.2115,38.7726,35.2335
135.5879,76.8398,38.7445,35.1419
136.9422,74.1364,37.1991,35.8959
136.1847,71.3405,35.2609,36.8834
137.6253,70.9678,33.5159,37.6288
139.5411,67.0801,31.9240,38.6848
142.9030,65.9872,30.7535,39.7599
143.9086,65.6532,29.8506,40.4278
144.4596,65.2921,28.7486,41.1501
146.1862,64.9579,27.4881,41.8184
147.7768,64.6695,26.4783,42.3952
148.8610,64.8132,25.3872,43.1852
149.7155,66.7838,24.7489,43.5271
149.9613,66.6559,24.2573,43.7828
151.1911,67.0859,23.9185,43.9832
151.3068,68.2236,23.6871,43.8229
151.3121,68.7936,23.6766,43.7342
151.4122,69.2572,23.4764,43.8569
152.0328,69.2628,23.2832,43.8456
152.0795,69.8042,23.1900,43.8074
152.7233,69.7316,22.9448,43.9526
153.3912,69.7245,22.6494,43.9669
153.5469,70.3590,22.3380,43.7335
153.6972,70.4201,22.0375,43.6112
153.8668,69.8192,21.6983,43.7932
153.9764,69.7793,21.4791,43.8731
154.0853,68.6405,21.2612,44.1227
154.1365,68.0348,21.1588,44.3202
154.1080,67.8934,21.2159,44.6031
154.0583,67.1354,21.3152,45.0992
153.8307,65.3845,21.7705,45.5139
154.0916,65.1634,22.2916,45.9561
154.5494,65.0293,22.4344,46.2243
154.9112,64.9701,22.7757,46.3426
155.0050,64.7727,22.5881,46.7376
155.6658,63.8685,22.3416,47.4708
156.4074,63.3969,21.9399,48.4140
156.5521,62.4561,21.6505,49.2075
156.7163,62.0164,21.3221,50.0869
156.7745,62.2046,21.2057,50.8120
156.6893,62.6219,21.3762,51.0874
156.8471,62.8626,22.1774,50.6060
156.3306,63.4926,23.2104,50.4700
154.1239,64.0013,24.2030,50.5930
151.9922,64.8486,26.1476,50.0578
150.7803,65.7944,28.5712,49.3515
147.4688,67.4313,31.5458,48.5100
151.7929,67.1857,31.6729,49.0011
153.1439,66.7110,30.2341,49.9506
153.0855,67.0178,29.0977,50.5902
153.7236,67.2930,27.8214,51.2832
153.6079,67.6292,26.8209,51.8427
153.3113,68.0696,26.1910,52.1850
156.3377,68.2219,25.0069,53.0976
155.4481,68.2969,24.3664,54.1574
154.3976,68.6542,24.0390,54.6570
156.4443,69.2589,23.5926,54.6632
155.9689,69.6930,23.3354,55.0029
156.7127,68.9428,23.0562,55.2950
156.2807,67.9944,22.7127,55.9845
157.5011,69.2494,22.6945,55.8971
156.7391,69.1316,23.0087,56.1327
155.4887,69.4402,24.2908,55.5155
146.0783,70.8882,27.0889,53.8519
141.6334,74.2467,30.9504,52.1634
140.5698,76.1151,34.3757,51.0230
137.7172,79.4826,37.4039,49.6418
136.4976,78.3776,39.8431,49.1170
135.5400,80.6573,41.7584,48.7548
134.2921,79.0354,42.8299,49.1498
133.6373,79.6360,44.1395,49.3962
133.3020,79.6747,44.8101,49.3188
133.4114,79.6875,44.5912,49.2932
133.4514,79.7033,44.5113,49.2618
134.2486,79.4662,44.3932,49.7360
133.8115,79.1727,43.7856,50.3230
134.0649,78.1490,43.2788,50.8891
134.1883,75.8171,43.0319,51.1077
135.9444,75.6647,42.4820,51.4125
136.6649,73.0392,42.5180,52.2327
138.0600,73.8523,42.7081,52.0967
137.7702,73.8377,43.2877,52.1258
137.0817,72.8595,43.1638,52.5812
137.1669,70.6960,41.4875,53.8963
137.9735,69.9674,38.3753,55.3536
139.3106,68.5208,35.7012,56.7766
140.6606,68.4795,33.0011,58.3061
141.8503,67.0870,30.6218,59.6672
142.9100,66.5137,28.5023,60.8137
142.9406,65.9306,27.0578,61.9800
143.3724,65.8662,26.1941,63.4837
142.9090,66.0436,25.7395,64.5103
142.4159,66.9308,25.3377,65.5119
141.8745,66.6812,25.0253,66.0112
141.8797,67.2188,25.0148,66.3328
141.9175,67.1029,24.9392,66.5647
141.9120,66.9090,24.9501,66.9524
141.2283,66.0256,24.9087,67.3102
141.2170,67.2687,24.9313,67.6508
140.4704,66.3070,25.0058,68.1555
140.5026,67.6246,24.9413,68.3747
140.5036,67.6958,24.9393,68.2323
140.5109,67.7555,24.9247,68.1129
140.5461,67.8222,24.8543,67.9795
140.5270,67.0444,24.8926,68.1131
141.2890,65.7831,24.7932,67.7866
141.2418,65.8959,24.8876,67.5611
141.9790,66.1858,24.8298,66.9813
143.5391,66.0681,24.5239,67.2166
143.4789,66.1295,24.6444,67.0939
143.4261,66.2623,24.7499,66.8282
143.2479,66.5905,25.1065,66.1719
143.1575,66.0573,25.2873,65.8378
143.7749,66.5711,25.4513,64.8101
143.7113,65.8120,25.5786,64.9411
143.7479,65.6619,25.5055,65.2411
143.7305,65.5534,25.5401,65.4582
143.6543,65.4564,25.6928,65.6523
143.4644,66.8529,26.0724,65.6666
142.5279,66.8707,26.5349,65.6311
141.1022,67.0998,27.9678,65.1727
140.0762,68.3782,30.0198,64.0532
137.9788,69.5754,32.7575,63.1158
136.8790,69.9079,34.9572,62.4509
136.3042,70.1459,36.1068,61.9749
136.1794,70.6939,36.3563,62.4099
136.6150,70.4823,35.4851,62.8331
137.8038,70.3487,34.6407,63.1002
138.3630,70.6526,33.5224,64.0153
138.6957,70.5216,32.8571,64.2773
