1
1101.2792,612.6532,40.5436,49.2317
1098.9307,604.0938,40.7252,49.0770
1063.2688,607.4921,41.9062,50.3982
2
0
0
0
0
1
896.3237,608.6375,51.3984,43.9797
881.2699,604.0059,50.7754,46.4367
867.4127,600.8334,51.1906,48.6248
859.2856,596.1805,51.8085,49.0573
846.4514,586.4060,52.6295,49.9155
838.7656,569.9595,52.7565,50.3850
826.6431,564.5126,54.0160,51.5891
817.6507,561.5536,52.4784,53.3055
810.2340,554.9517,50.7944,55.4311
802.4995,553.7666,51.1602,55.3398
795.3124,552.0918,49.5109,56.5528
787.2489,553.2368,53.7691,55.7016
782.4081,554.6704,57.6888,53.1619
779.5475,555.6331,61.7420,50.0760
781.9944,558.2626,65.8143,45.5183
784.9537,560.2327,68.7892,40.6884
791.4684,561.2583,70.7952,38.3246
793.2570,557.5020,67.6603,41.0098
793.9009,546.9614,62.7847,45.9703
796.2201,532.0396,59.0126,49.5617
793.1398,519.2794,56.5530,51.0456
794.9120,504.3710,53.4966,57.5748
796.8048,495.3364,50.6916,62.7804
794.5158,486.7006,48.9272,62.6128
789.7448,480.2851,47.9673,60.9999
783.3528,484.3284,47.0200,61.3450
775.0220,482.7130,46.9426,59.6260
767.2255,482.8819,48.5550,55.7530
757.7429,488.7462,48.3560,55.8648
741.7295,485.0542,48.1432,57.5860
729.5365,484.9798,49.4834,57.7109
708.0400,465.9435,51.5035,54.5485
690.6674,462.4350,53.8643,51.2458
670.0185,457.6452,53.9116,49.2235
653.3169,454.5053,54.4406,47.5883
628.5634,447.8279,55.3372,45.3824
605.1129,446.8588,55.6146,43.5833
581.9116,444.1959,55.7623,42.1104
558.6566,441.9473,55.9469,41.4999
529.4531,439.1068,55.6955,40.8290
500.6689,436.2809,55.4897,40.3112
471.3759,434.4439,55.2312,40.1788
436.1302,432.4041,55.2463,39.6746
405.9706,431.3776,55.6564,39.4983
371.3523,430.2014,55.2991,39.7400
336.9501,429.5222,55.5233,39.7754
297.4081,433.0665,54.9425,40.2356
246.0452,427.8691,55.8288,41.6041
210.0533,431.9120,56.1305,41.3626
171.1773,434.5002,54.8120,42.4901
2
0
0
