1
398.3186,185.7622,29.3165,31.5218
399.1345,185.7855,28.6427,32.4332
399.7783,185.9162,28.3166,33.1331
400.4058,185.5400,28.0285,33.8855
400.7865,184.9305,27.2670,35.1045
401.5469,184.5447,26.7266,35.8761
402.1770,184.3951,26.4495,36.1753
402.8243,184.3276,26.1381,36.3103
403.0165,184.1688,25.7538,36.6279
403.4516,184.2511,25.8623,36.4633
403.8729,184.3033,25.9976,36.3590
403.6668,183.9782,26.4098,36.0304
403.4765,183.5909,26.7904,35.8247
403.3445,183.1577,27.0544,35.7076
403.3349,183.1680,27.0736,35.6870
403.2164,182.7194,27.3107,35.5982
403.0244,182.7597,27.6945,35.5175
402.7246,181.8602,28.2942,35.3296
403.2270,181.7562,28.2899,35.5375
402.6305,181.6634,28.4793,35.7231
402.3677,180.7549,29.0049,35.5211
401.6985,180.2025,29.3285,35.6110
401.4737,179.6936,29.7781,35.6075
401.4291,180.6848,29.8671,35.6825
401.7224,180.3065,30.3120,35.4077
402.0409,180.4127,30.7090,35.1954
401.5208,180.3310,30.7120,35.3587
400.8829,180.3333,30.9480,35.3541
400.3772,180.3037,30.9158,35.4133
399.6725,180.3791,31.2812,35.2626
399.0454,180.3664,31.4880,35.2879
399.4525,179.9142,31.7249,35.1411
399.4452,180.4142,31.7396,35.1939
399.3472,180.4675,31.9356,35.0871
399.7191,181.1221,32.2468,34.8332
399.6377,180.8551,32.4097,34.3110
399.4710,181.0105,32.7432,34.0003
399.5859,181.4796,32.5134,34.1131
399.8537,181.8876,31.9778,34.3463
399.5637,182.8111,31.5135,34.5877
399.5717,182.9423,31.4974,34.3254
399.0340,183.0986,31.5366,34.0127
399.0505,183.2307,31.5034,33.7485
398.4273,183.9608,31.7224,33.3158
398.5288,183.9600,31.5194,33.3174
397.5587,184.4624,31.4177,33.3337
397.0880,184.5538,31.3396,33.1509
397.0906,185.1107,31.3343,33.0526
396.5582,185.1458,31.3853,32.9822
396.3904,184.8497,31.7209,32.5610
395.7849,184.9926,31.9195,32.2752
395.1798,184.6251,32.1189,31.9992
395.3091,183.9714,31.8603,32.2968
395.4915,184.3746,31.4954,32.5008
395.6082,184.7466,31.2620,32.7647
394.7348,184.6808,30.9924,32.8961
394.3551,184.6049,30.7458,33.0479
394.4250,184.6861,30.6060,32.8856
393.5603,186.1743,30.3360,32.9083
393.3861,186.4343,30.6843,32.3882
393.2139,186.6565,31.0288,31.9440
393.0655,187.4010,31.3256,31.4465
392.3830,187.6577,31.7021,30.9331
391.8068,187.8243,31.8681,30.6000
391.3081,188.4232,31.8818,30.3859
390.8297,188.3065,31.8580,30.6192
390.1822,188.2172,32.1692,30.7978
388.6815,188.1676,32.1960,30.8970
388.5833,188.0793,32.3925,31.0737
388.5071,188.0111,32.5447,31.2100
387.8449,188.5019,32.8652,31.2325
386.8721,188.7784,32.7922,31.6888
385.9067,188.5336,32.6921,32.1784
385.3936,188.8801,32.6967,32.5070
383.7925,188.9043,32.8185,32.4586
383.2497,188.9157,32.8761,32.4358
381.5930,189.0114,33.1038,32.2443
381.0557,188.9129,33.1494,32.4414
380.4731,188.8962,33.2816,32.4747
378.3356,188.7846,33.4146,32.6979
378.3111,188.5926,33.4637,33.0819
377.1447,188.4203,33.7007,33.4264
376.5700,189.8457,33.7928,33.7470
375.3010,189.8297,34.2036,33.7791
374.5734,189.8424,34.5882,33.7537
371.7352,189.8302,34.8834,33.7781
371.2065,190.3568,34.8595,33.8061
370.0186,190.4893,35.0728,33.5412
368.3152,190.6096,35.2383,33.3006
367.8350,190.5842,35.1193,33.3513
366.7187,191.1443,35.1956,33.3093
364.6010,191.0777,35.1161,33.4425
364.1488,191.4728,34.9409,33.7319
363.4495,190.9270,35.2580,33.7421
362.4373,190.7455,35.1093,34.1051
361.8051,190.6701,35.2838,34.2559
361.2079,191.8243,35.3832,34.1376
359.4866,191.8320,35.5414,34.1223
357.1471,191.8924,35.8325,34.0014
354.8614,192.4881,36.0051,33.9097
354.3537,192.3618,35.9197,34.1623
352.3394,192.4855,36.6376,33.9148
349.7164,192.6258,37.4402,33.6343
347.8965,193.1645,37.7234,33.6759
345.2027,193.0034,37.4912,33.9980
343.8974,192.9964,37.8509,34.0120
343.1138,192.8720,38.2867,34.2607
342.6319,193.2367,38.1084,34.6734
341.3392,194.3142,38.4022,34.8100
338.4864,194.7184,38.3448,35.1544
339.8317,195.6857,37.9686,35.5342
340.7246,196.4418,38.4975,35.1794
332.6773,195.8564,38.3524,35.1901
338.3528,197.0843,38.5804,35.0501
337.1607,197.5451,38.6461,35.2876
334.7257,196.8300,38.8600,35.5538
331.8544,196.0329,38.7447,35.9764
331.2900,195.9122,38.6970,36.2179
330.7009,195.6454,38.6956,36.7515
328.7798,196.1046,38.9738,37.0211
328.0002,196.7325,39.3363,36.9619
326.7608,197.9044,39.4123,37.0210
322.6230,197.7351,39.2632,37.3597
320.7744,197.6728,39.3408,37.4842
319.4456,197.7708,39.5788,37.2882
315.9065,197.4112,40.6051,36.7970
312.0356,196.8950,41.0354,36.6108
307.8957,196.4195,41.9818,36.3396
311.5779,197.1793,43.2454,36.0525
313.1639,198.2939,43.8160,36.3183
310.2619,198.7976,44.5777,36.5716
308.7407,198.4847,45.0673,37.1973
305.4853,198.0892,45.1081,37.9883
304.7935,198.3436,45.1844,38.7870
305.9424,198.7729,45.5292,39.2497
305.9840,198.4585,45.4461,39.8787
302.4562,198.8209,45.7868,40.4967
300.0276,198.1501,46.5696,40.4802
296.7766,198.9039,47.5913,40.3426
294.9686,198.7793,48.4401,40.5919
291.1741,198.5994,49.0256,40.9517
289.1758,197.9465,50.1911,40.8420
287.8080,197.8787,51.4949,40.9775
288.3553,198.4065,51.8544,41.3759
287.6777,198.2226,51.7437,41.7436
285.4270,198.7913,51.8346,42.0764
284.5862,199.2605,52.0394,42.6149
279.9772,198.9201,52.3247,43.2957
278.9894,198.8551,52.7962,43.4256
277.8702,198.1180,53.5210,43.3864
272.2079,198.7649,54.1775,43.6166
271.0606,198.8108,54.9343,43.5248
269.3762,198.6804,55.2073,43.7856
264.9858,198.6285,56.2063,43.8893
263.0506,198.3603,56.9301,44.4258
256.8490,198.1673,58.1814,44.8119
255.7900,197.8128,58.6811,45.5207
253.4269,197.3651,58.4940,46.4162
252.7667,196.9751,58.1652,47.1961
250.3220,196.8931,58.0836,47.3602
244.5602,196.4923,57.9985,48.1618
243.8130,196.2237,57.8228,48.6989
239.4469,196.2341,58.1752,48.6781
235.8178,196.2718,58.7092,48.6028
233.6453,195.4505,59.6780,48.5574
232.7295,195.2686,59.8074,48.9210
228.5360,194.9527,59.6438,49.5530
226.1723,195.0100,60.9356,49.4384
224.1329,194.8788,61.5427,49.7007
223.2061,195.7404,61.6470,49.7268
222.1141,196.7316,62.0795,49.4958
221.8282,196.8524,62.6514,49.2543
219.6078,196.8005,63.5738,49.3580
217.1529,195.9509,64.9338,49.2823
212.0022,194.9009,66.2629,49.5879
209.6719,194.6398,67.2842,50.1100
208.2394,194.3924,68.3054,50.6049
204.8181,194.1690,69.5458,51.0516
203.1561,195.0848,70.9761,51.1137
201.0977,195.9192,71.2604,51.3611
195.5022,195.8210,70.9034,51.5577
204.9421,197.7178,71.2484,51.6090
197.1353,197.5959,71.4335,51.8527
200.1189,197.2511,71.2725,52.5424
198.0113,198.2699,71.5992,52.4490
196.5836,198.5070,72.5069,51.9749
192.0631,198.6369,73.7331,51.7151
185.2963,199.9399,75.4592,51.0770
191.8668,201.1212,76.2022,50.6978
193.7574,201.9134,76.3974,51.1016
169.3088,203.3289,75.3458,52.2665
164.5687,203.8049,74.8190,53.3160
160.8051,203.3885,74.3031,54.1487
157.9386,204.2415,73.9864,54.4595
158.0826,205.1092,73.6984,54.7409
156.8348,208.3827,74.1767,54.2455
151.5213,206.2900,74.7223,54.3983
154.2551,204.2922,75.3359,54.3397
141.3607,205.5255,76.6995,53.9086
139.0090,205.4683,77.3051,54.0228
138.1801,204.8684,76.9028,55.2228
135.0205,204.5517,77.0008,55.8561
130.9092,204.1684,76.8810,56.6227
127.9079,205.1362,76.5945,56.7834
125.3795,204.7928,75.3675,57.4703
126.2442,205.8201,75.7252,57.5028
128.1917,205.9824,76.0165,57.1783
116.1508,209.4949,77.0831,56.4302
117.1686,208.4043,77.1438,56.5150
106.8776,207.6239,76.7398,55.9774
107.5881,207.9293,77.4024,55.3664
101.7002,207.8083,76.6764,55.6085
102.9806,206.8368,76.1922,55.4749
100.4107,206.6311,75.1307,55.8863
96.8163,207.1680,76.1466,54.8124
97.4781,206.3622,76.8784,54.3687
97.1655,206.0851,75.4444,54.9228
92.8718,204.7035,73.7986,55.6393
90.7229,205.1027,74.0295,54.8409
73.2278,204.6080,74.6148,53.8064
85.1738,205.3531,76.9272,52.3164
83.8770,206.5212,77.4949,52.0062
82.8952,205.5668,77.4289,51.8856
79.3168,206.5959,78.5061,51.8538
76.4353,206.1870,78.1427,52.6716
75.4828,205.8922,77.9975,53.2612
70.8726,210.1693,78.9864,52.9385
68.6747,209.1785,79.2475,52.8527
67.3755,209.2565,79.7758,52.6967
64.3430,208.9734,79.6150,53.2628
64.0452,209.7777,80.2108,53.7365
61.2528,209.2160,79.4982,54.8599
58.6263,209.7003,78.4304,55.9983
50.8967,209.9512,79.1224,55.4965
50.6821,209.9673,79.5515,55.4643
48.7894,208.8504,79.1014,55.5803
47.7095,208.0875,77.0355,57.1061
27.0543,212.1970,76.2134,57.3137
40.0034,210.9891,75.4852,57.6320
37.5646,210.1098,76.1796,57.2990
35.6571,211.5407,77.8979,56.5339
33.2160,211.6169,78.5593,56.3815
30.3988,211.8369,79.9582,55.9415
23.2828,210.7030,81.3994,56.0776
23.8609,209.6994,82.3990,55.9289
15.6184,209.7351,83.7053,55.8575
12.3631,209.9561,85.8421,55.4155
12.0982,209.9212,86.3718,55.4854
10.2164,209.8515,87.9147,55.6247
8.6587,209.5901,88.7840,56.1474
