1
285.3636,75.1080,64.9124,223.7398
284.4825,77.3007,67.2818,219.7590
281.0421,76.5866,69.1032,218.4021
275.5804,80.4853,71.4040,215.5552
275.6486,82.9331,72.2908,212.0833
272.5703,83.3979,73.4273,212.8131
269.2271,84.1114,74.4247,211.8890
268.6348,85.8440,74.7873,209.0859
265.6803,85.8229,75.4352,210.5971
260.0409,88.9906,75.3294,212.1529
259.3494,89.7207,76.6338,213.1131
256.2308,88.9518,77.0892,214.3499
248.1572,92.2355,78.6879,212.3557
246.9455,91.9314,80.5465,208.7215
243.9919,99.3002,83.7067,206.6375
244.2313,106.0607,88.8933,197.3505
240.8032,105.3303,90.9735,193.4127
240.2470,113.8678,93.5600,188.7921
238.2200,118.7311,94.4877,183.9408
230.3840,128.7928,95.9277,177.2334
230.0782,133.2857,96.4503,170.4212
227.8110,142.5364,97.8703,162.9026
222.3418,151.2039,102.9342,156.0849
216.3736,158.1736,105.9251,150.1128
214.3144,157.4326,108.2455,148.7652
226.7459,153.0703,105.7861,149.3571
233.5349,151.2729,105.2048,150.3712
230.5646,152.6228,103.8052,150.1171
235.3472,150.2281,100.0805,152.2577
237.1909,149.5053,97.8631,152.4192
237.0998,146.6479,93.1452,155.5296
239.1460,140.2273,90.2791,157.6489
243.2923,136.4459,87.9694,160.0865
235.6212,142.5062,88.6019,162.1563
229.4525,149.7163,91.2854,159.1903
229.0733,150.2017,94.0815,157.6262
227.8211,154.1506,98.5445,155.8584
228.5246,162.7178,105.3838,151.5031
226.0556,163.8163,112.4609,148.2237
223.4794,167.8374,120.4162,145.7065
229.8755,164.9622,123.9544,143.5528
223.2913,167.4244,128.6330,141.5627
230.7946,158.2684,129.6402,143.7062
243.2718,143.2704,126.4928,148.7270
253.7581,145.5396,121.8798,151.9401
271.6938,133.6122,113.0241,159.6517
267.9847,131.0288,106.7638,163.0713
260.4750,129.8392,103.8153,165.2241
257.5002,126.9297,102.9656,168.0435
271.6602,121.2104,98.1511,170.8121
277.3464,113.5510,94.4500,175.1839
273.0776,108.0673,92.2550,181.7310
270.8928,107.1147,90.8629,185.5381
270.0095,106.9907,90.4103,187.8661
270.1712,106.0726,89.8490,188.9070
269.2816,110.5780,89.4681,187.6549
267.4962,114.1236,88.5198,186.1173
267.6384,114.5189,88.1272,183.8601
267.1043,119.6845,90.3745,177.6694
263.6751,124.5699,92.4786,172.1826
259.5265,128.8719,95.7704,166.2868
266.5944,135.1596,103.5233,161.3292
277.2562,121.2696,103.7835,162.3735
284.6782,125.8288,104.2638,162.9342
299.3849,121.9195,100.7713,165.5122
296.0946,117.5302,100.8457,164.9870
294.5768,120.7038,100.9606,164.5764
294.3339,122.3104,101.0145,166.1055
308.9052,117.7530,96.1192,168.0131
306.8626,115.7663,94.0402,170.6051
306.5011,111.6447,92.7542,174.8351
306.0754,108.9666,92.2034,179.4424
304.6286,108.9115,92.9027,183.1279
299.0712,105.2009,94.4584,186.2118
296.2104,105.6428,96.6628,186.8011
305.7406,94.0700,96.9143,191.4623
289.5177,89.0030,94.0588,195.3590
292.8042,85.0895,90.5890,198.4002
282.2383,91.7995,91.4724,197.8946
285.9437,88.3143,88.3006,197.2280
278.6264,91.2783,89.0184,195.8352
289.2568,86.3016,85.6580,196.2877
296.5168,87.6995,81.7912,194.4570
295.1601,93.6910,78.2719,193.1356
297.2899,86.6243,76.1616,191.1137
301.0164,88.8407,75.7369,189.8042
298.1008,88.9726,75.8279,189.6030
304.9374,89.0757,75.5261,189.0997
307.2345,90.1205,76.1691,187.4598
308.1313,90.8042,76.8423,185.6144
308.7725,89.0948,77.8999,185.2722
314.3587,89.8784,77.8319,184.1361
308.6242,81.6638,78.5188,185.9944
312.9397,83.8533,79.0019,186.7605
319.0168,83.2732,78.6607,190.5158
324.4967,83.7033,77.5031,194.1550
317.2654,78.7448,78.9485,197.7898
303.0583,66.6084,79.3492,199.6572
306.6492,66.2618,79.4104,201.0484
304.1253,71.5443,79.2157,206.2036
311.9326,79.5518,80.9459,211.0996
315.1891,76.3331,82.3899,212.5196
312.6022,85.9878,83.9010,214.5120
305.2701,77.7976,84.7348,216.6007
300.7195,79.8763,86.4408,217.7176
294.9000,73.8115,89.1394,217.1527
291.2366,59.9838,91.0571,216.1543
290.4290,66.6824,91.5318,219.4090
291.4060,63.7113,91.6221,217.7863
289.8926,76.2493,91.5207,218.8967
293.6000,76.9051,90.0159,218.1155
286.5514,75.3827,90.8350,217.8398
280.9772,78.7857,92.3259,216.0716
275.8878,79.9693,93.8944,214.3313
271.8607,82.8157,95.8182,212.2551
265.3763,84.9092,96.5136,209.7138
272.9751,81.5621,93.4723,208.4131
265.9971,83.4068,94.5338,209.8790
266.1833,83.1278,95.1952,212.1749
266.1911,82.0631,95.6828,213.7649
266.1978,80.2932,94.6811,214.9663
264.4335,83.5400,92.8961,212.0052
275.5551,87.7553,91.7740,209.6182
272.6190,91.1263,90.8024,205.5882
282.8937,90.2233,87.2484,204.4593
279.2331,88.6938,86.9100,204.5387
290.5547,88.5837,83.5793,204.3596
296.3388,81.6013,81.4807,202.4940
292.3219,74.4566,79.9627,201.6942
296.9214,83.8791,79.6286,198.8509
300.3637,92.2191,80.0477,199.9869
299.1540,86.6930,81.3434,201.7144
298.1073,85.3304,81.9060,202.9162
297.9688,86.8642,82.7718,204.8641
294.9311,86.1882,84.1682,204.9965
293.0424,85.9552,84.8354,205.3162
285.7689,90.2443,86.0742,202.6924
284.3246,90.2141,85.4926,200.2475
279.4940,94.3732,87.0232,198.8814
278.5138,99.0992,89.6361,196.9796
280.3983,98.8437,92.3224,196.5454
281.7920,98.6893,95.3866,194.7186
281.0380,102.7826,98.9938,190.6138
282.1410,102.5023,101.2685,188.1745
280.4448,104.6140,104.6869,185.9979
282.1425,102.5066,109.0846,183.8689
279.1220,103.9825,112.6191,181.9524
277.2804,103.6774,114.5452,183.6477
272.1642,99.7039,116.8877,185.7006
270.5530,96.9967,118.1592,187.8141
270.2396,96.4250,119.5710,190.1302
265.9441,90.5400,120.5530,191.9733
272.4728,90.5575,120.6273,193.4419
268.4783,85.4677,119.4535,194.6744
269.0565,85.5781,116.3784,197.2399
273.0661,85.3979,113.5436,198.6249
269.3065,85.6073,112.7219,199.2834
260.8964,72.5095,108.5524,203.1124
259.3017,69.6780,105.6597,203.2485
260.8556,73.6597,101.7807,207.7510
260.1127,73.2040,98.4466,211.4001
260.6445,75.2839,97.1547,212.6869
262.0088,72.8587,95.9784,214.6530
259.0381,70.5081,96.5062,213.5662
258.2609,72.9275,96.5602,211.8080
254.7610,73.3545,96.6405,211.5025
251.5000,68.9969,95.8991,211.9331
249.7751,68.0262,95.4588,211.4556
259.0156,68.5182,91.0779,212.4772
252.4149,69.9312,90.4572,211.3570
250.6096,69.1765,90.5834,212.4890
240.2094,72.8821,88.9325,212.1432
241.3696,74.0019,88.5180,209.1272
241.6680,72.7433,87.7774,208.4242
238.6878,76.9530,87.0960,205.2220
236.8727,78.8728,85.1937,202.7891
240.9383,76.9330,82.8481,199.9377
243.7640,75.7891,80.6229,197.7712
245.2223,75.0990,78.5203,198.5298
246.2621,76.0136,76.6557,198.8618
246.9956,75.5582,76.1559,199.1433
252.8261,71.6102,74.7098,201.7366
250.1943,67.5937,74.0099,202.7392
247.1808,65.8958,73.9650,201.4573
258.1137,65.0533,72.3963,201.1270
255.4917,63.0363,71.4987,200.8140
262.8260,65.2383,71.0754,200.6801
266.6566,68.1923,72.6333,198.2874
267.9239,69.2033,73.5295,197.3323
269.0894,70.8904,73.6963,196.7699
272.5190,74.6526,73.4436,194.7563
272.5712,75.3665,73.5673,194.9060
270.2277,73.9082,73.5510,194.8894
277.0769,87.6478,74.3271,196.0311
277.4315,85.5109,76.4893,197.5151
278.7646,90.8087,77.4088,196.5558
282.9039,97.0314,77.5533,193.7093
282.5325,99.2112,78.4298,192.3177
284.6069,98.1117,78.9983,191.7898
287.0067,94.3431,78.0830,192.2261
287.7741,95.1141,77.4649,194.6855
290.3858,92.0591,77.6489,194.9361
288.1766,79.9772,77.4207,200.4903
283.3502,79.3843,78.4167,204.4475
284.6290,76.8749,78.7782,206.1862
284.3407,73.1287,79.9358,209.9570
284.7432,70.7671,81.0779,212.6198
280.4135,70.1210,82.0732,214.6550
270.7932,69.2849,82.9348,215.4075
275.9547,73.1273,85.1575,219.1930
274.3465,67.3713,87.3415,222.7619
261.4393,72.8415,91.6967,220.1431
260.4938,73.2924,95.5633,218.4784
260.0799,73.0593,99.9692,216.5930
277.0591,70.0296,99.7939,216.2267
275.4275,69.1471,100.5361,216.9390
274.6063,67.5531,100.7542,217.7563
273.9229,63.7437,98.5114,220.1854
274.0246,63.3480,97.2029,221.2143
276.7780,59.3757,95.8171,222.2432
279.2972,54.0028,94.7951,221.0747
276.0201,53.8682,93.9161,220.6012
275.3124,52.0089,94.2759,221.3198
277.4418,52.5505,92.7566,221.4339
277.3269,52.9832,92.0841,222.1062
280.0085,57.4981,91.7499,220.7809
284.6088,64.6662,93.5887,217.3456
284.2948,61.5816,94.1549,215.1021
285.5844,64.5434,93.8930,212.2897
285.4715,66.3870,92.8094,207.3043
286.0819,67.7940,91.7581,203.3834
285.9781,70.0345,90.5147,200.4905
286.5751,72.9504,90.7676,198.2571
287.4389,74.0405,91.1732,196.3170
294.2523,75.7768,91.9188,195.9734
302.3150,75.1029,91.8969,194.5101
300.8444,74.2317,92.8755,192.7295
301.4548,70.0746,90.2504,192.4035
300.7318,68.4651,87.5790,196.6523
300.4350,66.8450,86.0398,199.8130
300.4863,63.4329,83.8643,203.4326
305.7438,56.8874,80.2706,205.9434
309.4762,56.4312,78.1301,207.1658
312.4585,50.3377,76.6990,208.8280
307.9030,46.9097,79.0016,212.0171
305.1270,44.5619,80.7056,214.0325
313.1677,49.0052,82.1848,212.3566
322.1417,56.0648,83.1975,208.6286
319.8909,53.1399,83.7515,207.3906
320.1562,55.4368,84.7176,205.8867
321.2398,54.7209,83.9490,201.3851
321.2076,56.3777,81.4881,200.1325
319.0488,61.9785,80.2105,198.2188
324.9963,61.8678,81.4476,195.4950
324.9303,60.8539,83.0338,193.6333
327.8129,63.0229,83.7708,192.3425
321.1736,61.3292,85.3673,189.1215
323.7513,59.5354,85.9137,188.4664
320.8061,61.8686,85.8035,187.1115
318.7951,63.6655,85.1822,187.8333
320.1543,62.2139,85.2946,187.4091
317.3127,63.7630,85.7931,187.2066
308.1261,62.8377,88.3841,184.2524
308.9863,64.4494,90.6688,183.3772
308.0639,63.4976,92.1608,180.3899
309.7214,63.1991,91.2188,179.0210
311.1764,63.3705,90.1349,178.3031
324.5984,65.8515,87.2406,178.0584
324.3461,66.0764,86.3471,177.9807
327.7981,64.4329,87.8346,177.1925
325.7011,65.9847,89.5409,175.6210
326.4948,64.6172,90.0385,176.0954
330.9602,66.1030,89.4851,177.5977
330.5897,64.2686,90.1870,179.4816
329.1169,62.3057,90.9901,180.8884
320.7909,62.8513,89.6496,179.4332
319.7816,63.6786,88.4220,177.9319
317.3083,65.9126,90.8655,172.3783
308.6169,71.3159,97.0942,164.3488
306.0489,72.6132,101.5933,159.1148
303.2430,76.8361,107.6195,153.4192
292.9568,81.6964,114.2598,148.0264
292.9229,81.1552,117.9539,146.1432
288.3774,81.9416,121.7976,143.6727
286.8846,79.3640,119.3397,144.4051
281.4034,79.7643,119.2777,144.8151
272.2295,79.3474,120.8333,145.7918
264.6295,85.8766,124.9439,144.8225
257.8519,86.9528,127.4382,144.2498
254.4107,90.2862,128.8832,143.3067
251.9105,91.3287,130.6517,142.6360
249.6366,89.4675,131.2459,143.0251
247.6673,88.8441,130.8301,143.5892
253.1417,82.3252,126.1392,144.4874
254.2177,84.1192,122.7440,143.6734
262.2987,76.4115,116.3061,145.7751
281.7666,75.0923,117.3933,148.8861
286.7906,74.6289,121.4796,149.8854
285.7815,72.8256,123.7082,152.9461
288.2942,65.1415,125.2963,155.6318
275.7014,62.1191,126.3625,156.3744
280.1899,64.1700,126.2281,160.0011
260.7861,71.9912,123.2444,161.7875
258.0563,70.3815,121.1408,162.6300
275.0529,71.6473,120.3292,164.5984
256.5007,65.8797,115.5492,166.3362
256.4792,65.1331,110.0441,168.7254
237.0618,61.0840,104.0202,171.9877
233.4267,61.6541,99.6941,173.6043
250.7314,63.4518,93.9581,174.1659
249.6944,62.2666,89.8460,174.6358
245.8891,60.6670,87.7282,174.6197
255.6897,56.9665,82.8698,175.4017
249.6094,55.4737,80.1639,177.1732
258.4090,54.1097,75.2336,177.5697
251.5492,53.9706,74.0867,176.1613
260.8867,52.7483,71.2552,174.4362
259.1519,56.7581,69.0795,175.1169
258.3739,56.5803,67.9486,174.8112
268.1160,57.7469,66.5563,175.4411
273.0431,59.9106,66.1640,175.8757
274.0568,60.2742,66.3810,176.1056
275.4479,62.3949,66.1063,177.3350
271.7509,58.1383,67.9888,173.4404
276.0656,63.6989,68.2846,172.2392
271.9672,63.0912,69.0856,169.4752
271.3069,68.2590,71.3512,164.8725
271.1368,71.3150,72.4686,161.3152
270.8304,73.9368,73.4653,158.8219
272.8848,79.2437,74.0771,157.7702
273.9238,77.8058,74.5037,156.8932
282.3163,78.5965,74.6584,155.0844
282.5275,85.0433,75.6287,154.0554
281.1559,83.5443,76.9402,153.9863
280.8565,87.3091,77.3732,153.2125
281.0233,83.2470,79.4016,150.7210
281.6392,87.9854,80.0126,148.7790
284.1679,88.1587,81.4823,147.1126
283.5795,85.2643,82.1197,146.1617
285.4903,88.4654,82.2633,145.4891
284.6910,86.8270,82.4150,144.8702
288.6418,87.0993,82.0368,144.0417
291.7304,88.6057,81.5529,143.5925
290.9731,86.5932,79.9007,143.8435
293.5539,86.8894,79.4965,143.6985
295.6604,86.7210,78.8790,143.4263
296.7480,86.9205,78.0412,143.2624
281.2414,86.6402,77.7630,143.1415
278.6736,87.9087,77.4985,142.8472
274.7495,86.2389,77.0968,142.8831
284.2220,80.9060,74.3151,145.8573
281.4237,82.1498,71.6934,148.6003
280.3282,78.2440,70.4209,149.6994
278.0549,78.9760,67.1780,152.9774
277.0066,77.7948,64.2199,154.7684
277.6967,79.4612,63.2520,155.6321
274.3640,70.6480,63.2778,157.0596
282.0296,72.0381,61.9890,158.7251
276.9363,69.4405,62.0758,159.3667
275.2872,60.1497,63.2084,157.7687
273.7949,61.0447,63.7483,157.7200
271.7332,59.2799,63.3586,157.9567
267.7753,63.8776,62.5009,159.3079
264.7075,59.8045,62.5856,160.8767
270.2757,57.5662,62.1004,160.9167
271.2671,70.4481,63.2624,159.5276
268.1384,67.2811,64.4343,157.9826
264.6771,72.1570,66.9051,156.7302
262.1152,70.8574,70.6392,151.9136
260.0340,75.5601,73.4548,149.7966
269.4024,74.6277,71.5632,152.3637
275.3241,75.5951,70.7089,153.8228
277.2909,74.7666,68.9796,157.2311
282.9157,84.0689,67.9554,158.0903
290.2129,81.7341,68.3842,160.0054
287.5306,79.0543,66.9678,161.0490
293.2985,77.7666,67.6998,161.3448
293.2174,79.4246,70.2177,160.1413
292.8416,80.6810,71.7677,159.7656
290.9178,83.1761,74.0476,159.3808
289.4177,85.2249,78.0301,157.4193
287.0051,79.8291,81.3885,154.8487
286.8936,86.4090,82.9668,155.4516
289.0605,87.0037,83.0113,155.9864
290.8347,87.5701,82.2907,155.6023
292.5859,87.2499,82.2124,156.1521
297.2852,90.7094,81.5864,156.5168
300.0400,88.6832,81.4601,156.9157
305.8985,89.7947,79.8002,155.7657
301.3615,94.0220,78.2436,156.9384
301.0918,93.4928,78.5136,156.8092
301.3353,94.6070,79.3407,156.5600
301.3273,92.6028,80.8309,157.0318
295.6884,90.9083,79.9412,157.0473
298.0179,95.5360,80.4248,156.5021
279.5419,90.0682,79.2774,155.6418
281.4528,89.6413,78.9738,155.6637
307.8477,97.2656,80.7100,155.2515
308.4347,101.1796,83.7547,153.7939
308.1291,99.9335,87.1960,153.1257
311.6436,100.1954,90.2397,152.9203
295.9919,98.1678,92.4679,152.3539
294.7477,95.4363,94.3524,152.2219
295.4433,97.2978,97.9773,150.4028
298.3068,102.3874,100.9137,148.4336
299.8425,103.9918,102.4980,147.7836
286.9233,105.1313,106.6915,145.9944
289.9014,109.1901,108.3959,143.7609
294.8798,110.6640,108.6807,142.4759
284.1460,110.4809,111.5989,140.7624
287.9757,106.5883,111.7976,140.5566
277.0255,105.9466,115.7949,139.2036
265.7920,101.1789,121.6216,137.5334
276.9256,105.0313,119.6650,139.0976
273.8584,103.8576,119.4022,140.5057
270.5064,103.6287,119.3662,142.0358
264.7223,103.3686,118.4520,143.6455
261.2075,101.7424,120.4217,144.4852
265.3836,100.0880,119.3053,146.0392
253.1142,105.9148,116.7904,148.0465
258.8589,108.5450,115.0994,149.2009
246.6653,106.1076,110.6273,150.9790
246.8851,112.2925,108.6631,150.5044
247.8575,112.3210,105.3708,149.4468
248.9408,112.0210,104.6621,149.7478
249.7943,111.7625,104.4346,148.8018
247.2338,112.2046,104.4675,149.3454
244.4921,112.2719,104.9401,149.1502
243.5724,114.0698,103.8551,146.7687
246.6438,115.1249,101.8962,144.2575
243.7919,117.4402,101.1687,142.3568
255.4471,113.7128,96.1289,142.7542
254.8385,114.1803,92.4367,143.5312
258.5022,110.3193,88.8575,144.9362
262.5406,107.8833,83.4790,146.1897
265.2041,106.5521,79.1445,147.5080
265.4443,106.6020,75.2096,147.9982
260.7234,105.6767,71.2382,148.8954
264.1137,106.1870,69.4570,147.9256
261.9148,104.7606,68.4526,148.3871
265.8027,99.2269,65.6940,149.3727
262.6900,96.3307,63.8191,148.8388
270.9387,93.9028,63.3182,153.4101
270.5094,94.5456,63.0489,155.0245
270.3153,94.8615,63.4576,155.9964
280.4315,96.5733,66.5054,156.5352
281.2889,96.7969,71.1956,154.6153
281.5762,97.0653,74.2488,154.0727
282.3687,99.4783,77.2515,155.2851
283.6888,104.4082,76.1476,156.0911
282.2505,103.3109,76.3759,154.7856
284.0386,108.1995,77.7879,154.4131
288.5526,110.3223,79.8164,153.8208
286.0315,116.3137,80.8792,152.4184
288.9821,115.6247,82.8781,151.2099
280.4974,115.1116,85.3226,150.7381
278.1220,115.8325,87.4869,150.0252
278.7458,112.5175,91.2213,149.4909
273.6036,111.6728,93.4797,148.3497
270.9476,112.1222,95.3764,147.5246
267.1459,111.7841,97.8134,146.5457
269.2623,108.1405,101.1949,144.9576
268.0473,111.9805,106.1125,144.1259
266.3340,112.4010,109.7685,142.7740
255.6196,104.7314,115.7367,138.5278
240.3895,100.0297,119.0496,136.3443
237.0290,94.5197,121.2095,135.3699
223.5582,108.5288,116.0011,141.1262
225.5414,106.8709,112.0845,145.0370
226.2393,105.2621,108.1142,150.2412
244.1378,104.9858,106.0013,151.4907
243.9295,103.7157,103.2237,154.8032
248.4269,107.3012,103.1966,157.1962
244.4068,110.3417,102.9677,156.3916
244.8630,109.2714,101.8124,157.1724
242.7952,111.7585,103.7011,155.3532
236.8956,119.8015,106.7818,151.4165
240.8198,119.3867,108.7139,148.6304
235.5997,121.8476,111.2948,144.7113
242.0206,122.8368,113.1993,142.8336
237.4956,122.1695,115.1469,142.3170
241.4774,118.0994,112.5485,144.4778
247.9176,114.2445,108.4335,148.4636
246.5311,114.5111,106.6938,150.5282
249.3689,107.6729,102.9918,154.2767
252.6507,106.4545,96.7255,157.8670
254.8757,106.1231,92.1773,159.9768
257.5932,101.6934,88.1798,161.5589
260.1057,93.0437,84.6709,168.2970
268.2225,94.4137,79.8588,173.0173
268.0952,88.8734,78.4662,175.6949
266.9770,87.6946,77.8553,176.0189
266.2256,87.8872,77.6981,177.1546
272.3888,86.5827,76.8947,177.7424
276.5892,88.1055,79.1233,175.3801
278.4910,89.0152,79.5193,174.4660
274.7956,84.3666,80.5082,176.0169
281.6735,83.1937,78.5878,178.1216
277.9980,81.7702,78.7894,180.2030
283.5097,80.3227,77.7379,181.9326
281.8990,82.7790,76.7902,183.2336
289.2857,86.1507,76.5670,181.7720
291.7392,87.5197,76.7549,182.5626
291.4291,92.0302,76.1474,181.0928
287.5464,89.4027,76.7342,181.0073
282.7572,86.3566,76.9005,180.2200
286.9315,92.3348,77.3380,179.7384
289.5486,96.5862,76.6135,178.2631
287.3042,95.2068,77.3678,179.0156
279.8344,92.2506,77.4027,178.6246
280.4569,96.3142,78.9713,176.5234
279.7146,100.1016,81.0025,175.2053
276.0821,104.4718,83.3662,173.1670
274.5975,105.9722,85.6493,170.9939
272.1108,103.7291,86.9582,171.3581
265.1234,101.6035,85.1254,171.3496
262.9130,101.5386,84.5800,171.2536
263.6018,100.3545,81.7302,172.1088
265.0640,102.5075,79.4707,174.9641
261.8207,107.8904,80.4050,176.5715
261.0047,108.0436,80.5366,177.8999
257.0120,110.8226,83.8408,177.8411
252.4864,114.3543,88.0974,173.9395
251.5583,114.3408,89.4714,172.4176
251.7805,114.0073,90.3480,171.8051
254.3082,113.1724,90.1777,170.8181
255.2888,114.5396,89.9809,170.1164
251.8010,113.3911,89.9043,171.8779
252.0080,120.4435,90.1987,170.5425
253.4868,121.7691,89.5064,167.6329
249.7569,126.5578,90.1742,165.9611
253.8433,130.1449,89.2115,162.4823
257.8634,132.5447,87.9240,160.7650
260.3486,136.2048,87.1413,159.0896
255.6228,132.8986,85.5964,159.8326
250.8683,134.8238,84.9168,159.1150
255.5555,134.9835,83.4289,159.1354
258.6017,133.7562,79.6756,158.9681
259.0886,137.8535,77.6642,157.4714
262.5041,130.4108,75.3390,160.2891
269.3340,115.7007,70.7551,168.6098
269.6629,116.4850,68.8670,172.7427
271.3945,110.2219,67.1394,177.5063
278.6701,110.1873,65.4905,182.2254
278.9883,109.7453,65.3393,184.4866
277.6201,106.6029,66.3762,186.8250
272.1138,100.0997,68.5577,190.6606
263.5964,99.5045,70.8969,195.3198
248.0678,100.3256,73.9720,195.6707
253.4113,96.2049,79.3691,200.3434
247.8320,93.7434,84.9733,201.7816
252.8815,92.9873,87.7024,203.2708
259.0880,91.7702,87.4843,205.6544
258.1123,89.3620,87.1997,206.3998
260.0982,89.6460,88.1076,207.2884
265.3629,94.2256,90.4387,208.6226
269.0762,89.1095,90.4840,208.1648
268.4005,90.5545,93.3382,208.0536
273.5407,90.9790,95.5869,209.0587
274.6341,88.9846,96.9000,209.4620
278.8335,87.7224,97.7742,210.2820
270.1200,91.2951,98.3895,209.7445
275.4507,85.7663,98.9801,211.1221
281.7962,80.3666,97.9555,213.7091
269.5035,82.4426,96.4319,216.0912
271.5006,78.0828,95.0102,218.1466
274.3448,78.2016,93.4531,220.4344
276.9987,84.5653,94.6607,219.9942
273.5431,83.7365,94.5920,218.7966
275.1283,88.1044,95.4215,217.6155
279.6531,93.3164,94.5223,214.7099
281.3688,94.9041,93.4699,212.6084
283.5991,93.4776,93.8213,212.1919
281.6544,92.9733,93.3417,211.8435
282.1877,92.0611,92.5217,210.8928
285.2566,94.5710,92.0944,210.3332
277.0670,93.8456,92.7720,208.1972
277.5275,92.5900,92.0071,206.1657
265.5222,85.8880,95.6894,201.8825
262.5577,90.0349,96.1228,204.9010
259.3104,91.1280,96.4115,205.8794
272.9804,83.6797,94.8438,207.9038
289.2967,71.0951,92.9971,210.9864
286.8409,68.8770,92.0703,210.5504
294.9230,70.1664,90.8948,213.9102
293.3388,75.3112,92.9749,213.0719
295.2201,72.5392,93.4203,214.9455
293.8678,79.8875,94.5816,211.5872
282.9020,81.5591,95.3798,207.0344
280.5546,80.0942,93.6953,205.2642
281.9626,81.3260,93.0346,205.4500
278.4404,79.2937,89.2807,205.7490
293.0532,77.2484,91.0145,207.8473
286.3053,59.3406,91.8611,214.8581
276.6460,61.0143,92.6510,213.5193
271.4047,61.5300,91.3089,214.3767
2
0
0
0
0
1
372.7819,72.0278,89.1845,192.4379
373.1837,67.8389,91.9990,190.6742
381.0333,79.3939,92.9320,191.0007
396.7596,71.5073,90.2329,192.9795
392.8163,72.9421,89.9793,192.1755
403.8369,71.8337,87.0044,196.0316
405.4438,80.9846,87.3028,197.2278
403.1667,79.7881,88.2626,197.8848
400.8027,81.1756,89.8194,195.1020
403.7081,86.5399,90.1097,194.2993
403.5988,84.6750,90.0263,193.3786
402.0634,89.6047,92.1447,191.5244
397.8285,96.1987,94.9197,186.8138
395.0547,92.7695,94.0979,188.0893
387.7681,86.6372,92.5367,189.0404
385.4796,90.0870,85.9678,189.1756
383.8033,88.3018,82.5072,189.4579
380.8856,87.9031,77.8822,192.7375
375.2711,82.3617,77.5021,192.4968
371.7254,83.8020,77.8380,191.7377
379.1002,76.7523,75.1573,193.3246
388.6161,72.4295,74.7187,192.2090
385.8668,73.8411,74.4161,192.9784
382.0233,76.3162,73.6038,195.1237
379.9760,74.4203,71.7792,197.8118
389.0625,72.1349,68.8259,201.4286
385.8020,71.8706,67.8902,202.4183
391.9546,80.0491,67.0716,202.0653
392.5531,78.7946,66.9109,200.3898
391.5688,82.4282,68.2542,200.8910
386.3787,88.1455,70.7000,199.4078
390.1114,88.6204,72.4453,197.2906
385.2638,89.2265,74.5493,196.4699
381.1945,86.8855,73.7376,196.0869
378.9861,87.7142,73.1669,194.3097
376.7301,87.5792,71.3561,193.5047
374.9096,82.8372,67.0506,198.0656
381.8614,83.5697,64.0785,198.0773
378.2694,77.0086,62.5275,201.3641
381.0482,85.5878,63.3913,198.6494
380.9986,88.8619,63.5540,198.9964
380.4491,89.1677,65.2757,198.7364
377.2842,88.3497,66.0877,199.4005
373.7856,88.4820,67.9196,200.0493
373.5473,91.1907,68.7284,200.0136
375.0232,89.9571,69.0998,197.9913
376.2862,91.4410,68.8666,197.5033
372.2235,93.0754,68.8949,197.0778
375.5344,85.5900,72.6018,192.1884
375.1620,87.0897,74.7996,188.2987
370.8889,89.8589,74.7980,188.9237
366.7905,91.6732,70.8705,189.4339
364.0844,92.0187,69.6179,189.6289
360.8658,97.9096,69.6394,188.7745
363.7638,96.4223,71.5259,187.8589
364.6863,94.2947,71.5210,188.4678
362.2865,95.8006,71.3369,188.7867
362.0776,90.3511,71.0771,189.2469
359.8918,92.8880,71.1691,190.3140
358.3866,88.7738,71.5207,191.3491
359.3199,100.0845,73.5421,187.5339
356.9404,101.3183,75.0838,184.4064
354.2560,101.2687,76.1353,182.1282
348.4508,106.2141,75.8659,179.0698
351.4917,105.1765,74.6667,176.5520
346.3350,108.5351,73.0592,173.4060
340.5325,111.2899,71.8684,169.6387
345.2930,111.0418,69.9006,166.2880
339.9549,114.1453,69.4106,164.8576
335.3493,114.1378,68.1847,161.7721
334.2158,116.5298,67.9794,159.5403
326.9728,120.4118,67.9450,157.1461
319.7563,127.6143,68.4130,154.9759
317.7715,125.3070,69.0751,154.4953
313.3100,126.1827,70.5990,152.3814
312.3242,128.9301,70.0321,153.6963
310.2388,126.6427,70.7196,153.7213
301.8907,127.5962,68.8787,156.1721
297.4276,124.8040,67.9585,158.4553
295.0330,125.1009,68.0989,159.6064
293.6187,122.7292,68.1470,162.0605
290.2420,122.1313,68.9580,163.9851
287.4900,125.0394,69.9011,164.6915
286.1122,128.2450,69.4067,165.7318
282.5682,124.3770,69.7307,167.9617
291.3354,119.1478,67.8524,170.6185
285.1090,116.8610,66.2158,174.2621
290.7648,118.2764,66.7304,175.0510
292.1208,118.7987,66.6826,174.8406
293.4954,114.4136,66.8222,176.0150
287.0227,105.3442,70.5502,184.4765
292.5513,103.2104,70.8081,186.9603
300.6585,96.1235,69.6029,194.6268
309.7044,99.2966,67.6207,197.4500
313.3864,94.5958,66.5632,200.5196
311.5205,94.9819,66.5084,200.2616
312.9595,100.4554,66.8381,200.5631
307.5790,98.3876,66.8300,201.5854
312.9762,100.1126,65.9452,201.9336
314.6666,102.3117,66.0942,203.5737
313.5549,101.1885,66.0529,204.3517
314.2241,101.1776,68.4287,203.3246
318.5525,100.2012,68.7355,203.9618
319.3069,101.1905,70.6185,203.0912
