1
50.6048,578.9862,51.5978,42.0662
72.8040,589.6209,56.5598,39.7954
95.3808,599.2923,59.1919,39.5667
119.9759,608.5111,62.1384,39.4708
145.4812,617.0725,63.4392,39.5949
167.2655,622.6293,62.1972,41.3078
194.1702,628.2621,60.0653,43.3500
220.1631,632.4707,58.8083,44.8640
250.5784,637.1631,56.4893,46.4032
281.9594,643.8577,54.7480,47.8879
318.0787,649.5131,53.4988,48.3553
348.8119,654.7636,52.9465,49.2693
385.0660,658.3973,51.6578,50.0869
415.2727,659.3256,49.5497,52.0932
451.1421,660.0703,49.0268,53.8816
480.6123,655.9716,48.1955,54.1167
514.4801,655.4022,46.6242,55.5501
542.1983,648.6329,46.5372,54.9577
577.1802,642.5165,47.4980,53.7431
605.4131,637.4097,48.0543,52.6568
633.5541,632.5343,47.4165,52.8582
661.1909,626.4660,46.0121,54.4206
688.4698,619.2346,47.1480,54.5294
705.0356,612.8340,48.2460,53.8040
727.9656,610.3914,48.4020,56.0945
744.4904,606.6473,47.9872,57.5952
767.0220,600.5508,48.4185,59.0104
782.9580,596.0646,48.1392,59.8250
805.5427,593.1673,49.8011,60.0026
822.9008,588.9111,50.5942,59.9196
825.9875,588.5652,55.0109,57.7090
851.4612,584.1110,54.9670,57.5106
870.5118,581.4058,53.7589,58.0914
888.6142,578.3204,52.3300,57.7758
904.5013,576.9932,51.7588,57.3230
910.7151,573.8049,52.9025,56.3551
925.2074,572.3564,52.8181,55.6483
939.2374,570.1589,52.6438,54.0376
954.5176,568.3621,51.6339,53.2332
962.5964,568.6224,50.4950,52.2159
970.6458,566.0357,51.0632,51.0646
982.3469,563.4573,50.3254,49.6039
991.6353,559.7994,49.8914,48.0234
1000.9863,555.7977,50.7093,46.0371
1007.0355,552.9191,49.6076,44.7434
1013.9359,549.7463,49.0998,43.0310
1019.0479,541.1513,49.0180,41.5750
1026.5015,534.1829,48.3071,40.5038
1030.9913,530.8457,48.1319,40.7209
1033.6455,530.5439,48.0202,40.8425
2
0
0
0
0
1
1071.5980,454.1510,32.2008,21.2554
1069.9114,447.3853,32.1571,21.4253
1069.9424,439.0338,32.7702,20.4391
1069.6882,433.2969,32.6080,19.7441
1070.1276,427.7162,32.4053,18.8437
1070.3129,421.8963,32.0172,18.1916
1070.3737,416.0682,31.6030,17.7086
1070.7672,408.2462,31.2167,16.7531
1071.4625,402.4394,30.6373,16.3166
1070.6143,396.6534,30.1264,16.1878
1070.7679,391.1230,29.5391,15.9641
1070.3442,384.8915,28.9071,16.1298
1069.8358,378.6714,28.2903,16.3247
1069.2064,370.1880,27.8110,16.0515
1068.6268,364.4417,27.4997,15.9362
1066.5376,356.7130,27.1554,15.4838
1065.2074,353.8267,26.8234,15.3476
1063.2902,349.0581,26.4852,14.9668
1061.1696,347.4548,26.5512,14.4329
1060.3564,344.6135,26.2547,14.5110
1059.7684,341.5210,26.1885,14.6418
1058.9988,338.4714,26.1555,14.6861
1059.0048,335.5470,26.2486,14.5974
1059.7214,333.5703,25.9926,14.3455
1060.9283,333.2892,25.7461,14.1658
1062.1136,333.7362,25.3770,13.9859
1064.3745,334.4342,24.9946,14.0924
1067.0515,335.0665,24.3919,14.3741
1069.4261,337.0237,24.1759,14.7698
1072.3662,338.7661,23.7950,15.2096
1075.7322,342.0400,23.4574,15.4095
1079.8760,342.9713,23.3124,15.5083
1084.4651,342.2657,23.5613,15.4070
1089.0049,342.1020,23.5076,15.5657
1093.3947,342.7693,23.2682,15.9452
1097.5603,342.8860,23.0908,16.0597
1103.2229,340.7333,22.8521,15.8918
1108.4818,335.9672,22.5896,15.7954
1112.9474,333.1123,22.5034,15.6959
1116.7418,330.0823,22.5327,15.5324
1119.7225,325.7457,22.5345,15.1165
1122.2893,323.4973,22.4493,14.6879
1123.8579,321.2169,22.5270,14.2670
1124.1594,319.3125,22.6469,13.7136
1123.5089,316.8200,22.5461,13.5151
1122.6431,315.6122,22.5175,12.8600
1120.7179,314.7330,22.7008,12.2485
1118.4061,315.5968,22.9512,11.6009
1115.4945,316.3663,22.8511,11.1572
1112.5648,317.3665,23.0518,10.6499
1110.3516,317.9495,22.9369,10.2911
1108.0571,318.3197,22.8395,10.0400
1106.1799,317.7571,22.7951,10.0000
1103.8289,316.8187,22.5371,10.0000
1102.5903,315.8662,22.3404,10.0000
1102.1770,315.9073,22.0149,10.2816
1101.1571,314.3340,21.8677,10.2592
1101.1289,314.4242,21.9076,10.0000
1101.3005,314.7646,21.8821,10.0000
1101.8575,315.0066,22.0048,10.0000
1102.9530,315.4607,21.9475,10.0000
1104.4906,316.8189,21.8430,10.0000
1105.8944,318.1343,21.7807,10.0000
1108.6775,320.7178,21.7110,10.0000
1110.9811,323.1617,21.4766,10.0390
1113.5984,323.9434,21.3056,10.1969
1116.1381,322.2728,20.9871,10.5702
1119.5380,320.9471,20.6734,10.8178
1121.6622,319.6656,20.4797,10.9457
1124.0392,316.1018,20.3826,11.1182
1125.9143,314.2329,20.0977,11.4268
1126.6903,312.3739,19.8576,11.7580
1126.9645,310.6072,19.7080,12.0290
1127.5485,306.5748,19.6489,12.2907
1127.3195,304.8576,19.7757,12.4447
1126.3739,303.2941,19.9039,12.5283
1125.7839,302.1484,20.1607,12.4207
1123.0654,303.9806,20.4783,12.1070
1121.3591,303.7748,20.5180,11.9709
1118.5500,304.8945,20.4179,12.1352
1115.9619,304.1541,20.6300,12.0246
1113.6881,303.1299,20.6066,12.1121
1111.1263,302.3617,20.5497,12.1190
1108.1678,302.8518,20.6136,11.9838
1106.0129,303.3496,20.5980,11.9588
1103.0670,302.9064,20.3866,11.9712
1101.4756,301.7471,20.1691,12.1642
1099.0968,300.0068,19.9142,12.4679
1096.3905,298.3257,19.6942,12.6664
1093.3230,296.6076,19.5359,12.7726
