1
225.3857,136.4343,54.4203,69.5564
225.4332,134.5944,54.3253,71.2874
222.0123,135.2686,55.2461,71.9126
219.7289,135.5721,55.8167,71.3056
213.5420,135.1116,56.2012,70.2285
213.1877,133.0642,56.9097,70.3474
212.0875,127.8678,57.1089,70.7340
211.5418,121.8771,58.2003,70.6528
208.3837,114.4605,58.4361,71.2984
204.6535,108.0802,59.7748,69.7750
200.8158,106.0779,61.3343,67.6638
200.5350,104.4754,61.8959,66.8070
196.8166,102.2426,61.2269,67.2197
196.4125,96.2786,62.0351,67.0145
190.7394,93.8166,63.2218,65.8427
190.7107,94.0451,63.2793,65.3856
187.9894,94.3245,62.6435,64.8269
189.7479,91.8322,61.1338,65.7968
190.8867,91.2958,58.8562,66.8697
191.8973,90.4586,56.8350,68.5440
192.4979,89.8314,55.6338,69.7983
192.6222,90.1469,55.3851,71.1397
192.3330,92.5777,55.9635,72.2440
192.1875,93.6950,56.2546,72.0243
192.1848,101.8489,56.2599,71.8471
193.1852,108.2053,56.2727,71.2164
194.4485,111.0134,57.7548,69.6087
195.5951,114.2585,57.4651,69.1292
197.6913,112.4351,57.2556,68.7929
199.4709,111.6514,57.6623,68.3774
200.9111,105.8312,56.7651,68.1194
202.2548,99.8243,56.0423,68.3453
204.6507,93.7469,55.1634,68.7613
206.3825,86.1956,53.6484,70.2235
207.5473,79.9887,53.2652,70.9591
208.6736,76.1098,52.9639,72.8629
211.6608,73.2129,52.9154,74.7061
213.7430,69.5997,52.7559,75.9250
215.8452,70.1675,52.5881,76.8078
216.9616,71.6281,52.3840,77.9442
217.8258,73.5533,52.6982,78.1788
218.6207,81.4621,53.1596,78.7713
218.0038,87.7429,54.3934,78.6168
217.5084,89.6422,55.3841,78.9900
217.1788,94.7253,56.0435,79.3636
216.6182,100.2112,57.1646,79.0141
215.9842,105.7056,58.4326,78.7136
216.7273,112.9980,59.1002,79.2059
217.4223,118.6962,59.8826,80.8431
218.9918,125.1279,61.1636,81.2398
220.3645,126.3915,62.8921,80.9495
224.4021,126.7436,63.8600,80.2453
226.3050,123.8899,64.5856,81.4214
227.1482,116.6775,65.1948,82.0732
229.3216,109.6156,65.4787,82.3047
232.0075,103.5902,64.7539,82.7378
233.1439,95.1178,64.7995,81.1356
234.4290,84.1509,64.5239,75.5343
235.6242,81.0787,64.3374,70.6591
234.9671,83.8180,63.5263,67.3058
235.6984,89.0023,62.0636,65.1777
237.2859,94.2423,60.8922,62.7124
238.6978,97.3106,60.0149,60.4686
240.6588,99.7940,59.8878,59.2968
241.1287,103.3793,60.8248,59.6338
242.8811,105.2708,61.1139,61.5417
242.6631,104.8857,61.5500,64.2435
243.5244,105.0051,61.8083,65.9856
243.4833,104.8751,61.8905,68.2577
243.4560,104.8132,61.9451,70.4304
244.7808,106.5699,61.3791,71.0843
246.3353,111.7823,60.3547,71.0827
246.1529,115.0252,60.7194,70.8014
246.4433,118.5517,62.2084,69.9573
248.0019,119.5619,63.2521,70.0174
248.7236,119.1897,63.9068,70.7617
248.6198,115.2708,64.1143,72.2393
248.8635,108.2687,63.6270,73.3654
249.3134,100.1355,62.7270,74.5399
249.7990,91.5596,61.7559,74.4143
250.1342,79.2643,61.0856,73.2996
251.0106,71.8280,61.4468,73.3734
252.1850,66.3161,61.2191,73.7920
251.8832,66.5689,61.8227,73.2863
252.5534,65.6434,62.6080,73.0116
255.2982,66.7654,63.5209,72.9017
254.9300,69.1725,64.2574,72.3818
254.7481,70.2565,64.6212,72.3646
256.7112,70.2413,65.0078,72.3949
256.5242,73.2420,65.3818,72.8827
256.5247,73.0071,65.3807,73.3525
256.3141,75.3206,65.8019,73.0931
256.3839,77.2754,65.6625,73.5568
256.5578,81.9093,65.3146,73.0551
254.4608,84.4185,65.1521,72.3932
251.0945,92.9750,65.3888,72.6027
250.5426,98.4134,66.4926,72.5876
246.9495,101.8395,67.1097,72.3046
242.3652,102.8824,67.4977,72.4140
241.0204,102.8075,67.9844,72.5638
237.5566,97.1704,68.2729,72.7727
232.1038,89.1637,68.0738,73.2397
232.6408,78.4412,66.9998,74.6593
239.6266,70.7731,66.4086,76.6152
241.1237,61.2379,65.6653,77.6785
241.3277,56.1067,65.2573,78.9192
244.5056,61.3694,65.7052,79.7335
246.4515,68.9496,66.3888,78.2994
249.8932,77.2922,66.3353,77.5505
250.8850,81.4869,66.6159,75.9538
251.9902,85.3081,66.6496,75.0434
251.8791,86.8245,66.8717,74.2410
252.7062,89.6101,67.4390,73.1127
251.4374,92.1973,67.7637,72.3643
251.2267,93.3182,68.1851,72.3288
249.9171,92.7553,68.5918,73.4547
246.8876,91.5683,67.9409,75.8287
245.7166,90.1090,68.0195,76.4840
240.5036,89.2827,69.3470,75.8620
237.8123,91.5687,70.1571,75.8623
231.3237,98.2714,71.6389,76.2514
230.8956,99.8641,72.4951,75.3946
230.5823,101.3109,73.1218,74.8299
230.3861,97.7976,73.5142,74.8669
231.5564,91.6317,73.5103,75.5153
238.4624,82.8684,73.7792,76.6142
241.0263,75.1096,73.3879,77.9220
248.9101,70.7037,71.9156,79.5861
249.5573,66.9025,70.6212,80.0333
258.0729,68.2068,67.8181,82.1673
257.6131,77.1132,68.7377,80.8694
263.0857,83.8208,69.5631,79.2246
262.7392,93.1699,70.2559,76.9196
263.9430,96.2386,70.1656,75.4163
264.1457,105.0709,69.7601,73.7977
263.9739,106.0872,70.1037,71.7651
263.4291,104.9586,71.1933,69.5539
263.2662,104.8747,71.5191,69.7218
262.2919,104.8116,71.2436,69.8480
261.0248,104.1273,69.3340,71.2166
256.2798,105.6026,67.7572,72.6928
255.4541,106.1880,67.1972,73.7334
249.6511,107.1450,67.7092,74.0381
242.6154,110.4503,68.3904,74.1225
241.3169,112.2081,68.7436,75.0948
234.5968,114.5939,68.5961,74.8522
234.6230,114.5564,68.5438,74.9273
234.7716,107.5012,68.2466,75.4847
236.1578,100.1733,67.7369,76.5639
238.7756,91.1949,67.0440,78.6210
243.7967,82.0661,66.1704,80.8337
245.1941,72.6946,65.6878,81.0795
249.1342,72.0241,67.0399,80.1125
249.3548,72.9936,68.9139,78.1734
251.9332,82.1362,70.7026,76.0945
252.7115,90.1066,71.4574,74.0221
253.4233,97.8406,72.3247,72.2995
253.1704,105.4117,72.8305,70.8227
251.6814,108.2634,73.5464,69.6436
251.6595,110.9279,73.5901,68.8242
246.6865,110.6478,72.3240,69.3844
245.7027,108.4930,72.0601,69.2310
243.6372,102.8108,71.7412,69.4707
240.5959,102.3732,71.1526,70.3459
237.8599,100.4150,69.9397,72.0340
232.0135,99.9018,68.2181,73.0603
232.5015,100.1394,67.2419,74.8096
227.6021,102.0958,68.0957,75.3693
224.8608,109.1470,69.0612,74.8183
223.3046,111.2438,69.9082,75.1554
223.0817,109.8096,70.3541,75.7397
223.0947,103.0790,70.3281,77.6995
225.0829,95.8772,68.6821,80.4509
227.3551,88.8623,66.4844,82.7471
227.9258,79.6657,65.3432,84.7141
232.5049,70.9870,65.6175,85.5641
234.4732,70.0871,66.4322,84.9885
238.1726,71.5051,68.5537,82.1525
238.4298,78.5443,70.4104,79.9285
241.2491,83.0784,71.8708,77.9594
243.0542,91.7246,72.9788,77.1803
242.5376,95.0430,74.0120,75.2725
243.2499,98.3217,74.9382,73.4169
242.2822,100.8906,74.5373,72.9517
240.0013,102.9747,74.4538,73.4286
238.9886,101.8687,74.1505,73.3118
236.0253,102.7576,73.1104,73.8564
234.5199,102.4998,71.4922,74.3719
232.6554,103.7410,70.6274,74.1864
230.3430,104.8637,70.6913,74.2214
227.5148,105.9808,71.7839,74.2691
224.6302,108.3972,72.9533,74.0363
219.6700,109.5059,73.6145,74.1337
219.7351,107.2414,73.4843,74.0091
219.7126,100.0479,73.5293,74.4598
219.7012,97.7263,73.5521,74.4420
217.5749,92.3128,73.1434,75.9465
219.4510,83.5863,71.7391,76.9652
219.1974,72.5767,69.9049,77.9114
218.7740,62.7738,68.4247,78.9016
218.0665,54.2601,67.5210,79.6985
215.1242,52.7681,66.4564,80.3661
215.2692,50.5931,66.1664,80.0969
215.3183,49.5102,66.0681,79.9620
215.4804,51.8615,65.7440,79.8534
215.4036,56.1135,65.8975,80.5102
215.0497,59.4688,66.6053,80.7079
214.7080,65.1590,67.2888,80.9138
214.6201,72.3060,67.4644,82.9397
214.6582,78.5176,67.3883,84.7091
215.4742,79.7820,68.1477,84.5717
214.8770,86.4729,69.3422,83.1977
214.4596,89.7386,70.1768,81.4656
214.2986,95.0749,70.4989,80.3386
214.8152,102.2343,69.4657,80.2647
215.8568,105.6246,69.7390,80.5535
218.2947,107.9380,69.5937,80.6572
217.5127,109.6359,71.1576,79.6259
219.7367,107.5988,71.4568,78.9528
222.0770,99.5919,71.5121,78.3912
223.2255,91.6527,71.5751,77.7492
224.4326,84.6794,71.5120,77.5895
225.3810,78.8110,71.9628,77.5885
226.4429,71.6878,72.1938,77.7065
227.4918,64.8312,72.4561,77.2583
228.2816,58.2662,73.2340,76.2439
229.0139,50.9217,74.1233,74.4557
229.8528,43.3598,74.7853,73.2008
233.0386,39.4512,75.4050,71.6962
233.8608,37.9210,76.0770,70.1239
238.2184,37.5253,76.5695,68.6134
237.7187,33.6245,77.5688,67.2730
238.4852,35.0217,78.3154,66.7581
238.0851,36.3052,79.1155,66.4739
239.1726,37.8002,79.2312,65.7746
238.8391,39.7949,79.8982,66.3473
239.9586,43.0312,79.9598,66.7766
244.3806,51.0664,80.3496,69.1741
244.5239,58.3444,80.0630,71.0894
244.0560,67.0736,80.9988,72.6655
243.0315,71.1802,80.6288,74.1283
241.9500,71.7529,80.3553,75.4195
237.7558,71.7208,81.3851,75.4836
232.4406,67.9377,82.1358,75.6401
225.7737,60.3848,83.0490,75.8410
223.8855,51.8608,84.3237,75.3782
215.9388,42.6886,85.1330,76.1246
210.3961,39.9564,86.0646,76.5118
206.7240,35.8510,85.7312,77.0453
202.9913,35.3113,85.5092,78.1247
197.0296,36.4433,84.5514,78.4368
194.1902,39.0351,85.0975,78.3859
192.9808,40.4884,84.9423,78.0533
187.8233,43.1015,84.9922,77.9596
186.6963,45.4292,84.6807,78.4354
179.3548,51.4395,83.9540,79.2563
178.3748,52.5646,83.3440,79.5759
172.6359,56.1884,81.9942,80.0248
171.2703,58.7524,82.1740,79.9997
168.9391,63.7595,81.7288,80.2010
163.5822,69.5212,79.6922,81.4278
164.1653,70.3889,78.5260,82.2297
161.4097,73.3417,78.9745,81.3869
158.7542,79.0987,79.2347,79.9741
157.6138,80.8853,79.0084,78.9081
157.8568,81.0666,78.5224,78.5455
164.1097,75.9839,78.3841,78.8170
168.8371,67.1028,78.8318,79.2500
171.2056,59.5721,79.0737,79.3745
173.5117,52.2379,79.4520,79.0714
180.6293,43.9118,80.1953,78.2485
183.9092,37.8906,81.1209,77.8153
186.6915,37.6459,80.5620,78.3048
188.0679,35.0769,80.3109,78.4391
190.6485,35.3452,80.1497,77.9026
197.7083,31.8931,80.9637,77.3400
200.5903,31.2317,82.6782,76.1698
204.9314,31.7555,84.0001,75.1224
212.6179,31.9303,83.6565,74.7726
212.3399,31.9613,84.2123,74.7107
218.5554,33.2222,84.2894,74.6906
218.3220,37.8418,84.7563,75.4613
221.2346,43.5161,83.9750,76.7229
223.9895,50.9434,83.5255,79.5785
228.9743,56.3739,83.8294,81.5594
232.9968,66.2251,83.5978,82.6928
229.0657,78.0391,83.6037,82.6336
226.8825,80.6745,82.7344,82.5986
221.5202,82.5967,83.0443,81.3579
215.8096,82.7690,84.1096,81.0132
211.1861,73.9744,85.5558,80.4007
203.9668,57.2848,86.9286,79.8087
199.9053,45.7143,87.1761,79.3230
191.8974,34.0321,87.4641,79.0957
187.0384,28.8196,86.6933,79.0321
181.9877,26.2027,86.3581,79.0476
175.9152,26.4746,85.4822,78.5036
168.5266,25.8770,82.1864,79.6989
169.2688,25.7524,80.7019,79.9481
168.3613,29.3271,79.9869,80.3885
169.7968,34.4727,79.6417,80.1997
171.2910,38.6662,79.1705,79.3642
166.5437,42.8819,78.6786,78.4227
161.8014,45.4662,78.2671,78.2021
162.9544,48.1141,78.4252,77.8344
155.7166,52.4840,78.1361,78.9378
155.9849,55.5295,77.5995,80.2676
150.9907,61.1479,75.1579,81.4608
152.0800,68.5739,75.4452,81.4045
152.3551,73.6973,74.8949,81.0360
151.1661,80.0802,74.8179,80.5460
147.2124,82.4991,75.3865,78.1544
147.5999,88.0743,74.6115,76.6755
148.8929,82.7461,74.4079,75.4198
149.9153,73.6878,74.7226,74.6606
155.8711,59.6417,74.5735,74.5229
162.0937,47.0665,73.8681,76.1936
163.9364,36.6866,72.5457,78.0486
166.4772,28.8354,72.2065,79.5239
170.1463,24.7521,72.0345,80.5243
172.6069,23.9386,71.9165,82.1513
173.9910,22.4778,71.5732,82.6479
177.5041,21.3110,71.8285,82.5544
181.1116,21.1453,71.9027,82.8857
182.1114,20.9426,72.3393,83.2912
184.5034,20.7996,72.4540,83.5772
186.0368,22.8012,71.8427,84.4852
188.9083,24.9978,71.0193,85.0117
190.0267,30.9279,71.2373,85.4250
189.9108,35.0425,71.4692,84.5896
189.7486,41.2831,71.7936,84.3857
189.3396,46.6185,72.6115,83.5450
189.3634,54.6148,72.5639,82.2983
190.3735,61.0763,72.9812,81.5630
191.3073,63.9967,73.5465,80.5878
190.0400,67.2491,73.6544,78.9364
190.2452,69.0278,73.2441,77.7818
187.6670,65.9528,73.6442,76.7975
186.5217,61.6388,73.5658,75.9494
186.3726,54.6792,73.8641,75.7415
186.1583,47.8293,74.2926,75.3057
185.9050,42.2065,74.7993,74.7719
186.0642,41.8772,74.4809,75.4306
187.1626,41.4649,74.6448,76.2552
187.0766,41.0393,74.8168,77.1064
185.6943,40.4427,75.1890,78.2996
184.6749,41.2546,74.8107,79.0929
185.8926,40.8556,74.7988,79.8908
187.2999,43.6041,74.4199,81.7010
187.0802,41.8913,74.8594,82.6687
184.9341,40.4936,74.1916,82.9840
184.0741,44.0744,73.4374,83.2451
178.7454,44.2800,71.7635,82.8340
179.0680,44.9182,71.1183,81.5576
172.1566,52.0091,70.5235,81.7933
169.0907,60.0622,69.4641,82.4666
167.2147,67.7606,68.4354,83.8027
162.3183,73.3028,66.2562,84.6902
158.5116,82.0298,64.3788,86.2176
154.0457,89.0699,63.8493,86.3296
150.7280,93.7669,63.4094,86.3691
149.5592,102.3679,63.3952,85.6296
144.7758,104.1526,63.6009,84.4004
144.2211,108.6837,64.7102,82.3131
