1
592.5111,202.5631,44.3431,37.5461
585.2228,200.6122,46.0349,36.2940
582.6791,200.4341,47.2396,35.3560
580.1965,199.0699,48.3128,34.1922
578.0183,198.8030,48.7855,33.4316
576.0473,198.4406,48.8603,32.8672
575.9800,197.6321,47.7138,33.2034
577.3575,198.1481,44.9589,35.9788
580.6019,203.8316,42.2881,38.6111
579.9280,203.8740,39.8148,41.0736
578.0809,198.5467,37.1402,44.0853
576.0942,194.4868,34.7236,47.0933
575.7467,191.4617,32.8491,49.2893
573.9022,189.3420,31.3901,50.9545
575.0057,190.2003,30.4706,51.8131
572.2574,187.7430,29.5429,52.8730
571.3287,186.0483,28.8305,53.6928
572.3177,186.2582,28.1373,54.5578
569.3593,184.6504,27.6263,55.2022
570.8662,183.7718,27.1850,55.6733
571.0402,184.1461,26.8369,56.2100
571.1590,182.6010,26.5994,56.7259
569.3224,181.7484,26.4009,57.1405
569.4517,183.4025,26.1422,57.7119
567.5269,183.2543,26.1011,58.0082
568.8907,183.1095,25.9743,58.2979
568.8814,182.9794,25.9930,58.5581
567.0117,183.4579,25.8127,58.9075
567.0510,183.2961,25.7341,59.2312
566.4929,183.1088,25.5384,59.6057
565.3947,184.1739,25.1075,60.1030
566.9780,183.3225,24.5673,60.4926
565.9513,183.2137,24.0022,60.7101
567.1183,182.9918,22.9705,61.1539
566.1113,179.8759,22.4042,60.9346
560.6744,177.2576,24.3397,58.5100
556.8430,175.0124,26.8959,55.3403
552.9482,176.5695,29.5833,52.2260
550.3299,178.1061,32.2680,49.1529
549.0766,179.5759,34.7746,46.2133
546.7786,181.5048,36.8262,43.6277
545.8911,183.2053,38.6013,41.4926
544.6015,184.7196,39.9192,39.7250
543.4493,185.4784,40.9694,38.2075
542.4114,186.0955,41.7986,36.9733
542.1752,186.5699,42.2710,36.0246
542.0885,186.8801,42.4443,35.4041
541.4227,187.7193,42.5512,34.9504
541.3593,188.0121,42.6782,34.3649
542.5852,188.1510,42.6493,34.0870
543.2090,188.2901,42.6081,33.8089
543.2555,189.6506,42.5152,33.4907
544.5719,190.3196,42.2721,33.3475
545.9256,190.9247,41.9422,33.3261
548.7781,191.1488,40.9708,34.0614
553.9462,194.1106,38.8971,36.4002
559.7765,198.3733,36.7214,38.5453
561.2783,193.6394,34.9032,40.9019
565.0578,188.1542,36.8867,38.7510
568.6131,189.2507,39.3047,36.5580
569.1268,190.2598,41.8607,34.5397
571.6226,191.1269,44.0797,32.8055
572.0566,192.3874,45.6267,31.4920
573.1505,193.5132,47.0672,30.4498
573.8065,194.5608,48.1826,29.5683
575.7994,196.6443,49.0591,29.0482
577.3414,197.4107,49.6350,28.7354
578.9305,198.1535,50.1260,28.4729
581.7761,198.8225,50.5648,28.3608
582.3374,199.4016,50.6728,28.4332
583.4648,199.3711,50.8848,28.4943
586.4299,199.3887,51.1425,28.4591
586.9478,199.9804,51.3475,28.5164
589.3476,200.5721,51.5270,28.5777
591.7011,200.5383,51.8139,28.6454
593.3869,201.1855,52.2039,28.6048
595.1385,201.8537,52.4776,28.5273
596.2811,202.4446,52.7157,28.6072
598.1064,202.4295,52.8645,28.6375
599.8934,203.0482,53.0983,28.6692
601.0745,203.6849,53.2826,28.6691
602.9241,204.3282,53.4112,28.6584
604.1959,204.3574,53.4229,28.6001
606.1072,205.0076,53.4308,28.5764
607.3460,205.6713,53.5063,28.5256
609.2749,206.3368,53.4789,28.4714
610.5013,206.4386,53.5768,28.2679
611.7416,207.1013,53.6432,28.2159
613.5939,207.1666,53.7590,28.0852
614.7372,207.2502,54.0181,27.9180
617.6184,207.4109,54.6251,27.5966
623.9865,208.2734,54.6612,27.1489
627.8333,209.1013,54.5875,26.7630
630.5312,209.2802,54.2406,26.4051
632.1381,209.3919,53.5289,26.1818
631.7820,209.5092,53.0044,25.9471
633.2756,209.6043,52.4670,25.7570
632.9499,210.2885,51.9047,25.6025
635.7448,210.3611,51.1263,25.4573
635.5295,210.4068,50.3681,25.3657
634.0280,209.9121,49.8420,25.1790
623.5551,210.3639,49.8114,25.4407
616.6193,213.8953,47.3109,27.7334
618.0262,223.0472,45.6687,29.3484
615.0851,219.4594,43.3304,31.8266
615.6769,215.2557,40.9668,34.3334
613.1381,214.7843,38.9363,36.4610
613.3217,213.8557,37.3819,38.3182
611.6069,213.1123,36.0431,39.8050
612.1347,211.7261,34.9874,41.3834
610.3050,211.5559,33.8403,42.9254
610.1629,209.0447,32.9177,44.3273
608.0992,209.1394,32.1926,45.3511
607.6735,207.5350,31.8272,46.1265
604.7781,207.7866,31.5058,46.8457
603.0760,206.8447,31.2261,47.5016
601.9456,205.9411,31.0206,48.0754
599.5712,206.3313,30.8160,48.5334
599.0887,205.4091,30.5393,49.1362
596.6907,205.1912,30.3507,49.5718
594.8795,204.3919,30.2246,49.9209
593.6369,203.6658,30.2046,50.1205
591.8191,203.4782,30.0745,50.4958
590.6076,203.3092,29.9804,50.8337
587.4833,203.1254,29.9190,51.2015
587.8002,201.3783,29.2852,52.1628
588.6990,204.2551,27.4875,54.0286
591.3045,203.6238,26.0763,55.2913
586.6298,199.9071,27.8622,53.9008
586.4513,196.9495,30.7616,50.9178
585.6512,195.2693,33.6382,47.8958
584.8670,196.7352,36.4857,44.9640
583.5756,196.2397,39.0687,42.1122
580.3973,198.1138,41.5905,39.6423
578.7312,199.7526,43.6435,37.6438
577.8895,199.4425,45.3269,35.7055
575.9852,200.7303,46.5878,34.4038
574.9286,201.8214,47.4291,33.4933
575.2812,201.5970,47.9936,32.6726
573.8662,201.8380,48.2944,32.1906
574.4462,201.4358,48.3957,31.7338
573.8002,201.5769,48.4326,31.4517
573.1876,202.2158,48.4068,31.4248
573.8610,202.2795,48.3101,31.2973
574.5274,201.1183,48.2238,31.1268
573.9839,201.6478,48.0684,31.3102
574.6879,201.0060,47.9036,31.3507
576.0563,200.8918,47.6494,31.5791
577.4179,200.8506,47.4086,31.6615
578.0289,200.3823,47.4256,31.3590
578.6423,200.3862,47.4329,31.3513
580.4410,200.3651,47.5382,31.3934
580.8713,199.8344,47.9143,31.2184
584.2982,199.4974,48.4959,30.6531
589.3931,198.1685,49.4524,29.5954
601.5684,197.5264,49.8016,28.4096
606.6579,197.8757,49.3835,27.7110
611.0189,197.6185,49.0758,27.0235
611.1329,197.9272,48.8477,26.4060
611.1459,198.1785,48.8216,25.9034
614.8384,198.2721,48.4138,25.7162
614.8808,198.4652,48.3290,25.3300
616.2655,198.0095,47.8511,25.0956
620.5362,198.0486,47.2527,25.0175
620.6206,198.0926,47.0838,24.9294
623.2001,198.0525,46.4072,25.0097
624.6767,194.9546,45.6780,25.6456
627.9728,194.8147,45.7583,25.9253
628.0654,194.6686,45.5731,26.2175
620.6797,177.4279,43.5407,28.2120
606.6392,174.5001,43.5342,28.4500
596.4165,175.0857,43.6870,28.4061
2
0
0
0
0
1
616.2169,197.3952,58.8815,47.1310
614.5228,198.9258,60.6026,45.7367
613.6378,198.7188,62.3727,44.4801
613.8289,200.0271,63.6672,43.5402
613.2946,200.3159,64.7360,42.9627
612.1808,199.6946,65.2761,42.5179
611.3798,199.5775,65.1901,42.7523
611.5956,199.5536,63.0677,44.4906
607.9714,201.4284,58.5036,49.1786
602.7770,209.0065,53.6448,54.3528
604.2790,208.1092,48.9400,59.5487
605.5546,206.0511,44.6823,65.3715
606.3594,200.7407,41.3473,70.8159
605.0254,199.1562,38.7622,75.7360
605.8522,198.0180,37.1086,79.7917
605.6572,196.9554,35.6884,83.7270
603.4416,196.1184,34.5934,87.2430
603.8416,195.6270,33.7933,90.0992
604.2089,195.2579,33.0587,92.7375
603.3777,194.2110,32.7965,94.8313
602.5370,194.2338,32.5284,96.7353
601.4753,194.5138,32.6798,98.1472
601.4028,194.7401,32.8250,99.6893
600.2966,195.2258,33.0181,100.7372
600.2037,195.7308,33.2039,101.7650
598.9456,196.6093,33.6643,102.0638
597.6594,197.6165,34.1682,102.1180
596.3776,193.1606,34.6533,102.7157
595.0902,194.0802,35.1322,102.9725
593.9017,194.9675,35.4009,103.3062
592.5401,196.0214,36.0062,103.3163
591.2388,195.2720,36.4797,102.6858
591.1039,194.2837,36.7496,102.5339
588.7703,195.5553,37.1540,102.1220
587.4862,196.7976,37.5893,101.7703
587.4269,198.1298,37.7079,101.2416
586.3134,199.4667,37.8046,100.6980
586.3093,198.6877,37.8130,100.1319
585.2682,199.8954,37.7789,99.8325
585.3041,197.0250,37.7072,99.2395
584.2748,199.0989,37.6642,99.2946
583.1337,200.3083,37.8449,98.9774
582.9838,199.4496,38.1446,98.5945
582.8594,200.6321,38.3935,98.3297
582.7393,199.6602,38.6337,98.1728
581.3679,199.5727,39.2736,98.3478
578.2119,200.8745,41.3521,97.8609
575.3850,202.4460,44.8592,96.8647
571.1630,204.1402,48.9153,95.6703
569.4805,208.9251,52.2803,95.0883
565.7371,211.2214,55.1748,95.0881
563.3812,212.1763,57.5411,95.5235
559.9007,213.1086,59.7185,96.0509
556.6552,213.7667,61.3368,97.1710
553.4980,213.9885,62.6908,99.2076
550.5256,213.9251,63.5691,101.8676
547.5358,215.5175,64.3731,103.8584
544.2177,214.8214,65.7474,105.2506
536.8583,214.0770,67.0917,106.7394
532.2338,213.3135,68.1819,108.2665
527.8151,213.2372,68.7371,111.1797
521.7455,213.5481,69.6219,113.3716
514.1186,214.0419,70.5702,115.2450
508.2304,214.0266,70.7265,118.1808
505.3704,213.7880,70.5439,121.6093
499.6848,215.0679,69.9184,125.0478
496.9745,214.8192,69.2598,128.5847
492.6037,214.9224,68.7602,131.4588
489.7150,215.0217,68.3092,134.3742
484.9237,217.0020,68.4442,136.7122
480.3120,217.1789,68.1104,139.5440
475.4047,218.1060,68.2607,140.9114
470.6899,220.1257,67.9582,143.3598
465.5854,217.3985,68.3439,145.5398
460.3426,218.5159,68.8907,146.6180
455.0571,219.7750,69.4471,147.4379
451.1211,218.4375,70.5994,146.7531
442.1299,219.1903,71.7320,145.2475
438.4060,218.1838,72.4446,143.8929
434.8369,218.7948,72.8626,142.6709
429.6016,219.4844,73.2850,141.2916
426.3475,220.0908,73.1203,140.0789
423.1415,219.0308,72.9006,138.8831
420.2211,221.1641,72.1524,137.9109
419.3563,222.5625,70.6147,138.3816
418.7466,225.6309,68.5863,138.7402
416.5624,227.2227,66.5190,138.7745
413.9414,229.6299,65.3959,137.1426
412.9905,230.3330,64.1587,135.7363
413.8941,232.0466,62.3515,135.4062
414.5785,232.5286,60.9827,134.4422
416.6793,225.4891,59.8038,133.4077
417.0031,227.8501,59.1562,131.6727
415.6833,231.6536,58.8453,129.9666
414.4417,235.2667,58.4083,128.5808
414.7329,231.0620,57.8259,128.3129
416.3380,234.4674,57.4941,127.2588
411.9551,234.9959,57.6883,126.2017
416.0267,237.0134,58.0808,125.0119
414.7384,235.7874,57.8225,124.6291
412.1380,238.9424,57.3740,123.9686
415.1582,237.6185,56.9481,123.8092
412.7788,240.3883,56.1119,123.8645
413.9745,237.7379,56.5041,123.5980
408.3127,241.7070,56.6814,124.0198
406.1238,234.9800,58.2632,123.4943
403.9717,240.6810,59.7516,123.3558
403.0530,235.4333,61.5890,122.4921
402.2585,240.0201,63.1779,121.8956
401.2745,239.4239,65.1460,120.2102
402.1670,242.8451,66.2476,119.1412
400.2704,245.8839,67.1512,118.8428
398.4130,247.5965,67.9652,118.3184
396.5665,250.8454,68.7516,117.6339
394.6343,250.0091,69.7060,116.3965
394.4041,251.4828,70.1666,116.3567
391.6018,252.4803,69.9416,117.2765
390.1792,253.5718,69.8622,118.0183
388.5826,254.3615,70.1211,119.3731
390.3399,255.4268,69.5652,120.2013
389.5782,256.3178,68.1268,121.3811
392.2588,258.5892,65.7205,122.7479
394.9798,259.4851,63.2123,123.8898
397.7178,260.3632,60.6437,125.0412
400.1424,258.4370,58.6744,126.0138
402.3727,259.7968,57.0737,126.1540
402.8206,259.8942,56.1778,125.9591
404.5630,258.5977,55.5082,125.7368
406.1307,260.2808,55.1729,125.1710
406.1468,259.0019,55.1408,124.9426
407.5129,260.6546,55.1908,124.4195
407.3828,260.8078,55.4510,124.1129
407.2299,260.9666,55.7568,123.7955
408.7440,260.8320,55.5050,124.0647
408.5317,259.2342,55.9295,124.4843
406.1090,255.4861,57.9856,123.6124
401.6697,256.1035,61.2386,122.3775
401.5854,255.0278,64.2586,121.6777
400.8984,256.2697,65.6325,122.0869
402.2267,257.1739,65.8985,123.2011
402.1813,256.7047,65.9893,124.1394
403.7865,256.1318,65.7379,125.2852
403.8175,255.5866,65.6758,126.3757
403.8649,254.9550,65.5811,127.6389
403.8298,254.4750,65.6512,128.5989
403.7099,254.2094,65.8911,129.1300
405.1100,255.6005,66.1213,129.3785
404.8830,255.5616,66.5754,129.4562
404.6614,255.6760,67.0186,129.2275
406.0035,256.0778,67.3859,128.4239
407.3585,256.4737,67.7217,127.6321
408.7780,256.7726,67.9227,127.0343
410.2527,257.0596,68.0080,126.4603
411.5938,257.2712,68.3537,126.0371
414.5213,257.5021,68.5535,125.5753
417.5512,256.2339,68.5416,125.0875
420.7053,256.4737,68.2665,124.6081
425.6953,256.4689,67.3010,124.6176
432.9052,257.3669,64.8350,125.8102
437.0262,257.0127,62.5204,126.5185
440.9184,253.9555,60.6040,126.7649
444.6327,250.9505,58.9842,126.9662
451.3283,252.1853,57.1090,127.3756
454.9105,249.2936,55.6488,127.4547
459.8600,249.1983,54.2324,127.6455
464.7337,247.6599,52.9009,127.9170
468.0580,244.7774,51.8235,128.1106
471.2200,243.3741,51.0379,128.1481
475.8186,243.2813,50.1078,128.3337
478.8226,240.5603,49.5834,128.2922
481.7907,239.2301,49.1107,128.2208
486.1515,240.5702,48.5558,128.2629
489.0382,239.2794,48.2084,128.1316
491.7858,236.7831,48.1225,127.7146
496.0896,235.4862,47.6068,127.6112
500.3625,234.1680,47.1204,127.5612
503.0683,231.6406,47.0627,127.2620
507.2896,231.5650,46.6351,127.4132
509.9569,227.7763,46.6325,126.9922
515.5351,229.1525,46.1163,126.8998
518.2991,226.5363,45.8871,126.8337
520.9702,225.4595,45.8334,126.3429
525.0671,222.9477,45.5485,126.0939
527.8492,222.9905,45.2393,126.0084
529.1307,221.8937,45.2973,125.5811
533.2176,220.6088,44.9705,125.5353
533.2194,219.3434,44.9669,125.4570
535.8341,213.9113,44.9533,125.8894
536.3181,212.7881,46.5993,125.5220
534.6937,211.0257,49.8480,123.7700
531.5610,211.9581,53.4419,121.9052
531.0375,212.5417,57.1971,120.7380
530.8820,212.6770,60.2653,120.4673
529.7841,211.0981,62.4612,120.8188
530.4846,209.0597,63.9096,122.0461
531.4114,208.3717,64.9483,123.4221
531.0300,206.0118,65.7112,125.2114
532.2884,205.0685,66.1644,127.0980
532.0884,202.5820,66.5643,129.0655
533.4517,200.1768,66.8791,130.8348
533.2488,199.4302,67.2847,132.3280
533.1361,196.9338,67.5101,134.2192
534.6094,196.1035,67.6967,135.8798
534.3942,194.0376,68.1270,136.8510
534.3081,193.5165,68.2993,137.8931
534.2258,191.3867,68.4639,138.9521
534.1016,190.9357,68.7123,139.8542
534.0292,188.9285,68.8572,140.6321
533.9915,186.9493,68.9326,141.3404
533.9927,186.5399,68.9301,142.1591
533.9384,182.8213,69.0388,143.0487
533.7903,182.5673,69.3348,143.5566
533.7174,178.9766,69.4806,144.1355
533.6794,178.5524,69.5565,144.9838
533.5774,174.8078,69.7607,145.8210
533.4330,174.5641,70.0495,146.3084
535.2388,170.7065,69.7918,147.3159
535.6396,170.2195,68.9901,148.2900
538.6200,169.4023,66.3937,149.9243
539.8209,167.3786,63.9920,150.6293
540.6199,162.7148,62.3938,150.0260
542.9152,159.5866,61.0764,149.7359
545.2778,157.8822,59.5970,149.8989
547.6787,156.2028,58.0168,150.0362
548.2224,154.5180,56.9295,150.2104
548.7722,152.8038,55.8298,150.4605
549.1668,149.7973,55.0406,150.1494
549.5766,149.9509,54.2210,149.8422
550.0507,149.9964,53.2728,149.7514
550.5209,148.4427,52.3325,149.7531
550.8658,145.4255,51.6426,149.6102
551.3203,145.4402,50.7336,149.5807
549.9124,144.1954,50.4924,149.0134
550.0749,141.4651,50.1674,148.3848
550.4213,142.9118,49.4747,148.5211
550.6901,139.9691,48.9369,148.3686
549.3574,140.0877,48.5954,148.1315
549.5035,137.2948,48.3031,147.7226
548.1341,139.2311,48.0559,146.8362
546.5829,135.3217,48.1892,145.7480
545.0311,137.5070,48.3370,144.3333
546.3794,131.3992,48.5789,141.8564
545.1152,134.6233,48.1996,141.2234
545.0356,134.3987,48.3588,138.7810
543.4515,134.2064,48.6673,136.3059
543.4695,132.3171,48.6312,134.4243
543.4308,130.6570,48.7085,132.1396
543.5883,131.4162,48.3938,130.6210
543.7603,132.2044,48.0498,129.0447
543.8948,131.7005,47.7807,127.3374
544.1890,131.0055,47.1922,126.0419
543.0257,131.7738,46.8624,124.5053
543.0712,128.8271,46.7714,122.5130
543.2520,129.6342,46.4099,120.8988
543.5845,130.4051,45.7448,119.3570
543.8586,131.2441,45.1965,117.6791
544.1982,129.6457,44.5173,115.8745
543.2422,130.6001,43.9667,113.9657
542.4748,131.0892,43.0764,112.9876
540.7728,130.6505,44.0851,111.4696
531.8422,132.0079,47.5970,108.7549
528.4813,132.3453,51.9041,105.6653
525.2744,133.5829,55.8730,103.1901
522.3911,134.3659,59.1624,101.6242
521.2100,135.6175,61.5248,101.6308
517.6826,136.7054,63.4798,102.0050
516.9324,137.4400,64.9802,103.1241
514.9699,136.7992,66.2749,104.4057
513.1482,137.3390,67.2473,105.9972
511.3667,136.5050,68.0990,107.6652
510.9980,137.0168,68.8366,109.3918
508.0646,136.0736,69.1263,111.2783
507.7995,136.5565,69.6563,113.1340
507.4480,135.6418,70.3595,114.9635
505.9066,134.7209,70.5449,116.8053
505.7155,135.2040,70.9272,118.7669
505.5756,134.2645,71.2070,120.6459
503.9802,134.8497,71.4017,122.4716
503.7016,134.0916,71.9589,123.9878
503.4889,133.2578,72.3842,125.6555
503.3535,132.4967,72.6551,127.1776
503.3159,133.0621,72.7302,129.1643
501.5468,132.2738,73.1201,130.7409
501.6400,133.0630,72.9337,132.3407
502.4551,133.3347,71.3037,134.9959
507.2777,133.3466,68.0782,138.1821
510.1915,132.4065,65.4515,140.0623
514.7983,129.5649,62.6032,142.5627
514.0898,125.9378,60.8513,143.4790
514.6810,122.5925,59.6688,143.8668
517.0654,123.4207,58.0360,145.3465
517.6215,123.1698,56.9239,145.8482
518.0070,123.1237,56.1527,145.9404
518.4767,122.8824,55.2135,146.4231
518.8498,122.8398,54.4672,146.5082
519.1027,122.9205,53.9615,146.3468
519.3737,123.0220,53.4195,146.1439
519.7245,122.9052,52.7178,146.3774
519.9404,123.0735,52.2859,146.0409
520.2033,123.1568,51.7602,145.8743
520.3989,121.8801,51.3690,145.4047
520.5351,122.1777,51.0966,144.8097
520.7046,122.3508,50.7576,144.4634
520.7399,121.1930,50.6869,143.7944
520.7167,121.7392,50.7334,142.7021
520.7889,122.2267,50.5891,141.7272
520.8302,121.2713,50.5064,140.6955
520.9327,120.3768,50.3014,139.5585
520.9894,120.8827,50.1880,138.5468
521.0944,120.1289,49.9779,137.1647
521.2089,120.6802,49.7491,136.0620
521.3054,120.0113,49.5559,134.5536
519.8055,119.5334,49.7346,132.6885
519.8835,120.3588,49.5788,131.0376
519.9440,119.8944,49.4577,129.1954
520.0252,120.7391,49.2953,127.5060
520.1487,121.7148,49.0483,125.5546
520.2966,121.3373,48.7526,123.6267
520.5187,120.9520,48.3083,121.7474
520.7440,120.7124,47.8579,119.6118
520.9330,120.6172,47.4797,117.2260
521.3401,121.4945,46.6656,115.4715
521.6088,121.3773,46.1282,113.2106
522.0382,122.3183,45.2694,111.3286
522.4376,122.0961,44.4706,109.3625
522.7596,121.9156,43.8266,107.3554
523.2252,121.7140,42.8954,105.4309
523.6535,122.7429,42.0387,103.3730
524.0869,122.6607,41.1720,101.2991
524.5012,121.4122,40.3433,99.4099
524.9199,121.3679,39.5059,97.3474
525.5104,122.0127,38.3249,96.0577
525.9597,120.7945,37.4263,94.3604
526.4240,121.5778,36.4978,92.7938
526.8942,120.2020,35.5573,91.5710
526.8319,120.1236,35.6819,89.7749
532.7988,117.6695,37.2528,86.9661
531.4190,118.3918,40.0124,83.6049
531.0026,119.8578,42.7614,80.6729
530.8975,120.8307,44.8924,78.7271
531.1897,120.5012,46.2365,77.4575
531.7513,119.9140,47.0457,76.6997
532.4277,121.1135,47.6275,76.2354
532.3286,120.4195,47.8258,75.6858
532.2930,119.5372,47.8969,75.5178
532.2562,118.6590,47.9706,75.3428
532.3058,118.6259,47.8713,75.4090
532.4242,117.5763,47.6345,75.5790
531.5312,117.6129,47.4926,75.5057
531.8251,117.3499,46.9049,76.0317
530.0150,117.5523,44.7580,77.5494
525.9443,119.2751,41.4471,79.8299
527.3181,118.0177,38.6995,82.3447
519.5920,114.4370,41.0269,80.1312
514.9614,115.1312,44.6391,76.8598
512.2707,116.4564,48.1240,74.2095
509.7658,116.7114,51.2183,71.7838
508.5588,116.6404,53.6322,69.9956
507.6050,114.5098,55.5398,68.4289
507.6527,110.6973,57.3940,66.3059
506.8683,106.9439,58.9630,64.0787
506.4688,109.5536,59.7619,62.7339
506.1608,107.5753,60.3779,60.9037
505.1818,109.6466,60.4260,60.5811
505.0987,106.4864,60.5921,59.2789
504.9789,108.7567,60.8316,58.5136
504.2510,109.6854,60.4081,58.5356
504.3333,106.3968,60.2435,57.6206
504.3091,107.6201,60.2919,57.0300
503.5096,106.1503,60.0436,56.2748
502.7428,107.1936,59.7456,56.0198
501.9171,108.2020,59.5742,55.8257
501.9763,105.9089,59.4558,54.9607
501.2516,107.7974,59.1037,54.7866
500.6425,108.5781,58.5286,55.0186
500.7209,105.3915,58.3718,54.2400
501.2769,108.6613,57.2600,54.7929
504.4433,111.6031,54.4560,57.7318
511.3282,113.4563,49.5189,62.8581
510.9182,113.1912,45.0391,66.9215
515.8693,108.4089,42.1558,69.4672
517.6500,105.9688,42.0839,69.1136
518.0726,105.6155,42.9768,68.0820
518.4275,105.4754,44.0047,66.6244
517.3295,105.8594,44.4676,65.8565
515.5355,106.9298,44.5972,65.4449
515.3834,106.4032,44.9014,64.7729
514.4699,106.5121,45.0084,64.5550
514.5323,106.5261,44.8836,64.5270
513.8062,106.4456,44.6197,64.6880
513.0828,106.3778,44.3525,64.8236
512.3145,106.3838,44.1772,64.8117
512.4173,106.4378,43.9717,64.7036
512.4861,106.4789,43.8340,64.6214
512.6501,106.4193,43.5060,64.7406
511.0190,106.3885,43.3755,64.8024
511.1437,107.1321,43.1259,65.0102
511.2001,106.9966,43.0131,65.2813
511.2692,106.8944,42.8750,65.4857
510.5135,106.7725,42.6892,65.7296
510.5888,106.7539,42.5385,65.7667
510.7202,106.6743,42.2758,65.9259
510.8699,106.6566,41.9764,65.9613
510.1521,106.6913,41.7228,65.8918
510.3108,106.6305,41.4054,66.0135
509.8090,106.4027,40.7284,66.4691
509.4862,107.7429,38.0221,68.8165
509.0854,110.8733,35.4939,70.8804
504.8775,105.9016,37.3024,69.2607
499.6471,106.0775,41.1264,65.5906
496.4671,98.5396,45.8169,60.6323
494.3372,102.4115,50.0767,56.2332
493.3224,105.0995,53.7797,52.5306
491.7151,107.5783,56.9944,49.2471
491.3071,108.8462,59.4822,46.7115
490.5108,109.7246,61.0750,44.9545
489.8232,109.6762,62.4500,43.3865
489.6082,110.1090,62.8801,42.5210
490.2749,110.4757,63.1988,41.7876
490.2193,110.7569,63.3101,41.2251
490.1266,111.7606,63.4954,40.8546
490.7670,111.2582,63.8481,40.2258
490.8127,111.4034,63.7567,39.9354
490.8465,112.2711,63.6893,39.8222
491.5824,111.7658,63.8366,39.2136
491.5956,112.6584,63.8102,39.0395
491.6488,112.7995,63.7038,38.7574
492.4889,112.9361,63.6253,38.4843
493.3292,113.0449,63.5404,38.2666
494.2104,113.8422,63.3688,38.2628
494.3866,113.8241,63.0164,38.2990
496.1503,114.5942,62.6563,38.3425
496.1369,114.0259,62.6831,37.9001
497.7665,114.8880,62.5677,37.7477
497.8272,114.9852,62.4462,37.5535
498.6967,115.0781,62.2699,37.3675
500.2350,115.3323,62.3069,36.8593
501.0178,115.5210,62.2901,36.4818
502.5044,115.7237,62.4011,36.0764
502.2610,116.6376,62.8878,35.7856
502.6241,117.6375,63.7009,35.3248
504.0161,118.4321,64.0036,35.2790
504.5897,119.2933,64.4034,35.1038
505.2727,120.0533,64.5873,35.1337
505.2874,120.7749,64.5581,35.2437
505.1613,120.8280,64.8103,35.1374
505.0522,120.8572,65.0283,35.0791
505.0697,121.5666,64.9934,35.2190
504.9360,121.6494,65.2608,35.0534
504.9530,122.3320,65.2268,35.2501
505.7577,122.2690,65.1820,35.3760
506.5708,122.8474,65.1219,35.7852
506.6866,123.4919,64.8903,36.0684
507.6476,123.2413,64.5420,36.5697
508.4219,123.1865,64.5704,36.6793
508.4741,123.1103,64.4660,36.8318
509.1875,123.1381,64.6195,36.7760
509.9443,123.8645,64.6875,36.9049
509.8913,123.9760,64.7936,36.6820
509.8627,123.9740,64.8507,36.6860
510.6856,124.7025,64.7884,36.8126
510.7462,125.4363,64.6674,36.9297
511.5021,126.2125,64.7405,36.9623
512.2910,126.2347,64.7493,36.9178
513.9951,126.1097,64.5132,37.1679
513.9864,126.9591,64.5305,37.0558
515.6284,126.8289,64.4166,37.3161
516.4545,126.8285,64.3524,37.3169
517.4196,127.4339,64.0091,37.6931
519.0512,127.3676,63.9220,37.8257
519.7992,127.4076,64.0151,37.7456
519.8471,128.2050,63.9194,37.7400
520.6785,128.0930,63.8440,37.9640
521.4280,128.1229,63.9354,37.9042
522.1488,125.9126,64.0845,37.5530
524.7556,125.3259,62.0446,38.7264
533.2794,133.4052,57.6074,43.0595
538.5865,138.3407,53.3177,47.4190
539.9409,132.1255,49.0233,51.9208
547.3657,128.7462,45.3002,55.5004
548.7697,127.2714,42.4923,58.4498
550.6658,126.1995,40.2846,60.5937
552.2177,125.4037,38.7615,62.1852
552.8380,124.7203,37.5209,63.5522
553.2726,124.2859,36.6516,64.4208
554.4357,124.0875,35.9020,64.8177
554.6574,123.9972,35.4587,64.9984
554.8080,123.9539,35.1573,65.0848
555.7411,123.8839,34.8522,65.2250
556.6482,123.7736,34.5957,65.4454
557.5312,123.6872,34.3862,65.6184
557.6036,123.6063,34.2414,65.7802
557.6873,123.6278,34.0742,65.7370
558.7008,123.4421,33.5991,66.1086
558.9625,123.2576,33.0758,66.4776
559.0002,123.8923,31.4546,68.2991
562.1743,124.8657,29.7383,69.4403
555.8914,119.6765,33.1225,66.0463
550.6915,117.1716,37.3620,61.8157
548.3790,115.4863,41.9872,57.4367
547.7677,118.3623,46.3316,53.2456
546.5484,120.2184,50.3374,49.5335
544.9472,121.6637,53.5399,46.6428
543.6027,122.1307,56.2290,44.1321
543.5870,122.7994,57.8379,42.7946
543.5378,122.1364,59.5165,40.9601
543.0416,121.1890,60.5090,39.7038
542.8460,121.5583,60.9002,38.9653
542.6396,121.8766,61.3130,38.3285
542.6097,122.0528,61.3728,37.9761
541.6899,121.5937,61.6587,37.3408
540.8369,121.7975,61.8176,36.9332
541.5232,121.9969,61.9876,36.5343
542.3370,121.9970,61.8987,36.5341
542.4860,121.9561,61.6005,36.6159
542.6054,121.9843,61.3618,36.5595
542.4995,122.1851,61.5737,36.1579
542.5912,122.1763,61.3902,36.1756
541.9756,121.3872,61.0976,36.2301
542.9561,120.6827,60.6570,36.1189
547.4807,125.9706,57.6546,39.1488
554.6617,131.6216,53.9151,43.0215
555.9183,129.5348,49.8776,47.1951
563.1908,122.9114,47.5612,49.7421
564.0037,120.1918,47.4678,50.5845
563.9722,120.5565,47.5307,51.3991
563.8729,120.2817,47.7292,51.9486
563.9777,120.6259,47.5196,52.8296
563.3307,120.1774,47.2338,53.7266
563.4881,120.4970,46.9191,54.6765
563.5732,119.3712,46.7489,55.3295
562.9365,119.6285,46.4162,56.4209
562.1822,119.2633,46.3072,57.1512
562.1783,118.8849,46.3150,57.9081
562.2253,118.5085,46.2210,58.6610
562.2169,118.9718,46.2378,59.3830
562.2291,118.6407,46.2134,60.0453
562.2101,118.4198,46.2515,60.4871
562.2340,118.9535,46.2036,61.0969
562.9963,118.0433,46.3647,61.2316
562.2081,118.6425,46.2507,61.7237
562.1951,118.4887,46.2767,62.0312
562.2294,118.2431,46.2081,62.5223
562.1817,118.1873,46.3036,62.6340
562.1627,118.9107,46.3416,62.8980
562.1509,118.6411,46.3650,63.4371
562.0644,118.4120,46.5381,63.8952
562.9260,118.1582,46.5486,64.4028
562.6877,117.1536,47.0253,64.6704
562.5664,117.0541,47.2679,64.8695
563.5196,118.4124,48.8824,63.9133
565.1157,119.0183,51.0074,62.7016
565.6428,117.3079,53.5299,60.7575
565.5852,118.0270,55.4439,59.3193
564.9870,118.3290,56.6402,58.7151
565.6741,118.3045,57.0827,58.7642
566.3970,118.0707,57.4612,59.2317
567.1163,118.0248,57.8601,59.3236
567.6887,117.1799,58.5607,59.1681
568.4837,117.9176,58.8247,59.5466
569.4451,118.5247,58.7661,60.1965
570.2916,116.6296,58.9465,60.2399
570.3189,117.2227,58.8919,60.9307
571.2909,116.9952,58.8348,61.3857
572.0858,116.9377,59.1381,61.5008
572.7986,116.1159,59.6122,61.2445
572.6846,116.1460,59.8402,61.1843
572.5531,116.2010,60.1032,61.0744
572.4570,116.1731,60.2954,61.1301
572.4227,117.0166,60.3639,61.3554
572.3615,115.1221,60.4864,61.3108
572.3471,116.9387,60.5151,61.5136
571.6835,117.3563,59.9207,62.6002
571.9012,119.8783,57.5560,65.2735
567.4830,118.6812,52.8589,69.6011
567.0252,122.6465,48.0024,73.2143
564.7914,115.0460,46.7742,75.1253
561.6978,114.8485,49.1482,73.6138
560.8022,104.6664,52.8630,68.9706
559.3447,107.4342,55.7781,65.3495
558.5179,110.3041,57.4315,63.4217
557.3068,113.1507,57.9513,63.4365
557.7634,109.1249,58.9491,61.9324
558.6589,111.1135,59.0617,61.7621
558.3784,108.8420,59.6227,60.5972
558.5246,111.4783,59.3302,61.0043
558.4589,109.1706,59.4617,59.9347
558.4724,110.1781,59.4348,59.8000
559.6676,108.3371,60.7996,57.8488
558.1075,110.0738,62.0514,56.2438
557.3445,110.9673,63.5774,54.4567
556.6794,111.7250,64.9076,52.9415
555.2261,111.6960,65.9607,51.1460
554.7420,112.3484,66.9290,49.8412
552.8785,112.7084,66.9880,49.1211
551.8621,113.0284,67.1979,48.4812
551.8310,112.4678,67.2601,47.7866
550.8963,112.7757,67.3242,47.1708
550.0943,113.8354,67.1321,46.8474
550.0767,113.3350,67.1672,46.0605
550.1191,113.5738,67.0825,45.5828
549.1765,113.9946,67.2014,44.7413
549.1534,114.2741,67.2477,44.1822
549.1991,114.4519,67.1563,43.8266
549.1788,113.9679,67.1968,43.0566
549.3425,114.1074,66.8694,42.7776
549.4496,114.2822,66.6553,42.4279
549.5677,114.4276,66.4190,42.1371
549.9689,113.4634,65.6167,42.3668
553.7020,118.1947,61.5317,46.4292
559.5016,124.0969,56.7165,51.5850
560.2471,119.1350,51.8156,56.3935
568.0737,114.0206,48.0883,59.8076
569.4147,112.7594,45.4062,62.3300
570.4260,111.8307,43.3837,64.1874
570.3651,111.0320,41.8193,65.7848
570.1650,110.3549,40.5354,67.1390
570.5677,109.1670,39.7302,67.8321
570.0391,108.7842,39.1079,68.5978
570.2451,108.5423,38.6960,69.0816
569.7334,108.1294,38.0390,69.9073
567.3275,108.9155,36.1255,71.6977
567.6755,112.3276,33.7547,73.2472
560.4010,108.5008,36.7109,70.9641
555.4117,100.9928,41.6673,65.8912
552.1061,103.4860,46.5953,60.9048
550.5720,105.7695,51.3529,56.3378
548.5847,107.7316,55.3273,52.4136
546.0502,107.8431,58.6997,48.7974
544.8563,108.9692,61.0876,46.5451
544.0129,109.8378,62.7744,44.8080
543.3899,109.7640,64.0204,43.2673
542.2277,110.2469,64.6632,42.3015
542.0411,110.5737,65.0363,41.6480
541.8905,110.8467,65.3375,41.1020
541.6780,110.3951,65.7626,40.3399
542.4207,110.5764,65.9359,39.9773
542.3718,109.9863,66.0338,39.5020
541.6564,110.8270,65.8158,39.4694
541.7546,110.8732,65.6195,39.3771
541.9673,108.5330,65.1940,39.1360
543.0759,116.4924,61.3466,42.7786
551.8743,122.2850,56.8158,47.5257
553.3795,119.1688,52.1638,52.1167
561.5919,112.6356,48.8767,55.3298
563.1066,108.7839,47.4876,56.4721
563.5095,109.0430,46.6818,57.5896
563.5568,107.9798,46.5871,58.0762
563.8157,107.5306,46.0694,58.9745
564.0602,107.3498,45.5804,59.3361
564.2222,107.0155,45.2563,60.0047
564.3920,107.5838,44.9167,60.5217
564.3229,106.8629,45.0549,60.3077
564.4216,107.5927,44.8575,60.5030
564.3692,106.8291,44.9624,60.3754
563.7076,107.3997,44.6310,60.8888
563.6769,107.2586,44.6925,61.1709
563.7441,107.8630,44.5581,61.6243
563.7252,106.1713,44.5961,61.6741
563.7900,107.7730,44.4663,61.8070
564.5259,107.1062,44.6624,61.4725
564.5336,107.9641,44.6471,61.4230
564.5254,107.9741,44.6635,61.4028
564.5983,107.7926,44.5178,61.7659
564.8068,106.8261,44.1007,62.0307
565.0542,107.4607,43.6059,62.4268
565.8188,107.6601,42.0768,63.6912
562.6282,111.3897,38.5163,66.1735
561.2679,107.3855,37.9686,67.6452
555.2587,107.3746,41.7535,64.3735
553.6791,99.0117,46.5743,59.4963
552.2719,102.0607,51.0561,55.0656
550.3441,103.9151,54.9118,51.3567
549.6048,104.6739,58.0636,48.1659
548.6160,106.4426,60.0411,46.2995
548.7309,107.1355,61.4826,44.9138
548.9803,106.9554,62.6542,43.6035
548.5800,107.3236,63.4549,42.8671
547.4336,107.6962,64.0811,42.1220
547.1373,108.0719,64.6737,41.3704
546.8404,108.4232,65.2675,40.6680
547.4225,108.7538,65.7602,40.0068
547.1509,109.0547,66.3034,39.4048
546.9385,109.2917,66.7282,38.9308
546.9144,110.0597,66.7765,39.0444
546.7912,109.2982,67.0229,38.9152
546.9066,109.9511,66.7922,39.2631
546.0023,110.0157,66.9447,39.1339
545.1099,109.3386,67.0734,38.8319
543.5643,109.3267,66.8588,38.8557
542.8065,109.3527,66.7243,38.8037
543.5986,106.5881,65.1400,39.3912
546.7897,114.1151,60.3915,43.9406
551.5621,119.9383,55.7604,48.6733
553.8279,117.8799,51.2287,52.7903
556.0339,115.9214,46.8169,56.7073
557.2429,112.4740,42.7702,60.3450
559.0504,110.9220,39.1553,63.4492
561.4696,109.6352,35.9214,66.0228
563.6117,108.6760,33.2250,67.9411
564.6285,108.9010,31.1914,69.0607
565.4681,107.6944,29.5123,69.9236
566.9783,105.8083,28.0251,70.6291
568.2678,106.5841,26.9630,70.5947
568.6294,106.7937,26.2398,70.1753
569.7439,107.6543,25.4892,69.9326
569.9680,106.4939,25.0410,69.3305
570.9340,106.7995,24.5536,68.7195
570.3735,105.7752,24.2477,67.9138
571.3613,107.3186,23.6820,67.6472
571.5173,106.8567,23.3701,67.1749
571.5930,106.5671,23.2188,66.3705
572.4392,106.1144,22.8956,65.9067
573.2451,106.2988,22.6408,65.5378
573.5497,104.0028,23.3783,64.7421
576.8033,100.6644,26.3139,61.9763
580.4492,98.9504,29.9161,58.5954
580.4884,101.9971,33.9640,55.2530
579.1205,102.9342,38.0948,51.9837
578.0274,104.9519,41.6953,49.3628
577.1471,104.7261,44.8887,46.9489
576.6861,106.8429,47.2569,45.6076
576.3602,107.4254,49.3711,44.4426
575.4583,107.8542,51.1747,43.5850
575.5400,108.8282,52.5025,43.1281
575.8129,108.9449,53.4608,42.8948
576.1857,108.9812,54.2305,42.8222
576.7278,109.6358,54.6718,43.0387
576.5940,109.3064,54.9396,43.6976
577.1935,109.0817,55.2914,44.1470
577.7964,109.6708,55.6490,44.5322
577.6306,108.7023,55.9807,44.8939
578.1690,108.6190,56.4900,45.0606
578.1907,109.0524,56.4467,45.7905
578.8083,108.9702,56.8193,45.9548
578.7208,108.7802,56.9942,46.3350
578.6675,108.6310,57.1008,46.6333
578.0347,109.0288,56.7350,47.4692
575.5015,110.5319,53.6044,51.0205
570.3615,114.1229,49.0568,55.3710
572.0911,111.1047,45.5976,59.7638
566.2804,109.9999,47.2862,58.6624
565.3431,101.1000,50.8268,54.8033
563.5213,102.9255,54.4703,51.1523
562.0034,104.3460,57.5061,48.3112
561.7271,106.1116,59.7236,46.4448
560.8110,106.9309,61.5558,44.8062
560.2516,107.4350,62.6746,43.7980
559.8638,107.7686,63.4503,43.1309
559.5043,108.1219,64.1691,42.4243
560.0566,108.3703,64.7346,41.9275
560.7132,108.5405,65.0914,41.5871
560.4512,108.8220,65.6155,41.0241
561.0558,109.0175,66.0744,40.6330
560.9977,109.1176,66.1905,40.4328
560.9888,109.1937,66.2082,40.2806
560.9829,108.5018,66.2201,40.0000
560.9827,108.5558,66.2206,39.8919
560.9167,107.9067,66.3526,39.5320
560.9990,107.9523,66.1881,39.4408
561.0440,108.0730,66.0980,39.1993
561.1962,108.0498,65.7936,39.2458
561.3949,107.3412,65.3961,39.0220
566.2829,110.7084,62.1450,42.0751
572.5425,121.4671,57.7939,46.6957
574.9030,115.9626,53.0730,51.1320
582.7039,109.8870,50.5988,53.4375
584.4675,105.3805,50.3479,54.2595
585.3375,105.9545,50.2551,54.7584
586.1002,105.8040,50.3830,55.0594
586.0424,104.7565,50.4988,55.4944
586.0510,105.3475,50.4814,55.9810
586.0410,105.8827,50.5016,56.5868
586.0749,107.0276,50.4337,57.6684
587.0100,105.8325,50.2649,58.3572
587.6966,104.7833,50.6011,58.7462
587.5998,105.4328,50.7947,59.1679
588.4401,105.1573,50.8447,59.7190
589.2259,104.9075,51.0128,60.2185
589.1648,104.6149,51.1349,60.8037
589.7794,104.5669,51.6669,60.8998
590.4337,104.4973,52.1296,61.0391
591.0626,104.4358,52.6525,61.1620
591.7066,104.4217,53.1556,61.1901
593.7789,103.8842,54.4099,60.4656
594.7719,103.5823,56.0407,59.2609
595.5868,102.5032,58.0421,57.7879
596.7477,103.8341,59.3685,56.9502
597.2322,102.3593,60.2313,56.2365
597.7961,103.5018,60.9373,55.7852
598.2884,102.0830,61.7904,54.9476
598.9955,103.0905,62.2138,54.7702
599.5903,102.5804,62.8655,53.9490
599.5173,103.4808,63.0116,53.9864
600.3668,103.5130,63.1535,53.9220
601.1827,102.8579,63.3640,53.3899
601.1780,102.8611,63.3735,53.3836
602.1038,102.8419,63.3589,53.4220
602.2167,103.5472,63.1331,53.8487
602.2335,103.5870,63.0995,53.7691
602.1429,101.9637,63.2807,53.3378
602.4355,102.4726,62.6954,54.1549
601.1724,103.6961,59.7048,57.2246
596.5104,108.5616,54.2983,62.2241
598.0552,107.8080,49.3749,67.3992
596.4052,102.8136,49.0079,68.2206
594.0496,99.5798,51.8792,65.4887
592.3239,96.9961,55.3308,61.4300
592.0521,99.9362,57.7125,59.2261
591.7476,100.9866,58.3214,58.9668
591.6613,101.7919,58.4939,59.2031
592.1403,98.4260,59.3894,58.5211
592.0517,100.0701,59.5667,58.9465
592.0648,100.6965,59.5404,59.5601
591.7723,99.1638,60.1255,58.8743
591.8533,99.8500,59.9634,59.3759
591.8733,100.5225,59.9235,59.9102
591.5873,98.9899,60.4955,59.2012
591.5763,99.8104,60.5175,59.4452
591.0483,96.8298,61.5734,57.8497
590.8822,99.0106,61.9057,57.2491
590.7366,99.2804,62.1970,56.7093
590.6191,99.4732,62.4318,56.3239
590.4570,99.8776,62.7560,55.5150
590.3837,99.1829,62.9027,55.0426
590.1703,98.8126,63.3294,53.9269
590.0424,99.1936,63.5853,53.1649
590.0305,100.4025,63.6091,52.5840
589.9335,99.0060,63.8031,51.7214
590.1660,99.9857,63.3380,51.5787
591.4769,104.0208,60.7163,54.3527
595.8911,108.2182,55.5109,60.4491
600.4110,108.6032,50.1223,65.1564
607.8422,101.5963,47.9408,66.4894
608.2420,97.6441,48.9374,65.4131
608.0405,96.8413,51.1364,63.4265
608.0854,95.8332,52.8483,61.8396
607.5219,96.2432,53.9753,61.0195
607.2975,96.3648,54.4241,60.7765
606.2229,96.3461,54.7597,60.8137
605.9429,96.5402,55.3198,60.4256
605.7048,96.6651,55.7958,60.1759
605.6336,95.7105,55.9383,60.2591
605.6967,96.4678,55.8121,60.5740
606.2175,96.7933,54.7704,61.7555
601.1680,101.9654,50.1957,66.0850
601.7114,103.5106,45.4550,70.3024
594.1937,93.1486,49.6159,65.6524
593.0216,90.9761,53.7710,60.9432
591.4664,93.6873,56.8813,57.3265
591.2543,95.8128,59.1041,54.8740
590.6511,96.4991,60.3105,53.5013
591.0139,96.3279,61.3764,52.0523
590.6334,96.1079,62.1375,50.7074
590.3106,96.7355,62.7830,49.4523
590.0804,97.2413,63.2434,48.4406
589.9396,96.8376,63.5250,47.4931
589.7963,97.2380,63.8116,46.6924
589.6775,96.8102,64.0493,45.8130
590.4132,98.0194,64.3019,45.1186
590.3669,97.4558,64.3947,44.5294
590.2636,97.7305,64.6011,43.9800
590.2548,97.8287,64.6188,43.7835
590.2432,97.9351,64.6420,43.5707
590.9686,98.1272,64.8871,43.1866
592.1262,97.9434,64.2654,43.5542
595.7709,99.6750,60.3563,46.8514
603.2040,109.1056,55.5996,51.5796
611.4317,102.4798,50.9572,56.3933
617.2970,94.0171,51.0568,56.4185
618.0938,95.5456,52.8472,55.0534
617.8417,94.8380,55.0506,53.0705
617.9211,96.2677,56.5944,51.9138
617.4348,95.6559,57.5670,51.4289
617.9413,96.6753,58.2697,51.1060
618.5422,96.7270,58.7894,51.0024
619.1560,95.9791,59.2898,50.7704
619.8732,96.8699,59.5873,50.7208
620.6622,96.8299,59.7450,50.8007
621.2897,96.1586,60.2295,50.4039
622.0487,96.2345,60.4520,50.2520
622.0846,96.1818,60.3802,50.3575
622.9235,96.0526,60.4445,50.6159
623.8407,96.6793,60.3574,51.1098
623.8119,95.8638,60.4151,50.9868
624.7134,96.6397,60.3647,51.1878
625.7241,94.8036,60.0987,51.3496
626.5997,95.6032,58.3474,53.2577
622.0816,101.8256,53.3268,58.3841
621.9437,105.6146,48.3263,63.1176
616.9125,99.6092,47.8818,64.6214
616.6134,90.4785,52.0135,59.9145
614.5725,93.5816,56.0954,55.4699
613.7468,96.2165,59.5036,51.9569
614.4435,98.1786,61.6188,49.7870
614.3589,98.4499,63.5400,47.4925
613.9135,98.9772,64.4308,46.4379
613.5330,99.3528,65.1917,45.6867
614.0815,99.7039,65.8342,44.9845
614.8136,99.9218,66.1074,44.5487
614.5634,100.3231,66.6079,43.7461
615.2410,99.9137,66.9812,42.8364
615.1029,100.9530,67.2573,42.4767
615.9045,101.1213,67.3711,42.1400
616.7935,100.4263,67.3063,41.8170
616.8018,99.6903,67.2896,41.5822
617.6025,100.7139,67.3906,41.2375
617.6010,100.8100,67.3938,41.0453
617.6552,100.0733,67.2854,40.8237
617.6395,100.2240,67.3168,40.5224
618.5546,100.3529,67.1716,40.2646
618.6000,100.4059,67.0809,40.1586
618.6241,100.5083,67.0327,39.9537
619.4667,101.3862,67.0186,39.8693
619.4995,101.4396,66.9530,39.7625
619.6528,101.3298,66.6464,39.9821
620.4352,100.6329,66.7477,39.7098
620.5670,100.6039,66.4843,39.7677
623.2312,99.9656,64.4757,41.0444
627.3204,105.5381,59.6002,46.4139
630.4690,111.7224,54.9693,50.7083
640.4673,102.2254,51.6114,54.7273
644.3186,94.1004,52.2810,54.2328
644.4291,94.6450,53.7375,53.1437
644.6945,95.8064,54.8899,52.5041
644.2065,94.4050,55.8657,51.9245
644.7036,95.2738,56.5688,51.8842
645.2802,95.2793,57.1232,51.8733
645.8964,95.2716,57.6066,51.8887
646.5502,95.1947,58.0229,52.0424
646.4838,95.0028,58.1557,52.4262
647.2826,94.7885,58.2989,52.8547
648.1057,95.4130,58.4027,53.3557
648.1860,94.2771,58.2421,53.8679
648.9443,95.1029,58.4907,53.9815
649.8577,94.9881,58.4347,54.2111
649.8251,94.8542,58.4998,54.4790
650.6728,95.5891,58.5834,54.7881
652.3430,96.4029,58.8132,54.9456
652.9371,95.6678,59.4163,54.6246
652.6937,95.8477,59.9032,54.2647
653.4082,95.8965,60.2714,54.1671
654.1620,96.7419,60.5653,54.2780
655.4946,93.5649,59.7080,55.2083
651.5417,100.8869,54.9482,60.4672
653.4921,98.6390,51.0476,64.9630
650.4584,103.8133,46.1730,69.2037
645.5015,92.7982,50.6631,64.1155
644.3226,92.4972,54.8253,59.3043
643.6428,95.2267,57.9819,55.6422
643.4460,95.6745,60.1647,52.9574
642.8204,97.4580,61.4161,51.1710
643.2077,96.5412,62.4126,49.4622
643.7075,98.0213,63.1720,48.2609
644.3421,98.5168,63.6536,47.2697
644.0844,98.1382,64.1691,46.2850
644.0729,99.2296,64.1919,45.8358
644.0263,98.6909,64.2852,45.1867
645.0074,99.6822,64.0404,44.9214
644.9581,98.3247,64.1390,44.2178
645.7114,99.5089,64.3316,43.5485
646.4884,99.7439,64.4686,43.0786
646.4817,99.8731,64.4820,42.8201
647.3710,99.9605,64.3846,42.6454
648.4283,99.1376,63.9468,42.6143
650.5251,99.0793,61.4228,44.4007
658.7143,106.3513,56.6722,49.7900
659.4117,104.6577,51.9259,54.8529
668.7602,99.6974,50.0431,58.0479
673.7070,94.0146,52.0567,55.8051
672.6990,94.2209,54.0728,53.6941
672.7249,95.8152,55.7181,52.2026
671.2515,97.0872,56.9657,51.3579
670.8291,97.4939,57.8104,50.5447
671.3762,96.1778,58.4217,49.7660
672.1472,96.2417,58.5821,49.6382
672.7735,96.4426,59.0322,49.2364
672.6385,96.6255,59.3023,48.8704
673.2880,96.9002,59.7049,48.3211
673.8963,97.1966,60.1870,47.7283
674.6157,96.5768,60.4448,47.2714
675.4000,97.3617,60.5693,47.3946
676.2610,97.3360,60.5444,47.4460
676.2787,97.2815,60.5090,47.5551
676.2836,98.0014,60.4993,47.8140
676.3524,97.9451,60.3615,47.9267
677.2421,97.8895,60.2847,48.0377
678.1665,97.8165,60.1390,48.1838
678.5693,97.5407,59.3334,48.7354
676.0194,99.9027,55.9342,52.5105
670.7751,105.1797,51.0546,57.3247
669.8461,103.8321,47.7944,61.7259
666.4773,103.1120,49.3683,61.4449
666.3134,95.6498,53.1812,57.2019
665.6565,98.9534,56.2329,54.0707
665.4949,100.8451,58.2932,52.0243
664.7377,98.3692,59.8076,50.0297
665.1644,100.6617,60.6820,48.9009
665.8059,100.9310,61.1222,48.3623
665.6840,101.1658,61.3662,47.8926
666.4155,101.3899,61.6205,47.4444
666.3020,101.6201,61.8474,46.9840
665.4537,100.9262,61.8340,46.6620
665.3696,101.1752,62.0024,46.1640
665.3439,101.3533,62.0537,45.8077
665.4348,101.3613,61.8719,45.7918
665.7906,100.4665,61.1603,45.8906
666.7192,105.9680,57.6216,50.0215
675.0317,111.6284,52.8554,55.6418
677.3189,107.5365,48.2810,60.4088
684.1972,99.1042,48.1963,60.1835
686.3696,97.0938,50.6680,57.3876
685.8147,97.8547,53.4787,54.1649
685.5107,98.9896,55.7819,51.8952
684.0148,100.4115,57.0781,50.7468
683.4813,100.1283,58.1452,49.6158
683.2581,100.3518,58.5918,49.1689
683.1885,99.6927,58.7309,48.7918
683.2929,98.0191,58.5221,48.7560
683.5452,98.6063,58.0174,49.2693
683.6258,98.6013,57.8563,49.2792
683.7338,98.6363,57.6403,49.2092
684.3371,98.0447,56.4337,50.3924
680.6287,103.1499,52.0791,55.3167
678.7575,108.3698,47.3660,60.0966
675.9358,104.1168,46.2520,63.5345
672.3269,96.0380,50.0227,59.0095
670.4440,98.0346,53.7884,55.0163
668.8466,99.7322,56.9835,51.6211
667.7073,101.7300,59.2619,49.3352
666.8937,101.7435,60.8891,47.5999
666.4401,102.2011,61.7962,46.6846
666.0269,101.8623,62.6227,45.6579
665.8027,102.1923,63.0711,44.9981
665.5770,102.5874,63.5224,44.2078
665.5563,102.6706,63.5639,44.0414
665.5146,102.7367,63.6473,43.9093
665.4258,102.0952,63.8248,43.5055
665.3704,102.3168,63.9357,43.0623
665.2781,102.5497,64.1204,42.5965
665.3514,102.6086,63.9737,42.4788
665.4796,102.6040,63.7173,42.4879
665.9548,102.4370,62.7669,42.8219
668.1498,106.5872,58.3769,47.7647
673.8530,112.4524,53.6482,52.7286
682.4399,106.1442,49.8761,56.9690
683.6350,100.5294,50.8493,56.4267
684.1943,97.3381,53.1082,54.3654
683.2340,99.1269,55.0288,52.4801
682.5116,99.1127,56.4737,50.8158
681.2323,99.6451,57.3433,49.7509
680.9714,99.9624,57.8651,49.1162
680.7769,99.4969,58.2540,48.3638
680.7198,100.4205,58.3682,48.1940
681.4557,100.6555,58.5727,47.7240
681.4567,99.9210,58.5708,47.5212
681.4141,100.1397,58.6558,47.0838
681.4146,100.3498,58.6548,46.6636
681.4247,100.4246,58.6347,46.5139
682.2966,100.4966,58.5439,46.3700
683.0837,100.6795,58.6193,46.0042
683.1738,100.7331,58.4391,45.8969
683.8885,100.1642,58.6498,45.3946
684.0493,100.8434,58.3282,45.6713
684.7835,100.3123,58.4946,45.0989
684.8981,101.0998,58.2652,45.1518
685.5786,100.5252,58.5297,44.6757
686.2945,100.6363,58.7194,44.4535
686.9950,100.7625,58.9394,44.2012
688.5800,101.6138,59.0097,44.1186
689.3220,101.7037,59.1455,43.9388
690.9252,102.5017,59.1770,43.9618
691.4819,103.5848,59.6833,43.4154
693.9648,105.0186,61.1917,42.1662
694.4980,106.5245,63.3669,40.7753
695.1991,108.7836,65.2253,39.5178
696.8969,110.1073,66.7409,38.5074
698.7986,112.1293,67.8648,37.7484
700.0383,113.1560,68.6778,37.3413
701.3291,114.2022,69.3989,36.9000
702.8086,115.1202,69.7484,36.7183
703.4731,115.9643,70.0758,36.6866
706.7186,116.7287,70.2272,36.8183
708.2446,117.5502,70.5055,36.8405
711.5469,118.3247,70.5791,36.9609
713.1723,119.8652,70.6738,37.2255
715.6993,121.3781,70.6559,37.5571
719.1161,122.8906,70.5586,37.9003
721.7565,124.3072,70.3435,38.4441
723.4227,127.5794,70.4005,38.6784
724.5526,128.1687,69.8402,39.1993
726.9728,130.3518,68.3998,39.9335
728.5644,131.7023,66.9080,40.6150
730.6253,133.2101,66.1473,40.9606
733.4867,134.8397,65.4497,41.0514
735.3940,136.4128,64.9674,41.2375
738.9585,137.9897,64.4865,41.4077
740.0588,140.3660,63.9436,41.6283
741.8745,141.9669,63.6188,41.7329
743.5962,143.5787,63.4755,41.8097
744.5452,144.3831,63.2267,41.8500
745.4172,145.1981,63.1289,41.8663
747.9839,145.9896,62.9305,41.9282
749.9252,147.2805,62.3339,42.6325
751.4156,148.2767,60.9987,43.9314
752.9391,149.9727,59.5988,45.4804
753.4096,151.5997,58.6578,47.1795
753.7506,153.0836,57.9757,49.2044
753.2230,154.2078,57.3446,52.0155
752.2065,154.9538,55.9340,55.6886
748.4934,155.9156,54.5712,59.0385
748.0200,155.6515,53.7293,61.3554
741.9332,159.2650,53.2233,63.1853
736.7699,161.3532,52.5607,64.5034
735.4695,162.2456,53.3202,64.5597
729.0610,164.1753,55.0116,64.4089
722.1018,161.6547,59.5343,61.9334
708.6922,171.5894,61.4873,61.1919
697.0000,174.1282,65.5521,58.0462
689.8919,183.1211,68.0951,57.5702
685.7119,191.3896,68.5462,58.8284
686.4974,195.2012,68.9796,59.2229
687.2733,196.1243,69.4452,59.3943
689.5319,196.5508,68.9828,60.5686
689.7925,196.1149,68.4616,61.4404
693.2844,191.2984,69.6577,60.8487
693.0475,192.2541,70.1315,60.9913
696.3773,187.5249,71.7265,60.1314
698.1675,183.3006,72.2951,60.2820
701.1329,182.5919,70.5357,61.6994
723.9949,175.1499,76.8438,59.9331
732.3454,169.1302,77.3415,61.2234
732.4761,172.3779,74.9016,65.6201
733.6400,169.3506,70.3622,69.4630
727.0908,162.4314,68.0468,70.0895
722.0606,161.6789,67.2307,69.4192
717.4713,156.5612,65.6498,68.8953
714.5127,156.5132,63.0923,68.9912
712.3723,155.9319,61.1346,68.0742
711.3290,157.0598,59.1529,71.9206
710.9456,169.8867,57.8581,77.1923
711.0351,153.4823,57.6791,80.3025
705.5515,166.0161,57.8183,85.5537
705.0521,162.6411,58.8168,90.0565
704.3882,146.6519,60.1448,89.3936
704.6382,144.4217,61.9884,84.4795
704.0280,146.7718,63.2089,79.7792
708.2722,149.1646,63.7124,77.2416
714.6605,148.7254,62.0218,80.3371
718.3332,147.6441,59.1508,84.7371
721.5576,143.2363,54.9589,91.2956
724.3732,142.8210,51.6132,96.6971
724.3364,139.6119,49.3782,98.4982
725.4860,132.7881,47.0791,100.6639
723.8991,133.1793,45.6767,102.1695
725.5080,127.6630,44.7444,101.7750
724.4829,122.4162,44.5312,100.9523
722.9916,119.4242,45.2662,97.9459
719.8439,121.6306,44.9111,95.7500
718.6582,119.8347,45.1039,92.8058
717.8109,121.7796,44.6596,91.0551
715.8034,119.7404,44.4628,88.8162
713.9418,121.1389,44.0468,88.0887
710.8854,117.7514,44.0043,86.6567
2
0
0
0
0
1
736.1121,169.5120,18.1744,50.1227
732.3140,169.4988,18.4505,50.1492
728.3612,164.7357,20.0497,49.1646
720.4019,166.7766,22.1154,48.2796
718.3105,165.0758,24.1196,47.3240
715.9560,162.6357,25.4981,46.6536
712.6017,161.8223,26.5869,46.0324
710.5197,161.9557,27.3511,45.7655
706.7816,161.3236,27.9735,45.8875
704.8320,159.5516,28.4090,45.9678
702.3796,159.3904,28.6612,46.2901
700.0439,157.4568,28.6442,46.6408
698.8865,157.9084,28.6047,46.9149
695.8337,157.1667,28.8078,47.2176
693.3661,157.5941,28.9892,47.5514
691.7652,159.0405,28.6016,48.2478
689.8411,161.0372,27.6486,49.0558
686.8490,166.0256,26.4561,49.8440
686.3370,171.6402,25.1052,50.4886
682.7555,183.2300,24.0534,50.7801
679.2289,197.1581,22.9897,50.7530
675.1274,213.3842,22.0685,51.3763
670.4170,235.8306,21.2891,51.8179
664.7332,257.5348,22.5236,50.0683
663.2493,267.1115,24.3689,47.7511
661.1520,266.7873,26.3221,46.1581
658.2949,268.1364,27.5136,44.5907
656.2474,269.4963,28.2260,42.9983
