1
335.8625,167.6192,28.8556,38.8794
334.0818,165.7137,29.3883,38.7268
333.5391,164.8452,30.9116,37.5776
336.3709,167.1215,29.7842,38.8037
336.9144,166.1443,27.8635,42.3001
333.1082,163.9695,28.6440,42.8911
332.4864,163.8538,29.9367,42.2421
328.6246,165.5054,31.0371,41.4462
326.6724,167.6344,30.6612,41.7335
327.4063,166.7479,30.6628,41.7598
329.6460,169.7025,29.4437,43.5335
328.3509,170.3865,27.9493,47.2640
329.3207,169.5384,27.7978,49.4370
325.4405,166.6735,27.6117,51.4413
327.2852,166.0768,26.4741,54.8804
327.8211,159.6629,25.1088,61.0968
325.9778,154.1586,25.3139,64.4842
324.2762,158.1717,28.8412,60.4850
323.4031,163.8744,30.9272,59.1661
324.3382,163.7440,30.8037,59.7363
324.1412,164.9301,30.9076,60.0986
325.2715,166.5402,30.2175,63.1196
323.6162,161.8105,29.5410,65.0647
325.3333,164.1112,30.0054,65.9344
324.1981,163.6174,29.8118,66.7763
322.9007,160.8749,29.5835,66.9176
325.5650,157.8387,29.9865,65.1925
324.0765,156.9249,31.5468,65.3791
325.0939,156.9224,31.4026,64.4998
325.8680,157.4386,30.4126,64.6132
325.3701,157.5077,30.2109,64.2887
325.9226,158.4747,29.6932,65.7687
326.3949,156.1442,29.7092,66.4896
327.6118,155.4934,29.7139,66.6086
327.7755,154.0706,29.9893,66.0485
330.1748,150.7676,30.1109,64.7768
330.4664,153.3328,29.4790,64.2711
329.4620,152.1791,29.6450,63.0873
328.0258,154.6543,31.5106,62.7806
328.9793,155.6793,32.2622,63.0272
329.5110,152.4707,32.6243,62.3065
330.8328,153.9602,31.0217,64.6340
331.7635,151.9124,30.0842,65.8478
330.0244,153.1081,29.8560,67.4205
330.5698,152.5488,28.9766,68.1587
330.1719,153.6367,29.3322,67.1264
329.8233,154.9877,28.3659,68.3253
330.6882,151.9120,27.4305,67.8119
331.7385,153.0018,28.8006,65.7836
330.3067,152.1352,29.0264,66.3207
331.5374,148.0248,30.0330,63.4149
333.5902,149.7948,29.2324,63.0299
336.1946,151.5020,27.8402,64.7908
336.3005,154.0518,26.5194,67.7687
338.5108,150.8079,25.8493,68.8987
337.1687,148.5638,26.3027,66.8114
335.8278,148.2427,26.9858,64.0693
337.4196,151.4436,26.2839,65.2688
336.2488,148.6230,26.5935,64.7168
335.1857,150.4566,27.0758,65.1972
335.4922,147.8384,27.6905,64.3662
334.7168,149.5446,27.7847,62.7083
333.8046,151.7758,26.0525,64.3214
332.5667,150.0591,25.0172,66.4665
330.7976,151.7279,25.0375,68.3550
330.7289,149.2545,24.0485,70.1395
327.6268,146.9475,24.5509,68.0424
326.2955,146.6062,25.6462,65.9214
326.6445,145.0798,26.3995,64.1427
326.0509,147.4400,27.8356,63.5285
325.0765,147.7675,28.9045,64.0646
322.0178,147.9573,30.0802,62.5660
322.4817,148.8727,30.9098,61.6828
324.2767,152.0088,28.4476,65.9309
323.5925,152.0761,27.9559,67.8980
324.6057,147.9583,27.2205,69.4522
325.4337,146.9384,26.9833,69.9472
324.8136,144.8244,27.7176,67.9045
325.7642,143.6280,28.9473,66.1275
325.9815,143.7590,30.7588,65.1590
323.9185,147.7481,32.6582,65.4524
320.6318,147.8495,34.4556,63.8786
320.8247,148.3102,33.7704,64.4379
320.4109,146.6749,32.2292,65.2085
322.0425,147.9865,30.4509,66.4554
321.6783,152.0638,30.0227,68.2976
321.7177,147.1087,30.8531,67.9893
322.3724,147.2145,30.9534,67.8340
324.4193,146.6172,30.9114,67.3958
326.0586,147.0050,30.4781,66.8969
327.0968,147.2896,31.1731,66.8023
326.8035,147.5055,33.3525,65.9399
327.9040,148.0040,34.1822,65.4574
330.1682,147.3472,32.9646,66.3967
331.3543,146.4347,31.4989,67.2524
334.2384,149.8615,29.9038,70.2039
334.0636,145.0257,29.8455,70.7488
334.4270,144.7762,30.0400,69.5598
333.9572,143.3642,29.9233,68.1352
337.1163,144.3748,30.3217,66.4958
339.5177,145.1541,30.3861,66.8730
340.8873,150.5216,31.7907,66.6128
341.4746,150.2098,32.6708,66.4232
342.1317,146.9419,33.2031,67.4950
341.9015,145.2018,31.9986,70.0577
341.5145,144.2952,30.9939,71.6312
341.4022,144.9678,30.0925,74.2377
342.8143,144.8097,32.3575,73.5486
346.2534,144.4025,32.0822,74.6756
349.8028,144.6916,31.7020,75.2778
350.1646,141.9913,30.4618,76.1403
353.0630,142.5693,32.6619,75.5604
348.4066,150.7698,35.9896,72.4321
350.4827,144.1338,37.1676,72.9405
354.5422,146.5782,35.9592,74.5346
358.0454,146.9610,33.5877,77.2736
360.7625,147.6563,32.0483,80.2864
363.1003,147.3190,32.7590,81.7034
361.0724,142.3928,34.4309,79.3565
358.6236,141.6083,35.1343,77.3996
360.5116,145.2546,35.5691,76.1865
365.0146,150.4546,37.0189,73.7155
363.7263,155.6990,39.0756,70.9223
360.8191,151.1783,40.6821,69.7147
358.0932,149.1631,40.1306,70.4447
358.6450,146.1115,39.7000,71.3089
361.8619,149.7717,38.0274,73.7756
363.2150,151.5820,37.4051,75.4288
366.5027,150.8154,37.3719,76.4334
366.3555,144.7520,38.0553,76.7395
367.0223,143.7080,38.3079,77.1170
370.0179,143.5861,37.0333,78.7843
370.8823,148.3664,39.8712,75.4284
370.3871,156.2230,42.8972,71.3866
368.9218,155.8142,44.3107,68.4869
374.4204,149.1441,42.1631,71.4988
377.1119,152.6144,38.1839,75.0910
380.8694,157.0727,37.0002,75.8874
380.4277,164.6184,38.5434,75.0692
384.2122,162.0448,39.6259,72.9976
379.4026,158.7876,41.6767,71.1633
379.2658,157.4317,41.0861,70.3906
384.2878,157.8792,40.8853,70.5411
389.0423,160.1143,42.9158,68.8440
389.5576,163.0570,44.4297,67.7046
394.3026,167.4828,44.2240,66.9534
395.0973,168.2418,43.0610,66.9562
396.6091,169.3810,40.3204,67.6494
401.0639,168.5651,39.3221,70.8674
403.7440,161.3540,37.4750,73.5071
407.7204,160.6183,37.0527,74.3221
409.8409,156.9479,35.6529,75.5397
410.8306,151.4652,34.2883,76.3031
413.9273,154.1549,36.3502,72.9268
413.0636,158.8307,38.2145,70.7978
407.7754,162.0898,40.4688,67.1667
405.1855,159.0984,38.8901,68.0651
405.0916,158.0794,35.9257,71.7092
407.6140,158.9241,33.7363,73.8819
411.7887,162.0239,32.6214,77.3783
412.8338,160.9813,34.9309,75.6328
411.9155,159.4687,35.6693,74.0921
410.3627,159.0250,35.5350,73.3430
413.7252,159.8945,34.8233,72.4591
417.4019,160.0699,34.5286,71.7117
422.2928,162.4196,38.1358,70.3962
427.3471,162.5778,40.7184,69.8230
432.6568,164.8942,38.8233,72.0143
437.1476,165.6594,36.2074,75.1416
441.0378,162.2363,34.6162,75.6392
443.9310,165.1745,35.4961,77.2866
447.3878,158.4516,38.1942,73.5325
451.5820,159.3339,37.6814,72.3535
451.7084,158.5032,36.5019,71.5136
457.0435,158.9823,35.0016,72.2421
463.0710,155.1500,36.7853,71.1300
463.4683,154.6158,39.0938,69.9394
463.9538,154.2323,39.4967,69.9709
463.0466,154.1454,37.4125,71.1766
463.2491,155.1327,35.0602,72.9732
464.2261,151.8484,33.7370,73.5452
467.4451,156.2095,33.3923,76.3102
468.6746,154.2882,34.6895,76.6970
466.2400,153.0457,35.2203,74.1122
468.2893,156.7065,35.2238,72.1201
468.9771,157.2749,34.6139,70.8418
473.4654,158.4109,36.2156,67.9866
470.8716,162.1224,37.9080,67.2441
469.2725,160.5678,38.1530,67.3824
466.8577,161.4838,36.0992,68.4388
464.6963,161.6325,34.3402,67.8661
464.0686,168.0741,33.0010,71.7089
464.0424,167.4834,32.8914,73.9978
460.1444,162.0265,34.4487,71.4438
455.6307,162.2093,33.5002,69.7031
454.1403,163.0285,31.9129,68.8929
455.1000,163.5744,32.2330,66.6143
456.9155,161.1325,33.0985,64.6682
453.3802,163.6927,35.1410,63.5389
452.8567,161.5729,35.1431,63.9542
452.9012,161.0686,34.0913,65.0132
455.0490,161.1191,31.7120,67.1178
452.1593,160.3668,32.0160,67.9245
453.8252,163.2477,34.1745,68.2207
453.8636,157.5346,36.2071,67.2830
454.9029,157.6333,36.4253,67.9081
455.1743,155.6367,33.8863,68.7673
453.6713,156.1037,31.9122,69.8964
450.7842,152.5332,32.3524,68.3116
448.9824,155.3158,34.8082,66.2623
447.3201,153.3528,35.1845,66.1060
447.0306,153.9878,35.1583,65.9225
447.3726,154.9256,33.3198,66.1679
448.2897,158.4381,31.0282,69.3089
448.5103,151.6911,32.7818,66.8307
446.5207,152.8927,34.8649,63.8459
450.3116,154.9246,34.9150,63.3226
450.9278,154.5393,34.7137,64.2952
448.4049,157.7266,32.9318,65.7886
445.7860,151.8203,32.6632,64.9824
444.5497,155.5799,34.9938,64.0433
445.0362,156.2180,37.8920,61.1300
447.2020,151.4509,38.4185,61.1737
448.7657,149.9064,35.4919,62.5777
449.4751,150.5375,33.1817,64.5821
452.2235,148.3387,32.3335,65.2553
453.4883,149.1237,32.5303,66.2044
454.8298,145.3563,34.1138,65.2518
455.3817,145.7327,35.7471,64.9974
453.2094,144.7780,35.8036,64.8859
450.8658,144.6609,34.3438,65.3593
451.5361,146.0755,32.8155,65.6668
452.9059,143.0875,32.7230,66.7773
458.3902,144.2388,35.8962,66.2443
462.4632,142.9472,36.8550,64.9719
462.9589,143.5106,38.2228,62.2960
468.0968,139.1499,37.1250,62.9396
478.3528,141.1878,34.3298,67.3642
488.6859,136.2006,37.8729,65.3914
495.9727,133.9005,40.6155,63.7500
502.9009,132.5468,40.7377,63.0681
507.9088,130.1572,39.1005,63.7750
512.7939,129.0989,37.3403,64.5303
517.8483,130.9419,34.4559,68.4985
521.1644,125.1319,33.2708,68.4470
524.3706,124.8541,33.9057,68.3217
528.2443,121.8355,35.3279,66.1963
529.6627,121.6401,34.6953,64.9094
532.5931,123.8357,32.8827,66.1721
535.3436,121.1671,33.3756,66.1353
535.3661,119.6731,33.3276,67.2061
535.6124,119.4946,32.9620,67.8607
533.6039,117.1666,32.6944,69.3070
529.0625,114.7214,32.5888,68.1689
526.8953,116.5980,31.2022,68.0966
524.8770,119.2848,29.4326,69.5368
523.5734,116.7213,27.8916,70.3878
523.0854,116.3041,26.9867,70.1090
522.5708,116.1598,27.4499,69.2767
514.8907,115.4942,29.8873,66.1180
513.5256,117.2664,30.6311,64.2613
514.4907,117.8461,30.1037,65.5795
512.0212,116.6755,31.2789,65.7812
511.9680,116.0886,32.4579,66.3029
510.7654,117.7674,33.6067,65.9078
503.2530,114.2924,31.8484,68.1304
500.9872,112.0844,29.9754,69.2170
500.5550,112.5049,27.8853,71.0865
499.3785,108.1065,26.4627,72.7403
498.7317,103.0101,26.9803,71.7305
495.9539,102.9860,27.8057,70.7105
493.3491,102.2413,28.1593,70.2222
491.7426,99.7935,27.4543,70.0891
491.2313,96.5739,27.6814,68.3102
490.0807,95.9981,28.4818,67.4356
490.8995,92.7310,29.1382,67.6061
489.8287,91.7343,30.5824,67.7830
487.0200,89.6548,30.1905,68.8004
485.2867,92.1016,28.3527,72.2829
485.7156,91.7995,28.0867,73.7638
485.3496,90.7996,27.9400,74.7240
486.9796,89.0912,28.3435,73.6972
487.9674,86.4898,29.8422,71.0426
489.8555,85.6079,30.3289,70.2057
487.9921,88.4627,29.5312,71.5575
490.2077,87.5830,29.3699,73.1999
491.1148,82.3377,30.3341,72.5198
492.6442,82.7158,29.9255,74.0771
496.7495,81.8374,31.6419,72.6037
495.8579,79.7494,33.1522,71.6595
495.2508,79.3796,33.0694,72.1242
494.7748,84.3389,32.0263,75.0065
490.4830,86.0899,31.2956,76.5525
488.7893,82.6631,30.3219,79.2455
488.0901,81.1910,30.3815,79.5826
489.7535,81.5531,32.9622,77.0848
486.6583,80.9766,33.5653,76.5489
483.8533,83.2144,33.2832,75.5021
481.7052,83.3397,32.9202,74.3823
476.5435,83.0500,34.5603,71.3016
471.4045,84.7212,35.4327,70.7262
467.7600,85.1872,36.0537,70.6621
464.7206,81.7121,36.1145,70.5025
463.2290,84.9495,35.5058,71.4480
461.5130,87.7519,32.5242,74.7574
457.9197,88.2250,29.8262,79.4458
450.4906,89.8235,28.6479,82.7994
442.4507,92.2061,30.7814,80.9841
440.8025,92.1059,32.7060,79.4027
438.6733,93.4684,34.5458,77.4724
437.5957,95.1948,36.0756,75.5390
435.2000,92.0709,38.0876,72.6937
435.3918,91.8291,38.5453,71.9765
431.8000,91.9856,39.7324,70.2392
430.6326,93.1844,39.9296,68.4947
429.4763,94.2761,39.1701,66.9426
428.4380,95.8511,37.7947,67.0095
428.0741,96.5765,36.5754,67.0701
427.2116,98.3223,35.2536,67.8113
425.3676,99.0448,33.7778,70.1013
424.8843,96.7273,33.6853,70.4101
424.7957,98.4447,33.1978,71.5590
426.2647,100.3034,31.2101,74.6369
426.0058,102.1915,30.1146,76.4635
426.4943,95.3399,29.6467,76.2980
425.5511,93.0482,28.4180,76.4953
425.0623,88.7310,28.9521,73.5431
424.2003,88.1912,29.9005,69.8234
421.8116,93.9561,31.7355,66.0093
418.6207,96.1141,32.3285,63.7674
414.9699,96.0549,30.9362,66.2783
412.3605,91.6568,29.2538,68.6723
412.7631,92.0221,28.0789,70.3161
412.0180,93.8210,28.5086,69.6776
410.4886,95.6720,28.9933,69.5300
408.7895,94.5341,29.3329,70.2867
407.5774,99.1130,29.2399,73.7744
404.0361,91.6514,30.6107,73.4640
401.0055,84.8318,31.7913,71.1262
399.4688,87.7057,32.4478,68.6407
398.2375,90.3919,32.3782,67.6819
396.5785,91.4247,33.0310,65.3706
394.9440,93.7140,33.2328,63.7936
389.7937,94.4145,33.4175,63.7555
379.6237,94.6617,32.7188,63.1774
374.9223,92.4716,33.1170,61.4137
372.5620,94.0184,32.0537,61.6138
373.0717,94.0108,31.7274,61.4283
372.9647,93.3186,31.3234,61.2900
