1
292.4015,145.6952,46.7999,150.7426
292.2630,147.0249,50.0784,151.0846
292.4915,146.7435,52.6878,151.6473
293.0514,148.0941,54.6900,152.0681
293.9083,147.8822,56.1408,152.4920
293.4419,147.3147,57.0736,153.6271
294.8964,147.4941,57.3944,153.2681
294.9213,149.1127,57.3446,153.2616
294.9237,149.4524,57.3397,152.5820
293.6230,149.3577,56.7216,152.7716
293.7331,149.2543,56.5014,152.9784
290.5198,149.3984,56.5075,152.6902
289.0442,147.8175,56.2525,152.6456
286.1786,148.1080,55.5816,152.0647
284.7054,150.5231,55.3475,150.4149
281.7312,150.6615,54.9906,150.1382
280.1434,150.4752,55.0238,150.5108
276.8959,150.7282,55.2223,150.0048
275.0171,151.2324,55.8354,148.9964
273.2635,151.5002,56.2014,148.4609
271.4167,153.2667,56.7549,148.0679
269.4766,153.6490,57.4907,147.3033
269.4269,153.7545,57.5901,147.0923
269.4136,155.5730,57.6167,146.6006
269.4249,155.1444,57.5942,147.4580
269.4652,154.4687,57.5135,148.8093
267.7706,155.6603,57.7340,149.5947
267.7260,155.4801,57.8232,149.9551
267.6926,157.0464,57.8901,150.0133
264.7386,158.8879,57.4128,149.5229
264.9244,158.5600,57.0411,150.1788
264.7677,160.4043,57.3545,149.6699
263.1588,162.3654,57.3941,148.9259
261.7419,163.6922,57.0597,149.4406
260.1083,163.7801,57.1572,149.2648
256.9305,164.3937,57.1754,148.0375
255.1931,164.6345,57.4986,147.5560
255.0655,162.9006,57.7538,147.8733
253.3307,161.7084,58.0639,150.2577
251.8639,161.1868,57.7982,151.3009
248.5327,161.3386,58.0415,150.9973
248.4259,160.8504,58.2551,151.9736
246.7550,162.5788,58.3694,151.7444
245.1522,162.4487,58.3489,152.0046
243.6853,161.7960,58.0532,153.3099
243.6824,162.4734,58.0589,151.9550
245.6028,161.3968,57.4419,150.8847
247.1300,160.1856,57.5846,150.1099
248.9418,159.2729,57.1495,151.9353
248.8516,159.0104,57.3299,152.4603
248.9508,157.7465,57.1315,151.7704
247.5456,158.0390,56.7377,151.1853
245.7581,158.6137,57.1238,150.0361
240.0916,160.8430,58.9191,148.7566
237.8902,160.7116,60.1288,149.0195
217.2264,153.1917,62.8351,151.1855
227.4342,148.9179,65.5043,153.1374
228.0237,145.7238,67.6986,156.1523
228.8353,144.4855,69.5311,158.6288
230.4456,143.9908,69.8345,159.6183
232.3452,142.3315,69.5789,159.3934
233.8872,143.2408,70.0307,157.5746
234.7076,141.6086,71.9073,157.3218
235.4879,141.9944,73.8933,156.5500
237.3858,142.1006,77.2379,156.3376
237.6195,141.9337,80.3957,156.6716
234.0537,142.1771,83.8426,156.1848
232.6954,140.2815,86.5592,156.2391
233.2159,139.9225,89.3022,156.9571
234.8679,139.9717,93.6810,156.8586
227.3809,140.5899,96.9129,155.6223
229.1132,141.0914,93.4484,154.6193
231.5233,139.2719,88.6282,154.3814
233.5051,139.7268,84.6644,153.4717
235.0758,138.1001,81.5231,153.0144
236.2529,138.4434,79.1690,152.3277
236.9370,136.9907,77.8007,151.6332
235.5392,137.4851,77.0303,150.6444
235.4373,137.2146,77.2341,151.1855
234.8412,137.2268,78.4263,151.1611
232.5976,137.1386,79.3436,151.3374
230.6533,138.5714,79.6439,152.0602
230.4666,138.2059,80.0172,152.7911
230.4744,137.3947,80.0018,154.4136
228.5820,136.8737,80.1416,155.4556
228.2311,136.6594,80.8435,155.8842
225.9947,136.9514,81.6355,155.3001
226.1611,136.8662,81.3026,155.4705
226.1760,137.3253,81.2728,154.5523
226.0096,135.4900,81.6056,154.5543
227.7988,135.7750,81.7016,153.9842
227.9261,135.9242,81.4470,153.6858
229.8328,134.4674,81.2925,152.9404
232.3951,134.5569,79.8132,152.7615
234.9823,134.5487,78.2561,152.7779
237.9809,134.2307,75.8497,153.4139
240.8778,133.8734,73.6144,154.1285
241.4770,133.1944,72.4160,155.4865
243.9692,132.4639,70.9603,156.9475
248.4713,131.5812,69.0055,158.7130
251.5597,132.4670,66.3445,160.4571
254.6793,133.8028,63.5994,161.2796
261.0476,134.6778,61.2333,162.9864
263.9891,133.3189,58.7892,165.7043
258.2836,136.3038,59.8994,170.0354
254.6437,176.8541,63.6635,166.2788
253.9117,187.1187,68.6573,159.8690
253.7106,147.3294,69.0597,165.3921
260.5292,144.4340,69.8760,171.1831
263.8185,147.2813,70.7202,176.6227
271.6512,155.1077,74.0791,176.1893
274.8162,151.2487,75.4658,180.0490
245.5029,197.7124,86.8283,169.8340
248.2471,202.3316,97.2947,160.5957
253.7565,206.2508,106.4287,152.7573
258.4681,206.5889,113.2668,148.0158
263.5529,208.8505,119.5195,143.4926
268.4620,215.7525,126.2519,137.9639
271.4928,213.5287,132.6699,134.0917
275.1017,217.5923,138.0549,130.1654
276.3324,222.0815,144.0405,125.4105
284.3427,221.3265,149.2238,122.6798
282.9052,219.4284,152.0987,122.1991
285.2395,222.4516,156.0567,120.4658
292.2218,222.4800,159.4747,120.4091
293.5053,219.9558,161.3045,121.0607
301.6484,219.6898,162.7599,121.5927
306.6777,217.8375,161.6337,125.2971
308.3410,217.1119,162.8167,126.7485
308.3464,216.3122,162.8059,128.3479
319.1577,216.3464,164.0687,128.2794
324.6383,212.6181,162.2981,131.1407
2
0
0
0
0
1
275.6064,149.6963,43.5522,157.3632
274.6691,150.6065,45.4268,158.5772
273.9429,149.7044,46.8792,160.3815
273.4507,147.0241,47.8636,162.6029
273.1407,145.6347,48.4836,165.3816
272.8448,144.3565,49.0754,167.9381
272.4949,141.6513,49.7751,170.0616
271.9020,139.3277,50.9610,171.3789
271.3497,136.7537,52.0655,173.1562
270.7555,136.3786,53.2541,173.9064
271.8127,137.5226,54.5884,175.0673
271.0465,137.4047,56.1209,175.3031
272.0701,138.9445,57.5953,175.7451
273.5459,138.4588,58.1986,176.7166
273.4226,135.9972,58.4452,178.0599
275.1298,136.1060,58.6342,177.8423
276.6241,138.2763,59.2494,177.1055
276.5876,138.4202,59.3225,176.8176
274.8258,136.6963,59.2442,176.6637
272.8410,138.6210,59.6156,176.4126
272.5044,139.1116,60.2889,175.4314
268.9144,139.1583,60.2693,175.3379
268.8699,138.4890,60.3583,176.6765
268.5429,138.1515,61.0124,177.3515
266.3791,141.6577,61.6997,177.6197
264.5091,141.4514,61.7832,178.0322
265.7534,143.7107,62.9585,177.1777
264.8682,147.7450,64.7289,176.4554
263.9588,148.1243,66.5477,175.6967
262.9184,150.0769,68.6286,175.5084
263.8503,150.2932,70.5161,175.0758
265.1321,150.5058,71.7315,174.6507
266.4976,148.8668,72.7949,174.1342
268.0428,148.5934,73.5105,174.6810
269.6065,150.6924,74.2096,174.3095
269.8385,148.8612,73.7455,174.1384
269.7985,149.1417,73.8256,173.5773
270.1356,149.1965,73.1513,173.4677
270.5300,148.9425,72.3625,173.9758
270.3333,149.1127,72.7561,173.6353
270.2777,148.8195,72.8672,174.2218
270.3473,148.4420,72.7279,174.9768
270.3023,149.8880,72.8179,175.9017
272.1603,149.6883,72.9338,176.3009
273.5787,151.1263,73.9366,177.2646
276.1035,150.1822,72.7583,179.1528
275.9035,149.9351,73.1583,179.6471
277.5120,150.1046,73.8333,179.3080
276.8371,152.3338,75.1831,178.7487
278.9157,151.8247,74.9406,179.7668
281.1237,151.9076,74.4501,179.6011
283.8118,149.7548,72.9880,179.9924
286.2842,149.8164,71.9370,179.8692
284.5247,151.8819,71.5827,179.6115
284.5937,154.4549,71.4448,178.3288
284.2364,157.8919,72.1594,175.2971
284.1901,158.9174,72.2520,173.2462
284.1290,160.1043,72.3742,170.8724
282.4315,160.8690,72.0179,169.3430
282.4992,159.7494,71.8824,167.8592
280.8402,162.4000,71.5013,166.2571
281.3810,162.0175,70.4197,167.0221
279.7422,161.6032,70.0364,167.8507
279.6990,161.4407,70.1227,168.1758
280.7991,161.5202,71.5949,168.0166
281.9785,159.4704,72.9323,168.4201
288.5230,159.1693,74.7463,169.0223
290.3969,158.4381,74.7649,170.4847
292.3665,155.2716,74.6137,173.0298
295.9773,152.1030,75.0363,175.5449
297.5351,151.6717,75.7868,176.4073
304.3564,148.0009,77.7110,175.9657
305.9429,148.0381,78.4574,175.8911
307.6701,150.8123,78.9342,174.2741
305.1003,153.6380,80.1576,172.5389
302.8594,153.8233,80.7270,172.1684
300.4165,154.3761,81.6958,171.0627
293.2341,157.1418,84.3073,169.4491
289.8448,158.0588,87.1463,167.6151
283.6689,159.2037,91.5748,165.3252
277.9351,159.9456,95.0350,163.8416
286.3926,163.0856,98.3232,161.6021
286.0087,163.5517,99.0909,160.6699
288.5850,163.9952,98.0003,159.7828
291.1687,164.7164,96.8631,158.3405
290.6265,162.8450,93.9578,158.0937
292.1345,162.7762,90.9419,158.2312
293.5648,162.8399,88.0812,158.1038
295.1577,162.3503,84.8955,159.0831
296.7440,163.7124,81.7229,160.1563
298.3810,162.9253,78.4488,161.7305
301.3981,162.2033,76.1397,163.1744
304.2007,161.4418,74.2404,164.6975
306.6217,159.1105,73.0931,165.6653
308.9758,161.0251,72.0736,165.5248
311.2749,161.0674,71.1441,165.4402
315.5034,160.4133,69.9892,166.7483
317.5772,160.6757,69.4909,166.2236
319.4473,163.0893,69.3838,165.0295
320.9934,163.8239,69.9056,163.5602
322.8711,165.5261,69.7520,163.7578
324.6180,165.7989,69.8603,163.2122
326.2501,167.5930,70.1921,163.2200
327.8640,169.7121,70.5664,162.5840
329.7643,171.6833,70.3653,162.2409
331.5898,171.3603,70.3052,162.8870
331.5378,171.1461,70.4093,163.3153
333.4677,172.3291,70.1567,164.5566
333.6819,171.5654,69.7284,166.0840
335.7830,169.0914,69.1613,167.3968
337.8203,168.8695,68.7309,167.8406
337.8952,166.0800,68.5812,169.7766
339.8884,165.3553,68.2628,171.2262
339.5891,164.7730,68.8615,172.3907
341.4333,163.8914,68.8837,174.1538
346.8287,163.6229,69.3026,174.6908
348.4803,162.6765,69.7510,176.5837
352.2146,162.0794,69.8565,177.7779
354.1008,161.6074,69.8900,178.7219
355.9417,159.3622,70.0285,179.3920
361.5877,159.0960,70.2334,179.9244
365.5661,159.2384,69.9640,179.6396
367.4145,158.8294,70.1020,180.4577
371.2621,158.4007,70.1047,181.3152
373.0436,157.8446,70.4030,182.4272
374.8425,157.5819,70.6879,182.9526
376.6499,157.5730,70.9682,182.9705
378.4684,155.8229,71.2319,182.5701
380.4917,155.3847,71.0849,183.4465
382.2997,154.8956,71.3784,184.4246
384.3742,156.5438,71.1581,185.0571
384.0753,156.4938,71.7560,185.1571
383.8166,158.4301,72.2733,185.2305
384.9506,158.9397,73.9617,184.2115
385.6403,160.0328,76.5543,182.0251
385.6458,165.9288,80.5298,178.2062
385.5639,167.9170,84.6949,174.2298
385.7485,169.5118,88.3419,171.0403
388.4030,172.5791,91.0981,168.9383
389.2755,173.2173,93.4019,167.6618
390.3949,173.4878,95.2326,167.1209
391.7274,173.5251,96.6600,167.0461
395.7682,172.8465,96.8100,168.4035
398.8761,168.9774,94.7325,172.0031
402.5052,163.2485,91.6305,175.1486
408.6750,156.9010,87.5900,179.5445
412.0694,155.1579,84.9453,183.0308
412.9292,151.1341,83.2256,186.9295
416.0992,149.3904,81.0609,190.4169
418.8216,148.2487,79.8038,192.7005
419.1725,147.0658,79.1018,195.0663
419.4746,146.0539,78.4978,197.0900
419.5410,145.1006,78.3650,198.9966
419.7715,146.8551,77.9040,199.7509
419.5777,146.0228,78.2915,201.4156
417.1172,145.6029,78.9157,202.2554
414.2612,145.5680,80.3076,202.3251
411.9032,147.7832,80.6777,202.2408
409.3952,148.3702,81.3424,201.0668
407.1404,148.6758,81.5057,200.4555
402.5600,149.5873,81.9856,198.6326
400.4727,149.9698,81.8373,197.8674
396.7054,149.3988,80.7541,199.0096
393.2111,146.9631,79.1302,199.5748
391.9620,146.7188,77.3430,200.0634
388.2839,146.1467,76.1784,201.2076
388.9633,146.2368,74.8197,201.0273
387.6024,145.8966,73.3126,201.7077
386.0084,145.5753,72.2892,202.3503
386.1799,145.5327,71.9463,202.4356
386.5614,143.7235,71.1832,201.8569
384.5195,143.7671,71.0921,201.7698
384.7975,143.7648,70.5360,201.7743
385.0215,143.6190,70.0881,202.0658
385.1018,143.4033,69.9274,202.4974
385.2819,141.1876,69.5673,202.7675
385.3822,140.5682,69.3667,204.0062
385.5436,140.3217,69.0438,204.4993
385.4883,140.1583,69.1545,204.8260
387.6200,140.1095,69.0714,204.9237
387.5913,139.8874,69.1288,205.3679
387.4643,139.3491,69.3828,206.4444
387.2914,139.1345,69.7285,206.8737
386.9181,139.7171,70.4751,205.7085
386.7764,139.6498,70.7586,205.8430
386.6067,142.2295,71.0980,204.9078
388.7787,142.9437,70.9708,203.4794
389.4528,141.0691,69.6227,203.0344
389.8397,141.1747,68.8489,202.8231
390.0042,140.9966,68.5199,203.1793
389.8687,139.2143,68.7909,202.5987
389.7583,139.3389,69.0118,202.3494
389.8822,137.5380,68.7640,201.8089
389.8126,137.0357,68.9031,202.8133
389.5864,136.7705,69.3556,203.3438
388.8495,134.9765,70.8293,202.7689
390.5380,135.8724,71.6338,200.9772
392.0145,136.3718,72.8514,199.9784
391.0098,138.7990,74.8607,199.3023
389.7062,137.4947,77.4680,197.7060
393.2455,137.4082,78.8470,197.8789
392.5141,135.3141,80.3096,197.8113
392.0176,135.4755,81.3026,197.4885
394.6397,135.4333,80.3525,197.5728
397.3898,135.4471,79.1306,197.5453
398.1147,134.9414,77.6809,198.5567
399.2439,132.2076,75.4225,199.7794
400.4614,131.5737,72.9874,201.0472
401.3336,131.4952,71.2431,201.2043
402.0344,131.5940,69.8415,201.0066
402.3293,133.6728,69.2517,200.9874
398.4009,131.6265,68.8536,200.9527
394.4384,131.4576,68.5395,201.2904
394.2113,131.3472,68.9935,201.5113
388.0698,129.1220,68.8862,201.8316
383.8487,126.7603,69.0629,202.4221
383.6574,126.5525,69.4454,202.8378
379.5660,126.5620,69.3136,202.8187
375.5577,126.3701,69.0210,203.2026
373.5782,126.3811,68.8253,203.1806
371.5670,126.3723,68.6967,203.1982
367.5476,124.2573,68.4381,203.2793
365.6272,121.9815,68.1338,203.6857
365.7150,121.8888,67.9582,203.8712
363.7374,121.8833,67.7684,203.8822
361.8018,119.8541,67.4981,203.7991
361.8226,120.1327,67.4566,203.2419
361.7641,118.4627,67.5736,202.4552
361.8869,118.7828,67.3280,201.8149
359.6254,117.1780,67.7469,200.9205
359.7596,115.3111,67.4783,200.5554
358.0862,115.5104,66.7365,200.1568
358.0820,113.6097,66.7447,199.8884
358.3516,114.1100,66.2056,198.8879
358.7371,114.3642,65.4347,198.3795
356.9390,114.5793,65.0104,197.9494
354.9852,115.1056,64.9112,196.8967
355.2062,115.4830,64.4692,196.1419
355.1627,114.0716,64.5563,194.9938
355.1848,114.5180,64.5121,194.1010
353.4518,116.9846,64.0352,193.1105
353.4631,117.5914,64.0127,191.8969
351.5628,118.0133,63.9110,191.0531
349.6698,118.3561,63.8086,190.3675
349.6893,118.6368,63.7696,189.8061
347.8835,118.7325,63.5134,189.6147
347.5344,123.2143,64.2114,188.3722
347.5051,123.0926,64.2701,188.6157
343.5042,122.9692,64.5515,188.8626
340.9826,125.8649,65.7257,186.9400
338.9581,128.2584,65.9120,186.0157
336.8150,130.8684,66.3452,184.6488
336.8950,133.8082,66.1852,182.6105
335.4829,134.3240,65.1999,181.5790
334.0226,134.6044,64.3438,181.0182
330.6944,134.9362,63.4941,180.3546
329.1285,132.2343,62.8975,182.0301
324.0484,126.3617,61.8338,182.5514
324.3822,129.7699,61.1661,183.1936
323.3213,124.1501,59.5617,186.9807
316.3772,120.1187,58.4472,191.2927
316.4284,122.7062,58.3447,193.7003
312.6001,122.0918,58.3544,194.9290
312.6587,123.6291,58.2372,195.6956
307.1747,125.2716,57.6562,196.2601
305.4312,123.2392,57.2962,196.4780
303.6049,125.0732,57.1057,196.6533
297.7227,123.5040,57.3435,195.9495
297.6091,124.0600,57.5707,194.8375
293.5446,122.2976,58.0494,194.5371
289.2444,123.3132,58.9901,192.5059
287.0305,124.3940,59.5995,190.3443
286.6999,125.2822,60.2607,188.5681
286.4345,125.7935,60.7914,187.5454
285.7376,128.1729,62.1853,186.5680
282.8082,129.0863,64.2512,184.7412
280.4365,129.8896,65.1900,183.1345
276.2725,130.2993,65.9205,182.3152
273.7258,132.7763,67.2135,181.1614
273.2316,131.8530,68.2020,179.2009
272.7096,132.5190,69.2460,177.8688
272.1803,133.5187,70.3046,175.8695
274.1021,133.8821,70.2475,175.1427
273.8224,132.3552,70.8070,174.4213
273.5299,132.6856,71.3920,173.7605
273.4707,132.9566,71.5103,173.2185
273.3247,135.0797,71.8023,172.7421
269.4901,135.1343,71.9352,172.6329
269.3194,139.0332,72.2765,172.3731
267.2651,140.4293,72.6139,173.3523
267.2693,143.3413,72.6056,175.1110
264.8944,142.9978,73.5386,175.7979
262.6100,142.9346,74.2644,175.9244
262.1974,142.9586,75.0897,175.8764
261.9652,142.9873,75.5540,175.8190
260.0655,142.5599,75.4743,176.6737
259.7724,144.3768,76.0605,176.9301
256.0574,144.0008,75.6822,177.6821
253.8519,144.5036,76.1849,176.6764
253.6042,145.6193,76.6802,174.4451
253.9610,148.1292,75.9666,173.3043
254.0895,148.7376,75.7097,172.0875
254.8759,148.7292,74.1369,172.1042
257.2901,150.6692,73.1088,172.0246
257.7242,150.5683,72.2405,172.2264
260.0246,152.0804,71.4082,172.9708
261.9986,153.8407,71.2249,173.2148
262.1552,153.4073,70.9115,174.0814
264.1023,156.6943,70.7891,175.0508
264.4599,154.3093,70.0738,176.0373
269.0212,151.4621,68.5210,177.9468
271.3183,148.1251,67.7114,180.8363
271.2987,145.9536,67.7505,181.3678
271.1952,146.4729,67.9576,180.3293
273.3129,145.2465,67.5307,178.9734
272.9952,145.7161,68.1661,178.0343
272.2023,146.4976,69.7520,176.4712
271.0106,141.3321,72.1355,175.4461
270.4138,140.4401,73.3291,177.2301
268.0586,138.7722,74.1794,180.5660
264.9141,142.7424,76.5451,180.4722
262.0908,144.8438,78.2277,180.2333
259.3242,144.8044,79.7706,180.3121
257.1309,144.2897,80.1387,181.3414
254.9534,143.4088,80.4538,183.1032
252.2991,143.0645,81.6913,183.7918
252.3274,137.5492,81.6346,186.6169
249.4398,139.5733,83.2672,186.7113
247.1872,139.0798,83.5994,187.6985
246.8095,139.1133,84.3549,187.6313
246.5752,138.9901,84.8234,187.8778
246.5068,138.6039,84.9603,188.6503
246.2729,140.7624,85.4280,188.5639
246.0239,140.7832,85.9261,188.5223
246.4874,141.6848,84.9991,190.9651
244.4316,141.4405,84.8456,191.4536
244.1376,143.3974,85.4335,191.8094
243.8228,147.3332,86.0632,192.5075
243.7979,146.9688,86.1131,193.2363
243.8224,146.5423,86.0640,194.0893
243.9072,146.3976,85.8943,194.3788
243.9696,146.4057,85.7696,194.3625
244.1204,145.8741,85.4679,195.4258
244.0548,145.8456,85.5992,195.4828
244.0434,145.4392,85.6221,196.2956
244.2265,145.1443,85.2559,196.8853
242.1137,142.7762,85.1260,197.2662
242.2882,139.6862,84.7771,199.0875
240.5184,136.4557,83.9379,201.1699
240.9546,136.0047,83.0655,202.0719
238.9244,131.1380,82.7345,203.0223
239.1279,130.5050,82.3274,204.2882
236.8425,128.4542,82.4879,203.9795
234.3810,127.3159,83.0022,201.8474
231.9022,128.8552,83.5727,198.7688
229.2376,128.0536,84.5490,196.0192
227.3844,124.1528,83.9252,195.1602
228.1241,119.4848,82.4456,195.8823
228.4017,120.2410,81.8905,194.3699
228.8715,120.5465,80.9509,193.7589
229.5601,121.0699,79.5737,192.7122
231.7037,121.3334,79.4809,192.1852
231.4616,123.9766,79.9652,191.0840
231.4967,124.6609,79.8949,189.7154
231.6338,122.7833,79.6208,189.3137
233.4470,120.9156,80.1405,188.9029
233.1759,118.9722,80.6828,188.6403
233.0011,121.1648,81.0323,188.4103
233.0833,121.5818,80.8680,187.5762
235.3829,121.8769,80.4118,186.9862
237.5160,120.2030,80.2723,186.2075
240.0543,117.5129,79.3084,187.4747
240.5888,116.8396,78.2393,188.8215
243.2332,114.1450,77.0652,190.0959
245.4215,112.1504,76.8006,189.9733
245.5879,110.2661,76.4678,189.6362
248.1315,103.6305,75.4754,190.6230
248.7173,100.9640,74.3037,191.8648
248.9826,99.1508,73.7732,191.4031
249.5702,98.5623,72.5979,192.5800
250.1147,96.0697,71.5089,193.4976
250.0606,96.1629,71.6171,193.3111
249.9733,94.3217,71.7917,192.9329
250.0859,94.3171,71.5666,192.9422
250.0382,92.6651,71.6620,192.1918
250.0421,92.7925,71.6542,191.9370
250.1238,93.1759,71.4908,191.1702
250.2968,93.5623,71.1448,190.3973
250.5550,89.3355,70.6284,190.8304
248.5751,88.9614,70.5809,191.5785
248.6635,88.1319,70.4041,193.2377
246.7820,87.6097,70.1295,194.2819
246.5846,86.8549,70.5243,195.7915
246.3774,82.3391,70.9387,196.6705
244.2414,79.4474,71.1144,198.3576
244.0029,77.4498,71.5913,198.2291
243.6486,75.5079,72.3000,197.9823
245.0460,76.1906,73.6449,196.6170
244.6898,72.7731,74.3573,195.1630
241.9681,74.4821,75.6643,191.7451
239.4613,74.1427,76.5670,188.3129
239.2325,71.5970,77.0247,185.2495
239.1642,66.6369,77.1613,183.0454
238.9736,67.2037,77.5425,181.9117
236.9995,67.3936,77.4883,181.5319
235.4958,67.2877,76.4997,181.7437
233.3657,67.3809,76.7785,181.5573
231.2570,65.3238,77.0121,181.6879
229.5735,65.0170,76.3893,182.3015
229.6825,64.2970,76.1713,183.7414
229.8504,63.5581,75.8356,185.2193
229.8691,63.5696,75.7982,185.1963
229.6042,64.2486,76.3279,183.8382
230.0261,64.5026,75.4842,183.3302
230.3040,60.1455,74.9283,184.0718
230.8565,59.6199,73.8233,185.1229
229.2974,56.7655,72.9589,186.8490
229.7573,51.5449,72.0392,189.3063
228.0560,45.5475,71.4309,189.2688
228.1221,43.6756,71.2987,189.0134
228.3302,42.1424,70.8825,188.0865
228.3372,40.3347,70.8686,187.7295
228.6038,36.3134,70.3354,187.8378
226.6039,34.3628,70.3760,187.7800
224.8175,34.2555,69.9900,187.9945
224.5770,32.3159,70.4710,187.9187
222.4391,30.0023,70.7841,188.5832
222.4076,32.2688,70.8472,188.0280
222.2669,30.4283,71.1285,187.7382
220.4416,31.9042,70.8073,188.7581
220.4277,32.5106,70.8350,187.5454
220.4139,34.8800,70.8626,186.7704
222.5002,35.3458,70.6433,185.8389
222.4795,36.3973,70.6846,183.7358
220.9303,36.8691,69.8766,182.7923
221.1303,34.6910,69.4766,183.2701
221.2900,32.6865,69.1572,183.4009
219.6052,32.4918,68.6525,183.7903
219.8863,32.1364,68.0903,184.5011
220.2382,26.1136,67.3866,184.9344
220.2894,25.1039,67.2842,183.0895
220.6422,24.2762,66.5786,180.9089
220.5375,25.6886,66.7879,178.0842
222.5802,20.1851,66.4578,177.8252
222.6345,20.7561,66.3493,176.6831
222.7995,18.9518,66.0193,176.5644
222.7848,19.5791,66.0488,175.3096
221.1973,17.6984,65.5214,175.3688
219.7291,19.0104,64.7641,176.4384
219.6728,19.7336,64.8768,174.9921
219.7306,18.2997,64.7611,174.1832
219.8149,17.7811,64.5926,175.2205
221.8057,18.9202,64.2857,176.6171
221.8117,20.0650,64.2739,178.0165
219.9475,18.2231,64.2931,177.9915
219.9602,25.0434,64.2678,179.1867
219.9843,24.7976,64.2197,179.6783
219.9040,26.0340,64.3801,180.9373
217.8962,27.9475,64.6432,180.8629
217.7315,25.5402,64.9726,181.9212
217.4142,24.8560,65.6071,183.2895
217.2822,20.8548,65.8711,183.6749
217.0667,19.0676,66.3021,183.4304
217.0472,13.2140,66.3410,183.6684
216.9785,13.4620,66.4785,183.1724
219.0563,9.9920,66.1456,182.4671
219.2184,9.6005,65.8212,183.2501
217.1595,9.6503,66.1273,183.1505
219.1758,10.7136,65.9108,181.0239
217.4725,13.1379,65.5355,179.9568
219.9796,12.3188,64.2810,181.5952
220.1919,16.5942,63.8563,180.5648
222.9483,19.7638,62.0814,181.7013
223.2192,26.2118,61.5397,179.9706
225.2195,28.7612,61.2262,178.5591
225.6674,34.4633,60.3305,178.1390
225.6741,38.4662,60.3170,177.4112
227.5077,43.5018,60.2784,178.2254
227.3072,45.9941,60.6792,176.8801
228.8772,48.1349,61.1669,176.2261
232.6307,47.5291,60.9138,177.4376
234.1203,48.2708,61.5742,175.9542
237.3094,48.8398,62.4572,174.8163
238.4234,47.9115,63.8595,173.0425
230.0562,46.7648,66.0726,168.0752
231.0760,46.7841,67.6319,164.4378
233.7228,46.7170,69.4869,160.9977
231.4220,48.0435,70.5310,158.3448
232.6747,49.0259,71.5630,156.3799
239.6221,49.7902,71.7762,154.8513
240.1729,53.3702,70.6745,154.7082
240.5430,55.4159,69.9343,154.1040
243.5761,56.3352,70.7988,152.2655
245.1956,58.4777,71.0136,151.4341
247.1080,60.1911,70.6341,151.4528
247.7894,61.9848,69.2714,151.3044
250.1174,60.6140,68.0284,150.6330
244.1760,60.7080,66.3853,150.4449
247.0497,60.2051,63.9878,151.4508
248.9644,60.3749,63.4804,151.1111
247.7375,58.6286,62.6260,151.2956
245.1329,56.8916,61.2437,151.4738
247.3211,56.7577,60.1411,151.7417
247.8390,54.5769,59.1054,152.8455
249.8713,51.8988,58.2959,154.9464
250.1666,50.6946,57.7052,157.3548
251.7545,46.9126,57.8240,158.3295
255.1958,44.6822,57.5630,159.4796
256.8982,43.1656,57.4806,159.1903
258.8703,43.2473,56.8532,159.0270
262.2709,41.4878,56.6583,159.2428
264.0282,43.0453,56.4463,159.4306
267.4787,42.4507,56.1484,160.6198
269.0957,40.7565,56.2274,160.6950
269.1393,40.7555,56.1402,160.6971
269.0087,40.9411,56.4015,160.3259
273.9518,41.0748,56.4556,160.0585
283.5579,44.8758,57.1075,159.0779
291.7143,46.7578,57.3368,158.6222
299.6045,45.3706,58.0869,158.0906
297.9026,45.9465,58.1786,156.9387
297.8046,46.7900,58.3746,155.2518
297.9232,46.6181,58.1375,155.5955
297.9363,46.1535,58.1112,156.5248
299.7240,45.5597,57.8259,157.7123
301.4888,43.1093,57.5982,159.3112
303.0445,42.4518,57.8076,160.6262
304.1564,44.3784,58.9269,160.1163
304.0726,43.8476,59.0946,161.1779
303.6514,44.2408,59.9371,160.3915
300.0880,44.4962,60.3071,159.8806
303.2516,44.9424,60.7352,158.9882
306.3467,45.7999,61.2903,157.2733
306.4212,45.8514,61.1413,157.1702
302.7609,45.1168,61.7543,155.2857
303.0426,43.2383,61.1909,155.7050
303.5597,42.5715,60.1567,157.0387
303.7480,42.6147,59.7800,156.9522
303.6803,42.6699,59.9155,156.8419
305.1512,40.8413,60.3007,157.1720
308.5719,36.5126,60.1369,159.1519
310.0846,36.0920,60.4757,159.9931
311.5617,35.5349,60.9039,161.1073
311.5270,34.6218,60.9732,162.9334
312.9463,33.8564,61.5682,164.4642
314.6555,35.4940,61.6158,164.6551
312.8939,38.8964,61.6694,164.7898
312.8858,40.6235,61.6855,164.8082
312.8409,40.9119,61.7753,164.2315
312.9064,41.0814,61.6444,163.8925
312.9743,43.4324,61.5085,162.6498
312.9497,48.0903,61.5577,160.2120
314.6756,49.6151,61.5109,157.1625
316.4442,52.4557,61.3339,154.8415
317.7872,53.8304,61.9718,152.0922
320.6513,55.2613,62.8347,149.2304
323.7643,57.8405,63.1478,147.3416
327.1674,58.3227,62.8373,146.3771
329.3167,58.2909,61.7671,146.4408
331.1779,58.0995,61.2551,146.8235
331.6242,56.0642,60.3624,147.6874
331.7931,55.7479,60.0247,148.3199
333.8771,52.8599,59.0631,150.8894
334.2157,51.7963,58.3859,153.0166
334.3860,49.5302,58.0454,154.3041
334.6816,50.4783,57.4542,155.6650
334.9568,50.2867,56.9038,156.0482
337.0364,50.0275,56.0060,156.5666
337.2958,50.0111,55.4871,156.5994
335.8174,50.5507,55.2004,155.5202
336.1368,50.8803,54.5616,154.8610
336.1703,51.6869,54.4946,153.2478
337.8120,52.7526,54.3890,151.1165
339.3753,53.6325,54.4077,149.3566
340.7678,53.0043,54.7434,147.4924
342.2881,51.9173,54.8026,146.5664
343.9555,50.4857,54.5556,146.3420
344.2603,46.7513,53.9459,147.6505
346.1011,44.8498,53.3523,148.3658
349.5908,40.7923,52.5474,150.3062
351.7021,37.8460,51.4253,153.0982
353.4588,34.9619,51.0316,155.7466
353.3729,32.5549,51.2034,157.4105
353.0402,28.8258,51.8689,158.5146
352.8320,26.4683,52.2852,160.0247
354.2853,24.0843,52.6126,161.5586
354.1416,21.9424,52.9002,162.5806
353.8607,20.0165,53.4619,163.1508
353.4787,18.6377,54.2259,162.6082
351.6451,18.5014,54.5867,162.8807
351.6036,18.4313,54.6696,163.0210
351.7077,18.4349,54.4616,163.0138
351.7316,18.8250,54.4137,162.2336
351.8454,19.0295,54.1862,161.8247
351.9522,19.4620,53.9724,160.9597
352.0318,20.1312,53.8133,159.6212
352.1057,20.8047,53.6656,158.2743
352.3148,21.0315,53.2474,157.8206
353.9692,21.5045,53.1588,156.8746
354.0060,23.3950,53.0852,156.2989
353.9513,23.3705,53.1946,156.3477
353.8155,25.2771,53.4662,155.7330
353.7702,25.4389,53.5568,155.4094
353.6744,25.4943,53.7483,155.2986
353.5716,27.0695,53.9540,155.3417
353.3124,29.0143,54.4724,154.6500
352.8333,29.2665,55.4305,154.1456
352.6375,32.3475,55.8222,154.3986
352.1993,32.9406,56.6987,153.2125
350.2520,32.2372,57.3761,151.4021
350.3490,31.9761,57.1821,151.9243
350.2991,30.2114,57.2819,152.2464
350.1576,31.4569,57.5648,152.9691
349.9973,31.3853,57.8855,153.1123
350.0540,29.4894,57.7720,153.6671
350.0432,29.0193,57.7936,154.6073
350.0066,30.1575,57.8670,155.5878
351.6399,29.8568,57.8726,156.1891
353.5474,31.0771,57.3385,157.0296
353.5018,31.6074,57.4297,155.9689
354.9318,32.2327,57.8395,154.7183
352.8635,33.0159,58.7168,153.1519
352.9234,33.6744,58.5971,151.8349
352.7729,35.8419,58.8980,150.7315
352.5795,36.6091,59.2849,149.1970
350.7021,38.6310,59.8337,148.3592
350.7360,40.0672,59.7659,148.6904
350.7284,38.3207,59.7811,148.9762
351.0385,38.2299,59.1610,149.1579
354.6825,37.7398,58.2793,150.1380
353.1549,37.8685,58.1330,149.8806
333.3212,39.1539,59.4585,147.3099
344.7292,38.3657,58.9155,148.8862
345.0186,37.8016,58.3367,150.0144
341.9076,37.5965,58.1574,150.4247
335.6888,36.1206,57.7813,150.1729
334.2214,36.7560,57.5231,148.9022
337.6566,35.4417,56.9931,148.3606
337.8820,37.5633,56.5421,147.2702
338.3122,37.1916,55.6818,148.0138
338.6966,35.5023,54.9131,148.2680
340.3885,36.0473,54.6434,147.1781
340.1290,37.0827,55.1624,145.1072
340.1241,36.2188,55.1721,143.7616
336.9293,37.4404,55.4534,141.3185
333.7470,37.2752,55.7698,138.6248
332.3087,38.4586,55.6553,136.2581
329.5416,39.3451,55.2798,134.4849
328.0379,40.1729,55.3645,132.8294
326.5792,40.5293,55.3818,132.1166
324.1963,39.1551,54.3671,131.9748
324.6863,37.6540,53.3871,132.1068
323.6395,37.6622,52.6260,132.0903
322.4204,37.8275,52.2234,131.7597
318.4945,36.3689,51.5884,131.8481
318.4841,35.3392,51.6094,131.0887
315.8988,35.9043,51.1634,129.9586
315.9560,36.1919,51.0490,129.3833
316.1259,37.8273,50.7092,128.8862
316.3790,38.0853,50.2031,128.3702
315.1500,38.2608,49.9170,128.0191
312.3461,38.7307,50.0572,127.0795
312.3292,39.0480,50.0910,126.4448
309.6346,39.7750,50.0516,124.9907
308.3515,40.3819,49.9252,123.7770
308.3355,40.5961,49.9571,123.3487
305.8434,40.8987,49.6067,122.7434
304.8475,41.1433,48.9461,122.2542
305.0439,41.0180,48.5533,122.5047
303.8615,41.2789,48.2879,121.9830
302.6967,41.4896,47.9997,121.5616
301.3797,43.1644,48.0270,120.8186
300.2102,44.3147,47.7694,121.1145
299.1328,43.7584,47.3281,122.2272
296.4497,43.9862,47.4858,121.7715
289.9854,44.8098,47.4119,122.7249
284.2752,44.9656,48.3809,122.4131
282.5841,45.8533,49.1374,123.2635
275.8922,45.1586,49.2637,124.6529
277.0893,46.3068,49.5433,125.0303
278.2431,47.9721,49.9199,124.3838
276.9395,47.8369,49.8453,124.6542
276.8703,47.5820,49.9838,125.1641
274.1968,48.6446,49.9429,125.7327
275.8476,49.6890,49.3427,126.3455
276.0323,50.8287,48.9733,126.7654
277.4267,50.7556,48.8833,126.9117
278.8914,50.3683,48.6533,127.6863
280.3555,49.2963,48.4316,129.8303
278.9886,48.7206,48.4323,130.9817
280.6672,49.6149,47.8247,131.9428
279.0403,51.3064,48.3262,131.3121
280.1568,53.4212,48.8455,129.8350
280.1982,53.8722,48.7628,128.9331
280.2053,54.1790,48.7486,128.3194
279.9896,56.2035,49.1800,126.9875
273.1622,57.8822,49.3058,126.3359
275.6184,56.9310,49.7908,125.5396
274.0486,59.3256,50.2344,123.4463
274.3094,57.9101,49.7127,123.6037
275.6794,56.2654,49.6395,124.2264
276.0238,56.0381,48.9507,124.6811
276.3741,54.3036,48.2501,125.4816
277.0103,53.7800,46.9776,126.5287
277.5034,53.6268,45.9915,126.8351
277.8099,53.5022,45.3785,127.0844
277.8350,55.3106,45.3282,126.1062
277.8802,57.2150,45.2378,124.9212
278.0332,59.0878,44.9318,123.7807
278.1245,58.5937,44.7493,122.1855
278.0272,60.1436,44.9439,121.6429
277.9846,59.5071,45.0291,120.3631
277.5456,60.7051,45.9071,117.9671
278.5549,60.1067,46.4060,116.6463
280.8466,61.0149,46.8375,114.8298
283.1402,60.5533,47.2284,113.2641
284.4420,60.9895,47.0982,112.3917
287.2296,60.7869,46.4399,112.7969
291.2073,60.8301,45.8424,112.7106
294.2018,60.3521,44.7349,113.6664
295.5080,60.2886,44.5572,113.7934
297.9747,60.4265,44.4907,113.5176
300.6503,60.1874,43.9959,113.9958
301.8225,60.5792,44.0778,113.2122
304.5471,60.4504,43.4613,113.4699
305.7312,60.3303,43.5023,113.7100
307.9820,59.0929,43.8273,113.7715
309.4903,59.6297,43.2306,115.1180
312.0257,56.7087,43.0170,116.1029
313.2208,56.2949,43.0657,116.9305
315.5399,56.3537,43.3306,116.8129
317.9980,56.4446,43.3238,116.6309
319.2895,57.1689,43.1928,117.6345
321.6750,57.9947,43.3498,118.4467
322.4972,58.1697,44.1837,118.0967
322.4811,57.9862,44.2158,118.4637
322.3299,57.8820,44.5183,118.6720
321.0440,57.2169,44.5873,120.0022
324.7428,56.8229,44.7588,120.7903
327.4095,56.3636,44.5001,121.7089
328.3411,57.7225,45.1830,121.5370
329.6566,57.2654,45.1078,122.4512
331.9749,57.4331,45.6061,122.1157
332.9918,57.7168,46.1438,121.5483
327.7055,59.1622,46.4236,121.2307
328.9970,58.9580,46.4142,121.6393
329.5467,58.5158,47.8944,119.9443
330.6573,59.8468,48.2545,119.8638
333.8549,60.2304,49.6198,119.0965
337.7117,60.4841,49.7062,118.5892
342.9277,60.9787,49.6511,117.6001
343.0580,61.8410,49.3907,115.8754
343.3489,62.1564,48.8087,115.2446
345.4196,62.2750,47.1974,115.0074
347.3813,63.5632,45.7719,114.9289
347.8339,63.5755,44.8668,114.9044
349.2775,62.7077,44.4344,114.1851
351.6192,63.4513,44.6248,112.6978
356.3329,65.1113,44.8726,111.7968
355.6490,67.3877,46.2405,109.6543
358.0011,67.5743,46.3438,109.2810
361.9480,66.8215,45.6504,108.3864
364.4752,67.9765,45.3460,108.4514
369.2317,67.1078,45.3148,107.8182
369.4610,68.0672,44.8562,108.2603
370.7850,67.6835,44.5673,109.0277
372.2425,66.3772,44.0172,109.2753
373.4728,67.7823,43.9153,108.8238
378.0563,68.5386,44.1501,107.3112
379.2852,69.1025,44.0251,106.1834
382.5823,69.8251,44.3737,104.7383
385.9005,70.0923,44.6361,104.2039
389.3749,70.1082,44.5770,104.1720
390.2376,71.3324,45.1466,104.0186
392.4907,71.2747,45.2461,104.1342
392.7120,69.4345,44.8034,105.5082
392.5787,69.2602,45.0701,105.8567
391.4326,68.9583,45.0343,106.4605
391.1536,68.8909,45.5922,106.5955
389.5165,69.1734,46.5184,106.0305
388.1876,68.7716,46.8201,106.8340
387.9684,69.5231,47.2584,107.7042
389.3356,70.3261,46.9174,108.4916
390.7851,70.3102,46.4173,108.5233
389.9459,70.2366,45.7053,108.6706
387.5499,70.2301,45.7372,108.6836
387.7581,71.6052,45.3209,108.3143
386.0518,72.5220,43.9972,108.8487
386.5081,72.5094,43.0846,108.8738
385.4981,73.5076,42.7683,109.2137
387.0679,73.2888,41.9644,109.6515
383.4677,74.5842,42.1825,109.3879
383.6065,78.1118,41.9049,109.3153
383.5328,79.2565,42.0522,109.3474
383.1242,83.1235,42.8695,108.5875
383.0796,86.5961,42.9586,108.6272
382.0781,87.5289,42.6313,109.0920
380.9467,89.3141,42.5627,110.1843
378.6009,90.1873,42.5626,110.7837
379.7167,89.6824,42.6854,111.7936
385.3932,90.4661,43.1878,112.5973
387.6840,90.3127,43.3896,112.9041
387.9645,92.5535,42.8287,113.2218
386.9120,92.7968,42.5395,112.7353
385.7761,92.9852,42.4294,112.3583
384.5846,95.3089,42.4378,112.4603
384.6885,96.8004,42.2299,111.8534
383.4442,99.2772,42.3547,111.6273
382.3428,100.6819,42.1948,111.1807
381.3037,100.8657,41.9195,110.8132
381.4346,103.3250,41.6577,110.5810
380.3162,104.1278,41.5593,108.9754
380.4088,104.6574,41.3740,107.9163
381.7576,105.2229,40.9685,106.7853
383.1191,106.6968,40.5137,106.1059
384.1967,107.4135,40.6090,104.6725
385.5485,108.7894,40.1371,104.1522
385.8379,110.0573,39.5581,103.8321
387.1016,111.5116,39.2314,103.1242
387.1443,112.9236,39.1460,102.4848
387.1216,113.4487,39.1916,101.4345
387.2746,113.6007,38.8855,101.1307
387.2853,113.9050,38.8641,100.5221
383.2685,114.0286,38.3349,100.2748
385.3545,115.5169,38.4182,99.4259
383.4065,115.5739,38.0803,99.3119
388.4942,119.6214,38.4512,99.6538
384.0317,120.9416,38.8929,99.1344
383.1398,121.2303,38.5554,100.6782
383.1199,121.9497,38.5952,101.3767
381.1306,124.7211,38.2777,102.2783
380.9745,128.7992,38.5897,102.7436
379.5981,129.1501,39.1748,102.0418
380.2084,133.4159,40.1224,102.1826
380.9897,133.7756,40.7468,101.4632
380.7658,136.1774,41.1948,101.0353
376.3285,137.4708,41.3104,100.6383
376.4970,141.8552,40.9733,100.6137
377.5019,143.4182,41.1433,99.6674
373.7085,145.5111,42.2229,97.6507
374.5064,147.1571,42.7861,96.5177
370.1584,147.6504,42.8718,95.5312
368.9854,146.7748,43.0781,95.1426
370.9364,146.8719,43.4515,94.9483
368.4746,148.6953,44.0922,93.4431
368.1680,152.4776,44.7053,92.2708
362.6826,151.8426,45.0545,91.4165
363.3309,150.1958,43.7579,92.5922
364.0933,150.6152,42.2331,93.8658
364.7350,149.1885,40.9498,94.6149
364.3953,148.5398,39.5365,95.9123
362.7195,147.7425,38.7154,97.5068
362.0241,145.6667,38.0114,99.5638
361.1572,143.5856,37.6336,101.6143
361.1938,137.5118,37.5603,103.0908
361.2932,137.6229,37.3615,105.0227
361.2474,134.8867,37.4532,106.1388
361.4365,134.8857,37.0751,108.3366
358.9430,133.2535,37.6218,109.3808
358.9447,131.6438,37.6183,110.3553
358.7911,133.2577,37.9256,111.6451
359.8948,131.6011,38.0009,112.6755
361.0013,132.0074,38.0868,114.1618
363.1409,132.4868,38.4507,115.5246
365.1516,133.3234,39.1248,116.1990
365.0839,132.1840,39.2601,118.4777
365.9808,134.4461,39.8708,118.7626
365.8749,133.8023,40.0825,120.0500
366.7884,134.7735,40.6974,120.5495
367.7458,137.1723,41.2428,120.6725
367.6126,137.9047,41.5092,121.6796
367.2061,141.6133,42.3223,121.7360
368.5322,139.5726,42.1768,123.3105
369.7078,140.2151,42.3522,124.5521
369.5399,142.5679,42.6879,124.9415
370.4845,141.0612,43.3579,125.3957
372.6923,140.7440,44.0980,126.0301
373.5783,142.2274,44.9263,125.6637
373.5313,141.8988,45.0204,126.3210
373.4136,141.5911,45.2558,126.9363
373.4124,140.2620,45.2581,126.9601
373.4409,140.2058,45.2012,127.0727
374.5853,139.2256,45.5477,126.3977
376.7709,141.1824,46.4403,125.1160
380.3599,141.5764,47.1513,124.3281
383.8921,142.8633,47.9805,124.3853
384.5854,145.9787,49.2409,123.4485
388.0387,146.7607,50.3022,121.8844
388.0393,149.0045,50.3011,122.7016
391.2943,149.5487,51.7836,121.6132
393.6542,151.6876,52.4132,122.6848
396.2611,147.2939,52.6021,126.0695
396.9904,147.0466,53.8971,126.5641
398.0000,146.2555,54.6615,128.1463
398.9427,145.5186,55.5963,129.6202
400.2609,144.5915,55.8178,131.4743
401.4482,146.7919,56.3319,132.8509
399.7505,146.2697,56.8096,133.8953
398.0756,145.7740,57.2182,134.8867
396.4245,145.4418,57.5575,135.5511
395.3044,141.2575,56.8194,137.9628
392.8417,138.2526,55.7445,140.9725
393.3135,136.9071,54.8008,143.6636
393.4820,135.6370,54.4638,146.2038
393.6942,129.2894,54.0394,149.6695
392.1249,128.0353,54.0597,152.1778
392.1241,126.4921,54.0612,155.2641
390.5828,123.3887,53.9451,158.2722
388.9959,121.5903,53.8795,161.8690
390.3150,120.5249,54.5308,163.9998
390.2941,115.2956,54.5727,167.7949
391.5408,114.6354,55.4657,169.1154
396.1077,113.7580,56.5967,170.8702
395.6062,116.6059,57.5998,172.1090
393.6483,115.6645,58.0123,173.9919
391.3410,117.8484,59.0892,173.1617
401.5344,118.1643,59.9754,172.5299
399.2892,120.4011,60.9132,171.6088
397.4568,118.2848,61.0214,172.2849
400.6647,116.3418,61.7418,172.6027
400.3188,114.6352,62.4336,172.4302
396.8251,112.1923,62.2294,173.7202
393.1145,113.8880,62.4295,173.9395
387.7808,113.5522,62.2451,174.6110
394.6567,114.9338,62.9875,175.4715
394.3649,114.3788,63.5711,176.5814
395.9981,119.7507,63.9805,176.8648
395.7376,119.9901,64.5014,176.3861
395.4138,122.6422,65.1490,174.7716
397.1183,123.1997,65.4183,173.6566
398.5510,126.3042,66.2202,171.1149
402.0942,126.7550,66.4240,170.2132
402.2310,128.7745,66.1505,169.8102
404.0944,127.0955,66.0490,169.5430
406.2574,126.5343,65.3425,170.6653
408.1601,126.4999,65.1600,170.7342
410.0363,126.2027,65.0282,171.3285
410.2898,123.2131,64.5213,173.6810
412.4256,116.9661,63.9010,175.2207
416.4554,112.4417,63.1659,176.9449
416.4939,110.6837,63.0889,176.7874
420.3676,110.7691,62.6815,176.6165
420.3059,109.0371,62.8048,176.4205
420.5331,108.8016,62.3505,176.8915
420.7744,108.9748,61.8678,176.5450
421.0977,111.8556,61.2214,178.0722
423.2371,113.2138,60.5969,179.0100
423.2545,116.6980,60.5619,179.3544
423.3689,118.7574,60.3333,178.8960
424.9981,121.4703,60.7247,177.1203
426.8565,125.3516,60.6396,176.6211
425.0045,127.4904,60.7206,175.9665
425.1268,130.7802,60.4761,176.6172
425.0205,130.7032,60.6885,176.7712
424.8114,130.4908,61.1068,177.1961
424.6815,134.1237,61.3666,177.2099
426.1440,135.0000,62.0863,175.4572
429.7449,137.2495,62.1500,174.5910
433.3621,137.9376,62.1588,173.2149
433.2054,138.4915,62.4722,172.1070
436.7336,138.6697,62.5994,171.7507
440.4473,137.0134,62.3503,171.4741
447.5948,137.2667,62.3778,170.9676
447.7376,137.1044,62.0922,171.2921
456.7002,136.7334,62.0337,172.0342
433.2931,135.2958,62.2702,171.3264
427.9902,134.9343,62.1448,172.0494
408.3154,130.7981,62.0580,173.1515
396.8213,138.5733,63.4502,171.9984
431.2115,137.9914,63.2217,173.1623
414.6885,136.3518,63.6830,172.8209
427.1109,141.0727,64.2062,174.2510
426.7811,135.2148,64.8658,175.0052
424.1871,135.7134,66.3772,174.0080
425.5790,136.0419,67.2828,173.3510
420.1395,133.1939,67.0728,175.3505
414.2480,131.2978,67.6920,175.4216
414.2590,130.3766,67.6700,177.2639
415.7275,132.2559,68.4925,177.2648
409.6684,133.0557,69.2880,175.6652
411.5272,133.4916,69.3358,174.7933
411.8481,133.7437,68.6939,174.2892
412.1240,135.7321,68.1422,174.0474
412.4401,138.1484,67.5100,172.9367
415.7105,135.9637,64.6636,177.3059
416.7348,134.1232,62.6150,180.9870
419.3328,132.2631,61.1405,184.7073
419.6603,131.4628,60.4853,186.3079
414.0015,130.9328,60.5287,187.3678
414.1353,127.2588,60.2610,187.1679
414.4772,127.9880,59.5773,185.7094
412.9110,119.3186,58.9767,188.1165
411.3868,118.5398,58.2690,189.6742
409.6537,114.0556,57.9703,191.1125
407.7738,111.1633,57.9502,193.1172
405.8238,108.8958,58.0423,193.8444
403.7467,108.8816,58.3767,193.8728
403.7180,104.8276,58.4341,194.3279
403.8719,100.8199,58.1262,194.6753
403.8036,98.7458,58.2628,194.9903
405.3369,99.6861,59.0364,193.1097
404.6503,100.9483,60.4096,190.5853
406.6437,99.8201,60.2403,189.0242
412.6758,91.2285,59.5526,191.0387
394.7125,84.3605,61.2065,189.5422
397.9025,85.7609,62.4612,186.7415
397.4431,87.2509,63.3799,183.7615
396.7495,89.0271,64.7671,180.2091
396.3696,90.5626,65.5269,177.1381
397.7045,92.5130,66.5761,173.2373
397.9071,93.2934,66.1709,171.6766
397.7286,94.3592,66.5279,169.5450
397.9030,93.0312,66.1792,168.5729
398.3918,93.1324,65.2016,168.3705
398.6802,93.4684,64.6247,167.6983
398.9690,91.9051,64.0472,167.2576
399.6248,91.9746,62.7355,167.1186
400.0277,90.4631,61.9296,166.6164
402.3043,90.1869,60.8801,167.1687
402.5391,88.6213,60.4104,166.8074
404.2693,89.1366,60.4289,165.7769
404.1722,89.3550,60.6230,165.3401
405.7183,89.7863,60.9924,164.4774
405.4580,91.7722,61.5129,163.9616
405.2506,91.6767,61.9279,164.1527
406.9424,91.5001,62.0124,164.5059
406.9259,89.5612,62.0454,164.9088
408.5078,90.1279,62.3626,163.7755
408.8702,89.8398,61.6378,164.3518
409.2473,89.0274,60.8838,165.9765
411.2870,88.3911,60.2797,167.2492
411.3589,90.3065,60.1359,166.9010
411.4495,91.9253,59.9548,167.1386
411.6338,93.5550,59.5862,167.3545
411.6117,95.4244,59.6303,167.0872
411.5481,95.7279,59.7575,166.4802
411.6637,97.6144,59.5263,166.1696
411.6283,99.6254,59.5971,165.6012
413.5453,99.1958,59.2100,166.4605
413.5580,101.1885,59.1845,165.9271
413.6935,102.9730,58.9135,165.8020
413.6811,104.8885,58.9383,165.4084
413.6690,108.8568,58.9625,164.3359
413.6739,110.7599,58.9528,163.9471
413.8854,114.0981,58.5297,164.0937
413.6211,119.6302,59.0584,163.2471
413.6516,121.4983,58.9973,162.9144
413.5659,123.5910,59.1688,162.1265
413.7788,124.7080,58.7430,163.2819
411.9486,126.5524,59.0050,162.9912
410.0552,128.1575,59.3931,163.1799
409.8659,131.9257,59.7718,162.4604
409.9520,133.6878,59.5996,162.3412
408.2389,138.3544,59.6255,163.2086
408.2032,140.2178,59.6971,162.8949
408.3572,139.7098,59.3889,163.9109
408.3281,141.3308,59.4471,164.0877
408.4279,141.5167,59.2477,163.7161
408.3157,143.0553,59.4720,164.0523
408.2400,143.3442,59.6234,163.4746
408.3350,143.4037,59.4335,163.3555
408.2993,144.8452,59.5048,163.8844
408.2994,145.0658,59.5045,163.4431
408.1187,145.5135,59.8660,162.5478
407.9739,146.0296,60.1556,161.5155
407.9754,146.2477,60.1525,161.0792
407.9134,145.8427,60.2765,161.8892
407.9021,145.7732,60.2991,162.0283
410.1516,142.6808,59.2085,164.8046
412.3172,141.0676,58.3058,168.0311
414.9736,136.9456,56.4509,172.8170
417.5737,134.4543,54.7430,177.7996
418.1780,133.1682,53.5345,180.3719
418.6507,133.7162,52.5890,182.8214
418.5321,140.2577,52.8263,183.9889
418.8622,135.1318,52.1662,187.0737
418.9494,133.8255,51.9917,189.6863
418.8011,130.9734,52.2882,191.7421
420.8941,128.2383,51.7851,193.5296
422.8439,125.6937,51.5840,194.9204
422.5899,125.1763,52.0919,195.9551
420.5372,124.3449,52.4590,197.6179
420.6232,123.6517,52.2869,199.0044
420.8876,120.8507,51.7581,200.8214
421.1392,119.5922,51.2549,203.3384
421.1658,117.0879,51.2017,204.5205
421.0182,117.1422,51.4969,204.4120
420.7596,117.1047,52.0141,204.4870
420.4322,117.2393,52.6690,204.2179
420.0586,117.3360,53.4161,204.0244
421.5464,119.5761,54.3173,199.5443
410.8792,122.6543,56.4979,197.2186
411.8618,124.0675,58.3715,194.3923
410.9599,130.1919,60.1754,189.8109
410.7902,130.7885,60.5147,188.6176
416.0283,131.8168,61.4130,186.5611
389.9015,121.9655,64.5431,183.5912
397.0732,124.9457,65.3737,181.4244
396.8292,129.5520,65.8617,179.7670
396.2120,131.0873,67.0961,176.6965
396.0990,131.5091,67.3222,175.8529
395.9728,132.0579,67.5746,174.7553
395.6037,132.6431,68.3127,173.5850
397.0595,132.8931,69.1193,173.0849
396.9237,132.1315,69.3909,174.6081
396.7434,131.5064,69.7514,175.8583
396.6163,128.8792,70.0057,177.3362
396.6562,128.0290,69.9258,179.0365
396.7758,126.9197,69.6866,181.2551
398.5158,126.6539,70.0597,181.7867
398.4162,125.9792,70.2589,183.1361
398.0492,125.7757,70.9929,183.5431
397.7148,125.4140,71.6617,184.2665
397.4305,122.8835,72.2301,185.3959
397.1227,122.2864,72.8459,186.5901
396.6899,121.8677,73.7114,187.4274
396.2041,121.5467,74.6831,188.0696
393.6011,121.3848,75.8486,188.3933
393.1547,120.8232,76.7414,189.5166
392.6828,120.4898,77.6853,190.1833
392.4383,119.8914,78.1742,191.3802
390.1125,119.3156,78.6756,192.5317
390.1895,118.5385,78.5216,194.0859
390.1056,118.2673,78.6893,194.6284
391.9926,123.0432,79.1217,193.4892
390.1879,122.5291,78.5335,194.5174
388.1403,122.6994,78.4267,194.1767
392.2182,125.6519,78.6612,192.4667
390.4836,125.2737,77.9556,193.2232
386.6064,124.3086,77.3641,195.1534
399.5236,127.5830,76.6710,192.7948
397.5211,128.9224,76.5322,190.1161
398.1332,131.1349,75.3079,189.7937
400.7971,129.4914,74.0564,189.0045
401.1410,131.0414,73.3686,185.9045
399.8214,131.9045,72.0221,184.1782
400.1156,132.4410,71.4336,183.1053
398.0624,133.6108,71.6292,180.7656
396.6391,136.8393,70.5951,178.1895
396.8536,139.7956,70.1661,176.1020
397.3636,139.7426,69.1461,176.2080
397.6945,139.3712,68.4844,176.9507
397.8738,137.8526,68.1257,176.2183
396.0663,138.4095,67.9881,175.1046
396.1816,136.6134,67.7574,174.9626
394.7888,132.3277,66.8151,176.0780
395.2274,131.4349,65.9379,177.8636
395.2396,129.1461,65.9135,178.7045
396.9034,127.3112,66.3344,178.6257
392.2911,121.3920,64.2941,182.9541
392.1482,122.2376,64.5800,181.2630
391.4095,122.9442,66.0574,179.8499
387.0934,123.0615,67.1546,179.6152
386.5952,119.7036,68.1511,178.7632
384.4125,119.7864,68.7267,178.5975
383.9577,120.3935,69.6364,177.3835
381.3113,121.0444,71.1327,176.0817
380.5176,122.2870,72.7201,173.5965
379.9776,123.8084,73.8002,170.5537
375.2672,120.6416,75.6772,169.3433
364.7751,118.8330,77.7240,169.1731
363.0321,126.0633,81.2101,166.1751
367.1139,128.0419,84.5604,166.0559
364.7668,127.4250,85.3603,167.2897
363.3755,126.8768,84.2169,168.3860
362.4663,124.0709,82.1129,170.0755
362.5035,126.0806,82.0385,169.9667
360.9864,125.8284,81.1650,170.4712
359.4301,125.6112,80.3777,170.9055
358.2272,123.2510,78.8909,171.7334
357.0209,123.5214,77.4250,171.1926
352.2745,121.0263,75.3828,172.3378
351.1830,120.4595,73.7402,173.4714
349.7729,120.8176,72.7474,172.7552
350.2108,121.1670,71.8714,172.0564
350.8124,121.0434,70.6683,172.3037
351.0917,120.8505,70.1096,172.6895
351.3862,120.8120,69.5208,172.7664
353.2037,121.2192,69.6136,171.9520
358.5049,124.2472,70.1647,169.6139
358.4798,128.4253,70.2150,168.6456
359.8670,129.8877,71.1215,165.7208
365.8232,129.9958,70.1730,165.5046
366.0644,133.6788,69.6908,165.4082
368.5559,132.5506,68.3324,167.6645
366.7926,137.7854,68.2259,168.0947
370.5104,138.8168,68.0653,166.0319
370.5886,142.8006,67.9090,165.2741
372.6398,143.4545,67.3978,163.9664
374.7947,146.8384,66.6512,164.3253
374.9650,149.4969,66.3106,162.5635
375.4697,149.4335,65.3014,162.6903
375.8098,149.5134,64.6211,162.5305
375.8348,152.0902,64.5710,160.8699
375.8737,153.8190,64.4934,160.8806
375.7495,153.8207,64.7418,160.8772
375.1956,157.7825,65.8496,159.8967
376.6998,158.0096,66.3181,159.4425
378.3601,157.9816,66.4764,159.4984
379.8633,160.0433,66.9525,158.8575
381.5176,159.6510,67.1255,159.6421
382.8504,162.3313,67.9560,157.7775
384.2238,164.9853,68.6929,155.9534
384.2552,166.8114,68.6301,155.7715
385.5742,169.7406,69.4587,153.3797
386.9789,170.3876,70.0958,152.0858
386.7544,172.5716,70.5449,151.1566
385.8755,174.0020,72.3027,148.2959
385.0576,176.7465,73.9384,146.2289
382.9588,177.2615,74.7160,145.1989
382.9362,177.6941,74.7612,144.3337
383.3932,177.4255,73.8472,144.8708
383.6797,175.4625,73.2742,145.3981
384.0555,175.9584,72.5225,144.4064
384.4515,176.4341,71.7306,143.4551
384.8738,176.7121,70.8860,142.8990
385.2076,180.2199,70.2184,142.5206
385.2076,182.1618,70.2184,141.9383
383.6091,181.5006,70.1223,143.2608
383.5039,181.3191,70.3327,143.6236
383.6396,181.2162,70.0614,143.8295
381.7799,181.2802,70.4628,143.7015
379.8527,181.6168,70.9943,143.0282
379.6447,181.9585,71.4104,142.3448
377.1882,185.1158,73.0037,139.3498
373.1129,186.2728,74.5480,137.0358
370.8490,187.3708,75.7804,134.8398
368.6277,185.0421,76.9389,132.9290
367.1749,183.6929,76.5691,132.3519
366.2729,181.8211,75.1125,132.8349
367.4969,174.6168,72.6644,134.2713
368.4522,172.4870,70.7537,135.3084
369.3997,168.6075,68.8588,136.6574
370.2389,164.8621,67.1805,137.7639
370.8172,162.9931,66.0238,138.3225
369.7829,161.1785,64.9252,138.7845
370.3675,157.5816,63.7558,139.6686
370.9659,153.7117,62.5591,141.1138
369.8826,150.1575,61.5784,141.9277
368.4364,146.7193,61.3290,142.5205
368.4098,145.7319,61.3823,141.3494
368.2362,144.5490,61.7295,140.5854
368.1711,143.4578,61.8597,139.6427
368.1373,142.3138,61.9273,138.8173
369.8545,141.2851,61.5957,137.7718
371.6071,142.5407,61.1722,135.2607
378.4355,141.7219,59.6674,133.8602
380.6964,138.9464,58.1366,133.4288
380.7351,139.4279,58.0591,132.4660
366.8125,135.8707,59.4206,130.7523
366.7258,132.0441,59.5941,132.5222
374.5260,128.8573,58.8460,135.9253
384.4771,122.4506,59.9901,136.7122
387.4453,119.9199,63.1683,135.6974
395.5336,128.1439,65.4670,134.6454
394.0312,129.0253,68.4719,132.8825
391.8038,128.5607,72.9267,130.6816
363.7273,130.6501,71.9474,129.6769
364.8254,127.1684,69.7512,130.3553
365.5086,127.4982,68.3847,129.6958
366.1859,129.2615,67.0301,129.2509
366.4479,129.9270,66.5061,127.9199
365.7971,131.8196,64.7842,127.1582
364.4631,134.2401,64.4697,125.2998
362.8816,137.0490,64.6830,122.6317
359.7413,137.9943,65.1349,120.7412
359.7133,138.5015,65.1909,119.7268
358.3563,138.9495,65.0247,118.8308
357.1680,139.0813,64.5369,118.5672
356.1579,138.8541,63.7052,119.0215
355.1725,138.7399,62.8316,119.2500
354.2663,138.3845,61.8113,119.9608
353.0426,139.4661,61.4330,120.6232
353.2125,139.0422,61.0931,121.4711
353.5296,139.8306,60.4590,122.7296
353.7076,139.3945,60.1030,123.6020
354.0116,141.4970,59.4950,125.0958
354.1464,142.2891,59.2254,126.3723
352.5502,144.6709,59.5432,127.3578
351.1858,146.6158,59.3775,129.2571
351.1041,147.2960,59.5409,130.8158
349.2524,148.6839,60.2996,130.9847
348.8499,150.1890,61.1046,130.9352
348.5510,150.4432,61.7024,130.4267
348.4946,151.7820,61.8151,130.7259
348.2720,151.5075,62.2603,131.2749
348.0486,151.5682,62.7070,131.1536
347.8465,154.6347,63.1113,131.0305
346.2490,155.9041,63.2962,131.5019
346.3483,157.3211,63.0975,131.6882
346.4890,158.4802,62.8161,132.3896
346.6646,159.5310,62.4650,133.3130
346.7789,160.6864,62.2362,134.0344
345.4193,161.9184,61.9167,134.6090
345.4345,162.0709,61.8864,134.3040
345.4215,164.0622,61.9123,133.3580
345.6027,165.7931,61.5500,132.9193
342.9799,165.8766,60.7746,132.7525
343.2497,166.0385,60.2351,132.4287
343.4485,167.7280,59.8374,132.0299
343.8558,169.1933,59.0227,132.0670
344.4117,170.0989,57.9109,133.2096
343.5872,171.3311,56.6092,133.6960
344.1884,170.7762,55.4068,134.8058
343.0617,169.1594,54.7306,135.1098
342.0159,169.0733,53.9004,135.2821
340.7179,169.4332,53.5870,134.5622
340.5700,169.8486,53.8826,133.7314
338.8407,172.2554,54.4544,131.8047
337.2177,173.0726,54.8312,130.1703
336.7897,175.3127,55.6872,128.5426
333.6812,178.8498,56.2161,127.1563
331.8931,180.8232,56.9591,126.0426
328.6630,181.4845,57.7591,124.7201
327.1101,184.0330,58.0400,125.2729
322.4906,183.7334,58.7654,125.8720
322.6466,183.2018,58.4535,126.9352
322.5582,182.8674,58.6303,127.6041
320.7961,184.6251,59.2724,126.9708
319.4675,185.8988,59.0454,127.3074
316.5529,187.2681,59.1046,127.4540
315.5421,188.4610,58.2379,127.9564
314.2458,188.5760,57.9502,127.7263
310.5322,189.7747,56.7614,128.2009
311.0288,189.3239,55.7683,129.1025
309.8483,190.9778,55.2757,128.6483
305.9198,191.1712,54.6180,128.2614
304.7786,192.5682,54.0794,128.2884
300.6407,193.8658,53.9197,128.5051
299.4330,193.7026,53.5230,128.8315
296.7947,193.6607,53.1799,128.9153
295.4736,193.3056,53.0171,129.6255
291.3524,193.0319,52.8225,130.1728
289.8683,192.8826,52.9742,130.4715
288.5531,194.0474,52.7808,130.9656
284.3337,194.1111,52.7374,130.8382
284.5283,194.1787,52.3481,130.7030
277.7684,193.8520,51.7885,131.3565
277.9951,195.4270,51.3350,131.0216
278.0975,195.8746,51.1303,130.1265
272.8159,195.5756,50.5501,130.7245
272.9470,195.7429,50.2879,130.3900
270.0073,195.7863,50.6182,130.3031
267.0815,195.7794,50.9114,130.3170
265.4832,195.4664,51.3233,130.9430
261.1739,195.4132,51.5389,131.0493
260.7730,197.6801,52.3407,132.1284
252.8368,198.0654,54.0316,131.3578
252.5826,198.2766,54.5400,130.9355
250.9932,198.5990,54.8606,130.2907
244.7801,200.2157,55.8683,129.9118
244.9080,199.9380,55.6125,130.4673
241.7571,200.0173,56.1732,130.3087
240.1126,201.7744,56.5842,129.6725
238.4314,202.1940,57.0704,128.8332
232.4536,202.3831,57.5356,128.4550
232.5789,202.3218,57.2852,128.5778
229.6781,202.3746,57.3414,128.4722
226.8351,202.7131,57.2831,127.7951
225.9856,202.2231,56.1209,128.7751
224.0367,201.8211,54.3087,129.5792
