1
183.8088,19.1390,48.5039,37.8133
184.6434,21.3924,48.4102,37.7729
182.4830,23.2378,49.1677,37.1425
181.5520,25.2100,50.0205,36.4071
180.3962,27.4398,50.9478,35.9639
178.7563,28.8277,52.0960,35.6650
177.3843,29.7264,53.0067,35.2759
177.5838,31.5356,53.9829,35.1296
175.8476,32.4831,54.2248,35.3680
176.9568,35.1043,54.9521,35.3328
176.0031,37.9010,55.3151,35.3268
175.7921,38.2090,55.1720,35.1263
175.4559,40.3290,55.1570,34.9938
174.3886,41.0101,55.1444,34.8430
174.7786,41.3738,55.5325,34.6302
174.7558,42.9309,56.1380,34.6493
173.7544,44.1186,55.7547,35.2750
175.8629,45.8735,55.3907,35.3965
174.7443,46.4733,55.3970,35.3618
174.6084,47.2893,55.5521,35.5598
174.0373,48.5265,55.1166,35.7266
173.1473,50.6417,54.2788,36.1692
173.5600,51.8249,54.4546,36.1407
173.3285,53.0491,54.5583,35.8961
172.2601,54.7190,54.5333,35.8800
172.3237,55.7343,54.0701,36.0717
172.0348,57.2552,54.0704,35.8939
172.0663,57.8567,54.4654,35.5336
171.8315,59.4156,54.5605,35.4712
171.8030,59.3289,54.5214,35.3229
172.0578,59.9070,54.7745,35.3929
172.0063,60.3806,55.0616,35.1833
171.4798,60.2173,55.0192,34.9917
171.4416,59.3439,54.5463,35.1785
170.5786,58.9745,53.3311,35.5775
170.5483,59.4752,53.3538,35.4216
171.1468,59.7116,53.5815,35.4691
171.5402,59.4681,53.3807,35.5204
171.6785,58.7882,52.9883,35.5625
172.7477,58.4056,53.4172,35.5497
173.0382,58.4528,52.9513,35.7883
172.9387,59.2661,52.2372,36.1079
173.3218,59.0286,51.1694,36.3383
173.9091,59.0274,50.5378,36.5559
174.4560,59.0034,50.3725,36.5981
175.0554,59.0871,50.4169,36.7557
175.0833,58.5393,48.9826,37.5434
175.1818,58.5397,48.8406,37.6355
175.9391,59.0956,49.6522,37.2852
182.5900,56.8871,48.2423,38.0387
182.5489,57.4761,48.2319,37.4828
183.1815,57.3591,48.8023,37.0796
183.7796,57.6844,49.0896,36.9442
184.5093,57.1315,49.5055,36.8343
185.6904,56.3938,50.0107,36.5728
186.1285,55.3172,49.2753,36.8527
186.9045,56.0832,50.4728,35.8426
187.1900,55.6357,50.2042,35.7931
187.0458,53.8334,48.9778,36.6056
194.5058,51.4011,46.8722,37.0491
193.1816,51.1665,45.0868,37.3124
192.7251,50.3426,44.8254,37.0528
198.9291,49.7087,43.1793,37.6088
197.8567,49.4553,42.2304,37.3483
201.8119,48.3875,40.7572,37.8735
199.7957,49.3915,40.1595,37.6574
198.4581,49.3025,40.1333,37.2450
196.8720,49.1222,39.6080,37.5640
202.3850,48.5186,38.1949,37.9228
200.4786,49.4596,37.7964,37.8289
203.2583,48.8582,36.5652,37.9732
200.7686,49.3877,36.3229,38.0624
204.7690,49.5400,35.2296,38.2444
206.4792,48.8126,34.4426,38.3841
208.0024,48.1925,34.1179,38.4159
208.9379,48.0087,33.7886,38.5352
209.5011,49.6420,33.5468,38.1735
209.5648,49.7667,33.4096,37.8881
211.2605,49.3409,33.2554,37.4963
212.8242,49.4038,32.5079,37.4748
210.2284,49.4092,32.5005,37.3092
214.0688,49.3368,31.7814,37.4041
215.0359,50.4041,31.9119,36.7445
216.4951,50.3724,31.5964,36.5784
217.8139,49.3112,31.3241,36.2131
219.0529,48.7196,30.9730,35.8761
220.3136,48.4860,30.7066,35.5636
221.4863,48.5486,29.9714,35.7933
217.5507,48.4088,30.2487,35.4687
220.7033,47.4735,29.2162,36.1597
222.4889,47.3941,28.5538,36.1859
223.9419,46.8705,28.6053,35.9193
224.0568,45.2788,28.9988,36.0231
223.9260,43.8225,29.1018,36.1884
224.2795,45.2833,29.7176,36.0412
222.3091,45.0735,30.5077,35.2398
219.4062,43.5870,30.7518,35.7308
221.5572,41.9558,30.3717,36.7218
221.6160,40.9295,30.1762,37.1795
220.6271,38.9035,30.1712,37.3277
219.3341,36.5324,30.0525,37.8403
218.5159,35.1494,29.7969,37.9972
217.6530,32.6621,29.3648,38.2762
213.6026,31.6958,29.4633,37.9703
216.9886,30.9188,29.2479,38.1129
211.4600,28.2614,29.1706,37.8211
212.4732,29.1993,29.4365,37.6882
213.4974,27.6276,29.8570,37.6631
214.9653,26.4155,30.3835,37.8217
213.6118,23.7727,30.5477,38.0759
213.6389,23.1676,30.1158,39.0361
214.9958,21.8817,29.5488,40.1337
214.1182,17.1744,29.6072,40.2954
214.6342,16.2973,28.7736,41.1449
214.2570,15.7494,27.7188,42.2275
215.0852,15.9347,26.5337,44.0517
209.6795,12.6833,26.5611,44.1199
212.7986,11.8086,25.7615,44.5066
215.1570,10.1545,25.1916,44.6769
215.3943,10.1571,24.6539,44.9314
216.6470,7.4037,24.1838,45.4830
217.5200,7.0004,23.7130,46.1401
217.8813,4.7317,23.1287,47.0534
218.3663,5.3871,22.6288,47.6314
219.2259,3.5932,21.9674,48.1276
220.2458,1.9261,21.4109,48.4272
221.7099,2.2395,21.4252,47.3064
223.1458,2.6690,21.5642,46.2246
224.3535,2.7448,20.7462,46.5994
224.8426,1.2825,20.0940,47.2931
225.9979,4.6282,19.7680,47.1210
227.0119,6.3155,19.4884,47.1111
227.9107,2.8435,19.2429,47.3735
2
0
0
0
0
1
235.8171,17.9932,17.1771,48.2682
237.6651,17.8616,16.9020,49.4442
239.6043,17.7082,16.8291,49.7045
241.1588,18.2750,16.5198,49.4870
242.7518,17.9791,16.2138,49.6026
244.9793,20.2439,16.1412,50.2499
246.0939,20.7382,16.1656,50.1685
247.2032,19.1055,16.2019,50.4615
248.4029,18.5107,16.2236,50.1940
248.6235,17.2453,16.2777,49.7551
249.3541,16.5152,16.5995,49.2220
248.8212,15.5308,17.0592,48.5053
247.5700,14.5652,17.5489,47.3581
2
0
0
0
0
1
246.3123,99.9976,14.9970,44.0295
245.7464,99.6256,14.8819,45.6766
245.0239,98.8482,14.7595,47.6370
245.3335,98.5285,14.8853,49.0526
244.7950,102.5372,15.2664,49.8375
243.7376,104.8586,15.5261,50.8045
242.2691,102.8967,15.8711,50.6553
240.9749,105.6067,15.9725,52.1108
238.9875,107.5309,16.5666,52.6326
237.3370,110.5703,16.8528,53.8340
235.7261,114.9066,17.1293,55.1582
233.9042,119.7295,17.4368,56.8524
232.6224,124.0534,17.6525,58.8288
230.6898,128.9445,18.0461,60.7855
229.1648,132.9071,18.5681,61.7300
227.8523,128.1177,19.1087,63.0239
225.6017,132.8193,20.3953,63.1476
223.7447,128.7930,21.2683,63.8924
221.5131,131.9915,22.2892,64.0089
221.1097,126.6433,22.6900,65.3159
218.9338,133.3840,23.8320,65.4578
217.3579,137.8307,24.9387,64.5152
215.8199,141.0230,25.9598,64.4024
215.1584,144.4331,26.6284,64.7415
214.8311,145.5277,27.2396,65.1386
211.9666,147.3642,28.7605,64.0308
210.4853,152.2050,31.0613,62.0562
208.4345,152.9648,33.1366,60.8044
206.8858,156.4376,34.7474,60.7839
197.0648,157.5144,36.2029,59.5541
197.7658,160.7364,38.6439,57.7373
190.0291,163.4818,39.6449,56.0881
192.8556,166.5319,40.3896,54.5783
194.2807,166.9402,40.2970,54.7572
196.3536,168.3611,41.2866,54.1262
188.5062,170.5443,41.7607,53.2862
189.9767,169.5328,41.9424,53.3328
182.1672,171.0997,41.4235,53.5542
184.2045,171.4791,42.5900,52.3422
184.2146,171.4906,44.1315,52.4823
184.5126,170.8664,45.2702,53.1361
184.2132,170.8463,46.3038,53.9702
173.1131,170.6018,45.9178,54.5656
174.0609,172.0518,47.2508,54.9312
174.1548,172.6714,48.4692,56.3237
160.8787,174.6738,49.9283,56.6564
161.8177,174.0351,49.4652,59.4465
149.0329,175.6926,48.7561,61.2927
139.1296,175.1626,48.0545,62.8929
141.5671,177.3561,48.5018,63.1105
131.9850,180.0643,49.5327,62.8101
133.5021,182.8878,50.6021,62.7942
123.9498,184.6872,51.1752,62.6590
125.4455,184.8011,50.4455,63.7418
125.3560,185.3867,51.1643,64.6651
126.4784,185.6115,51.9526,65.5428
111.9349,186.7570,50.1380,68.3414
112.3824,187.6377,48.3020,70.9857
112.7910,186.6015,49.0399,70.8852
102.7168,191.6047,49.6366,71.5274
103.2141,191.4159,48.9393,72.4843
102.5975,191.7005,48.4976,73.1158
103.5213,193.3290,49.4762,72.3026
102.8686,193.6504,48.9301,73.5009
102.9442,194.0373,48.6056,74.2240
102.4935,194.5398,48.7794,74.4632
93.0957,197.2517,48.1468,75.6395
96.1308,199.6079,48.8364,74.9110
95.2426,198.8322,47.9735,76.4514
95.1052,196.4693,47.8608,77.5682
94.2392,196.4872,47.8291,78.2826
93.1449,199.6355,48.5130,78.3897
81.6125,204.3996,49.5290,78.7675
82.8142,204.7850,49.1383,79.8504
80.2721,205.8951,51.9771,77.1743
70.8922,209.5210,53.3692,75.8705
69.2150,211.4905,53.7555,76.0465
68.3160,210.9075,52.3870,77.7547
61.4272,210.2763,51.8342,78.9314
65.7468,208.1333,51.2953,79.6811
66.9472,195.4196,51.2201,81.6590
66.6136,199.2637,51.0121,83.1322
65.8477,201.5642,51.3453,83.4991
64.8906,202.8889,51.6447,83.6455
64.3358,203.6166,52.9278,82.3583
63.4458,203.0062,53.3607,82.5008
62.6281,200.3833,53.4120,83.2504
62.4145,198.9472,55.0463,82.6573
61.4795,196.3301,55.9375,82.2967
82.0622,178.3163,57.2130,81.9948
86.6597,181.4834,58.1009,82.2800
90.3454,181.7021,58.4598,81.9633
91.4093,180.2162,56.7681,83.9486
89.0437,180.9904,57.8535,83.5069
73.4902,180.7438,58.8320,83.5258
77.3651,179.3916,57.7026,85.1438
78.4344,178.5193,57.2060,85.6750
78.1347,178.3764,57.7274,85.6038
77.5384,177.6495,58.9290,84.3995
76.6054,177.1046,59.4986,83.9894
59.8539,180.0726,61.2830,82.1643
59.7419,181.2966,61.9447,81.6223
58.1859,183.0957,62.4177,81.0918
58.7652,183.3974,60.4677,82.5558
44.8947,184.0203,58.8313,83.3849
48.1213,185.1734,58.6231,83.7360
54.1841,185.3486,57.3083,84.7948
59.4795,185.9779,57.6712,84.3764
64.0978,186.6550,58.4713,83.1708
70.2730,186.4153,57.7036,82.9395
73.3542,173.1391,55.2775,83.5335
76.0812,175.9020,53.7287,84.2957
78.3280,177.3768,54.3825,81.7761
82.5754,177.7444,54.0936,80.0672
87.1404,176.8909,53.8858,78.7543
91.1862,175.5180,52.4086,78.0945
94.1902,175.2502,52.0851,76.4635
94.6753,176.7327,52.5664,74.2157
96.9878,177.8837,52.8187,72.3557
98.6536,178.7224,52.9098,70.8976
2
0
0
0
0
1
168.7714,218.9860,45.7569,42.2418
169.2261,216.7731,44.8653,42.3312
168.2093,215.2838,44.4717,42.8345
165.0607,219.7945,47.0615,40.0173
164.4954,217.0890,48.1575,39.1679
166.8152,214.9828,46.6928,40.9108
168.1853,213.1828,45.8142,43.3846
168.6417,211.1949,46.2250,44.8870
168.0767,209.0595,46.7870,46.3421
169.1082,206.4182,47.4322,48.6022
170.4271,204.5151,48.6141,50.8587
165.7927,211.5258,52.3660,48.3037
168.4291,207.0388,53.3308,50.4919
170.3121,203.7509,53.9448,53.4838
172.1212,209.4484,57.1704,51.8908
173.8421,204.7715,57.7067,53.8745
176.1037,200.5958,58.5180,56.0719
177.5037,206.3036,59.5780,55.7538
178.6096,201.4156,59.7618,57.6844
180.7888,205.6658,61.9451,55.9158
181.1741,200.6687,62.5029,57.5953
184.8930,207.6112,63.8689,56.6307
186.3064,201.6799,65.1083,57.9982
189.9097,207.1648,65.8620,57.6960
192.4599,205.8721,66.0946,57.3563
196.4321,202.6574,64.4499,58.6580
199.0499,199.8339,62.4292,60.4919
202.0481,196.5877,60.1507,62.9385
204.2709,194.1005,59.7058,63.6292
207.0692,192.4307,58.0389,65.9708
208.2682,190.8807,59.0693,65.6251
211.1721,187.7922,58.0501,67.8569
214.0423,185.0278,57.4315,69.8189
217.0422,182.0896,57.5087,71.2684
220.8877,182.1084,57.9511,72.9409
222.8421,181.6488,60.1289,72.4441
226.3283,181.4288,60.3784,74.0403
230.0895,181.1691,60.4256,75.6637
231.2764,175.0466,61.5885,76.0048
231.6766,178.1378,65.4503,72.9316
237.2393,170.5104,68.3560,72.3846
241.6566,174.5283,69.8299,71.0215
243.1378,175.3572,71.3286,69.4169
247.2330,175.1976,71.5538,69.2073
252.1915,165.5080,72.4573,70.1698
243.7331,172.4940,73.1818,70.4386
233.0382,178.4391,74.4507,70.3356
239.3747,178.7565,73.8717,69.5221
245.1519,177.7987,72.9377,69.2418
248.9381,176.4667,74.0106,68.5152
252.5025,173.6529,74.0062,68.8437
258.9670,171.2712,75.0268,68.6244
246.5599,159.1765,72.5549,70.7427
235.1171,168.5390,70.4111,74.3147
240.0432,170.9671,69.0604,76.1347
246.0055,161.1626,67.9512,79.2113
268.3806,148.7619,67.6741,79.1412
256.6562,158.1253,66.4810,81.5631
262.5000,150.2859,67.2861,82.3182
267.6572,158.8649,65.0839,85.1570
271.7602,150.6955,65.4137,85.6096
2
0
0
0
0
1
364.2540,124.8149,72.3565,62.2713
364.6943,122.7744,71.8012,62.7622
366.6845,125.8480,72.2263,63.5746
365.7239,122.8340,73.0904,63.6306
365.9824,120.3059,73.0866,63.9662
363.2593,125.1659,73.6506,64.7517
362.8657,121.7571,74.1910,64.8926
365.8659,121.4041,73.1575,65.4684
364.4464,120.1300,72.9343,65.2690
365.3676,116.6285,72.8151,64.8363
363.3878,119.7471,73.1912,64.3379
364.9549,115.8907,73.2239,63.6538
360.5012,117.5149,73.9072,62.6958
364.0891,113.1024,74.3531,62.2612
