1
159.1225,61.2618,49.2268,170.3260
161.2504,58.1153,52.3188,168.3097
161.7595,60.3841,54.1495,168.2848
162.2069,54.6234,55.9746,172.4928
162.5658,53.8482,57.6709,174.6724
161.2915,48.5478,58.8051,176.5361
161.5963,46.9963,59.7545,180.1005
158.3900,45.5197,61.0182,181.6140
157.6583,44.3624,61.9640,183.8990
153.7930,41.8110,61.6040,185.6748
151.8953,41.0264,62.4635,187.1062
148.5617,40.5188,62.8572,186.5747
147.5868,40.5583,63.8754,186.0898
144.1571,46.2808,63.3986,183.5656
142.0308,43.6878,63.4671,182.7119
139.2271,44.0691,62.9073,179.1710
140.0471,44.4830,61.7818,181.1145
138.5088,46.9212,62.3430,175.3947
138.0596,50.1463,62.0837,173.5445
140.1772,55.6111,61.8101,168.5265
139.5298,51.6968,60.3087,167.2587
142.0914,57.0664,60.4206,163.9225
143.0683,54.4061,59.4387,162.8867
142.6711,58.2681,59.6887,162.7115
143.2175,60.0421,60.0372,161.0839
144.1830,57.2447,59.0349,159.8429
142.7730,59.6781,58.2297,158.4568
141.7302,59.3532,56.2907,158.7372
142.0255,60.1445,55.1675,157.8182
142.3481,57.3227,53.4897,158.6711
143.1518,56.0648,52.4133,158.9520
142.2505,58.4159,51.9902,158.0329
142.1400,57.5763,51.2854,158.7493
141.4389,60.1144,50.5680,158.0544
141.1933,60.4696,49.8083,156.9570
139.6732,60.7232,50.1022,155.1391
139.7983,63.6053,50.2601,152.8860
138.1593,65.4646,50.8983,149.7246
139.3249,64.3959,50.9811,148.0064
137.1766,65.9047,50.9029,147.9685
136.7616,66.3831,50.8126,147.3488
138.3131,65.5745,51.1010,147.2171
138.2908,65.5180,51.2107,147.0758
139.6428,65.2893,51.7127,145.6117
140.1317,64.9100,52.4332,145.0034
140.3319,62.7544,52.1824,146.1769
140.8612,60.9999,51.8313,146.8941
141.1626,66.4457,51.3179,148.2319
142.0957,62.1522,51.1278,149.6394
144.9031,66.1952,51.1522,150.2728
144.8361,63.5396,50.6670,152.1937
148.7711,67.0483,50.8169,150.8997
147.3960,66.0105,50.6575,151.9514
150.6970,68.0452,51.3341,151.8667
150.7427,70.7351,52.0024,151.2695
151.2623,67.2084,52.1579,152.1210
149.7748,66.4878,52.2401,152.9486
156.5699,66.2318,50.7397,157.3972
156.7045,64.0377,51.0908,158.2238
161.3523,63.5577,52.7959,158.7847
161.3563,64.2501,53.6533,159.6747
168.0498,61.1324,55.1690,160.0807
166.0439,63.2395,55.9332,160.5125
169.3083,62.4529,57.9604,158.9359
170.2023,63.3501,58.2361,159.9163
168.7205,63.0793,59.0484,159.1927
170.1276,62.8473,58.8130,159.4367
176.1512,61.8941,59.6612,160.1631
180.2329,63.6546,60.4576,161.7877
183.5376,69.2051,61.4754,162.9204
181.5842,66.6258,62.2108,165.1976
188.8572,61.7975,61.7759,167.3637
189.3315,63.5628,62.4679,168.8577
192.5530,61.5493,61.4154,169.9497
193.0952,62.5152,61.4438,171.7874
197.0266,63.0760,61.2793,170.7607
196.5309,63.7743,62.1253,170.2152
207.9196,61.7106,62.7392,171.2486
210.3520,62.4535,62.8959,172.0282
213.0459,58.8628,62.4708,171.7987
213.0994,55.7403,62.7246,173.3800
215.0517,55.5977,61.3323,173.9828
212.1565,54.0887,60.8285,174.3018
215.1625,48.8714,61.0942,177.9649
215.4944,51.5370,61.5238,179.1876
216.0497,50.4355,61.4578,178.5328
215.0174,51.4059,61.3451,177.9341
213.9307,48.9353,62.3033,176.1064
213.8916,48.8042,62.1564,177.3133
214.8579,49.8202,62.3685,177.8427
214.3105,50.4631,62.7291,177.6619
210.2119,50.2905,63.8674,178.3703
209.3674,51.3787,64.3794,179.7456
209.5712,54.2399,65.1899,178.0730
209.4541,56.6450,64.9704,177.6093
206.4928,58.7318,68.0951,172.2440
204.5320,59.5112,69.7099,168.5894
197.9393,73.3142,74.8556,161.4665
199.9237,69.2311,76.3710,158.3828
202.9123,78.3100,76.6380,155.1852
203.9098,75.1063,75.6085,152.6013
202.9688,78.9583,74.5455,149.6465
200.5158,83.2772,75.4070,147.4658
198.4265,83.3429,75.8509,144.5781
198.3158,84.3160,80.7991,139.6611
194.6420,86.1105,86.4580,136.3525
192.8302,88.5472,88.9562,135.2341
191.6455,88.5755,89.1236,132.9569
189.2606,88.1964,89.5955,130.7759
190.2420,88.1140,91.1821,129.5481
189.0171,87.5506,93.1114,129.4462
191.7570,89.0899,91.4779,132.1392
189.0081,96.4955,91.6831,128.6285
187.7645,91.3335,91.5284,128.1750
201.5330,87.0235,85.7398,133.1063
208.2443,86.5506,81.4137,136.4596
206.8500,85.9790,80.4272,135.9486
203.0368,81.7323,81.2763,133.9715
198.4433,81.5589,80.7926,130.9597
184.7798,84.9341,79.8113,130.0114
171.2763,76.6284,77.9981,132.4047
155.5756,65.6545,78.9148,131.8915
156.9764,60.4114,74.9958,136.9513
161.0851,49.8421,69.7625,142.3787
155.8159,31.7964,68.7174,142.1704
150.4315,25.7645,69.2168,141.7738
151.9874,27.4465,69.7695,139.5112
146.0670,29.3801,72.1058,137.7287
142.6992,21.2100,70.8932,138.8461
138.6857,25.2512,71.7993,136.5564
141.8029,20.0030,69.0840,138.9193
143.6160,15.1353,67.0987,140.4058
146.6791,18.5701,65.7041,140.4708
147.9466,22.0353,64.9846,138.5755
151.2714,22.4921,64.4515,136.0217
156.6484,24.1722,63.0258,136.6500
162.0151,28.8666,60.8353,139.3046
170.8804,27.1787,59.4129,142.0241
179.1028,38.4179,59.6357,143.1923
185.1169,55.7723,59.9652,141.8284
192.0617,65.8241,61.9001,141.4195
201.5228,69.4684,63.2276,141.9507
210.2181,70.6549,60.7916,143.4821
218.8848,72.8157,58.3082,143.9854
226.8124,72.6741,57.2120,143.7959
229.6720,74.5947,57.8260,143.0782
231.7275,74.2698,59.4054,142.1337
238.6805,72.9351,59.1067,142.3418
244.7824,74.8166,58.2657,142.2654
243.4910,74.3681,58.9050,140.6544
249.7859,77.3996,61.0482,138.2824
252.4683,76.9109,63.9350,135.3623
251.9691,76.7409,64.7488,134.9951
249.5976,72.8855,64.6367,134.5830
248.3286,74.0523,63.9295,134.0373
246.5318,74.3338,62.9863,133.9561
244.5284,74.4111,61.5525,134.3960
244.9016,73.2459,60.2608,135.1801
246.3390,75.2090,58.8972,136.1768
246.6762,75.8969,56.8529,137.5115
244.6658,73.8235,56.1352,137.8426
244.0611,74.8703,56.2245,138.9647
242.7757,72.2658,56.0623,141.6952
239.7596,72.8400,57.2971,144.0021
234.8872,71.0212,59.1780,145.8069
224.5460,67.5502,62.4291,145.6705
215.0539,60.8212,63.5808,147.4793
206.2946,60.7723,64.8021,148.4932
199.2042,61.5267,66.6016,148.5963
193.2571,58.7550,66.5806,152.4944
189.5070,57.2336,66.2069,156.9078
183.6205,55.9498,67.6071,161.2578
177.7691,54.5714,69.4863,165.3106
174.2761,57.1263,71.1723,168.9413
170.1234,57.2748,72.7334,170.0654
167.6732,59.7863,73.4276,171.5179
169.4336,57.9721,74.0200,174.2940
168.3043,61.7472,74.3506,174.1630
167.1749,63.2327,74.7315,173.8618
167.8953,65.0356,75.5021,173.1152
165.2253,67.6366,75.8062,171.0719
166.1797,68.8584,77.0389,166.8848
164.9735,73.5796,78.0665,162.4503
165.4830,74.6296,78.8023,160.0375
163.6120,77.6135,80.4958,155.5518
162.5367,90.7069,83.1474,149.6868
164.3888,85.7790,85.8649,144.1488
164.8145,95.7439,88.4151,140.3639
163.8491,94.2928,85.6961,138.3873
164.0513,99.0905,83.3288,136.6255
165.4483,97.2578,82.6059,134.4720
169.7848,101.0839,85.2099,129.9905
175.9744,91.9733,85.9969,129.0477
174.9089,102.5943,86.6041,128.2887
179.9491,91.7812,86.5352,130.6042
177.7949,97.2249,85.0601,131.9839
179.8835,92.4949,81.3916,134.9919
178.3646,96.4822,79.3721,135.6426
182.0756,93.0748,76.7002,136.6290
182.0332,96.7388,76.4558,135.9491
184.3468,90.9217,76.6258,136.7430
185.0490,90.7802,78.8466,134.7621
185.3170,91.2819,81.1475,133.3830
184.2932,92.1678,86.2779,131.4793
185.4829,92.3049,90.9407,130.6695
188.9254,89.3721,96.6286,129.7695
192.1737,99.9221,104.3190,127.1777
196.2193,88.5398,106.2977,130.7654
195.0321,97.6219,111.7439,129.0653
197.3852,94.1531,112.7394,132.5906
201.4926,88.1771,111.4240,137.9338
207.5322,81.5664,108.9762,142.1453
214.7914,77.1298,103.3422,148.0815
218.9120,75.1962,98.7515,153.9382
219.3115,68.5992,95.5322,159.3959
219.0050,64.1826,94.1577,162.4369
216.8059,64.4722,92.7641,165.4846
215.8485,53.4008,89.8972,169.9514
214.2349,52.7929,88.4519,173.5982
214.0599,47.3624,88.1560,176.6844
210.1858,45.9152,88.8352,179.0929
206.8165,42.8127,87.5300,180.7368
204.8777,41.4469,87.9214,182.4557
204.0360,43.5526,87.8986,185.0317
199.2356,40.8567,87.7663,184.4017
199.1374,44.5373,87.9976,182.0832
197.6778,45.9903,91.1683,176.4758
198.2437,47.5487,92.1418,173.9276
196.4906,52.0328,96.6912,168.2282
195.2954,55.5262,102.8502,161.9711
195.7356,61.0957,107.3087,158.0266
194.2735,62.2665,109.5483,155.7684
194.4678,64.9414,112.9430,152.6400
193.8193,68.2196,114.8969,150.0573
193.9451,69.5270,117.4301,146.8791
194.0454,73.7962,119.7845,143.6467
197.0022,78.0582,121.7865,140.7124
191.6586,81.1497,124.8181,137.0838
197.6910,87.1991,125.1190,136.3358
193.6193,88.4716,124.4392,135.4634
185.5250,91.5031,125.0929,133.2211
191.1285,88.6877,120.8800,135.2883
194.4258,93.7651,115.8214,135.7746
196.6597,95.4720,110.6409,135.6485
199.7140,95.3001,105.6527,134.6466
197.8143,93.4218,102.5465,133.1590
196.6618,97.7556,102.3725,131.0620
199.7099,93.8150,100.1589,132.2700
201.9884,97.7119,101.0541,132.9585
201.7665,96.7290,101.4079,133.6892
199.4047,94.5766,103.4616,134.2908
198.3608,93.3422,102.6988,137.8638
192.7532,83.0217,96.4444,144.3089
194.0606,79.7619,89.8412,150.0444
196.4916,77.5692,86.0588,153.4380
193.6504,79.5484,86.4581,153.0316
195.5995,74.4510,83.6174,155.8914
197.0553,73.2816,80.9359,159.0104
197.7910,73.0357,79.7952,161.4482
198.5498,70.2982,77.7487,163.3738
197.4866,67.5841,77.6053,163.8844
195.2992,66.2969,78.5510,165.4885
194.4584,61.9220,78.5915,167.8374
193.1008,61.1623,78.4971,171.8377
183.1619,53.5086,78.8055,173.7866
180.6968,53.9617,77.3056,178.1507
182.8545,53.6965,75.1904,179.0470
185.3766,52.4073,73.0085,182.2398
186.7612,52.2056,71.0843,181.6417
185.3279,55.5937,71.6579,181.2003
189.7563,58.3302,73.6258,179.1759
193.5070,60.7865,75.1699,176.9424
192.6023,63.2875,74.7639,175.6898
194.9046,59.7125,72.4760,175.5125
196.3563,59.1076,69.5880,174.7872
199.2391,60.5814,67.6949,174.0992
198.0476,65.5941,67.8238,171.4139
197.3509,74.9459,67.1856,166.8993
195.9908,74.8085,67.0711,167.8103
196.7650,74.2468,66.5275,167.2213
202.0947,83.7166,69.9677,163.1741
200.5553,76.8491,69.5452,161.5331
198.3272,77.5218,70.0796,161.8503
193.4664,81.5727,72.9134,158.6674
191.9476,78.4110,72.1820,158.5216
192.6850,80.9938,72.9053,157.8940
192.4927,79.9943,75.7213,157.2581
191.2503,79.4755,80.9194,155.1152
188.5222,77.9492,85.3409,154.6885
192.3680,73.7097,81.9511,158.3682
196.8189,71.7320,79.2575,161.3599
199.0716,66.6907,76.2467,166.2150
204.5134,65.8374,75.9506,167.2219
200.5047,68.4071,74.8456,166.4830
203.6912,68.6406,74.4651,164.6427
204.0168,67.5179,74.2834,163.8123
204.1229,69.1029,74.8807,163.0790
205.6030,68.6311,74.0754,163.8069
190.6383,64.0424,75.4486,165.8471
199.7066,65.0406,75.7619,164.5880
200.8100,65.0904,75.5788,166.6617
201.9421,64.5771,75.0282,168.3786
206.4713,62.6192,73.4503,169.2728
209.5327,61.8100,72.4523,169.9025
210.3349,61.0441,71.7305,170.2066
210.5667,57.1277,69.8341,171.5668
211.0451,56.7558,68.0069,172.9505
211.1471,56.4830,66.7931,174.1047
211.4108,56.2583,66.2171,174.6105
210.2040,56.2383,65.1986,175.5845
210.4945,54.1902,65.1624,177.8092
211.2595,52.0373,64.1709,179.5640
212.4731,52.4599,63.5742,180.3013
214.8042,50.8254,63.5750,180.5935
219.9065,51.7050,64.0421,181.1235
218.0365,50.0283,64.8489,183.0394
218.9538,46.5125,66.0269,183.8835
216.0710,43.0241,66.5889,186.7567
213.3427,47.9295,66.8101,185.9744
212.7445,45.0015,67.0237,188.1492
212.9748,45.7880,67.1967,189.0650
211.3330,47.4148,67.7002,186.9102
207.6517,46.7286,69.0958,187.1811
204.7256,44.7710,69.9401,189.1472
202.8233,47.0865,69.6369,188.9248
203.8634,44.3055,68.7477,190.0024
206.2945,49.5778,69.3619,187.7414
207.4973,49.7172,69.5885,188.0751
206.4195,47.1690,69.2864,189.4343
206.1008,50.6000,70.7777,188.2928
206.2853,53.5095,72.9363,187.1678
204.9534,57.1595,74.8218,185.2717
204.0895,58.6872,73.8297,184.4091
201.9219,61.8829,73.1963,183.0477
201.2737,56.3837,71.8412,184.7623
203.4289,56.8302,70.9589,184.2486
205.0998,60.2325,71.7501,181.5674
208.0738,54.3434,70.1030,182.6442
210.3030,52.7216,69.9158,184.6035
211.7840,49.5971,70.4529,186.6332
214.9027,52.2126,72.8115,184.8339
216.7962,56.1399,75.3353,184.4932
218.1035,60.9162,77.6093,183.5139
220.0082,63.0268,79.1940,182.1735
222.8953,63.8068,80.8504,180.4536
226.1683,66.5931,82.3755,179.3645
227.4756,68.2167,83.5840,177.8515
227.8810,73.3802,84.7071,175.7350
230.8159,62.2325,82.8887,178.2183
239.2843,57.1700,80.0624,182.7396
243.8017,50.6998,78.5188,185.9458
244.2396,47.6578,76.3156,188.7328
247.5013,47.9174,75.6713,188.8962
250.5916,43.2151,73.5508,191.3336
254.4523,42.2711,72.6934,192.3351
258.3610,42.8417,72.9607,192.5843
259.3843,44.9352,73.2014,192.9095
261.1313,45.1572,72.6472,193.7355
264.4529,43.4630,71.6290,194.5193
265.6045,38.0750,71.4526,197.5117
265.6059,35.8442,71.3631,201.1738
263.8511,34.0521,71.0777,204.0127
262.1299,29.3495,70.7794,206.5413
259.2443,25.8513,69.9401,208.5305
255.3669,24.5279,69.2837,211.4692
249.5350,26.0051,69.1009,213.7736
246.3694,25.4853,69.9795,215.0535
239.8186,27.3749,69.6466,216.5274
232.1458,29.2284,69.9332,216.1120
225.8989,30.7737,72.3806,212.4903
216.7175,35.4561,75.2800,208.9346
209.1166,40.6830,78.2020,203.8135
207.1373,38.1239,81.0601,200.0445
203.3341,40.2323,82.0963,200.4257
201.4163,40.2635,82.7893,200.7713
193.9330,36.8172,83.3965,200.5642
185.0982,35.5671,85.3747,201.1614
179.5415,29.3538,87.7940,201.7582
173.5991,28.3195,91.3085,199.9043
167.7218,27.5412,94.6039,197.1841
165.1023,29.4074,94.5475,194.6480
163.3035,29.8043,92.8970,192.3332
161.1852,30.9215,90.3746,189.5577
157.7263,34.6554,87.9824,188.1437
149.7906,39.1175,88.3485,185.7420
143.6428,44.8805,89.9356,184.0361
141.4840,46.9113,90.9199,181.7883
138.9731,55.2465,93.0212,178.1357
140.0586,54.3860,92.5421,174.3715
145.3683,49.6765,90.9562,175.1233
147.4060,58.3828,90.3299,174.1762
148.1765,54.8154,89.3927,172.0226
149.1800,52.5549,87.6789,172.6596
149.3128,54.7776,86.7992,172.8653
149.8324,51.6339,87.1745,174.1133
151.6436,47.8233,86.8611,176.3761
152.3695,43.1633,85.3438,179.4932
152.6324,46.0124,84.1636,181.0022
150.0759,50.9426,83.2637,179.4533
148.2172,54.9028,82.1016,177.2450
146.0507,49.8805,82.0350,176.6148
151.8100,57.1322,81.2777,175.2211
150.2810,58.2843,80.6118,173.2222
146.2937,47.5286,80.3557,175.2682
144.5949,53.1237,81.6951,175.4431
144.8814,53.7933,80.9649,178.5070
146.9338,49.1117,79.9109,181.0345
145.9014,43.5911,79.6893,182.6634
144.2548,42.5976,82.8176,181.2680
142.1290,40.1989,83.3029,181.9130
150.1651,35.0407,81.0014,185.8269
150.5377,37.1917,80.6545,186.5934
151.7223,36.5549,79.9959,188.9847
151.3136,39.5973,79.2869,190.9165
154.2626,41.9531,78.9737,193.3608
153.5977,46.2674,78.3713,193.6703
154.0514,45.4940,76.6450,193.3412
155.4310,52.0422,75.4883,190.9181
154.1102,56.1695,73.8059,187.4063
154.4901,58.4327,73.6410,183.5233
154.3759,59.3083,75.1194,179.5289
154.9211,58.4126,78.2092,179.4787
152.1783,61.2048,80.3335,176.8815
150.0618,65.7543,82.3918,172.5567
148.2647,82.1670,84.0659,165.8909
142.7944,83.0327,86.5188,158.9954
142.4749,82.4926,85.3793,156.5872
141.8805,84.1813,84.5544,154.2861
140.1203,88.5868,83.8777,153.3147
138.8077,85.2377,82.8627,152.9469
137.9942,85.7922,81.5800,153.6472
137.9288,85.9655,81.2839,154.0534
139.8403,93.5428,81.5133,152.5962
145.0014,90.3065,79.8103,151.8366
150.5142,87.2474,76.6200,153.8768
158.5598,82.8282,72.4822,158.6543
165.2779,79.4527,69.4131,162.3065
172.8647,73.1894,65.5406,166.0457
176.4484,75.8014,65.1470,166.3410
181.8119,75.0786,64.7836,167.0929
184.3212,76.5467,63.4174,163.5318
185.5126,79.4006,65.1470,159.3561
188.1162,83.8826,65.8211,153.6550
187.0899,86.6054,68.9611,149.6551
187.5292,86.9004,71.1248,146.3375
186.8337,87.7379,72.2443,143.7003
189.1778,87.3782,70.9850,143.1065
192.9153,86.7525,70.3192,141.5775
195.2852,86.4921,68.8371,140.1038
196.6233,87.3666,66.2931,138.1137
201.3499,87.9187,62.4094,137.2188
207.1727,90.1368,57.3144,139.2200
212.3132,89.8524,54.4336,141.5148
217.4861,90.0108,52.9969,140.0478
220.6259,91.1041,51.2761,140.2218
222.1401,86.7288,50.1173,142.2811
227.5775,83.9123,49.9057,143.6743
227.3376,84.4150,52.2674,142.2976
227.0290,83.6940,54.2851,141.3711
228.7392,80.7667,54.6963,141.5359
232.1354,77.3090,54.6923,140.5810
237.3300,79.8011,55.3371,141.4866
238.5298,77.3894,55.5522,140.7388
237.2805,77.2019,54.8633,142.6763
234.9938,76.2418,54.0119,144.5014
231.8833,75.2895,52.9762,145.1692
230.2503,75.1731,51.1899,145.6875
216.4808,69.6021,52.2360,148.7354
219.3304,68.3377,50.5550,148.7699
216.3605,71.6393,50.1970,148.5115
212.9070,74.8136,49.3854,148.5971
208.3295,78.2075,49.9510,146.2171
204.2652,82.4292,49.6253,144.7833
202.0818,83.4981,50.0206,141.6438
201.5467,84.2516,50.3452,139.5768
199.7184,86.2189,51.3690,137.0025
197.0372,90.0376,52.7508,133.0744
192.8707,93.6364,54.4445,128.2136
190.8819,99.4473,55.5404,123.7004
188.7922,96.1623,56.4721,121.9262
186.5258,94.7046,58.0256,121.1774
191.2890,94.9001,57.9488,120.2902
191.7010,96.6841,58.3179,119.1864
189.1195,93.8588,57.1446,119.2030
186.9266,95.4286,56.3559,116.3442
182.7393,95.7766,55.7216,114.0659
181.2775,101.1764,55.0979,111.5554
186.1751,102.2238,53.2224,110.9752
185.5553,103.1230,51.4388,110.6961
185.4705,104.7331,51.5407,109.3589
187.0450,107.5225,51.6800,107.4571
186.4955,111.9132,51.8560,106.6530
189.6385,112.2785,50.7836,106.3470
192.6697,111.6057,48.6545,107.1904
193.2312,111.8594,47.1910,107.4270
190.1085,107.6288,47.0675,107.2732
189.3994,108.7735,46.5776,108.3507
192.3352,107.0019,44.8094,109.6721
194.7054,111.0781,44.9297,108.8408
196.5055,116.7506,45.3864,107.5351
200.7081,117.4919,45.6231,105.9972
201.4638,115.4556,46.1690,106.1546
201.8987,114.0366,46.1412,105.5517
206.4484,119.9205,46.8293,102.1541
206.5688,121.5443,48.9864,98.1463
205.4563,120.3283,49.4549,96.2242
206.9491,121.1442,49.8951,94.3637
206.3834,119.1938,49.3417,94.6919
204.5486,116.7940,48.9388,95.8844
203.0924,113.4264,47.7024,97.4855
200.4489,110.6227,47.3298,98.1615
197.7580,108.1468,46.9167,98.5263
194.0574,100.6088,46.1063,100.2465
193.3103,97.6138,45.8736,102.4102
182.8479,92.4482,46.9114,104.7295
190.1954,90.7006,46.6705,109.5702
193.6380,86.7368,45.9946,115.8486
194.9015,85.1636,45.3851,120.2936
194.8221,79.8379,44.4691,125.8532
193.3904,81.9344,44.5337,129.9251
192.3634,77.2237,44.2944,132.6652
194.1687,73.5577,45.2634,135.4774
194.6328,65.7260,46.1990,136.8358
196.7613,70.2771,47.2655,138.3940
194.9772,69.3600,48.5461,137.9203
196.7092,71.5734,50.1267,136.8796
200.8367,71.7732,50.6497,136.0730
201.6597,69.9696,51.3350,135.9640
204.5462,67.1138,52.8734,135.3481
207.5455,72.0968,56.7485,134.0603
205.0834,77.3254,61.8008,131.1118
206.5054,76.1140,67.9991,127.6088
210.5865,77.2679,73.6221,124.3880
216.5465,69.9283,75.0698,124.6564
223.9624,57.4752,72.3572,132.0180
223.5703,64.7312,73.8652,134.3023
229.2354,55.6914,73.1598,138.1635
229.7517,58.3698,73.6973,138.4618
233.6410,61.7834,74.9674,137.6221
234.7986,63.7461,75.7385,135.9568
235.0204,57.7521,76.4188,135.5105
239.5993,57.1168,76.5230,135.5687
244.0772,64.7708,76.8736,135.6057
251.5055,64.8604,74.4468,135.3941
257.0325,68.1747,72.2075,134.5534
261.0222,66.7708,69.9834,134.8164
263.1939,63.6071,67.5714,135.2280
266.6320,69.0906,66.6246,134.3895
270.5734,70.1328,65.5421,132.4682
270.5557,67.2770,64.1845,132.4894
272.3290,67.1036,64.7606,129.3665
273.0830,65.0766,63.9914,129.2385
273.4777,58.9915,62.9540,128.7699
273.9047,52.9075,61.4645,129.7464
275.4087,52.8968,60.5529,130.7301
276.9086,54.6901,60.0261,130.6828
274.2851,52.3097,58.6952,131.9590
274.3619,52.8287,56.8243,134.0741
272.9458,51.3349,54.7987,138.1361
273.0465,53.3986,53.4195,142.2309
271.6071,56.3242,52.2915,146.7322
271.4817,59.1876,51.5069,150.4423
271.4206,59.3206,51.1850,154.0679
267.6622,61.6066,51.9253,158.3237
265.4802,60.5293,53.5768,157.9571
260.6367,59.3382,56.8628,158.3050
253.3495,56.8334,61.0643,159.8049
248.9133,51.4569,64.8838,161.9702
240.5988,52.3118,70.8034,161.4569
234.7550,52.5452,73.4783,163.4882
229.7698,46.8256,76.3375,161.9622
223.3394,50.6203,77.3322,162.3844
203.6318,56.7170,78.2921,166.6523
204.1202,45.9557,79.0317,169.2919
195.1284,51.8894,81.2918,171.6939
191.1062,40.8842,78.5302,180.9366
185.1211,35.5686,75.0636,191.0295
174.1207,29.2809,74.0566,196.6916
163.6548,23.4081,73.5566,201.0932
156.1527,24.3614,74.4892,209.3722
146.0671,12.2380,75.8335,213.6867
135.3272,5.6378,76.4276,222.3777
122.6391,-0.6100,77.4327,229.8102
111.1761,-1.6358,77.4654,237.5094
103.8920,3.3798,78.5410,243.7796
95.3109,-0.0768,80.4616,244.2972
84.9254,12.3765,84.2640,244.0569
81.1720,17.9542,87.2139,244.0133
74.3572,25.6322,90.2315,245.1799
72.1735,33.8936,92.0643,246.7726
66.9292,41.0215,93.6561,245.6401
63.7052,42.1330,95.5025,243.9538
61.7992,39.9583,98.7443,238.1407
55.7090,51.0113,101.7916,228.1244
60.4119,54.6881,104.9420,218.6108
55.2055,67.0747,107.8648,209.3754
57.7794,65.9916,108.0383,204.3898
53.9411,81.3001,108.8307,195.9158
52.2702,77.3180,109.5819,189.6987
50.5891,86.9223,112.8512,181.6359
50.6879,83.2782,112.9856,176.6357
49.1774,94.9628,111.9237,171.8343
47.6874,103.0484,111.8936,166.9526
45.5993,99.2503,115.0173,161.5640
44.4000,108.7194,117.0799,156.4687
47.6985,99.1692,118.1399,151.0280
47.8639,107.8063,118.5173,146.1828
62.8821,98.9747,120.8806,142.1765
56.0113,108.5236,121.0108,137.9174
58.7869,95.7847,119.1751,136.5408
59.0791,104.6277,117.9877,133.6590
78.9293,93.7812,114.8875,134.8071
74.5942,88.8803,113.1425,135.5764
78.5414,96.8833,109.0604,133.2650
81.1175,93.5150,104.8821,131.0270
85.5159,88.1767,102.1024,128.6353
86.9980,87.7269,98.0913,127.7633
97.3394,85.0686,98.9493,125.0875
92.3788,94.3761,97.9912,122.1684
92.1563,91.1082,99.0277,119.8551
90.6963,94.2845,99.9415,119.5552
89.6717,91.6827,101.5623,117.3948
90.0452,95.8920,101.3466,117.8611
90.9512,90.7571,99.6683,116.5812
92.5746,91.2283,99.3128,114.8705
99.8262,87.8771,95.5694,114.7698
101.1693,88.5955,93.1540,113.2928
104.0701,84.7719,90.5192,112.2743
105.6265,89.1528,87.5567,111.2445
110.5965,89.5400,85.7758,112.0814
109.7488,90.9426,83.2289,110.5229
114.5610,92.1275,80.4916,110.3956
117.7833,93.2119,78.2880,110.2069
122.3620,87.8330,74.8943,111.5039
125.6609,87.6054,70.7137,113.9441
131.3316,86.4462,69.0901,110.9364
122.9075,86.3539,69.5763,111.7522
133.7553,81.0873,68.9622,113.5917
141.0285,78.1845,66.4137,115.4669
144.1686,79.4337,63.6928,115.4619
146.7858,76.8468,62.0783,116.0380
146.2862,86.8352,65.6044,111.7496
143.9103,84.4453,67.2045,109.3599
149.1357,89.8825,70.2751,106.8409
148.1915,87.8678,69.4252,107.8641
154.4213,92.9033,70.8435,107.6022
154.2164,91.0324,74.3185,104.6532
156.7452,89.3637,75.1650,106.0473
157.7464,91.8932,75.3179,107.5453
166.3852,84.4170,74.9578,109.9448
170.0873,81.7911,71.2654,113.2030
176.4893,77.7324,67.7635,115.4085
180.1809,75.9158,65.0106,117.2374
179.0014,76.7262,63.4628,118.5381
177.5151,77.8271,63.1939,119.0997
176.8888,72.3956,62.1580,124.1366
174.5581,75.1124,63.5424,126.6736
174.3598,70.5454,62.8384,129.4357
173.6740,69.2199,63.1077,132.4029
161.6963,63.6494,63.4716,134.5703
