1
162.7806,55.1461,48.0569,173.7010
163.3519,54.8936,50.2635,174.2059
164.1395,54.5052,52.0860,174.9828
165.2732,53.9069,53.2610,176.1793
164.7419,53.1599,54.3236,177.6734
164.5145,51.0628,54.7785,178.3455
164.2086,50.6199,55.3902,179.2314
164.7415,44.4545,54.3243,180.8706
165.0261,43.9336,53.7551,181.9125
163.5717,43.9682,53.0924,181.8433
163.7429,43.7415,52.7501,182.2968
160.5102,42.2495,52.0992,181.7226
160.5445,44.6913,52.0305,180.3769
154.0514,45.1649,50.9462,179.4295
156.1713,45.3637,50.1903,179.0321
149.8649,48.5858,48.9459,176.0522
150.1790,49.3181,48.3177,174.5876
150.5763,49.5876,47.5230,174.0486
149.1965,50.0368,46.9385,173.1502
149.4151,50.2083,46.5013,172.8072
149.5550,52.0851,46.2216,172.3609
149.5935,54.3955,46.1446,171.0360
151.1447,54.9663,46.3180,169.8943
150.5880,58.4216,47.4314,166.2466
148.7677,59.7633,47.8397,163.5633
148.8726,60.2422,47.6298,162.6054
148.9669,60.7090,47.4412,161.6718
149.1930,60.7377,46.9889,161.6145
149.3185,60.9231,46.7380,161.2437
148.0401,59.4396,46.1461,161.0619
148.2842,61.0043,45.6578,161.0676
148.2220,61.5680,45.7822,159.9402
148.2286,61.8864,45.7690,159.3034
146.3008,62.6525,46.5214,157.7713
144.5723,64.5633,46.8827,157.0453
142.3125,65.6497,48.3103,154.8725
141.9767,66.5118,48.9819,153.1482
140.2794,67.0386,49.3007,152.0947
138.7713,68.8720,49.2503,151.4946
138.3996,70.9384,49.9937,150.4189
136.5927,73.0232,50.5521,149.3047
134.5195,74.1306,51.6487,147.0898
133.9813,73.0455,52.7252,146.2219
133.7790,75.1123,53.1297,145.1335
133.5936,75.9851,53.5005,143.3880
133.6352,77.1028,53.4174,144.1712
133.5308,76.9261,53.6261,144.5247
137.2513,77.8337,52.2597,148.7840
137.7697,71.7615,51.2229,151.7081
147.4071,68.0851,50.5257,152.8683
148.8009,65.0556,50.8381,152.7274
142.6177,68.3944,50.7897,152.2573
144.1808,65.4302,50.7595,151.9933
149.5186,65.9629,52.4514,150.9278
150.1534,66.5919,54.2893,149.6700
151.5035,74.2133,54.7121,150.0417
152.9670,76.1390,54.9209,149.3261
158.1142,76.8011,54.0148,151.1313
158.3558,74.4109,53.5317,152.7729
161.9781,80.7583,55.7475,152.6922
161.2667,77.2962,57.1703,153.2313
170.1180,66.8994,58.8233,154.6694
169.2772,71.4479,60.5048,155.4012
170.6254,67.4288,61.1254,156.8056
172.0144,67.2054,61.6956,157.2524
175.8898,76.0501,64.0395,156.3875
173.3047,74.3340,65.8156,156.4255
181.5091,76.0421,66.5386,156.4355
179.7278,77.3973,66.6619,157.1644
190.0115,80.2339,66.8066,158.3954
185.9158,78.1344,68.0533,159.1220
189.6185,73.5105,67.6578,161.3599
189.8929,72.5910,67.1089,163.1988
191.5503,70.5017,67.3413,163.8304
191.4761,68.5578,67.4898,164.1577
204.5628,77.5287,66.2901,164.0544
203.2429,77.7666,65.3851,163.5787
205.4782,58.5421,64.4364,166.8091
205.7606,59.3096,63.8716,168.8255
213.2698,50.6031,63.1337,171.9580
215.0901,55.2761,63.0949,173.4170
215.3247,46.8420,62.6256,175.7977
215.6197,49.5624,62.0356,177.6517
217.9940,55.7732,60.9502,179.8829
218.3561,51.4806,60.2259,181.1177
218.8371,46.8200,59.2639,183.0797
219.1786,46.2286,58.5809,184.2626
220.7861,40.4039,59.0600,184.8298
220.5915,43.5556,59.4492,185.9483
220.5649,45.7859,59.5025,185.2217
222.1732,42.6220,60.0105,184.1001
218.2133,55.4656,60.4943,180.7211
214.6178,54.6266,60.3276,178.7202
213.7037,58.1569,62.1558,175.3069
213.0583,59.7895,63.4467,172.0418
206.2982,69.9478,66.1411,166.1593
203.4587,71.9529,68.2477,162.1492
206.6235,74.9070,72.5745,156.2410
199.6348,77.1039,75.9239,151.8471
175.3514,91.0398,85.5862,145.1960
167.1496,93.7785,94.7820,139.7187
167.2816,94.4462,101.8698,134.7072
173.5407,96.2744,104.2182,131.0508
163.2594,97.9022,109.9849,127.7953
160.9156,99.1432,114.6724,125.3133
154.4505,100.2183,120.0458,123.1630
153.9240,100.9847,124.9288,121.6302
157.7248,101.5025,128.9755,120.5946
167.5164,98.8411,125.1111,121.9879
173.1088,97.9198,121.7087,123.8304
170.1439,95.9095,119.9049,123.9843
162.7566,91.9542,119.3170,124.2136
167.3733,94.2319,117.7536,123.4932
179.3610,91.6825,112.7725,124.7930
187.7707,89.3178,107.1732,125.7825
204.1144,87.0942,100.1453,130.2295
206.3347,85.9509,95.7047,132.5162
204.3666,81.7549,92.4763,133.7436
199.6166,71.9692,87.7857,135.5767
187.1010,65.3472,84.8383,138.3286
178.2882,57.0560,81.5291,140.9546
168.6252,48.3149,80.0214,141.0752
151.2774,37.2567,83.6806,135.6038
150.6878,36.1401,81.4308,134.4080
148.8312,30.5154,78.3973,135.5375
149.5104,25.8154,77.0389,134.9208
150.1730,23.0625,75.7138,133.8133
153.9780,29.4431,74.6394,134.1230
145.3629,24.2532,72.3451,134.7406
144.5942,23.9653,70.6586,135.3166
147.3542,23.7120,68.3420,135.8230
149.9428,18.2360,66.3357,137.2621
150.9809,20.3738,64.2595,139.3011
155.3225,26.5996,61.8778,139.4524
157.7752,28.3294,60.0836,139.1039
161.9826,25.6448,57.8178,144.4731
169.4755,23.8166,55.2790,148.1296
176.2897,33.3997,54.1256,150.7944
183.6911,41.3022,55.0030,153.8057
194.2390,45.0411,56.2719,152.7179
203.1350,56.1596,57.6942,152.8975
206.9941,58.0020,59.6677,152.4432
212.4942,60.1768,61.7054,151.3530
219.1133,62.3484,61.5879,150.2900
226.5476,62.0829,59.7701,150.8211
231.6154,65.1356,59.3484,151.1915
236.3069,67.7956,59.6727,149.1073
242.8543,70.4438,59.4242,147.0225
243.0878,70.7508,58.9573,146.4086
246.2661,71.6740,58.9206,144.5620
250.4152,71.0916,60.0204,142.5942
251.3785,73.1035,61.2177,141.6943
251.2026,71.5140,61.5695,141.7413
249.5476,73.5336,61.7405,140.8410
249.4544,71.4786,61.9270,141.8222
248.1669,72.0535,61.3556,143.8188
248.0782,71.0105,61.5330,145.9047
246.3716,71.6950,61.7477,147.7342
246.4240,69.8687,61.6430,148.1580
245.1763,69.0371,60.9054,149.8213
245.0540,71.3772,61.1499,151.6288
244.9156,69.0682,61.4267,152.9725
242.9474,63.4427,62.0646,154.3280
240.5198,65.0935,63.5903,154.3557
238.2646,64.4492,64.7439,155.6442
227.6626,58.4257,65.5713,157.5030
215.4773,48.0953,65.8789,157.5384
215.6882,47.1006,65.4571,159.5277
213.5888,48.1664,66.1910,160.8610
218.9551,40.3841,69.4467,158.9402
186.7861,48.3674,70.2998,160.6084
180.1907,43.6383,69.2261,162.9342
169.9197,60.4242,68.2831,165.1709
171.9684,56.3652,67.7821,166.0959
166.8429,64.2327,67.2305,168.3652
168.4090,66.6472,67.7219,167.1598
169.6260,67.0977,68.9031,166.2589
167.1595,69.2479,70.2131,165.5815
166.6484,75.4279,71.2351,164.1313
164.1222,82.9028,72.6540,160.0825
163.7081,85.5176,73.4822,154.8530
161.2617,93.3290,74.8366,149.8449
157.3784,92.8898,75.6260,147.2348
154.7879,96.0061,77.3429,144.4663
155.9847,96.7619,78.4021,142.9547
155.6865,97.5581,78.9986,141.3622
155.3975,100.4486,79.5765,139.0166
150.4778,103.5218,82.5950,136.2805
154.9543,104.3052,83.9045,134.7139
158.6969,102.7544,83.2583,134.3960
153.6062,103.4759,83.2281,132.9529
159.5900,101.8149,81.4060,132.8930
165.7441,99.7340,79.1489,133.7044
172.1113,97.1910,76.3876,135.4661
181.3219,91.1892,74.4849,137.5586
182.2879,86.0801,72.5528,141.1725
181.1703,85.3596,71.4658,142.6136
180.3126,88.5167,69.8569,142.9483
182.4156,90.0146,68.9524,143.2540
181.7988,92.1144,70.1858,142.3447
180.7399,94.0772,72.3038,141.7173
182.5709,94.5640,75.2934,140.7437
184.1507,95.6291,78.8594,138.6137
182.1396,98.1556,82.8817,136.9528
182.9133,99.0993,88.2056,135.0654
184.6433,97.4020,91.7390,134.9634
184.5019,97.8137,95.5757,134.1400
183.3879,101.0742,101.4085,131.2239
178.1506,104.8550,108.2272,127.3181
177.1497,106.4320,113.9353,124.1642
182.4076,104.9743,118.4143,123.3309
182.9357,102.7759,121.1650,123.9208
185.6992,98.2281,119.4974,129.1568
208.2567,72.3043,113.5333,137.9387
212.0782,56.6656,109.8459,145.4830
217.7306,49.5180,106.5634,151.7558
210.3443,52.9541,105.1262,157.0410
213.4700,46.8278,102.9830,161.0768
207.6504,41.7148,102.2228,163.0365
205.2760,44.9266,102.8217,164.9125
199.4384,33.1404,101.9334,167.5455
195.7033,40.7768,100.9793,169.1215
194.8893,34.4127,102.6072,169.1911
198.2835,39.5380,100.0669,171.6846
190.8691,31.1993,102.1689,171.3931
191.8453,47.5468,100.2166,172.8856
192.0932,47.2304,99.7209,173.5185
191.1994,58.6125,101.5084,172.0720
203.9162,43.8918,101.7090,171.6069
205.3454,44.5240,103.1194,170.3424
198.4034,42.6742,104.1821,169.7682
194.0602,48.5530,108.5853,166.5770
194.8871,56.2141,111.2406,164.1821
194.8011,60.3974,115.7298,160.1329
192.6235,64.3555,120.0850,156.5467
190.6994,68.3187,123.9334,152.9673
191.7113,71.8185,126.2641,150.3225
198.2263,74.4554,126.2889,149.4002
195.3540,77.0062,127.6957,148.6363
195.9280,81.3596,126.5477,148.6267
190.3534,78.9182,124.7071,149.1795
186.3046,80.9747,124.1869,149.3753
198.7375,77.6255,120.8386,151.7702
198.4658,74.1525,117.0959,154.4302
199.3755,73.8340,115.2763,155.0672
199.5403,78.4576,114.9468,154.3116
198.7607,83.2645,112.2770,153.1556
197.9053,82.3514,109.8202,154.9818
201.0128,79.3171,107.7601,156.8955
198.5195,79.3946,104.4472,156.7406
198.8562,76.3717,99.6813,158.6937
193.6499,75.3100,93.9246,160.8173
183.6520,73.4005,90.0587,160.6593
189.7429,73.0102,85.6950,161.4398
193.1481,73.4459,82.7304,160.5685
195.6418,73.9344,81.5252,159.5916
200.0318,76.5146,80.2392,158.1780
202.3543,76.9899,79.2983,157.2276
203.9407,73.8803,76.1256,159.7727
212.1706,73.2473,74.2900,161.0388
223.5209,72.8197,73.4444,161.8940
199.0642,65.9456,71.3965,164.7220
174.2316,40.8531,73.6758,160.2310
172.9589,41.1648,76.2211,155.9875
174.0127,40.7045,77.7161,153.3056
177.8714,40.8698,77.1769,152.9750
186.1038,40.4925,75.0120,157.3047
184.8668,37.2109,73.8853,156.6664
189.2670,37.5746,72.2284,159.5108
193.7095,41.1159,70.5117,163.1806
194.6348,61.1981,68.6610,166.3018
194.6764,59.1454,68.5779,166.7877
189.7968,55.0447,67.4622,167.7391
192.3425,65.3362,65.9895,168.8691
194.3855,66.4160,65.5123,166.7094
198.1636,69.0958,65.0944,164.9190
201.3804,74.1291,65.7328,161.9244
196.5400,77.1416,64.9008,159.4036
201.7938,80.4388,64.7525,156.2622
200.1378,83.3964,64.6593,153.7522
201.4403,86.7563,65.4217,150.3997
204.0197,86.1927,63.5950,148.1946
208.0590,90.3811,62.0525,146.3540
206.2894,90.8806,62.3776,145.3550
204.2691,88.8894,63.2128,146.1318
202.3790,88.8997,66.9929,146.1114
199.7545,86.8078,68.9443,146.9975
197.5365,83.9191,70.0356,146.0856
196.5257,84.5087,72.0573,144.9063
188.1641,81.4340,68.5709,147.6874
199.2579,82.1272,66.4724,149.6493
201.9401,82.1602,67.7877,149.5832
204.0286,82.6023,70.3348,148.6990
204.6815,83.2521,72.4227,147.3994
206.6171,87.9375,75.3736,144.8506
205.2038,88.3253,78.2002,144.0751
205.2311,86.4892,78.1456,144.2856
205.9452,86.2889,76.7175,144.6862
207.1167,82.3089,74.3744,149.2008
206.1016,78.9665,72.9334,152.4145
204.3343,78.4957,72.9749,153.3559
204.8731,75.3792,71.8971,156.0814
207.8705,73.1102,69.4309,157.0910
211.1069,71.2763,66.4579,160.7587
211.8563,68.1758,64.9592,163.4593
210.8797,62.2803,63.3998,168.2253
211.9116,60.3954,61.3361,171.9952
212.4671,59.3826,60.2251,174.0208
210.8864,58.6450,59.8081,175.4959
213.0154,58.5827,59.1419,175.6205
215.0012,56.2429,58.7517,176.7187
216.8005,56.1120,58.7432,176.9805
212.5648,56.1715,60.0275,176.8613
214.1440,54.3160,60.4844,176.9572
218.2505,49.8355,59.5213,178.6681
220.1655,50.9997,59.3232,179.9714
220.4896,48.5668,58.6749,181.1905
220.3598,50.4938,58.9345,180.9887
220.6114,52.0359,58.4314,181.5586
220.6325,57.0344,58.3891,178.8674
218.4417,61.8927,59.1570,176.3786
214.4141,63.0231,60.0271,174.1177
210.5042,65.2037,60.6944,173.3328
210.5144,68.0810,60.6740,171.1553
206.5623,62.5349,61.4867,171.6104
208.5625,62.2625,61.0534,172.1552
210.2705,65.6362,61.2042,172.5415
211.5321,65.3735,62.2562,173.0669
208.9098,63.7343,63.8991,172.7437
207.7408,65.7585,66.2370,172.3220
205.3036,67.9799,67.4486,171.5419
202.9384,68.6887,68.5057,170.1243
200.6620,69.8304,69.3867,167.8411
201.8709,70.6291,70.6234,166.2436
198.6485,75.4182,73.4149,163.9722
198.9452,78.6345,76.4912,161.2093
199.8951,81.8573,78.2750,158.4471
199.7937,82.9963,78.4776,156.1692
201.6745,88.1526,78.3602,153.1450
204.1602,88.7984,76.9867,151.8534
206.1553,91.5683,76.5518,149.8689
207.5930,95.5561,77.1950,145.4119
209.2516,98.8763,77.3421,142.2357
217.7336,100.0813,77.4778,139.8258
221.2763,101.0759,77.1658,137.8366
227.8887,104.0498,77.3490,135.2406
231.1862,107.0046,77.3873,132.6478
233.2700,107.6507,76.4988,131.3557
236.7833,108.0977,75.9615,130.4615
239.6803,107.4635,73.3898,131.7301
242.8630,104.6271,70.2219,134.2054
244.5889,104.0340,66.7699,135.3917
245.8299,109.0823,64.2879,134.7074
250.1154,109.6376,61.8856,136.6811
255.2931,110.8896,60.7434,137.2482
259.1382,108.3140,59.1718,139.3401
260.1029,112.1959,57.2423,140.7617
266.8603,105.5609,55.9197,141.8395
267.5879,106.5414,54.4645,142.9184
268.1476,106.1586,53.3451,143.6841
266.9654,106.1418,52.6893,143.7176
265.5966,108.5822,52.4180,141.8457
264.4489,110.5700,51.7365,140.8474
263.1792,110.6390,51.3253,140.7092
262.0903,109.8244,50.5619,142.3384
255.1530,104.2782,49.6835,147.5297
253.5560,101.0221,49.8688,151.0331
247.5470,98.2123,49.6394,156.6528
241.0529,94.2579,50.0774,161.4242
235.8394,90.2677,50.8646,166.1912
228.9568,88.5155,51.4484,169.6957
218.5285,78.5057,52.1701,176.2919
210.6960,71.7314,53.9848,182.9156
230.8711,27.5594,56.7139,185.1012
220.4185,25.2689,59.2617,189.6821
207.9258,27.2196,61.5463,193.3477
194.3220,33.7728,65.4881,191.8741
183.2473,36.2322,67.9933,190.8843
177.5527,36.6535,71.4617,190.0417
176.3590,37.1748,73.8491,188.9990
177.2817,38.1355,76.0426,187.0777
174.5123,36.3306,77.5310,186.6371
171.0049,41.3819,80.4753,184.6753
159.7191,48.4788,82.5759,182.7642
156.8465,47.1967,84.2177,181.2251
147.1804,53.1555,87.1106,177.5269
138.2766,58.2439,88.4933,175.5627
138.5222,56.1141,88.0020,175.7209
127.8038,58.6570,88.9625,174.7304
133.2291,55.3150,86.3065,177.3170
138.4665,54.8208,84.0103,178.3054
130.2959,53.1798,84.0968,177.5237
141.9954,52.6807,80.9667,178.5219
134.0030,51.1860,80.8972,177.4977
161.4810,51.2792,77.9085,177.3113
158.6988,57.2137,75.5883,177.2692
164.4592,54.8090,71.8689,178.1778
163.2651,52.3815,70.4094,179.1851
164.2263,53.7383,68.4869,180.3076
159.4311,53.4806,66.6240,180.8230
157.7114,51.1097,66.2718,181.7732
153.6058,49.4361,66.8853,181.3215
153.6050,45.5032,66.8867,181.5803
152.8435,47.6961,68.4097,181.0017
146.1154,44.1551,70.3868,180.4310
144.5774,47.2537,73.4628,178.0874
143.5965,46.8908,75.4247,178.8132
142.5513,41.0409,77.5151,178.7528
142.6814,39.7826,77.2549,181.2693
145.0999,34.0676,76.4060,184.7233
146.9234,33.8825,76.7817,189.1164
149.2570,32.3447,76.2075,192.1920
149.7636,33.5345,75.1942,193.9392
152.3277,33.2235,74.1999,194.5613
154.9561,37.7915,73.0681,193.6752
155.9717,46.1927,71.0370,193.2406
156.6930,49.4817,69.5944,190.7117
157.0952,55.4973,68.7898,186.6540
157.5712,59.6811,67.8379,182.2008
157.6195,61.0818,67.7414,179.3993
158.7373,75.1843,69.2972,173.9426
157.2437,82.1990,72.2842,167.3949
154.0406,88.9883,74.9911,161.2152
152.2056,93.5530,78.6611,155.7431
150.0448,97.6950,82.9827,151.1002
146.7101,101.2242,86.0050,147.6890
143.5342,100.0466,88.7087,146.3961
140.0827,102.8609,91.9373,144.4421
137.0379,103.1788,94.3275,143.8062
133.9614,103.3503,96.7504,143.4632
131.3767,103.8057,98.1549,142.5524
131.9314,103.5472,97.0456,143.0694
133.1879,97.6898,94.5325,143.4923
139.4816,96.4399,89.4022,145.9922
144.3398,94.8768,83.3659,149.1183
147.0594,91.4943,77.9268,152.2591
160.4435,82.4268,72.6230,156.0844
169.7348,80.9532,68.2053,159.0316
173.0802,88.4500,65.0210,161.5697
179.9061,79.1780,61.8283,162.6816
182.4144,80.0555,60.2570,160.9266
189.3240,84.8412,60.0051,158.1388
188.9059,86.9362,60.8413,153.9487
189.5954,88.5776,62.7643,150.6659
189.4966,90.0904,66.2511,147.6404
188.7077,93.4952,71.1358,144.1377
185.0808,94.9997,75.0485,141.1285
183.2979,94.1088,78.6143,139.5460
184.7730,94.5612,79.0660,138.6411
187.4504,91.7963,77.1074,137.3785
191.3664,91.0769,72.6196,138.8175
200.8394,87.4902,66.8283,142.7021
211.0047,84.9035,62.7236,144.6304
212.4646,82.8614,59.8038,145.5136
221.7987,83.0739,56.9461,145.0885
222.6626,84.4092,55.2183,145.5229
226.6799,84.7169,53.3443,144.9075
236.0799,84.7613,52.7704,144.8187
237.1559,83.5673,53.6445,144.1806
237.1095,78.9489,53.7374,144.3194
239.5597,77.2472,54.9096,144.6864
239.6092,76.9333,54.8106,145.3143
239.7685,75.2896,54.4920,145.5317
238.3763,76.8927,54.2090,145.3929
237.0804,73.9822,53.7406,145.0934
233.0719,72.8397,52.6152,144.3308
232.0181,71.5452,51.7064,143.9036
228.4098,72.3894,49.9420,142.2151
224.5986,74.4856,48.7516,140.9603
217.2444,76.9272,48.9699,138.9751
213.9527,79.5747,49.8060,136.5539
206.8665,84.1148,49.7073,133.1820
204.0479,88.5155,49.7361,129.9888
202.4004,91.4519,50.2724,126.8749
200.9746,92.7960,50.4002,124.1868
200.4814,97.1744,51.3865,120.8046
199.1351,100.5770,54.0792,116.6553
196.2671,101.8560,54.5288,114.0973
193.5122,102.7986,54.8111,112.2122
191.4759,103.5589,56.2925,110.6915
192.0708,104.2315,57.6973,109.3463
191.9735,103.5697,57.8919,108.0710
193.6353,104.6990,59.7353,105.8126
190.5887,104.0848,60.6652,104.4591
187.8129,103.5543,58.4846,105.5202
184.2116,102.0878,55.4628,105.8970
180.3977,103.5606,53.0512,105.4614
187.2902,105.3182,51.5757,104.4081
188.4927,105.7703,49.1707,103.5039
190.1775,108.5137,48.1672,102.7489
190.2989,107.7073,47.9243,102.0244
190.9287,111.6355,48.9873,101.1358
190.6298,113.8480,49.5852,101.3674
190.2923,113.7537,50.2602,101.5559
190.1712,113.6679,50.5024,101.7275
189.9244,113.5274,50.9960,102.0085
187.5926,113.4884,50.9079,102.0866
190.8722,114.7449,49.0996,101.9490
196.3164,119.4601,49.9214,99.5446
199.6456,119.0891,50.2264,97.9656
200.0787,118.5355,49.3601,96.7695
201.8867,119.8273,48.0150,96.4567
202.5388,120.2678,46.7108,95.5757
206.2818,121.7955,45.8470,94.7277
206.7216,121.9184,44.9676,94.4818
206.1559,121.8497,43.9378,94.6194
207.3719,121.7451,43.6510,94.8284
208.2200,122.6755,44.0979,95.1110
205.4185,121.4842,43.2354,97.4935
207.9518,118.8172,42.5183,100.6530
222.4872,121.0260,44.3552,100.6508
200.5217,99.8655,45.7239,100.4094
192.7279,95.8452,47.7475,99.4072
200.6826,120.7298,47.8080,99.8292
201.5686,119.3492,48.3247,100.3018
194.0831,113.8254,47.1642,102.1313
194.6420,109.6995,46.0463,103.4504
198.4689,112.9367,45.3240,103.9075
197.9551,110.6071,44.0471,106.2623
197.7398,106.8709,42.1619,109.1030
198.2392,108.7684,41.1631,107.6311
195.5255,109.4164,39.7385,108.6192
197.3542,107.5928,38.3536,109.9939
200.8340,102.4883,38.1951,113.4016
202.8415,100.2975,38.8057,115.4705
202.5477,64.6392,39.3931,123.2465
202.6438,96.6328,44.1503,118.6517
202.9124,97.2515,48.6048,117.4143
208.5139,64.0584,50.1904,122.4153
210.7397,63.3789,53.7129,123.7742
214.8638,61.6799,56.4251,127.1724
215.7487,61.7075,60.3294,129.9543
224.7480,69.0972,62.9530,132.8508
228.2085,65.0461,65.1341,134.8851
227.4597,60.7387,66.6317,137.2966
226.3861,61.8094,68.7788,138.3182
231.1999,62.4998,72.0116,136.9373
232.1270,67.0614,76.6585,134.3153
237.2464,64.0383,79.5847,133.7789
236.4800,63.8469,81.1175,134.1618
238.9673,61.2698,79.5074,135.9516
241.3653,60.5672,78.0751,137.3569
247.4190,59.9501,76.0488,138.5909
249.6466,59.2330,74.9377,140.0252
257.6690,58.8592,72.2778,140.7727
258.4850,57.2439,70.6460,140.6919
261.7512,53.4971,67.3957,141.6211
264.3992,48.4434,65.3389,142.0106
261.1661,50.5368,65.3869,141.0330
262.8867,45.7669,65.1415,140.9857
260.0021,43.2694,64.5292,139.5994
262.0465,42.0293,63.6003,138.9197
269.0275,39.9887,62.1729,139.8673
269.6731,35.8108,60.8817,141.9782
269.6492,32.7858,60.9295,141.7681
268.6989,32.0952,59.7022,143.1491
266.6133,30.8971,57.6210,145.5453
269.1712,28.5786,55.6289,150.1823
270.0183,27.7932,53.9346,154.9076
270.1042,27.1076,53.7627,159.4702
268.4557,27.7801,53.8067,164.6315
268.4187,26.8667,53.8806,169.7858
268.0524,45.7949,54.6133,176.1557
265.6417,38.1664,55.9288,180.8951
262.8151,45.1218,57.9845,181.3736
261.0414,49.7451,61.5321,179.4112
256.8367,56.4072,66.2623,177.1242
252.0293,61.6409,72.1449,174.1212
244.9162,62.8677,78.7828,171.6676
237.4179,66.0054,86.0280,169.2678
226.1211,59.4877,92.7551,166.4368
216.3964,70.6443,100.0836,164.3252
206.8715,80.9182,106.7341,164.4427
195.7796,48.4043,107.6866,170.0229
190.0924,39.8528,106.0238,178.4344
186.4730,36.2173,104.3761,185.7054
173.2574,24.1371,99.1457,196.2966
164.1508,21.2986,94.4123,206.5630
154.5493,16.1377,90.3313,216.8847
144.0269,2.0870,87.7047,226.0489
132.8146,-2.4515,86.0320,235.1258
123.5970,-11.5113,84.7894,243.4065
116.4364,-10.8802,84.0648,252.1747
103.2760,-11.2806,84.7506,258.1026
97.8539,-10.8788,85.1471,262.5228
86.5450,-6.3783,86.5889,264.1098
82.8051,-1.3927,88.7258,264.8246
76.4175,7.8307,90.7165,262.5547
69.8111,14.9315,93.1365,259.1458
65.5627,22.3465,96.2418,255.0988
61.8799,34.7908,98.2178,251.7688
58.6540,37.4521,99.2922,246.4462
57.3485,43.3623,101.9032,239.9458
52.6485,55.2920,106.0307,231.9043
50.0730,61.4358,111.1817,224.8453
41.8495,67.8191,117.1977,217.2942
38.4451,74.0215,124.0064,210.0978
36.4102,77.1593,128.0761,203.8222
35.6895,79.7325,129.5176,198.6758
39.3097,81.9888,127.4168,194.1631
39.7660,83.9247,126.5043,190.2914
56.4419,79.2717,127.8974,184.7067
54.2046,79.1652,127.4695,180.0171
49.8332,85.1826,131.3876,172.8070
43.4159,90.8888,134.6636,166.1740
26.6640,99.0153,139.7807,159.3830
20.7649,100.8876,142.1615,155.6384
21.3473,103.0879,145.6854,151.2378
24.8498,102.2394,148.0318,148.2591
52.1739,87.1405,144.7096,145.7950
56.4296,88.0434,140.7731,143.9892
75.0204,84.3051,134.9820,142.4970
78.0727,82.6348,128.8775,141.4682
85.0347,76.1963,119.2096,141.5765
86.9952,79.1676,111.1856,139.7369
89.8585,72.0924,105.4591,138.1069
94.2456,73.1550,100.5119,135.9815
88.0729,82.7101,101.7158,131.7266
87.6417,85.8822,102.5783,129.0511
86.3231,87.3747,105.2154,126.0661
85.3906,88.4843,107.0803,123.8469
85.4257,89.2145,107.0103,122.3866
85.7318,89.4907,106.3980,121.8342
92.0778,83.6036,104.4825,122.8319
90.7366,83.3944,103.5881,123.2503
101.7827,81.5891,99.3403,123.2921
101.5682,81.9127,96.2685,122.6447
105.5120,84.3796,91.8221,121.1522
109.1169,86.7677,87.9581,119.7220
111.7190,89.7945,86.0149,116.9294
112.9452,90.6520,83.5626,115.2144
110.8123,91.5342,81.5876,113.4500
113.1880,92.3325,79.8973,111.8533
123.5898,89.2945,77.1489,111.9110
124.4556,89.6874,75.4173,111.1250
135.1566,84.7301,71.5605,112.2671
135.8873,82.5741,67.2218,113.7020
140.6111,80.5614,63.4255,114.9019
141.9473,80.1582,60.7530,115.7082
143.8961,80.7155,59.6005,114.5936
145.5604,82.4351,58.9807,113.8632
144.2308,87.5975,61.6399,111.6007
143.2594,88.2810,63.5826,110.2337
146.8158,90.5888,67.3198,108.3307
146.8111,91.3670,70.0766,106.7743
150.9965,91.4946,72.7858,106.5191
149.9726,91.4666,74.8336,106.5752
158.6599,91.7002,77.3803,106.1078
159.3085,90.2159,78.9636,106.1957
153.4589,92.9166,81.9388,106.6104
152.1029,92.7942,84.6510,106.8552
142.5616,96.6818,91.6905,105.1015
143.0410,96.8625,96.9262,104.7401
139.2609,96.8211,101.3111,104.8230
139.2692,96.5277,104.5406,105.4097
144.0636,88.0682,104.8707,109.1036
147.6073,84.8856,104.5224,112.0992
146.0453,82.0118,104.2355,114.4361
147.1062,78.7850,102.1136,117.4468
153.0068,60.6599,93.7680,122.5972
