1
395.7146,187.7088,29.6151,29.7820
398.7425,187.7959,28.5718,29.8686
399.8437,188.6926,27.4007,29.8726
400.4082,188.2876,26.8795,29.5039
401.0842,189.3114,26.5738,29.1200
397.4738,187.0097,26.7910,29.2754
400.6364,187.8032,26.6183,29.2531
402.1683,189.0041,26.1412,29.0402
399.7667,186.4584,26.1684,28.7698
403.2753,188.9168,25.4548,29.5255
401.6750,189.0624,25.4094,28.8966
404.0710,187.9851,24.7922,28.9130
402.3304,188.6811,25.0556,28.6199
404.0194,189.4696,24.3725,28.7928
403.7584,188.3474,24.0818,28.7582
403.5356,188.6991,23.6776,28.9079
403.5385,187.8983,23.6996,28.6031
404.0529,186.2489,23.7018,28.6497
404.7958,184.8566,23.6885,28.9211
403.5484,186.4397,23.8062,28.4205
403.1332,186.0335,23.9887,28.0903
403.4491,184.3685,23.6523,28.2241
403.9190,183.1021,23.3949,28.9941
399.6797,185.2492,23.3043,28.7670
400.6846,186.4570,23.3360,28.0156
401.3928,184.8990,22.7976,28.5696
401.2041,183.7626,22.9670,28.8126
401.9513,185.6682,22.8393,28.1709
402.8800,184.1537,22.9167,28.2625
404.0023,186.1143,23.0099,27.7673
404.4439,184.5677,23.7982,27.4931
404.9427,183.4377,23.7532,28.0168
404.4142,186.2473,23.7910,27.7164
403.7131,186.6918,23.4054,27.7331
403.1991,186.1994,22.8659,27.8180
402.7829,186.7229,22.9005,27.2243
403.0030,187.5637,22.7248,26.8394
402.9334,187.8953,22.8886,26.4054
402.8907,188.3920,22.6869,26.0138
401.9406,188.7825,22.8946,25.7421
401.6836,189.1759,22.9554,25.4904
400.8396,189.1629,23.1591,25.4064
400.8535,189.2505,23.1522,25.5010
400.1328,189.0914,23.3537,25.3697
400.0252,189.6444,23.2454,25.3352
397.3178,189.7724,23.1328,25.3241
398.0837,190.9010,22.8915,25.5503
397.6387,190.2084,22.7160,25.9637
398.4855,189.9495,23.0637,25.8197
398.5506,188.3842,23.5288,26.0787
394.6038,186.6152,24.0226,25.9033
396.9560,189.2208,25.5855,24.8358
394.9228,189.3245,25.8193,24.8338
396.8275,189.9731,25.8487,25.5779
397.0583,188.7907,25.7852,26.0944
394.6539,189.6599,26.5142,26.1053
395.5735,187.6105,26.9959,26.3948
396.0351,189.2580,27.7708,26.4640
395.4415,190.3285,28.4196,26.6550
395.1579,190.1726,29.0138,26.6065
394.9721,190.6587,28.7205,27.6705
394.9362,190.7017,28.7070,28.1692
393.7949,190.3353,29.0078,28.4760
394.2314,189.6367,29.4835,28.3712
391.4510,191.3826,29.5694,28.2391
391.4457,190.7396,29.5245,28.4811
388.4910,190.3703,29.1331,28.7593
389.0635,190.6779,28.8493,29.0516
389.1172,189.7246,28.5617,29.3764
386.5023,190.4055,28.5957,29.5701
389.9265,190.3041,28.7500,29.4817
390.1645,190.6167,28.6134,29.7206
386.3652,191.7530,28.2171,29.9473
387.8224,189.1459,28.2574,30.5135
384.9891,190.5733,28.8391,29.8543
385.6237,191.0410,28.6953,29.8057
384.2730,191.1871,28.7002,29.4989
383.7688,190.6794,28.4726,29.2777
380.5519,190.8434,28.4007,29.0366
380.2588,192.2326,28.8728,28.6538
380.0362,192.0306,28.9122,28.6819
380.2385,192.2987,29.1462,28.6842
379.3124,193.0884,29.6680,28.5804
378.9852,193.6166,30.4351,28.2319
377.3052,193.6870,30.9754,28.0835
375.5550,193.3936,31.2920,27.6975
373.9911,194.0431,31.3076,27.7959
373.1801,194.5115,31.1690,28.1405
371.2275,194.9128,32.2262,27.4425
370.4269,195.0883,32.4179,27.6225
370.4156,195.1824,32.8576,27.4359
364.7202,194.5484,32.6673,27.9718
365.8782,194.3600,32.9574,27.9422
366.6684,194.4189,33.4444,27.8933
366.0898,195.1235,33.7664,27.8387
366.0090,191.9595,34.1206,28.4959
363.2592,194.4556,34.2429,28.4978
361.6735,196.2823,34.3440,28.6459
360.9727,196.0617,34.0231,29.2812
355.3823,194.4336,32.7342,30.3808
355.8060,195.6533,32.6844,30.2760
354.5637,196.2778,32.8031,29.7706
350.5042,194.9103,32.7550,29.6665
347.1010,195.5319,33.0870,29.8210
344.1115,195.6013,33.4554,29.8719
346.4482,196.2490,34.1549,29.5856
342.5050,195.7750,33.7136,30.3206
345.1885,196.6986,33.6780,30.7426
340.8247,196.2501,33.2175,31.6394
343.0292,197.8853,33.3058,32.0347
338.5340,197.3872,33.3503,32.0839
340.7934,198.9743,34.4739,30.8821
341.2493,199.9241,35.0410,30.2769
336.1124,199.6069,35.5450,29.4376
337.3817,199.8259,35.8958,29.3495
332.6446,198.7314,35.0414,29.8831
333.4583,198.7979,34.4971,30.3193
334.2592,200.0275,34.9410,30.2390
328.7166,200.2202,35.0019,30.2532
330.4146,200.6312,35.6654,29.8710
330.6388,200.8449,34.1125,31.2770
329.5563,202.0230,34.1335,31.3624
323.4665,201.0722,33.2703,31.9094
324.0963,201.1465,33.4244,31.2772
318.7371,201.2773,33.4720,30.6121
312.2898,196.7761,34.2688,30.8539
307.6675,197.3503,33.7871,30.9475
303.7515,198.2904,33.7765,30.8533
306.9633,199.0110,34.0154,30.9964
310.1892,199.4012,33.8546,32.1016
311.6147,201.0297,34.7265,32.2522
313.5506,201.6795,35.6109,32.2915
311.7418,202.0371,36.2546,32.4810
311.0695,201.8798,36.6806,32.6828
309.9427,202.1987,36.7774,33.1999
304.3389,201.3771,35.5126,33.9650
298.7921,201.3220,35.2539,34.2257
302.0379,200.4771,34.7659,34.5452
304.3383,201.9474,35.1968,34.2787
297.1687,201.6709,33.9974,35.2765
299.0065,202.1964,34.0986,35.5131
291.8944,200.2489,32.7404,37.1925
293.7960,200.3060,32.2902,37.8547
287.6852,200.9902,33.5199,37.2426
291.6399,200.6426,33.6470,37.5020
294.0462,201.6534,34.5456,36.8412
288.5739,201.9338,34.7555,36.5370
282.1868,202.2714,34.3845,36.3824
283.6548,202.9966,34.9464,35.1817
277.3914,202.2912,34.5771,34.8419
279.7500,202.6536,35.1068,34.0808
273.5864,202.7911,34.8357,33.9806
276.6570,204.7535,34.9726,33.8985
269.3112,206.9136,36.5722,32.8461
272.4319,208.0227,38.1071,31.6723
266.8914,208.6440,38.6336,31.0990
262.3377,208.3457,37.5580,31.0870
265.1616,209.5646,37.8452,30.9812
259.6704,208.8270,37.1103,31.5268
254.9239,208.2955,35.6469,32.0745
256.6949,207.8201,34.5722,33.0441
251.3059,206.6319,33.6473,33.9512
254.8590,207.4094,35.3696,33.0242
257.8809,203.1265,35.9861,33.8130
256.9132,205.0793,37.9304,32.6269
255.3690,205.2745,39.0294,32.3349
248.1090,205.7032,39.6190,32.9298
248.7402,206.6719,40.1926,32.7676
249.4308,207.0037,40.1184,32.9502
241.2580,207.7413,40.5611,32.6916
239.3852,207.1172,40.4427,32.7217
237.5441,206.1852,40.3891,32.8630
237.1429,205.2924,40.0280,33.1947
235.8642,205.5535,40.8459,32.9357
228.9445,205.2216,41.2174,33.0678
221.6067,205.2494,41.6734,33.4697
222.3437,205.6398,42.0005,33.8742
222.8381,205.6060,41.4497,34.6534
214.0565,206.2500,42.0172,35.0362
214.0904,207.3129,43.2079,35.4109
204.8306,206.6860,42.1887,36.9167
204.8886,207.8127,42.4342,37.3005
203.7792,208.4100,44.1614,37.4951
202.7320,203.1744,45.6120,38.3985
194.7492,204.4163,44.8122,39.2866
194.2760,205.3423,46.7773,38.3388
193.5351,205.0770,48.7878,37.9446
192.1523,205.5491,50.0577,37.9491
190.3989,206.7495,51.2097,38.2452
186.9337,207.0406,52.6485,38.3856
181.8672,207.4944,53.3315,39.5653
177.3764,208.5743,53.1220,40.9614
174.6784,209.4250,52.5504,42.5382
172.2572,209.2163,51.3964,43.6527
169.1585,209.1933,50.6985,44.5864
165.6839,208.7884,51.1832,45.3878
163.4801,207.3192,51.1108,46.3852
156.9329,207.4023,50.8813,46.7466
152.1156,207.0426,50.5388,46.8756
157.4012,207.0049,49.5639,48.3196
151.5388,206.5107,49.8059,48.3104
152.8238,205.7448,50.0090,48.9999
145.8413,206.2654,49.3652,49.5656
147.3067,205.7635,49.0167,50.5833
146.4788,204.8527,49.0857,51.7064
143.1103,206.9298,50.2899,51.4909
140.5338,206.0350,50.7104,51.7153
139.4614,205.0496,50.5318,51.9654
138.9084,203.0973,48.6739,52.7096
130.9306,203.8805,48.2827,53.1225
133.7652,202.5066,47.7553,53.0244
135.7161,201.9084,46.7126,53.5235
126.6647,200.3314,45.9977,54.2372
116.1978,200.0923,44.1795,55.4369
119.3859,200.1585,43.9459,56.2482
120.7394,199.9811,44.8034,56.4555
111.1359,199.2758,44.2872,56.6392
112.8946,198.1958,44.3772,57.4441
113.2441,200.7527,46.6864,55.3524
101.1339,200.2193,46.9694,54.4715
102.5265,200.0791,47.2339,53.6194
101.6992,200.0072,47.3280,54.0245
91.5994,201.2689,47.5278,53.3665
93.8066,202.5716,48.5249,52.6987
82.6899,203.8728,48.0370,52.1209
83.9871,205.2893,48.0903,51.1971
86.4619,206.5372,47.9222,51.5700
89.4737,205.4562,47.7300,51.8718
89.7825,205.7406,48.5361,51.9775
80.1192,207.6580,47.4066,52.6214
82.1271,208.7986,47.6665,52.4132
70.7869,210.6772,47.9752,51.1967
69.3540,210.9117,48.3822,50.5519
68.4415,211.3678,49.9830,48.6154
55.1693,213.1876,50.8574,46.4512
53.8315,214.0273,51.1584,44.6733
42.4067,213.6499,50.3793,44.3872
45.7827,212.8387,47.2871,45.2505
49.1468,213.6443,44.4843,45.4739
51.7009,216.3355,43.8969,44.8860
55.3443,217.6134,46.4023,42.7712
48.7794,218.1623,45.3075,43.1127
41.5296,218.3400,44.5497,41.8746
44.9729,220.0892,45.4816,40.9151
35.1789,220.3900,46.1604,39.2509
34.6556,221.6503,48.7176,37.6497
46.5027,220.0860,49.0147,37.4955
46.6057,218.3639,49.0679,37.6665
37.8998,218.7073,50.0618,37.5992
40.9852,217.8283,49.8474,38.4687
