1
294.0935,149.3147,46.3794,151.5970
293.6661,149.8013,48.2625,153.6397
294.2836,149.0674,49.6967,154.7901
294.4657,147.9194,50.2919,156.4268
294.6631,147.7673,50.6553,157.1799
295.5990,145.7000,50.6998,158.9152
296.6702,144.8506,50.0319,159.3476
297.3553,148.6867,49.4623,157.8086
296.9645,149.3463,48.9537,156.5494
296.2716,149.9566,48.5544,155.3174
294.7618,149.7150,48.2840,154.8342
293.5361,148.7402,47.9557,155.4054
289.6512,149.4761,47.1104,155.2460
288.4403,146.8455,46.7638,156.4040
286.1497,149.7710,46.5421,154.7926
284.6171,150.1972,46.7498,153.6110
281.7446,150.6280,47.2764,152.3099
279.6086,154.6903,48.3482,149.5004
276.7807,156.4739,49.4042,147.2878
275.0859,158.0071,50.2135,145.7088
270.3195,157.8017,51.6054,145.6736
270.0168,156.2555,52.5700,146.6546
269.5461,157.6834,53.1338,146.0603
268.6707,159.8809,53.7329,145.3311
269.1821,156.9408,53.5125,147.3215
270.0210,157.5308,53.0661,147.9785
268.8904,156.8498,53.2534,149.1325
267.9210,159.7299,52.6488,148.5659
268.2047,158.9028,52.5715,149.3064
264.8972,161.2342,51.1393,148.1138
264.8932,161.8423,50.5597,147.7511
263.5751,163.4890,50.1155,147.1721
263.3955,163.2265,49.3767,147.3565
261.5005,164.2695,49.3288,147.4812
259.6178,165.7701,49.5490,146.5543
256.8390,166.7297,50.8476,144.9528
255.2007,164.5557,52.6381,145.5284
254.0652,163.1360,53.1256,146.7945
252.1632,158.1837,53.1060,150.4632
249.0124,161.8654,53.5285,150.7663
248.6776,163.0516,53.8165,149.9712
248.4048,156.1236,53.1761,152.5423
246.4506,157.0004,52.7463,154.0419
247.1991,154.5405,53.0009,155.2427
247.0285,155.0478,53.1251,156.2635
246.9333,157.4870,54.3033,154.8322
247.9132,157.2021,55.0541,154.0167
250.7562,152.3604,55.1075,155.0897
252.3471,149.1231,53.1660,157.5596
253.1914,147.3397,51.2866,159.3455
250.9781,149.1780,50.6038,158.8415
250.0173,148.0757,50.9057,158.5417
248.9660,150.8570,51.9328,157.1241
247.8216,149.1212,52.4077,156.8096
245.3557,145.3694,52.8488,157.7669
243.3379,144.5150,54.0288,157.9062
235.2928,143.0608,58.1374,159.1560
229.7184,141.8219,63.1667,159.8626
231.1044,140.8979,66.7824,160.5808
234.7737,140.4772,68.5121,161.6900
236.3450,139.2954,69.7550,162.7200
238.0695,139.5466,69.9860,162.3497
237.7208,141.6618,70.6937,159.8632
237.0973,142.0226,70.9634,158.5935
237.4477,138.9550,74.4661,158.1465
234.6755,140.5397,73.9099,157.5663
238.0459,140.1136,75.7453,156.4728
238.8771,139.2113,77.4129,156.0782
239.8369,137.7488,79.0876,155.2182
236.1338,138.5789,80.4767,154.8436
227.1239,139.0503,80.6852,154.2712
224.0588,138.0357,77.3065,154.2445
228.1931,138.2015,73.2095,154.0634
230.2325,139.6115,70.3591,152.8493
232.5706,137.5023,67.7675,152.6946
234.1709,139.9456,66.5950,150.9931
234.4156,138.7219,65.7562,150.1929
233.9647,139.4232,65.2444,150.0051
234.3240,139.1090,66.2430,149.3608
233.1115,139.6296,67.9174,149.0848
230.7561,138.5721,68.6818,149.6747
230.7034,140.3229,68.8689,149.9527
228.6933,139.5268,69.3848,150.2483
229.2343,138.1980,70.4370,151.7157
227.4667,141.5475,71.9549,151.6981
225.9097,139.7863,72.8786,152.2197
225.7062,140.5688,73.7875,152.1879
225.9039,139.2252,73.9622,151.9538
225.5668,138.9033,74.2180,152.4599
226.6240,137.1364,74.4267,153.4379
228.4926,136.9017,74.8280,154.0721
229.5320,137.1855,74.1531,154.1772
230.4988,136.7558,73.8184,154.6026
232.8182,136.4802,73.2460,155.1499
235.5588,136.1325,72.2644,155.8977
238.2502,132.5792,70.8617,157.5416
240.3522,134.1362,69.8036,157.1085
243.8578,133.6197,68.6126,157.5044
248.1140,133.9517,66.5012,158.4591
252.5018,133.8709,63.8432,160.0401
258.8416,134.4576,60.7301,160.8906
263.6936,134.4752,57.5801,163.4025
267.7036,133.7693,54.7777,165.5041
271.9227,133.6549,51.7464,168.1437
275.0114,137.9678,49.3686,173.8844
272.6684,145.6456,51.0287,178.2510
266.1685,139.7419,54.7273,182.0623
260.6888,120.9495,60.3725,186.8798
264.1352,105.0920,64.1310,195.8947
264.0117,78.5417,66.9291,203.1318
266.4415,74.1197,69.7645,202.2025
271.1972,73.5500,72.7869,198.1234
270.2945,72.2564,76.3007,190.9707
271.3489,71.4103,78.9735,182.7021
275.7033,74.5833,79.9944,177.8957
280.3808,76.5301,82.1499,173.8232
286.5244,76.7479,83.8692,170.3829
297.0103,78.6145,84.6315,167.5947
307.8170,77.5924,84.3767,166.4787
317.6329,78.5922,81.7577,167.7425
327.7746,79.1793,78.0445,168.5037
2
0
0
0
0
1
280.7026,150.9673,43.5697,100.4270
279.5104,151.9011,44.2146,104.7289
279.4427,152.5223,44.2951,109.4693
279.5125,151.5573,44.3079,114.9201
278.9476,150.9772,44.5978,118.4267
276.7883,151.4065,44.9220,121.6753
274.6891,149.4594,45.4452,125.3198
275.0131,152.3108,46.0245,130.0819
273.6690,152.0294,46.5868,133.3753
273.9915,152.7866,46.8204,137.4359
272.8605,152.3230,47.1298,142.0991
272.5135,153.3858,47.2927,147.3597
271.8723,152.3319,47.3879,152.0241
270.5662,150.9986,47.6165,155.5463
271.5416,149.0063,47.4358,158.4917
271.3284,148.8671,47.7501,160.2787
271.3711,146.9558,48.2726,161.8398
272.4434,147.1846,48.3438,163.0963
272.2288,145.9318,48.5513,163.5697
273.6226,148.1669,48.8680,163.6617
272.8427,147.7460,49.6846,162.8313
272.7096,148.6244,50.5820,162.1653
273.2815,150.2459,51.3018,161.1146
274.9225,150.9871,52.3008,160.2520
276.8366,151.7913,52.6713,159.9400
277.0333,151.8814,53.0601,159.6121
278.9121,154.7299,53.3780,158.6510
280.0187,153.1565,53.9686,158.7263
279.5207,152.3198,54.1730,159.7441
278.9786,150.1826,54.8200,161.3495
278.0831,149.6057,55.3051,162.8374
276.3015,148.6259,56.4195,163.6912
274.4161,152.2670,56.8368,163.2764
274.0837,149.1268,57.2066,165.5025
273.6920,151.9828,58.5904,165.4686
271.5426,153.0798,60.3933,164.5990
269.2268,154.7972,61.6035,163.9693
268.6067,154.2737,63.0556,162.8528
269.8132,155.8828,65.1246,161.9748
270.3102,156.5881,68.3540,161.5936
269.9148,157.3988,70.8812,161.4509
271.8202,158.0413,75.1105,161.0328
272.3317,160.4420,77.3438,161.5617
273.3074,158.9321,78.7830,161.8067
273.4470,159.3721,78.9688,162.2937
273.2202,159.2036,78.9536,161.9109
273.8919,159.2150,78.9450,161.4034
275.0102,160.2531,78.8071,160.7374
274.4338,159.2259,77.6007,160.7771
274.7190,157.5964,76.7436,161.2406
273.5844,158.0294,75.8646,161.5490
273.5418,157.9031,74.8307,162.8782
272.8036,155.3274,75.6496,163.9188
275.7568,156.4687,73.7854,164.5463
277.3339,161.9781,74.0434,162.7899
282.8793,154.0080,71.6260,166.7107
285.0950,152.3472,69.1930,168.1002
286.5507,153.3634,68.0371,167.8394
289.5217,154.1898,65.9194,168.3081
289.9922,153.0363,63.9541,168.9635
289.7951,151.4888,62.1821,169.6654
292.2897,151.2106,60.6022,171.3842
293.0223,150.4544,60.0497,171.5277
292.3661,150.4267,59.2900,171.9443
290.2915,152.5525,59.6928,171.3494
291.2228,157.3577,62.3484,169.0937
295.3202,160.5365,65.5358,166.8728
292.7273,161.8876,68.4684,163.8827
288.2763,165.6575,72.3676,160.1349
287.4240,160.8500,74.1179,160.6736
286.1401,157.9610,74.8181,163.2174
286.4811,155.4760,75.2358,165.2591
289.4493,148.7612,77.1095,167.9818
308.5709,139.9175,76.1286,174.2403
311.6194,136.4809,75.2332,180.2880
306.6352,134.0880,77.9988,182.9889
304.6656,130.1147,82.5327,186.4741
303.1790,130.5072,86.0478,188.5105
301.6362,127.9815,89.0310,189.1489
296.6590,130.4169,89.3612,189.8152
298.7985,129.0875,86.7109,192.1319
297.1816,128.0258,85.8018,192.1344
297.9674,126.2592,86.3588,191.1926
295.7846,131.1879,88.8207,188.1433
292.6004,129.5138,89.9915,188.1172
289.0565,130.8012,91.7318,186.0651
288.8500,134.3508,91.2538,185.5699
286.5186,137.3360,92.5952,184.4124
281.5484,134.9359,93.5993,183.7756
279.0117,136.8337,96.0847,182.3396
275.3911,137.9273,99.9222,180.7253
271.3328,141.1363,105.0096,177.8929
268.0696,142.9059,109.1150,175.6110
267.0529,144.9012,110.7923,175.4034
267.1068,144.7109,109.6190,176.3092
264.4727,150.6604,111.2909,173.6212
266.0668,145.7636,111.0061,172.2556
272.9052,155.8840,108.6074,169.0469
282.5542,160.8593,103.1753,167.2789
290.5246,162.2579,96.3355,166.1180
297.0586,165.5541,89.6467,164.5987
300.4911,161.9000,83.6241,164.8961
302.4309,160.7551,79.1178,165.4304
306.7483,161.1859,75.6481,165.8656
306.2587,161.5408,74.3062,165.1531
311.4436,161.6756,72.4332,165.4270
314.9140,163.4354,71.2739,164.3899
318.9809,163.9006,70.3353,164.1582
319.9917,168.3514,70.5273,162.0671
321.6004,166.5547,70.6062,162.2126
323.9498,166.6800,70.3923,161.2617
323.9782,168.2751,70.2795,159.8078
327.9037,168.5468,69.4685,159.1232
328.2955,167.9486,69.1869,159.3497
332.2074,171.1250,68.4015,158.5974
334.7448,173.8869,67.8570,157.7758
334.8082,172.9898,67.7262,158.0632
338.1860,171.6582,67.1443,158.4233
339.4917,173.4856,66.4402,158.5047
339.5434,169.9273,66.3920,159.8726
341.3793,171.9900,66.5483,159.4211
342.2547,169.3171,66.2479,160.6844
343.3243,165.7628,66.0367,162.8345
344.7751,163.4955,66.1290,164.7795
346.0305,163.5998,66.4996,165.9729
348.9585,164.3143,66.7590,166.3927
351.5795,163.7834,67.1514,166.9818
354.7924,163.7523,67.2539,167.1532
357.2649,164.6312,67.3238,167.3289
359.7647,165.2121,67.4526,167.2388
361.1720,166.1594,67.9437,166.9561
364.6416,166.3462,68.8158,166.1206
367.8475,167.7691,69.1282,166.2743
370.5799,166.3503,69.5931,167.5107
373.9186,165.6911,69.6255,168.9764
376.5145,165.1762,69.4646,170.3089
380.6000,164.2341,68.6778,171.3906
381.6072,163.3126,68.7084,171.7772
386.4423,163.2957,68.0405,171.5385
387.6102,164.0702,68.4261,171.8576
389.4442,163.6858,68.9157,171.0978
388.9639,163.9206,69.4634,171.0351
389.8296,166.6569,70.2384,169.5685
390.7143,169.4422,72.5676,168.6416
390.6302,170.8632,74.8014,167.4363
391.2853,173.1337,77.2874,165.7161
393.0369,174.2580,79.4792,163.7527
393.4530,177.8186,82.0879,160.4405
394.7527,177.7605,84.9755,158.8796
393.5786,177.1368,88.6528,158.4678
394.2567,177.4972,92.4415,159.0572
397.2862,175.4015,94.6523,160.8035
397.3643,172.1251,96.0195,162.9108
403.3993,171.4427,95.4006,164.6043
407.5953,168.4822,92.8124,167.4200
410.8979,167.4594,88.9416,169.7556
416.7372,165.3974,85.2062,172.0640
418.9883,164.6907,81.7006,173.3256
421.1678,162.7107,79.3683,173.7549
421.6767,160.4198,77.2354,175.0680
424.6440,160.3467,75.6776,176.2470
422.7972,159.6078,74.6081,177.0304
425.0072,159.9886,72.5994,178.4942
425.3985,159.6147,70.7817,179.3156
425.2180,160.3156,69.1915,179.4993
423.4265,161.6857,68.5090,178.9703
421.4249,163.3313,68.0279,178.3428
419.1999,163.6180,67.7535,177.8983
416.3417,163.2163,67.8535,177.5895
414.2314,162.8197,67.6869,177.5093
412.2385,161.6472,67.5275,177.9414
409.4754,163.4520,67.6233,177.4448
406.9825,164.3718,67.9196,177.1044
403.9236,163.2945,67.4087,177.4833
401.0930,161.5690,66.2349,177.7836
398.6769,160.7973,65.7706,177.5760
395.5653,159.6854,65.3080,177.3191
393.5092,160.1488,65.2399,176.9241
392.1126,158.4131,64.9580,177.6788
390.4637,159.7968,65.0135,177.5224
390.9196,159.0687,65.4254,177.9697
388.7087,161.1606,65.0948,176.8816
389.9151,161.6849,65.8390,176.6758
389.4979,159.6668,66.4515,177.2911
389.6075,160.1178,66.7913,177.8282
388.8895,158.3150,67.1569,178.8454
390.8563,155.7383,66.8552,180.3934
391.1247,154.4034,65.9084,181.7346
393.1112,153.3436,64.5412,183.3535
393.9325,153.7344,63.4579,184.1520
395.3235,152.6554,62.6590,185.2151
396.0934,151.4337,61.9415,185.0901
394.6545,151.7773,61.3595,183.7937
398.2150,148.2827,61.6466,182.5371
396.7605,151.1814,61.8437,181.7356
396.7899,149.8830,61.8208,182.9713
394.9825,148.3993,61.2370,184.2754
394.8654,149.5338,60.8908,185.1775
396.1938,147.8728,60.1485,185.7611
395.1521,147.8347,59.4359,184.7606
395.3462,144.9504,60.1945,185.2227
397.9412,144.3506,61.1470,184.8894
396.8252,146.0442,61.7972,184.6257
395.3438,146.2646,61.8736,184.2439
400.0336,145.5163,61.3546,183.4232
400.1569,144.6865,59.9202,182.4907
402.1763,144.8683,60.6657,180.3525
401.7956,142.2688,59.9809,179.1937
403.9380,142.7812,60.4031,179.2838
402.2449,145.8902,61.2523,177.7855
404.5682,143.7506,63.5911,178.2508
409.3763,141.7913,62.9546,181.0045
409.0301,142.2448,62.7337,182.1703
409.3841,142.3474,63.7829,182.4175
408.3823,142.1010,65.2414,182.1704
411.1475,142.9240,66.3261,182.3911
411.8861,141.2902,66.8231,182.1068
413.3047,141.3492,65.9660,182.4738
412.8333,140.0783,65.5855,182.1697
411.5846,138.4097,65.5324,182.8467
409.0431,137.0818,66.1318,182.5316
407.9966,137.1555,66.4073,182.7738
404.0145,136.9220,67.0435,183.8984
401.5452,134.7753,67.3960,185.0405
398.2119,134.6651,67.2648,185.8987
395.3839,133.5685,67.5971,185.9690
390.4558,131.8169,68.4962,187.1766
387.9897,133.0089,68.3441,187.4129
385.0721,131.2756,68.5676,188.5829
381.8182,130.3735,68.5733,188.5304
378.3001,130.4068,68.6549,188.1263
376.6230,129.9997,68.3374,188.4619
374.9371,129.0709,68.5145,188.9296
373.2631,126.8467,68.2719,189.5663
371.6324,127.4331,68.2390,189.6393
368.7166,126.2707,67.6862,188.5905
367.9488,123.9204,66.4339,188.3453
366.7081,124.6503,65.1961,187.7337
367.3101,121.4065,64.2618,188.0150
367.6216,121.3901,63.6774,188.5640
366.2373,118.6484,63.3593,188.6749
365.4318,117.2846,62.7011,189.4564
365.7377,117.7223,62.5079,190.4916
363.8985,115.9911,62.2060,191.2740
362.6769,115.9895,61.9630,191.3167
362.4021,117.0449,61.6811,189.5718
360.5643,118.0600,61.7984,188.8774
359.9093,117.9967,61.5743,187.6123
360.2731,118.8280,61.2868,187.2284
358.1625,118.2042,61.2243,185.4559
357.5479,118.1413,60.8995,184.3369
357.0353,119.6131,60.9005,181.4295
357.4501,120.4415,60.6035,180.8661
355.1888,120.3350,60.8672,180.7612
354.5547,120.0230,60.4535,180.5383
353.0383,120.6194,60.4060,179.9154
354.1010,122.3034,59.6054,180.4304
352.3777,122.3964,59.7954,180.5766
352.4858,122.6761,59.5200,180.7992
350.4209,122.3448,59.0507,180.7413
350.4331,124.2880,57.6328,181.6276
348.4483,122.5362,56.1664,182.5133
347.3428,124.1516,55.3632,183.2070
345.2370,125.3188,54.3813,182.6089
343.5444,127.9744,53.8538,182.5271
342.5182,128.7212,53.5520,181.7158
340.1909,125.8355,53.1268,181.5115
336.2243,126.7198,52.3995,180.0265
332.7847,124.4938,52.8311,178.2561
329.8701,124.0133,52.7295,178.3134
327.9149,125.0993,52.2880,179.2029
324.5417,123.4196,51.8820,180.9726
321.0410,124.7908,52.1696,183.2987
317.6917,124.0781,52.0394,184.7481
315.1666,127.6129,52.7369,184.7576
312.2812,128.8656,52.7349,184.7565
308.9815,128.9826,52.8092,183.5407
304.6216,129.3258,53.0286,181.4582
300.7536,130.4784,54.4219,180.1981
297.8610,130.8087,55.7850,178.7887
293.0193,130.7654,56.3859,178.3837
290.4561,130.5237,57.8411,176.9987
287.7613,129.8349,58.8436,175.0215
287.8649,131.0235,60.0085,172.5676
286.6415,131.1647,60.8849,170.7137
287.6744,131.4630,62.0602,169.3318
284.0348,132.1146,64.2077,168.1078
281.8517,132.5506,65.6627,166.8487
281.2914,133.3700,67.0126,165.3695
277.9185,132.2107,69.2925,162.7355
280.0145,135.0944,70.2987,161.9046
281.3988,133.8806,72.6131,160.9396
281.0640,137.8459,73.5444,158.6447
279.9659,136.1319,74.3654,159.1188
282.3420,135.7447,74.8313,156.0278
278.3549,137.3148,76.7014,154.5553
278.8320,136.8167,76.7613,153.5460
276.4446,139.4088,77.1489,154.9237
273.7060,138.5192,77.7300,156.2089
272.5188,138.7794,77.3351,157.9847
267.8363,141.0750,77.0822,158.9587
269.0273,142.3638,76.2612,161.7873
266.0416,142.3191,76.0775,164.1376
263.2089,142.9658,75.9330,164.5260
263.0946,143.6249,76.2087,163.9453
260.8291,143.0213,76.7617,162.4602
261.2841,144.3236,76.1832,160.6267
259.1924,145.9799,75.9019,159.9268
258.1071,147.7559,75.4849,159.5016
258.8983,144.3122,74.8888,157.1428
257.4264,145.1680,75.8485,151.6372
255.5209,148.7644,74.6742,149.2620
258.4458,152.5572,72.7859,150.5014
260.5525,155.1401,71.3468,156.0541
263.0399,157.0075,69.9875,160.2267
263.8548,155.2041,68.8287,163.3681
264.6298,155.9400,66.6749,166.1545
264.7406,155.0822,66.8380,167.3793
267.1396,152.5072,67.1455,167.4693
268.3771,152.4038,66.1973,169.7765
271.1350,151.3313,65.6053,171.9489
272.6429,149.4767,64.7380,175.1467
272.9115,147.4914,64.1464,177.8486
275.0020,143.3363,64.9669,177.1659
276.9818,143.9217,63.6800,177.5230
274.9796,139.9658,65.1774,175.3438
276.9151,141.9146,66.4454,174.9185
272.3934,138.0249,68.6573,173.8466
267.7130,136.8604,74.4702,169.3740
267.5468,137.6670,77.3264,168.3408
263.6006,132.2562,80.6157,169.0990
259.5199,132.9676,83.4688,169.3932
257.4424,137.4325,85.2071,169.7673
255.9254,138.5952,86.5896,172.5289
254.3580,141.2840,88.1116,172.7721
251.4920,141.1029,88.5702,174.4333
248.7641,137.2293,88.3039,176.4425
248.0559,128.2583,89.9863,176.4207
246.1411,130.6526,91.5237,175.2761
245.7093,125.2207,93.0600,175.0033
243.6313,129.6395,93.6818,173.8291
242.9614,132.4238,91.2602,177.3419
242.1479,138.8566,90.3865,177.2662
240.6843,160.6505,90.5916,170.1340
240.6098,162.3066,90.3684,164.9788
242.7151,152.6317,86.2307,168.4906
243.6187,148.0455,82.7972,173.7266
244.0772,170.7478,84.0379,166.9101
244.7048,158.3717,82.4643,168.4465
245.1794,167.1696,83.4224,164.7241
248.7128,155.9475,80.5281,169.8585
249.1993,155.3936,79.7697,170.4861
248.7105,157.5314,79.9960,170.0755
251.3934,154.9234,78.8649,173.8337
248.5151,148.9363,79.1870,176.5517
248.3999,150.4425,78.7419,177.7399
248.3822,154.2909,77.5973,178.3089
244.1396,149.5113,80.0618,178.5362
244.2355,147.7136,80.1596,180.3483
245.8284,144.6087,78.6005,183.1097
243.7381,133.5522,76.5874,188.3529
242.0945,129.2487,75.6782,192.1833
242.1026,126.1302,75.4922,195.1455
238.5469,128.0638,76.7265,192.7966
236.3792,126.1615,77.2696,192.3270
233.6810,133.0439,79.1316,185.7643
232.1810,119.4535,79.7261,188.1353
231.9460,107.1431,79.2046,191.9953
232.2302,105.8988,77.7201,194.3337
232.8558,101.8340,77.8905,196.4158
233.1691,108.5541,77.9666,193.7876
232.3257,121.9007,78.7505,188.6044
233.4046,107.4425,77.5222,188.2208
234.6237,106.3535,78.4864,188.8220
234.2173,116.6366,80.0325,184.1942
236.2357,106.5096,79.5203,185.7492
238.2343,95.2728,78.8256,189.4700
237.7677,90.1264,79.4027,188.1912
239.2201,74.6287,79.3622,188.4314
239.6151,80.8872,81.2377,188.2589
239.4759,98.7368,80.8378,193.3730
238.8272,100.2780,80.2918,196.6484
239.7018,93.0716,80.5551,201.3465
237.6602,86.8433,81.5424,204.6515
242.4052,74.0101,81.3748,210.2712
240.2197,68.4009,83.3347,208.2217
244.4244,68.9926,82.9792,205.7129
247.4836,65.2411,81.5463,205.7400
245.6630,56.0210,80.1780,202.6608
247.9725,76.1133,81.2567,198.3452
247.4237,84.5528,79.1529,195.7948
246.7430,79.8931,79.5047,192.1620
248.5567,89.9034,78.1758,190.1180
247.1520,83.8468,77.4162,189.0580
248.7074,83.8161,77.0484,188.8263
247.9489,80.3873,77.9052,188.0449
248.2163,84.2845,77.8529,187.4222
248.4885,77.4632,77.5806,188.8225
248.3157,83.0024,78.4144,187.5185
244.9926,82.4759,76.7827,188.3566
247.0251,78.4936,76.1547,188.4567
246.8643,82.3752,76.2912,187.1024
247.2020,81.0511,76.5133,187.5680
245.2621,85.1304,76.7516,187.7921
242.2141,83.4952,77.8738,184.4454
241.5181,74.9390,77.3286,183.1852
243.6740,77.8330,76.7216,180.3539
241.0586,79.2259,77.1403,176.7806
240.4962,77.6585,76.6967,174.1389
241.6065,79.9038,75.9074,173.8097
238.9013,74.5107,75.3370,174.4200
238.3988,68.7178,74.9333,174.1852
236.6850,68.9188,74.5856,173.3460
235.4322,66.9270,75.5456,171.3220
233.0448,64.6095,75.5627,170.7426
232.9864,66.8189,75.6066,170.3175
230.0846,66.0020,75.2336,170.8769
229.2012,62.0976,75.1988,171.1958
229.3188,65.1761,74.8818,171.5563
227.4371,61.4394,74.4028,171.3226
228.4395,62.0045,74.2887,171.5589
228.9693,61.9020,73.9052,172.3304
227.2933,63.7937,72.4027,174.1060
224.7466,63.2454,72.6308,174.0263
224.7496,62.1261,73.9555,171.4480
224.5814,63.7845,72.7682,172.8112
227.0757,61.9977,71.4256,173.6232
223.3582,54.2990,70.4948,175.9165
223.0542,51.6463,70.4560,176.1999
222.2117,47.3064,71.2360,174.7099
218.6817,44.7319,72.1278,172.0459
220.2853,41.6805,72.7884,171.0968
220.6676,39.2925,73.2434,168.8009
220.2311,40.1811,71.8176,169.2420
221.3115,40.2974,72.7482,167.6139
218.6259,38.8196,73.2021,166.5998
220.2943,37.4728,72.1951,167.2642
218.6771,34.1032,72.0786,168.0077
216.1561,31.6348,73.2479,167.0432
217.7957,33.9251,73.0966,169.2165
215.9481,36.0219,72.2932,170.9175
217.9422,35.6132,71.0825,172.5209
215.3831,37.4593,70.5213,174.3066
217.1112,35.0740,70.9747,174.0644
216.7627,33.4076,69.5089,175.8771
214.5931,33.0724,67.2668,178.2829
216.1906,28.2738,66.9324,178.4866
214.9689,26.7062,67.3504,177.2616
213.2679,31.0874,66.1970,175.7596
212.8875,27.7742,65.5748,173.2693
211.7259,27.7252,64.4415,172.8699
214.3395,24.3395,63.9169,170.6472
212.8477,21.0426,62.2888,171.6149
214.1248,19.1102,62.5642,168.7985
212.5782,18.1429,61.2893,168.3765
213.0983,15.3493,61.0710,167.7398
214.0266,17.3431,60.0665,169.4840
214.8396,15.8018,60.1984,168.4994
214.7746,16.0302,60.1574,170.4580
215.8268,18.3118,60.6083,170.5679
216.7159,17.8063,62.8333,170.3452
213.6938,16.4327,64.3422,168.5270
215.1028,17.2656,64.7868,169.8481
214.1053,18.9607,66.0357,169.1239
214.0813,18.5051,66.8155,167.2989
214.9484,28.3107,66.7142,166.0435
214.9465,27.9521,66.5292,165.7973
214.3362,28.4252,66.5219,166.3226
212.4046,28.6365,67.9617,163.6100
212.4156,29.7852,69.3240,162.5722
211.2759,31.0735,70.0261,161.8713
211.4754,29.6487,69.8469,161.7270
210.8753,26.6423,70.4201,159.8560
212.2460,25.7656,70.8806,159.7048
212.5320,22.9341,70.4469,159.7482
212.3378,22.6670,69.6188,159.8440
212.4297,22.5335,68.6016,160.3629
214.2730,25.0358,66.4686,160.9673
214.5345,23.7945,66.3568,160.6643
214.7997,25.2288,65.2732,161.4602
216.7948,25.3211,63.6470,162.2792
215.6363,26.1721,63.6774,161.2497
217.3904,28.8589,63.5960,158.7553
218.1926,35.9175,63.0903,159.2085
219.6656,41.6479,62.3259,160.2941
222.8977,42.6909,61.9198,160.6487
223.8132,47.5251,61.9165,160.5224
222.3524,50.0655,60.9182,161.0518
225.4479,51.9214,59.5595,163.6434
224.1144,53.3634,59.9838,164.1358
226.2004,50.2727,60.9830,166.0226
228.2046,49.8991,61.9741,166.0074
227.2088,52.3496,61.9875,164.2762
228.1431,52.5935,62.4120,161.7541
230.7605,52.4988,62.2287,158.5754
230.0323,49.2107,63.8540,153.1017
236.5905,50.3106,63.7480,151.4332
237.3171,50.2162,64.0374,149.3057
237.0342,51.4720,65.3486,146.8492
239.5182,51.7103,65.2169,145.8174
239.8401,53.9460,66.1199,145.4993
240.0218,52.1835,66.2790,147.0987
241.6647,54.2577,67.5366,147.3300
241.5186,57.0978,70.2981,146.4872
242.0232,56.3516,70.3046,147.9612
245.6439,51.6290,68.2628,152.8466
247.8462,44.5907,65.9141,158.4567
248.7893,35.8358,64.3182,163.8958
251.0388,36.1623,62.9989,167.6189
252.6680,32.1662,62.1690,169.6931
252.2864,24.5164,62.6952,172.1691
254.3611,18.4482,62.7488,175.3042
256.3659,20.9015,62.5769,177.0724
260.1712,18.3709,64.1956,178.4808
259.7701,21.1790,66.8618,179.1273
260.6559,20.6945,68.9849,178.4518
262.7975,15.4944,71.8784,180.1509
264.3993,11.3242,76.2396,181.9081
269.4724,7.2443,80.1981,185.2234
270.2721,7.2291,84.7232,187.9814
274.0858,5.1309,86.0033,189.4566
276.0138,3.9232,87.9676,190.3148
280.5904,3.6581,90.6124,190.1457
282.6966,4.7102,90.6014,190.8645
286.1129,2.9217,92.6085,190.6703
291.7753,3.2628,94.4518,191.0667
299.0470,3.7297,95.7011,189.9724
298.6475,2.1629,94.4516,190.3134
302.9284,4.8591,92.9768,191.0466
307.5287,1.9421,90.9034,191.2630
309.0835,4.0163,89.0470,190.6559
313.6503,3.1266,87.6641,189.7199
315.8758,3.0755,86.0478,189.4404
317.0756,2.8019,84.4563,189.4792
319.7671,3.6526,83.0291,189.6830
320.0918,6.9096,81.8985,189.1760
319.0317,8.3677,81.4105,186.8594
319.4707,10.3894,80.7448,186.6328
322.2946,12.5351,80.9881,185.7972
321.1673,12.8806,80.0524,184.7135
323.1717,10.7203,80.1443,184.5552
325.4974,10.4221,78.1972,185.2810
329.9269,9.2447,77.1087,185.4552
323.3605,12.3753,78.1012,184.1114
324.9471,6.6665,78.4738,184.7680
318.5340,8.0471,81.0302,182.7988
318.5887,8.5319,83.7456,182.4260
320.0256,9.1715,83.9558,182.4274
314.1994,12.7460,84.9052,181.5848
317.2161,10.7033,83.8557,184.1822
316.6465,9.5754,83.5915,184.3638
310.8394,11.6874,82.8715,184.2872
314.9850,17.8497,82.4837,182.4235
313.3083,18.9869,82.3392,178.9710
308.2151,26.4579,80.8271,176.2925
309.5719,26.8610,80.1577,172.4421
313.4870,29.8703,78.0639,171.2375
314.2753,29.7547,76.5294,170.2883
310.0541,32.1137,75.0515,169.6006
310.1467,32.5550,74.0036,169.2002
313.8036,34.0126,72.3863,168.6847
314.3858,32.4503,71.3880,167.4376
314.3007,32.6766,69.5171,166.3179
316.5411,28.6388,68.2559,168.0181
319.4463,28.0571,68.5652,169.2864
319.2434,28.7366,69.4066,167.7394
322.5589,28.2456,69.6900,167.5844
323.8679,30.0817,70.4766,166.7646
327.2274,30.5120,69.9941,167.5434
330.9515,34.9378,70.6585,167.2576
332.5092,37.4422,70.0173,167.1352
333.3721,35.4278,69.8989,165.4939
333.4941,35.3752,70.2565,163.0996
333.3315,36.8423,71.5280,161.2965
332.9015,36.2387,71.6156,161.8300
332.7578,36.0551,72.1509,161.2493
331.3455,35.5504,71.7852,161.9142
333.1657,37.7895,70.9695,162.7370
334.9882,38.9263,70.5086,162.0684
334.5209,38.3270,69.2053,161.9202
337.3889,37.8915,68.2819,160.6115
337.2643,29.5501,68.0192,161.3058
339.9837,33.8614,67.7142,159.2986
337.7635,32.5487,67.8423,157.4679
340.1199,36.2689,67.8686,154.6922
340.6307,34.1882,65.8601,155.0160
343.3149,32.8336,65.4306,154.4042
342.1090,30.4709,64.5533,156.3949
342.8499,30.3489,64.8611,155.7857
344.0200,29.5308,64.4505,155.4205
345.8652,29.1641,62.9442,155.9755
347.3481,27.7948,61.5115,156.4765
349.1237,27.8370,60.1372,157.0724
347.9633,23.3679,59.9325,156.9230
347.7421,20.0615,59.3504,156.4701
348.8394,17.9071,59.4888,155.9388
351.3921,20.2807,58.3486,155.2058
351.4640,19.2733,58.7389,154.0079
351.6444,16.0728,58.7362,153.1494
353.8714,17.6489,57.5494,152.3167
353.3260,18.3538,57.2343,151.1156
356.0226,19.6273,56.1502,149.6418
356.0284,23.2691,55.4090,147.5126
355.3399,24.0196,55.7029,144.7532
354.6571,25.5580,55.4481,142.5203
355.2748,25.5297,53.8994,142.4645
353.6788,28.5685,53.4087,141.1132
354.4327,26.1740,52.8119,141.0398
355.1538,26.1647,51.9537,141.8998
355.6448,25.6160,51.7445,142.7080
356.6941,26.5033,51.4577,143.2560
354.7356,27.5507,51.7767,142.3193
353.7476,23.9226,52.5338,144.3163
352.9521,21.4498,53.1673,146.9725
353.6735,23.1423,53.6593,148.3736
352.3841,22.5863,54.8911,148.9075
352.3058,20.6189,56.3215,149.3812
353.9903,20.2836,57.3167,150.7733
353.0994,24.8989,57.0870,149.9662
354.1597,22.2326,58.0103,149.9109
355.0071,16.3863,58.7231,151.8778
354.7929,17.0846,59.1242,153.2510
354.5713,21.3653,60.0374,152.7401
354.5499,21.7354,61.2808,152.6085
354.2962,20.5832,62.0356,153.3346
354.8424,18.1313,62.9865,153.6467
356.3755,16.6082,63.9476,154.7238
358.4648,19.3493,63.9233,154.8829
358.2228,20.8397,63.8734,154.5005
358.9981,21.7357,64.5439,154.3939
359.0812,22.4535,64.5170,154.4548
359.7065,20.5656,65.3625,154.2584
358.5247,21.6645,65.4168,154.1274
358.4108,23.2687,66.7716,152.7597
359.3946,24.3270,68.1522,152.0816
360.1720,22.7223,68.7416,152.4374
359.4562,21.5974,68.8993,153.7702
361.2910,20.5501,69.1099,155.8915
361.9664,20.7062,69.9884,156.7010
362.1670,17.5442,70.1231,158.8190
363.1496,17.2760,70.8922,161.0983
362.3247,18.4770,71.5248,160.7028
362.0395,19.0710,72.9465,159.8240
362.2142,18.0300,73.3321,160.7630
363.4826,19.7579,74.2382,160.6688
364.7086,16.5632,74.2460,160.8670
365.0598,21.0497,73.7341,161.5710
367.0094,17.9591,73.1389,161.7370
370.6789,17.0135,71.8736,160.5128
366.1249,16.6753,72.1585,160.4671
369.6207,17.6885,72.3369,159.7822
373.6257,19.7048,71.8461,158.9998
378.0082,16.9711,70.2284,159.0794
382.6758,14.7397,69.1454,158.1919
2
0
0
0
0
1
339.6179,39.4454,31.3941,126.3574
337.7775,38.8060,32.4380,126.2775
335.8944,37.8753,33.2313,126.9457
333.1920,35.7475,34.0854,127.3200
330.7031,34.8349,35.1362,127.4108
328.2845,33.7371,36.0122,127.9419
325.7564,33.9632,37.1132,127.9518
324.5500,34.8130,38.0749,127.4518
323.6952,35.2835,38.7592,127.1248
321.4493,36.0484,40.0833,126.1348
319.2214,37.5017,41.3897,125.2279
319.1013,36.0724,41.9031,125.2685
316.1884,37.4232,42.7753,124.3649
315.8697,36.9681,42.5513,124.7681
312.2311,36.7234,43.1594,123.7745
311.1487,37.9489,43.7001,123.7540
309.3234,42.1552,44.9979,121.9590
306.8338,43.1785,45.3865,120.3536
305.3634,43.7056,45.1355,119.2104
305.0039,45.7186,44.8888,117.6343
302.7448,46.0730,44.0134,116.8571
302.1024,46.4494,43.0730,116.1762
300.6606,47.1383,41.9387,114.8684
299.4178,47.9788,41.1918,115.2130
299.1262,45.3022,39.5945,116.5422
298.0016,48.7401,38.2520,115.6223
297.0488,48.3515,37.1746,115.9586
296.7278,52.2849,36.9642,115.0386
295.1554,46.9059,36.2327,117.2281
295.4410,45.7533,35.8812,119.3449
293.7405,48.7880,36.7530,119.0067
291.0785,48.0296,37.4808,119.6288
289.3514,50.0777,38.7830,119.6937
287.5375,47.4779,40.2634,121.8774
285.3830,46.6976,41.2793,123.7354
279.2140,43.2072,43.0368,126.6119
276.4143,44.4472,45.3711,127.0525
277.2737,44.2608,46.5172,128.1280
278.4951,44.4925,46.8858,129.0651
278.2584,43.9097,47.8122,129.1012
277.2050,46.0181,47.3679,128.8559
279.2762,43.6626,47.4329,130.3537
278.9547,43.8736,47.3718,130.1690
278.5788,45.2476,47.0070,129.7028
279.3187,45.6356,46.0677,130.1313
281.6165,42.5631,46.1359,131.1246
281.9831,45.2131,46.1279,131.0429
277.2447,49.4394,47.3676,128.9475
276.2506,51.8857,46.6340,126.8644
276.7416,49.0423,46.0706,127.5262
276.0561,46.9875,45.2745,128.2129
275.1023,43.7286,44.3465,129.7598
275.7798,42.9179,43.1118,131.4810
276.5067,41.0695,41.3266,133.0904
277.6850,41.9846,40.0636,132.9018
278.7286,45.7365,39.5279,131.0768
279.9590,43.0567,38.6094,131.7724
280.4814,43.4133,37.9459,132.1685
280.4313,42.9629,37.7332,132.5018
280.7807,41.6506,38.3322,132.4987
279.9117,43.6818,39.5545,131.6421
279.4497,41.4401,40.7285,131.7417
279.8750,43.0612,41.7823,130.0206
279.3917,43.9970,43.1357,128.8455
283.0518,42.3876,43.4396,128.6911
282.6936,47.7765,44.4651,125.5633
286.7234,47.5785,44.3359,124.4614
289.5942,48.2512,43.5253,123.9202
292.1607,49.3322,42.2489,123.5280
296.8263,47.8872,40.6255,123.4596
298.5448,48.1417,39.9160,123.0817
300.6858,49.6542,39.4133,122.7605
304.4984,50.0979,39.2470,121.9631
304.9664,48.5897,39.0196,122.3411
306.4127,48.4122,38.5659,122.3067
309.9415,48.2886,37.9665,122.9972
311.7298,48.7107,37.6775,123.1913
313.3372,49.9803,37.2163,122.8438
316.5245,49.2241,36.9809,122.9134
318.6352,47.7362,37.0091,123.2700
320.1237,48.8829,37.8217,122.8037
321.8515,48.2439,38.5112,122.6506
322.6588,49.3114,38.6933,122.3579
324.1664,49.2308,39.1556,122.8529
325.3173,49.7129,40.5524,122.7365
325.7864,50.3240,41.3639,122.4103
325.9226,49.5092,42.4580,122.6712
328.2757,48.4923,43.0024,123.8192
328.7042,48.0555,43.3711,124.2964
332.3953,47.3626,43.9385,124.9135
333.0963,46.9863,44.7884,125.5834
333.0255,48.4282,45.9302,125.4097
332.3400,49.3100,47.2210,125.0100
332.4971,49.6197,47.5197,124.1908
332.8058,51.4545,47.8384,124.0137
329.8481,52.5422,48.8989,123.1502
330.1746,53.2105,49.1041,122.8901
330.3790,51.3341,49.9391,122.2822
331.4942,51.7795,51.6443,121.7151
332.4449,50.0063,52.2741,122.4317
336.2848,51.2132,52.6682,122.4990
337.3239,50.8092,52.4746,122.3613
340.4961,52.7877,50.2323,122.0506
341.9784,53.6213,48.7686,121.3769
343.2890,53.7681,46.8924,121.4186
343.6565,52.3464,45.4917,121.3400
344.7994,50.1111,44.3555,121.9089
348.1280,53.9301,43.9158,119.0329
351.4890,56.5781,43.2654,116.4202
353.4141,60.0349,43.0452,114.3259
357.4315,63.5292,43.3273,111.6361
359.6238,64.5846,43.7708,110.5935
361.1899,65.4661,43.3720,109.0954
366.1470,64.4384,43.0299,109.4202
370.5979,63.7930,41.9380,109.0503
372.7044,65.1029,41.5887,108.8402
375.0150,64.2605,40.7883,108.6960
379.6973,62.1263,38.8359,108.6431
381.2893,64.6602,37.6367,107.9900
383.5669,64.8748,37.4327,107.3945
384.6334,66.9238,37.3604,105.5325
387.7256,68.1027,37.8880,104.2261
390.4465,67.7851,37.4096,104.2438
391.3061,66.8079,38.0170,105.4181
393.5702,63.9778,39.0199,105.9904
394.6613,62.7768,38.9376,106.9147
396.5346,64.3902,39.0644,107.4669
396.7269,63.7492,39.0791,106.1251
395.9806,66.7409,38.4179,104.4220
394.9087,64.9348,38.8185,104.7083
395.9914,64.6378,38.7019,105.6344
393.5371,66.4689,39.8224,104.9032
397.0089,65.9546,38.7727,105.8711
396.3401,65.6980,37.2195,106.3855
395.3153,66.8478,35.7657,107.0502
393.6041,67.9209,34.5695,106.6966
392.6754,69.3097,34.1950,106.0437
391.5200,68.9500,33.6661,105.8691
391.1660,68.8471,33.3177,106.0398
391.2086,69.6877,33.2513,106.1861
390.6446,70.8232,33.4867,106.3012
388.9485,72.4416,34.4130,106.2307
388.4669,74.2831,36.0676,105.6156
387.6434,78.5946,37.7367,103.7487
388.2881,82.4169,38.9177,101.5073
386.2096,88.1042,41.1392,98.8406
387.4796,87.6941,40.6583,98.9286
389.2723,87.1829,39.2393,101.0097
388.4787,86.7855,37.3174,103.4626
388.1486,84.6886,35.5182,106.4223
388.3567,86.5694,34.8593,107.9819
387.1511,84.2738,34.0956,109.9339
386.9431,84.5707,33.9872,112.9937
385.5290,84.7211,34.3368,114.2765
383.7901,87.1209,34.7930,113.8648
383.4829,89.2628,35.8148,112.8613
383.2463,92.5159,36.8745,111.4297
384.4083,94.3289,38.9752,110.7198
384.7048,95.4051,40.0077,109.9837
383.2939,98.5015,40.3435,108.2317
382.2884,99.5181,40.1083,107.3820
381.3891,100.6544,40.5969,106.8930
380.5716,101.3393,40.0100,106.3520
382.2599,102.5652,40.1762,106.5175
383.8767,102.2779,39.7121,106.0752
383.9729,103.2847,39.4743,105.8288
385.3510,103.7248,38.9765,105.2321
386.7751,104.9957,38.6172,104.9329
385.4891,104.7116,38.5649,104.1013
386.9250,107.3778,37.7947,103.5848
389.6835,107.2006,37.1015,102.7005
389.4675,108.5375,36.9918,101.7317
389.1115,110.7942,36.9904,100.8274
387.8859,109.9777,37.1040,99.9466
388.7578,111.7927,37.0291,99.7030
387.8225,110.7859,37.1609,99.6798
387.1138,113.1131,37.4217,99.3068
385.6638,115.3029,37.2078,99.3508
385.0593,117.2030,37.3193,99.1280
383.4845,119.4454,37.3955,99.2809
384.4607,120.8492,36.9237,99.9308
382.2245,123.8177,36.9731,98.8755
382.7041,126.4690,36.8794,99.1000
381.1301,127.4899,36.9369,98.7008
381.5887,132.2382,37.2897,98.4840
382.2440,134.2913,38.1258,97.9100
381.7486,136.7769,38.2392,97.4387
381.1595,139.3691,37.8772,96.3851
379.3043,142.4550,37.2962,94.8661
379.4866,144.5391,37.6468,92.9091
378.7548,146.4500,37.3834,91.3467
377.2190,146.2496,36.1742,91.0065
375.1683,147.4523,35.1391,90.7517
372.5610,146.5918,34.7978,90.8461
371.9417,145.2020,35.4647,91.0765
370.0263,145.4647,35.7706,91.5545
367.7101,147.3219,36.5971,91.1990
367.4326,145.9055,36.8886,92.0875
367.8510,145.9391,36.6982,92.9440
367.7567,146.7001,35.7977,93.4522
367.6736,145.2316,34.9286,94.0060
365.8012,144.2404,34.6298,94.0450
364.8039,143.1131,34.3863,95.3201
363.5178,140.7305,34.5342,96.4100
361.0135,139.9554,35.5001,96.7383
362.4178,136.5962,36.9469,98.5566
361.3281,133.8228,37.8594,101.1083
361.5095,131.6103,38.1090,102.5026
360.5113,130.4162,38.6036,104.2096
356.5937,130.1101,39.5130,105.2083
360.9037,128.6037,39.0047,107.1194
357.8039,128.7453,39.2872,107.9397
359.3690,128.5933,39.8562,108.9637
360.4804,128.5855,40.1646,110.4616
361.2426,129.1426,40.6258,111.5079
362.7340,128.9782,41.2896,112.1174
362.5747,129.4214,41.3747,112.8132
364.4553,130.4146,41.6038,114.1183
364.4908,130.3094,41.6789,115.2432
366.7032,131.7740,41.3184,117.7578
367.3472,133.5779,41.6761,118.9725
368.9982,134.5391,41.7671,120.2169
369.5911,135.2584,42.3538,120.6224
370.3825,135.0218,42.7363,121.7855
369.3922,135.3324,43.4490,122.5870
370.8772,134.6317,43.4340,124.6085
372.8858,133.5330,44.4878,125.8700
372.6274,133.5181,45.8333,126.2656
373.3290,133.7303,46.4988,127.2526
375.6739,134.3505,47.1715,127.6615
373.8642,135.6721,47.4949,127.1378
375.6286,135.4738,47.2984,127.5652
376.7087,134.1973,47.8692,127.9842
379.2204,132.4406,47.8465,128.0137
377.7599,133.8331,48.5257,127.0163
380.6512,132.9969,48.3912,128.1959
384.9924,133.8736,48.1406,129.7301
384.1340,132.3642,48.0605,130.7608
389.5115,130.5681,47.8508,133.3911
391.1868,134.1851,49.4007,132.7545
393.2726,135.6288,51.0473,133.1549
393.4789,136.4225,53.1746,133.0879
395.1354,136.1458,54.5335,133.3082
396.7879,134.0587,55.3607,133.8600
397.3254,136.2405,55.9534,134.3312
396.9248,133.7115,55.4978,135.9497
398.0872,134.8271,56.2025,137.4558
399.9147,135.2304,56.6098,138.8803
398.6187,133.6466,54.6056,141.6202
398.7397,129.3108,53.7139,144.4323
396.5080,124.0701,51.8574,148.4449
395.8211,122.0143,51.8561,151.0528
394.8853,118.2604,51.3779,153.8402
394.9914,119.6450,50.7711,155.6286
396.2755,117.1070,50.7912,158.2528
396.0461,113.8393,51.7679,159.9064
393.8935,115.2929,51.6547,160.2503
394.6561,114.4514,52.7031,162.4969
393.4955,112.2037,53.0892,164.1185
391.7443,112.7594,53.3008,164.8117
396.7063,109.7147,52.7820,167.9684
394.3834,108.7935,52.1135,168.3170
398.5954,106.2758,52.7623,170.1657
402.0044,104.9318,53.2429,171.5754
401.9456,106.8523,53.6937,170.4150
404.5047,110.1662,53.9295,171.2782
404.8969,110.4772,55.5099,171.0507
405.4262,110.7085,57.0059,171.0811
405.1713,110.6507,58.0774,171.3004
403.9319,109.6997,59.3074,171.3726
405.2552,107.5929,59.5783,171.6087
404.1535,107.1839,60.4557,171.2872
406.3320,105.5760,59.9820,172.4774
406.1261,106.3798,59.4039,172.9883
407.6799,107.2039,57.9653,175.1051
406.1674,107.8442,57.9314,176.1893
406.7054,107.1221,57.8865,178.3894
407.6306,108.8842,57.5532,179.0027
410.6009,109.4784,57.5488,180.1074
412.3414,110.7561,58.2246,179.9445
411.9381,112.3782,60.0127,178.5785
412.4106,113.3236,61.5157,178.0560
413.6268,112.4958,62.5781,177.6775
414.7299,114.5511,62.7759,177.3204
414.8826,116.1967,64.1372,177.2259
418.9958,115.2101,64.4258,177.7672
417.8624,115.9083,64.9636,177.4705
418.8969,115.7212,65.3054,177.4225
419.3527,113.3159,65.3550,177.4693
416.4088,109.2733,66.2390,176.9868
418.3469,105.0035,65.8637,177.3643
419.5141,104.1580,65.6902,176.7322
420.3812,101.6579,66.5931,176.9105
419.7619,101.8198,66.8930,176.6898
414.9417,101.9975,65.9576,176.9733
416.7221,103.9378,64.7525,178.0952
416.9210,104.9367,63.0934,179.0930
416.5537,106.2949,62.5023,179.6971
416.1512,107.8443,62.0756,179.4640
416.0280,110.3738,61.3883,179.2684
417.9050,112.4390,61.5769,178.7276
418.7405,115.9343,61.4804,178.8704
417.9523,118.1413,60.5815,178.0667
416.1339,118.7076,60.0081,179.0822
416.2015,120.0326,59.5010,178.7515
416.5244,121.8680,58.9432,178.7198
416.3182,123.5092,58.2168,179.2848
414.8185,123.2078,57.8349,180.3613
415.3207,123.3159,57.8683,182.1075
416.0533,124.1048,58.6888,182.2905
419.5496,122.1425,58.9492,182.1422
421.4278,124.1642,58.7639,181.5582
423.0892,121.8128,58.7237,182.4504
422.4207,123.1992,59.6925,181.2938
422.3922,122.1207,60.3752,181.5175
424.0526,121.9432,60.4118,182.3853
425.1922,116.9597,60.9383,183.2982
427.0697,117.5130,60.1694,184.5345
427.7831,119.5381,60.3637,185.2568
429.2799,119.5070,60.0679,186.1106
427.4106,121.7295,60.6346,187.1265
428.2697,118.1073,60.4716,188.5724
429.1823,118.1018,60.1752,190.2065
430.5211,119.7523,59.9540,188.5253
430.3976,117.9865,60.7807,187.4586
430.1599,119.3042,59.8262,186.5621
429.1744,119.0517,58.7475,186.3329
429.2400,122.0944,59.0753,183.9870
430.6102,121.5819,57.9708,184.0276
429.4807,120.7441,57.1480,183.4506
427.9999,129.8264,57.8082,178.1790
427.9545,137.6205,59.3983,172.4516
425.5335,137.5637,58.6726,170.7117
426.3880,142.9808,59.8780,166.4170
424.9507,141.8469,60.6587,163.0474
424.2708,139.9123,56.8554,164.6201
422.8772,137.5393,54.8285,165.3670
424.3757,131.3398,53.9532,167.1844
423.7565,132.2617,50.5355,169.9667
419.8278,127.5894,49.7602,172.6718
421.4330,130.0491,49.9103,171.7672
419.5162,124.3917,49.9386,173.9738
416.5591,119.0815,49.7821,176.1005
414.7932,116.4199,49.0650,178.2701
410.7607,116.1039,49.1829,179.0132
408.2791,110.4556,50.4853,180.1803
407.6766,107.0806,50.2521,182.9669
404.8652,102.7732,50.0669,184.5527
407.3396,97.0008,50.6432,186.8249
404.9012,94.1497,51.4572,187.4024
408.5435,92.0446,50.9939,187.7241
411.0099,89.1193,51.1146,187.3492
407.7231,84.8994,53.1163,186.7414
411.4823,81.1210,53.2948,187.7343
412.6172,78.3925,53.7993,187.9936
410.2954,80.2406,55.9634,188.3007
411.1286,78.9340,56.1775,188.8277
411.9189,78.2856,56.7773,189.3456
410.9494,75.6494,57.9427,189.6026
411.2196,80.2502,59.4805,186.6265
409.3295,79.4818,61.0554,184.1943
408.9067,78.8062,61.9734,182.5647
408.6361,78.3988,62.9753,181.3988
405.6378,80.7020,63.7824,179.3355
405.6623,79.7048,63.3713,178.3701
407.1746,79.0226,62.7383,177.8661
406.8944,75.0493,61.7729,179.8974
409.4470,79.1572,60.6033,178.6183
408.6943,75.9787,60.2641,179.2420
409.9509,73.1249,58.8984,180.2849
410.3410,73.3131,58.6675,180.1925
411.5217,72.1159,57.7292,180.2376
411.7210,71.6242,58.7883,180.0781
412.7650,72.1182,59.1232,179.2648
414.0582,72.9194,59.5956,178.8122
412.3435,78.3342,61.7863,175.3301
411.8414,80.6919,62.4561,172.6827
412.8023,81.1237,62.0949,171.3192
414.0076,78.0149,61.2274,172.4243
416.6046,75.7351,59.6076,174.4568
416.1008,77.2724,57.9382,176.6495
418.1452,75.3991,57.0992,177.9758
419.1767,77.9549,56.1901,178.5110
418.2676,81.4791,56.2437,177.3470
420.3406,82.2948,55.9901,176.9950
417.2656,87.1579,56.2027,174.2619
418.8220,89.0721,56.1942,172.8248
419.6474,89.2687,56.3801,172.2107
420.2836,90.3744,55.9405,172.7225
420.7174,93.6340,56.0477,170.9195
419.1774,97.0226,56.1108,169.1268
420.2996,101.2191,55.8201,167.4527
421.4620,104.9381,55.9482,165.8676
420.5183,109.6304,56.4855,163.4646
420.6532,111.3969,56.3565,163.4406
419.7895,114.6255,56.8532,162.6518
418.4874,118.1074,56.5271,162.7292
418.1577,119.8961,56.8905,162.1979
415.9637,124.8694,58.1757,159.3341
415.2025,128.7220,58.2447,157.4601
414.8571,130.4571,58.1361,157.3232
415.2704,131.1430,56.8462,159.7338
414.8080,132.9225,56.9039,159.6062
413.3280,133.4736,56.6059,161.4842
413.6020,136.2429,56.0802,163.4907
412.4406,140.6053,56.6607,162.3630
412.7083,139.0850,55.8810,163.4671
411.9655,141.8690,56.6972,162.3460
411.9159,139.7765,56.9414,162.4452
411.7250,145.1345,57.5070,160.8721
412.7292,140.9060,57.1659,162.5779
412.8010,145.6193,57.3875,161.2335
414.4113,140.7395,57.0307,162.9187
414.4257,144.1058,56.3116,162.5105
414.8698,141.9383,55.9616,162.5739
414.7672,143.7021,56.4625,160.7019
415.8676,144.4655,55.6835,160.8994
415.6306,145.7001,56.1291,159.3392
415.3102,145.6798,56.1953,158.9620
416.1774,143.5639,55.4751,159.8152
418.3113,143.4341,54.6449,160.0185
417.3756,144.0493,52.8155,161.1919
420.4774,144.0940,50.6110,161.7164
421.8148,143.3484,49.8666,161.8861
422.5605,143.2894,49.2237,162.7563
423.3167,143.3087,50.2977,163.1595
423.2122,143.4559,51.4985,162.1502
423.7250,142.1485,51.5292,163.9432
424.1860,134.9866,52.1402,166.8155
421.6275,139.0855,51.8214,167.7826
424.3261,133.5228,51.1897,170.8141
424.7747,128.7225,50.4689,173.8146
422.7612,130.0643,49.8332,175.9233
424.3060,130.8454,48.8275,176.1034
424.6731,129.9167,48.8259,175.7576
424.6363,133.2046,48.9015,173.6388
425.2865,128.1731,48.8602,174.4034
424.2158,130.0199,48.5357,174.0950
425.2681,127.0421,48.7474,175.8524
422.5772,127.8055,50.2838,175.9576
423.0989,133.9236,50.1809,173.1173
422.6700,130.6722,50.2809,171.1255
421.1564,134.2772,51.3878,168.8090
417.0098,132.9717,53.5644,168.1055
416.7288,129.1489,53.5980,170.1554
417.3553,131.9635,52.7445,169.9722
415.2579,131.6390,52.9621,169.7841
415.7566,132.4607,54.0548,167.0094
408.3026,134.0208,58.2899,164.3607
407.6548,139.0631,59.3061,161.7346
407.6580,140.8386,60.4204,160.1031
406.9813,140.2063,61.7707,159.6381
406.7777,139.2816,62.5516,158.3318
405.6519,138.4518,62.7630,158.4282
404.4098,136.1784,62.2572,159.2948
404.6341,135.6857,61.6091,160.5380
403.7949,131.8693,60.9359,162.8645
404.0928,128.6281,60.7001,165.5692
404.3216,126.2139,61.1131,167.4658
404.5692,125.3301,61.6117,168.9089
404.8592,124.6254,62.5883,169.9426
404.0073,125.7806,63.9143,169.6892
403.3810,125.6356,65.0597,169.1018
405.0537,125.7151,65.8200,168.9707
404.3620,125.5255,66.6438,169.5221
402.6546,126.5876,67.2754,169.3496
403.9294,124.3762,68.5112,170.0000
402.8112,127.5098,69.3146,169.3996
404.7179,126.6830,70.1736,170.7550
404.2480,125.2694,71.2581,172.3931
403.6772,122.9427,72.6574,175.0236
402.8743,120.2782,74.1325,177.6094
402.2457,114.5051,74.8730,182.8321
400.5217,106.2585,77.5304,189.5793
396.9170,96.0027,79.5365,197.6995
394.9451,96.4578,82.3447,201.9204
394.0056,90.4314,84.0454,207.8857
390.4982,91.9957,85.9139,210.8684
389.6770,91.0992,87.5427,214.8081
386.0250,87.1543,89.5259,217.2131
388.9171,87.3838,88.8707,221.0605
386.3443,85.1146,89.4230,220.0053
389.1172,89.2878,87.6872,219.3842
395.9384,88.2614,83.3461,220.3867
397.0767,90.5321,80.6557,220.1611
395.0651,96.4096,79.1954,217.0671
394.9034,91.8850,75.9889,218.9099
396.8820,97.4774,73.8495,217.1452
390.1693,93.5808,75.4639,216.1725
393.6425,94.0601,74.6546,216.5971
392.0369,94.3670,77.2260,214.4006
391.4517,97.4756,77.2101,211.7371
388.1795,99.4237,76.6171,209.2408
388.4508,97.8799,75.4026,207.1060
390.0963,104.0066,74.3955,202.8864
391.0147,110.0177,74.9231,198.5953
388.2342,119.0318,75.5457,191.1925
390.9140,122.2732,76.0112,184.6998
393.4799,121.5359,72.5220,181.6977
393.7180,123.0194,70.7924,178.4234
392.3593,121.5499,66.3409,178.3768
393.9471,125.9521,64.3835,173.9690
389.3502,121.0518,63.9090,172.2680
392.8492,126.0520,64.0715,169.3919
388.6129,129.8119,67.5232,165.5358
391.0412,127.6386,67.0485,166.7909
392.4304,118.9586,66.7362,171.4315
389.3307,120.4441,69.4965,171.7540
385.8532,119.4186,70.5168,172.0355
385.2853,117.4245,69.8316,171.3064
383.5325,116.0271,70.2877,170.7008
383.3425,117.6043,71.2422,169.9302
375.6287,123.8347,75.7743,165.3339
368.3278,125.3164,80.5252,160.9456
370.6371,126.2423,82.8960,157.6136
368.2047,125.3172,81.4341,157.1224
365.3659,122.0715,79.0010,158.4213
365.4542,120.5186,76.6598,161.5423
365.1389,120.3426,74.0338,164.1623
363.3977,120.9277,70.7151,164.7755
362.8211,123.8566,67.2248,164.8617
361.4047,125.2356,64.1036,163.3712
359.2020,124.5189,62.0778,163.1188
358.7768,120.0210,59.9745,164.2958
359.1136,118.1429,59.1333,164.8981
358.0934,118.9657,58.4826,163.8922
354.5563,118.7693,58.3597,164.1998
357.3751,116.9757,57.8651,166.5531
358.2032,119.7725,58.1552,167.4924
359.0132,120.1236,58.8945,168.3899
363.9944,121.9044,58.6296,168.4610
366.3928,125.5185,57.5082,166.4090
369.0614,130.4731,57.6021,163.4474
371.0780,133.2613,57.3178,160.9300
375.1775,133.6178,56.5729,159.9615
376.3455,133.0688,55.6926,161.4112
376.4865,133.3857,56.1973,162.4124
378.8878,136.0866,56.4762,162.6590
379.2546,139.7310,56.4990,160.5433
378.7741,143.4855,55.9722,158.5832
381.4513,145.7467,55.9468,158.7293
378.7183,148.9588,57.3871,157.2482
381.5710,147.3869,56.5440,158.0707
378.2989,149.9253,57.0492,157.7618
379.1243,154.1292,57.3550,156.6123
380.2205,151.0327,56.6732,158.4538
380.8270,149.4889,55.5849,160.0943
379.1269,150.3016,55.9668,161.4178
383.7563,151.8723,55.3428,160.6144
385.4507,153.5291,55.0200,160.9413
386.5840,155.6965,56.1526,161.2882
387.6138,156.1697,56.4815,160.0062
390.6704,158.6149,56.1543,158.4027
391.2459,162.4530,55.9954,155.6941
390.5158,166.8139,56.6136,152.4288
392.2073,168.3814,56.7085,150.7519
392.8485,171.0285,57.6883,148.7150
394.9222,178.3502,58.3275,145.1245
396.0856,182.9754,58.6511,140.7171
394.6909,189.3851,60.4035,136.1077
391.8888,185.9387,62.2039,135.0932
392.4625,191.8155,62.1576,132.4440
388.4838,188.3645,63.8138,131.6813
389.3277,185.7287,63.6537,132.9958
385.6854,190.4570,65.1034,131.4380
387.1616,186.6850,64.9554,132.2310
386.4026,191.7685,65.5382,130.9241
388.0661,186.3183,64.5208,132.7509
386.6135,190.0005,64.8676,132.6195
385.1700,182.1595,65.2281,136.6639
385.2870,183.1732,65.8336,139.1203
386.4476,178.2338,66.1897,141.1010
384.6718,178.3631,65.5604,142.9803
384.3596,176.1795,66.6883,143.6702
383.6498,174.7830,66.8432,143.9814
380.4193,177.2110,70.3830,142.4600
381.7195,185.8165,75.8733,136.1353
380.7686,188.4283,79.6636,131.6034
378.1133,189.6055,83.3222,127.9420
377.0984,186.7904,85.1371,125.7776
376.3697,184.2609,85.9548,124.5949
375.5770,180.1781,85.5956,124.2246
370.8878,176.6549,82.7293,125.2925
370.2667,172.8417,77.6748,126.9103
369.9186,169.9256,73.4808,127.5052
368.8766,169.2219,69.3382,127.3151
367.9638,165.2152,65.5548,127.7046
370.7020,163.4241,62.9902,127.4249
371.9813,160.2580,60.8790,128.3771
371.3297,154.0477,58.1851,131.2459
373.0828,154.3997,57.1581,130.4132
368.6696,150.2221,56.3753,131.3085
370.7901,144.6699,56.2865,133.3977
371.3326,139.5830,56.4375,135.5100
372.9528,141.9860,55.3604,135.0360
375.9444,139.0342,54.4618,135.0172
377.4072,146.1368,53.4826,130.7732
382.3430,146.6288,51.5476,126.8721
387.1956,141.3560,48.9540,126.6185
391.4335,144.4623,47.0566,124.3567
391.9888,151.7556,48.3692,118.1757
390.2513,144.3721,48.8864,117.0276
382.4146,136.6652,49.2855,119.6635
379.6802,133.9248,49.6633,119.9098
374.1428,127.5067,49.6072,119.6051
377.7158,132.7822,49.3611,119.8607
378.6612,138.7453,49.6803,119.9380
375.7947,137.6086,49.7957,119.8500
375.3743,135.9501,49.5147,120.1312
377.9517,133.3131,49.9523,121.5746
376.0929,133.1946,51.4297,121.3300
376.4641,135.6798,52.4407,121.9144
375.6601,136.6279,52.0341,120.5728
374.4800,140.7452,51.6514,118.9020
373.3542,142.5127,51.7618,116.7935
371.5017,144.3606,51.9410,114.5787
368.9258,144.4567,53.0792,113.2016
365.6502,142.8636,54.5154,113.0968
361.5687,143.4068,56.1089,112.8088
360.8745,144.4693,56.7414,112.6039
356.1173,142.5431,58.7553,113.1411
355.0570,144.0689,59.6451,112.8545
354.7921,143.2785,59.9996,113.0379
351.2690,143.8441,60.9941,113.0446
351.4764,144.0086,61.5607,113.5279
350.5850,144.4525,61.7698,114.8757
348.8592,144.4424,62.5275,115.7294
347.1512,144.3296,62.7184,117.1503
347.5409,143.7937,62.3478,119.1955
347.8550,144.5409,62.4127,121.0239
346.2709,146.0028,61.9936,122.7032
347.6921,145.8755,62.0842,124.5368
345.9302,150.3975,62.4422,124.5209
347.2758,149.3254,62.7056,124.6248
345.2031,152.8475,62.8710,123.4029
346.0242,153.7584,62.8702,122.9868
345.9314,154.9804,62.5895,122.4604
343.4217,156.1298,62.5536,122.6938
344.9758,158.5136,62.8162,122.1831
344.8278,159.1646,62.1935,122.6334
344.0279,161.6116,62.1455,122.9379
344.0033,164.1606,61.9604,122.7535
344.0336,165.3977,61.2048,123.4032
344.5694,166.3985,60.7172,123.9086
343.0536,168.4301,60.6672,123.8415
342.7542,167.9243,60.5368,123.9708
342.6502,168.6993,59.7457,123.8827
341.5127,169.5701,59.5448,123.2002
342.8295,171.1467,59.5769,122.5027
342.8232,171.0690,58.5659,123.3848
343.1835,170.7765,58.3445,124.5343
344.6684,171.5119,56.8498,125.3174
342.4458,171.9397,56.6224,125.7931
342.5544,172.7981,55.7350,126.0675
342.4520,172.8962,55.3634,124.9650
341.2740,172.5689,54.7615,124.5080
339.9153,171.9429,54.1513,124.5216
341.4016,171.9687,53.2579,124.8035
339.2921,171.8157,53.7241,125.1097
338.6707,173.0586,54.0344,124.8566
338.2401,173.9313,54.4545,124.1387
336.2045,174.4723,54.8621,123.6096
334.7216,176.9114,54.7654,123.6019
333.0792,177.7860,55.9921,123.1605
329.7636,178.8895,56.3029,123.2119
327.4983,179.6791,57.3202,123.1261
324.4486,181.6389,57.8817,122.1744
324.1259,183.3685,57.9666,121.4946
323.2235,181.7563,57.8972,121.6701
321.9995,183.9535,56.5775,122.1396
321.1494,186.0923,56.4835,121.1517
319.1569,186.9388,56.1426,121.4267
318.1277,187.8826,55.6442,121.7429
317.7038,189.3748,55.9977,120.5874
314.3985,189.9574,55.9286,119.3691
312.2098,191.1885,55.3766,118.8791
309.8845,192.3201,55.5325,117.7968
307.3708,192.5425,55.4454,117.3026
304.6935,193.0446,55.2996,117.7641
301.4510,194.3183,55.2140,118.3774
299.3088,195.6092,54.9995,118.0925
297.9826,196.2438,53.9724,117.4020
294.5579,196.7733,54.3719,116.8109
292.6822,194.7132,53.8142,117.0924
289.5953,195.5591,53.3701,117.4567
289.2787,195.5266,53.1680,116.7396
285.2743,195.3745,53.4577,116.5389
282.9786,195.2260,52.8990,117.0844
281.0564,194.1148,52.5839,118.0534
278.9672,193.9302,51.6436,118.7385
276.4056,192.8370,51.3892,119.6194
273.5811,193.3280,51.0626,119.8791
271.2633,193.2002,51.4015,119.2464
269.6180,194.6275,51.3577,117.8679
266.7930,195.6422,51.1383,116.9495
263.9247,200.0132,51.8800,115.0436
260.6978,198.9237,51.4873,114.0891
257.2393,199.2187,52.3420,113.4425
254.0789,197.9141,52.5969,114.1510
251.3285,199.6242,52.9170,113.8264
249.1071,198.8744,52.7393,113.5105
246.7793,198.8477,52.7599,114.6536
243.0296,198.5362,53.6335,115.1497
240.1181,200.6145,54.1634,115.5027
240.0762,200.3492,53.9346,115.4684
236.2184,200.8786,53.9363,114.6497
233.4293,201.4641,53.3324,115.9938
231.2988,201.6951,53.5418,115.7819
228.7379,201.5581,53.3543,115.7868
226.9626,200.6332,53.3803,115.9288
225.4375,200.2580,52.7715,116.3841
224.5847,199.2590,51.8229,116.4841
