1
507.5001,198.3449,54.3889,31.3833
501.5355,197.1994,55.6099,32.3357
491.8895,196.7366,54.3099,33.2612
479.9330,197.9348,53.5795,33.6031
475.3810,198.0215,53.1362,33.4296
456.6673,195.3563,51.2865,33.3426
441.4941,192.5646,49.8273,33.6251
436.5686,191.5588,47.9063,34.3287
424.6477,188.7035,45.9357,34.8767
415.4201,187.6688,44.0765,36.9461
410.4901,185.1447,42.4642,39.4449
398.3743,182.8455,42.1916,41.4639
381.5099,183.0067,42.9855,41.1415
373.6559,173.3104,42.7964,43.3124
351.8293,184.9426,47.1247,40.3884
344.4740,180.2149,49.4409,38.8268
338.7377,179.7020,51.2007,37.0775
329.3371,166.6699,50.6016,38.1982
319.6091,165.7305,51.9225,37.2869
307.9703,163.6355,52.7978,37.2766
301.2163,164.3227,53.5868,37.3154
300.4081,177.8454,53.7774,37.3600
293.1323,188.9792,56.8939,36.5333
2
0
0
0
0
1
228.6534,157.7865,39.3462,33.0459
223.0096,157.8819,39.2445,33.9939
215.4953,156.8214,39.2890,34.9625
199.3138,159.7779,40.0938,34.8935
184.0609,156.7748,39.9146,34.9987
172.5438,158.1458,40.5460,34.6148
158.2421,155.7805,40.7642,34.6146
149.2644,143.5501,40.9284,34.1677
146.5320,142.9159,39.3046,35.4361
145.4609,145.2715,37.9171,36.6081
141.9547,155.3548,39.0614,35.2188
142.5763,156.8515,40.1570,34.5641
153.1990,164.2999,38.9018,34.9538
158.9307,165.4191,37.9023,35.0408
161.7990,165.2245,36.7597,35.4300
167.8975,161.8082,35.9306,36.5786
172.2141,171.5233,35.2904,36.5600
173.1712,174.9397,34.5078,36.5160
176.5900,174.7953,33.2621,36.8048
180.4006,175.6224,32.2592,37.3568
182.8566,176.2383,31.7296,37.2205
187.1142,180.6530,30.8090,38.1559
191.3179,181.2351,29.9932,39.1607
191.8662,178.6006,29.9834,38.9964
197.4241,180.9716,29.7073,38.5903
204.7396,184.6796,29.0289,38.6873
2
0
0
0
0
1
170.6452,172.4187,37.8979,37.6857
173.0786,174.9601,36.6019,38.5543
176.1190,175.7100,35.2551,39.4214
178.3004,175.9980,34.4190,40.0209
183.2775,175.6369,33.8363,40.7431
187.0982,174.7256,33.2342,41.3925
188.6933,174.9134,32.3909,42.1904
194.5934,175.9539,32.3106,42.4533
202.2878,180.4457,32.1925,42.8672
204.4610,184.6394,32.5622,42.7331
207.2119,188.7958,32.9756,42.7015
211.5254,189.4855,33.8632,42.5114
212.9123,191.9815,34.6918,42.3228
215.2582,192.3577,36.0567,41.5704
218.8844,195.0848,37.3563,41.0029
219.6268,196.4377,38.3387,40.7646
224.8167,202.1625,39.1690,40.5251
228.1773,204.0629,39.9778,40.4892
228.4782,211.3958,40.6431,41.0298
232.1297,212.9420,42.3434,40.5097
233.4490,217.6791,43.6189,40.1684
222.5413,224.6640,43.0079,40.7099
199.2955,234.5143,43.3602,40.7833
202.2991,233.6577,42.6527,41.1716
205.1755,232.2263,42.1800,41.3942
208.5010,232.3976,40.7933,42.3677
212.9005,232.3922,39.8517,42.3785
214.9169,237.3604,39.7034,41.5058
220.2518,245.3082,40.5428,39.6772
222.9948,249.9327,41.3733,38.0079
225.8436,250.5541,41.9248,36.7651
234.4599,255.1488,43.2704,35.0069
243.1174,256.4916,44.4203,33.5523
249.3193,258.3418,45.4907,32.3018
261.4122,263.5239,45.7183,31.7029
268.5585,267.5597,44.7821,32.1309
269.7277,270.2227,43.6508,32.8405
270.2291,270.3862,42.6481,33.7151
271.5321,274.4922,42.4431,33.9067
275.9945,280.0916,40.7212,35.9130
281.1180,278.5258,40.1242,36.6322
285.9045,280.2426,40.2187,36.8239
288.4145,283.1555,40.0506,37.0632
290.9917,283.6976,39.7529,37.1930
295.7884,287.7641,39.8521,37.5411
298.6052,300.6194,39.0932,38.6409
2
0
0
0
0
1
266.1483,277.9859,47.9993,53.3734
265.0099,275.9091,48.6804,52.7395
261.8995,269.2183,48.5138,53.3462
274.6779,282.2626,50.2188,51.3124
273.6923,288.0987,52.1901,49.2335
259.5710,287.1207,56.4770,46.3983
260.1061,288.1900,57.0248,45.8779
259.9557,292.0082,57.3256,46.3321
256.9630,293.2384,58.4207,45.5020
253.3992,296.6246,59.0147,45.2632
257.3577,290.8329,59.2907,45.3764
259.0201,288.6408,59.2553,46.4713
261.2180,285.6884,59.8452,47.3902
263.9174,284.2654,57.8181,50.2362
262.2460,284.4710,56.0592,53.2262
260.3664,285.4401,56.3766,54.7299
258.2061,286.8753,57.1979,55.3587
256.7605,285.8806,58.3166,55.5757
260.3609,288.2535,58.2896,56.2101
254.3920,307.2637,59.4089,56.0543
254.6745,318.2036,60.6621,55.9919
254.4970,321.5524,62.8538,54.8045
261.9256,311.0410,62.8111,57.3094
262.1433,298.6925,62.3755,59.3123
263.1103,305.2114,62.3579,61.6040
265.3449,314.2064,61.7929,63.1356
273.5515,321.6799,61.1184,65.8947
278.2990,321.0524,59.6230,69.1494
280.5692,327.2394,59.1356,70.9612
283.2719,334.0273,59.8700,71.7119
285.1005,334.9430,60.3530,71.9505
2
0
0
0
0
1
236.1030,345.7353,41.4997,31.6450
234.4900,344.1137,41.2778,32.5897
231.0213,343.7381,41.2478,33.3408
237.3372,342.7803,41.5185,34.0835
237.6996,343.3015,41.9830,34.2303
242.9831,342.5706,42.2038,34.4935
234.2890,343.3112,43.9100,34.2184
