1
150.7396,63.4864,41.1831,60.2643
151.5647,61.5479,38.7559,63.0216
152.3360,61.0482,37.1813,64.0367
152.6034,60.8427,35.9247,64.7217
151.4785,59.8019,35.9267,64.8339
151.7256,59.6644,35.5913,64.8694
152.0218,58.4750,35.5663,64.8988
153.3817,58.6442,36.2262,64.2978
152.3815,56.9940,37.0386,63.3683
153.8064,56.9500,37.3582,62.1962
156.3347,54.8142,37.3380,60.7718
158.7728,53.4349,37.4790,60.1182
160.4806,51.9998,37.2108,59.6292
162.1402,47.8358,36.9270,59.8774
166.2432,45.6571,36.4691,60.3585
169.7142,46.3211,36.3390,60.9701
173.3107,47.5981,36.2129,61.1780
178.8913,49.1990,36.5758,61.2204
184.8874,52.6944,38.5284,60.2985
187.9233,56.9947,40.7625,59.0871
194.1480,59.4249,44.5085,57.5623
198.8169,61.4367,46.9484,56.5961
201.9148,63.5506,47.9064,57.2338
205.3573,64.2249,48.0853,57.8756
211.3021,64.9622,47.6799,59.7122
213.4497,65.3825,46.8209,62.1173
216.3730,65.0749,46.4362,64.1434
214.8278,68.2342,47.5522,63.5688
217.1216,68.9171,48.9947,63.9277
219.8400,77.6003,51.3596,62.0455
221.0581,78.6049,53.6296,61.3100
221.7927,85.4118,55.1554,60.5008
224.1815,93.8687,56.9316,57.4329
220.8228,102.2360,55.9608,55.4651
215.9305,103.5467,55.9175,53.5043
214.2032,104.9861,55.0364,52.9048
207.4083,91.2874,53.7399,53.5376
186.7265,82.2054,56.1994,53.6696
171.4078,82.0784,59.3559,54.5610
167.9139,81.3942,59.3064,58.4218
165.9097,82.2913,57.4307,64.2986
166.2982,82.3407,54.5773,68.7165
161.8354,69.8305,54.5776,68.6091
157.3960,61.0936,55.4311,66.8518
134.3262,58.9434,56.7571,66.4305
121.8169,51.9331,57.8004,63.6523
113.1189,49.8743,57.1229,63.9606
104.9458,47.9089,55.6846,66.0728
98.2988,45.7545,54.2543,67.6049
89.8213,42.4524,52.3091,68.6316
85.3995,40.2874,50.1108,69.3832
80.5533,39.8147,47.7628,71.2460
74.7024,39.7960,45.4108,73.7099
70.5863,40.3452,43.4773,76.9179
66.3982,40.0464,42.7787,77.8521
61.4942,38.8409,43.0452,76.8021
56.5033,35.9144,43.7212,75.5458
53.4790,35.0545,44.6049,73.4211
48.5342,38.5125,46.1902,72.5322
43.7491,39.8226,48.2898,71.7525
45.4556,43.3106,50.3380,70.4610
47.8843,46.4965,52.1225,68.9043
55.2750,52.9444,50.6539,69.5850
69.3214,56.7090,48.8130,69.9778
92.7967,62.5737,48.8203,70.0867
107.4106,68.9131,48.6540,70.1460
123.6912,70.8462,48.6346,72.3571
137.7614,64.0391,47.7713,74.5050
155.9530,71.8860,47.3940,79.6671
164.3695,75.4215,47.6938,81.5270
168.2033,72.0500,50.2088,78.8552
172.6017,72.6033,52.8819,77.6132
175.3540,78.8536,55.3062,77.4283
175.1115,76.5798,55.4614,78.9972
178.0684,75.2123,55.7319,79.3162
181.0622,75.0537,56.2432,80.9522
183.3978,73.3507,59.0951,82.6676
187.0864,72.5234,60.3747,85.1094
188.1598,71.8236,60.7769,87.6310
187.9449,70.3490,60.5448,88.5526
185.9160,72.9719,61.0278,88.6662
182.6581,71.4107,61.8749,89.3598
178.1220,72.6624,61.6073,89.0978
169.9357,73.1367,62.1576,89.6434
163.3721,71.9336,61.8845,89.6397
165.3133,71.0493,60.9220,89.9265
161.9930,69.5942,57.9227,92.3228
159.6773,69.5819,57.2722,92.2688
155.2778,71.4911,57.2527,91.3805
151.8623,69.6372,56.9376,90.7483
147.2993,71.7142,56.8608,90.2197
143.0827,69.1475,56.7726,90.9013
141.1674,67.0910,56.7485,92.4737
135.1561,70.8455,56.6176,92.4121
127.4529,63.9687,57.0431,94.3695
117.9795,59.4147,58.6255,95.5236
117.0121,61.4507,61.3557,95.8316
113.5047,64.6775,65.4464,95.7547
109.8528,69.1885,68.6267,92.2874
105.8986,66.0591,70.3386,88.1110
2
0
0
0
0
1
229.5588,101.8491,37.4275,32.1379
229.9223,103.3667,38.3874,32.2595
229.3793,105.6793,39.3470,33.1294
230.7730,107.6475,39.9255,34.6168
231.6818,107.3382,40.0601,35.7868
235.6701,110.0381,39.3344,36.7963
233.8207,117.9912,39.8714,35.8874
232.1625,120.8343,39.7602,35.0095
231.2129,126.6315,39.5125,34.9319
230.7848,127.4343,39.3376,34.1409
231.9759,125.5326,38.7621,33.2454
229.9599,122.3170,39.3528,32.1628
229.2717,118.8823,39.2806,31.3746
229.8286,114.9635,39.8765,31.4966
225.8836,107.2009,40.5462,32.8832
217.2075,99.7550,42.6110,32.8122
193.9371,110.8015,42.0234,32.2573
185.9329,111.2205,43.0110,30.7229
182.9568,112.7118,44.1456,29.9549
164.7216,94.5769,42.6596,30.9092
164.6791,91.2733,43.0683,29.8363
162.9216,84.8848,42.4695,30.2595
165.1374,82.1306,40.5080,32.4034
165.0913,81.7590,39.5844,34.1219
161.8202,80.3784,39.6507,35.4139
151.0311,90.2904,41.2780,35.2554
155.2742,88.2394,42.4973,36.3461
2
0
0
0
0
1
114.9766,73.0472,40.2548,55.5119
123.2887,73.6644,39.1050,58.8923
134.2870,74.4179,40.8693,60.5243
157.3313,90.3694,42.6948,58.1228
179.7868,96.2987,45.9583,57.1974
187.4726,90.3984,47.5645,54.8338
189.7453,93.2094,48.9404,52.9721
192.9784,97.1124,51.3150,51.8630
190.9616,97.5425,51.8187,52.0416
196.5227,99.1179,53.3721,51.7370
195.5994,98.8453,53.5437,52.5173
190.6689,90.5459,52.0737,53.9079
190.7046,87.5342,51.7161,56.0367
188.8307,94.3188,50.8845,57.2850
190.4147,93.1392,50.1508,58.6509
189.5842,94.4943,49.7424,59.0325
189.6666,94.6572,49.4994,59.4038
190.6237,93.0402,49.4846,59.7308
190.0953,91.9022,49.8083,59.1266
191.2470,89.6698,50.2328,58.1626
191.7038,90.0594,51.1318,58.0326
188.5192,96.5605,52.2808,60.1869
186.5380,94.4437,52.9395,62.1250
187.1009,84.6898,50.7887,65.0360
184.7509,80.4972,50.1202,67.4641
184.3177,83.2554,50.1735,70.4906
183.9677,77.2464,50.5545,71.8891
182.0336,71.2833,52.3389,71.7376
180.3310,72.8689,53.3088,72.2617
183.3178,66.9593,54.3120,72.2309
175.9642,48.7928,56.3913,71.3546
175.3292,41.4717,55.9832,70.5040
184.1534,45.1088,57.2293,70.3611
187.6290,49.1546,58.0195,70.6215
188.9733,53.0287,61.0642,69.9743
180.0113,82.9055,60.4182,72.0391
179.6731,83.1409,59.2637,74.5429
180.7601,81.0502,58.1611,76.3639
2
0
0
0
0
1
233.8265,63.6524,36.0035,32.1972
230.3842,60.8021,35.8438,32.5275
224.6304,57.7480,35.8145,32.6023
219.1416,55.4599,35.5806,32.6603
211.6340,53.5078,35.7090,32.9516
202.2469,50.8945,36.5660,33.2776
191.7044,47.9449,36.2406,33.4548
181.8286,47.2042,36.1855,32.9413
169.3657,46.7915,36.5349,33.2678
156.5587,47.4418,37.2865,34.0987
144.5666,46.8860,37.8995,35.3855
133.0000,45.7023,37.2710,37.4240
125.6718,44.1285,37.0397,38.4736
114.4583,42.7626,36.3449,39.0579
107.0275,42.0544,35.9353,39.3146
95.1458,40.8946,35.5634,39.6154
87.5192,40.3042,35.0768,39.9409
76.7680,41.7027,34.2954,40.7148
70.5284,41.0683,34.1789,41.5930
65.6867,44.3724,34.1050,42.2489
61.8351,46.5614,34.2313,43.2350
60.3388,48.9147,34.4404,44.5431
59.9626,54.7341,34.7557,45.5639
62.4376,62.2976,35.8209,46.0700
65.6062,70.2508,37.4367,45.2811
68.1912,79.0783,39.5287,44.5337
75.4698,91.5104,41.4403,43.4802
80.4541,96.3135,42.4852,43.5075
89.2077,108.5419,41.9770,45.0084
93.4680,114.9835,41.2122,46.5641
95.4022,120.9028,40.5119,47.8628
96.1422,130.9323,40.5220,46.8934
98.8391,134.9331,40.4063,46.9289
97.0900,132.0106,40.0928,48.6655
95.4670,126.3578,38.6378,51.8726
97.4747,124.0063,38.7071,53.8547
98.5805,118.6594,37.9439,57.0006
101.6960,117.5466,36.9834,59.6149
104.8018,118.0764,35.5005,62.3983
107.1533,117.8019,34.9209,64.3613
107.5909,119.4438,35.4824,65.0425
109.9047,117.9510,35.3079,66.5918
111.7771,119.1468,35.6099,66.6806
114.2707,116.5457,34.5954,66.6616
116.8821,113.7656,34.5494,66.1987
117.9489,110.7606,35.9240,64.6899
117.1127,108.7697,38.4489,62.9257
116.4378,107.7859,40.0599,61.3825
118.8308,105.7865,41.6296,60.7824
120.8695,103.4304,42.2422,60.7778
124.1348,103.3564,42.7972,59.6788
124.1485,102.9027,43.4177,57.2071
125.7805,99.3694,43.3884,56.1503
128.6062,100.1491,43.2942,54.7238
127.6768,102.1104,44.8752,51.9435
129.7477,100.7615,46.2482,49.2324
138.8310,97.6371,45.8396,49.0620
141.8036,96.3422,46.1854,49.0059
146.2672,96.9559,46.2033,48.1894
153.3853,86.1948,44.2356,51.6540
161.0488,83.6004,43.2646,54.2498
164.4137,82.9363,43.7244,55.7529
161.4871,80.8682,43.9665,57.3616
169.6988,80.0665,45.4889,57.9711
184.6545,81.7535,46.8163,58.9829
184.0879,84.9871,48.8733,57.7717
185.8038,78.9778,50.2290,58.7798
2
0
0
0
0
1
93.3726,69.1873,49.9795,54.8254
93.7995,69.5424,50.7461,56.1566
94.6768,69.6544,51.6247,57.5758
97.4015,70.3800,52.4459,58.5185
98.5712,69.6556,52.4860,58.8968
100.1581,70.2851,52.3267,60.1199
100.4579,69.7506,52.6946,61.3193
101.2483,69.1601,52.5199,62.1354
104.5360,68.1015,51.9508,62.4967
105.5521,68.5528,50.5990,63.0140
