1
143.9393,130.3081,83.9214,185.1637
140.7971,136.3330,86.0438,177.2758
133.8712,137.3410,87.6436,171.1759
132.1681,139.2459,91.0496,163.3436
126.4437,142.4880,94.5674,156.8594
127.0768,140.1236,93.3011,157.6593
124.3854,140.0421,90.8449,161.7416
119.8156,139.7823,88.1695,166.1997
118.8782,140.2381,86.0859,169.2466
118.3264,139.1697,83.2221,171.3832
116.5582,137.4417,78.8605,174.8393
116.5122,137.3177,75.0294,179.0105
116.0525,135.2834,72.0329,183.0790
113.5115,135.6774,69.2724,186.2122
112.2979,134.1338,67.7831,189.2995
110.7829,134.9558,66.8792,191.5892
109.1481,138.2030,66.1988,192.9953
107.4155,137.3739,65.7061,194.6533
107.6426,136.7107,65.2520,195.9798
107.7505,138.1177,65.0361,197.1488
107.7293,137.8872,65.0784,197.6098
105.5815,141.4964,65.3711,198.3974
105.6388,142.0887,65.2564,197.2128
105.5509,142.3810,65.4322,196.6282
105.4866,144.7280,65.5608,195.9299
105.5069,144.8406,65.5203,195.7045
105.6221,144.6364,65.2899,196.1131
105.7554,144.4948,65.0232,196.3962
105.8496,144.3397,64.8347,196.7065
105.8580,143.8726,64.8180,197.6406
105.7491,143.4066,65.0359,198.5726
105.3823,141.4571,65.7694,198.4556
104.8822,144.2895,66.7697,196.8185
104.5999,146.8712,67.3342,195.6779
104.5708,149.3760,67.3925,194.6850
104.9130,150.7865,66.7081,195.8676
107.2927,150.7884,65.9567,195.8638
107.1865,151.1036,66.1691,195.2334
107.0599,151.4498,66.4222,194.5410
106.5661,152.3762,67.4099,192.6884
106.4801,154.5417,67.5819,192.3328
106.6519,154.3409,67.2383,192.7345
106.7316,154.2885,67.0789,192.8391
106.6608,156.2168,67.2205,192.9541
105.9742,154.3432,68.5938,192.7255
108.5599,155.8797,71.4174,189.6526
106.7525,154.8965,75.0320,183.6098
111.7599,151.0433,80.9468,175.3868
114.4726,163.1523,87.4243,167.0395
115.6102,162.5754,93.0650,160.2773
122.5987,161.4619,98.8599,154.5955
133.7690,164.1931,104.2900,149.1332
134.0694,168.5848,111.6396,144.3251
132.3808,174.9074,119.0396,139.7253
139.9993,181.7572,124.1615,134.1692
133.4696,197.7567,129.0859,130.6424
114.3465,197.9413,134.6106,126.1829
110.0506,199.1688,139.0960,123.7278
114.6370,195.0499,142.3349,123.6914
117.1867,195.4767,145.6091,122.8378
98.9987,195.1358,148.1953,119.2959
107.0061,181.3847,149.0058,117.3539
119.7937,181.3620,148.5540,117.3993
122.1643,177.9238,143.8128,120.0946
119.8075,175.9691,140.2228,124.0041
116.2825,179.0573,138.9545,126.1458
113.9718,172.2733,139.4023,127.1930
107.5864,171.3357,139.5814,129.0683
116.7626,169.4354,133.9187,132.8687
119.2408,169.4688,128.9622,137.0033
122.0758,168.1091,123.2922,139.7228
126.8351,169.0370,117.9136,142.0069
128.5489,168.4854,114.4860,143.1101
127.6843,169.9178,112.1649,144.2957
128.5242,169.4012,110.4850,145.3290
129.6820,168.5704,108.1696,146.9906
132.8863,170.0574,105.7675,148.0231
131.6573,169.4612,104.2427,149.2156
131.9789,167.6698,103.5995,148.8226
134.3790,169.9644,102.7584,148.1926
134.8650,170.4628,101.7864,147.1958
135.6701,170.4259,100.1763,147.2695
138.6221,170.6911,98.1514,146.7392
139.1314,172.9459,97.1328,146.0672
139.0731,175.4387,97.2494,144.8920
139.6512,175.3585,96.0932,145.0523
139.2779,177.6870,96.8398,144.1733
139.6889,179.6967,96.0178,143.9310
142.0901,179.7631,94.9753,143.7983
142.6918,179.8292,93.7717,143.6661
141.9978,180.3806,95.1598,142.5633
141.8626,182.4637,95.4302,142.1221
143.7014,184.6653,95.4755,141.4417
145.7507,184.5176,95.0903,141.7372
147.2584,185.1654,95.7863,140.4416
147.6078,185.0403,95.0875,140.6917
147.8341,186.4330,94.6350,141.6021
145.6301,186.1736,95.3410,142.1208
146.4998,186.7774,97.3230,140.9132
146.3076,188.2916,97.7073,141.6209
146.0773,188.1690,98.1680,141.8660
145.9830,187.8123,98.3566,142.5795
145.6837,187.7513,98.9553,142.7015
147.3168,187.6530,99.4790,142.8980
147.1921,187.5031,99.7285,143.1978
147.3304,187.1828,99.4518,143.8385
149.3481,187.4520,99.2317,143.3000
149.4293,187.5985,99.0695,143.0069
149.2625,187.6848,99.4030,142.8345
151.1777,187.8310,99.3719,142.5420
151.6638,187.7294,98.3998,142.7452
151.7671,187.6514,98.1932,142.9013
151.7885,187.8478,98.1503,142.5085
152.0236,187.8501,97.6802,142.5038
149.7294,188.2451,98.5027,141.7139
149.6084,188.3917,98.7447,141.4207
149.4532,188.4480,99.0551,141.3081
149.5822,188.4034,98.7970,141.3972
151.3303,189.1687,99.0685,139.8666
151.9362,189.1376,97.8568,139.9287
149.9188,189.0836,98.1615,140.0368
151.4255,187.1765,98.8849,140.1144
149.6211,188.8611,98.7439,140.4949
151.4786,188.8786,98.7820,140.4599
149.1460,188.7713,99.6941,140.6745
153.2779,186.4636,98.9733,141.5184
153.2219,186.3996,99.0853,141.6465
150.9718,186.3978,99.8092,141.6499
152.9593,186.2097,99.6224,142.0261
150.6084,186.2066,100.5335,142.0323
152.5473,186.5600,100.4616,141.3255
149.9152,184.6279,101.9317,141.3958
151.7425,183.3112,102.0965,140.2099
152.1523,183.3658,101.2769,140.1005
152.4460,183.5255,100.6894,139.7811
150.4220,181.8873,100.9631,139.2831
148.7224,179.5627,100.5910,140.1611
145.1154,179.1977,100.2477,140.8911
143.7453,177.1996,99.2041,141.1033
145.2441,175.7424,99.9763,140.2477
140.7851,171.9000,105.1247,136.6233
136.8055,171.6830,109.2849,133.2584
132.8670,173.5382,113.3470,129.5480
127.0388,174.9051,117.3573,126.8142
123.5925,173.7696,120.4055,125.2406
120.5896,176.2962,122.5430,124.0557
120.5356,178.6667,122.6510,123.1982
118.1395,178.5231,123.5716,123.4854
109.9262,180.2190,124.4355,123.9843
104.0271,179.8823,124.4973,124.6576
102.3400,179.6342,123.9479,125.1538
102.3208,179.4825,123.9864,125.4571
102.0611,179.3788,124.5058,125.6647
100.2086,179.2536,124.2709,125.9149
98.9070,178.8926,122.9343,126.6370
96.1147,178.3103,120.6586,127.8016
97.1141,177.8841,118.6598,128.6540
96.4211,175.6190,116.1520,129.2902
100.5822,173.5671,115.5574,129.5303
102.6839,172.9111,115.2120,130.8421
102.8020,170.6296,114.9758,131.5324
102.1437,168.1048,112.4126,132.7021
101.5768,168.0112,109.6898,132.8892
100.9853,167.9557,107.0568,133.0003
100.1000,168.0415,105.0526,132.8287
103.6104,167.1202,101.7715,134.6712
104.0214,166.5035,100.9496,132.1903
105.9081,158.2963,97.1761,133.9517
106.4680,155.6750,92.4281,139.1942
106.6766,154.0513,88.3818,146.0706
106.2663,150.0463,85.5384,150.4165
105.7781,149.2854,82.8343,151.9382
102.8526,151.5128,81.3715,154.7974
99.3235,151.5906,81.0816,158.3158
96.7937,154.1510,82.4206,156.9157
88.3715,152.3372,84.3723,153.0969
83.6119,161.0730,86.4908,150.4266
81.2316,162.8637,91.2515,146.8451
72.1322,161.8745,94.5547,145.0997
69.4544,158.9449,96.1573,147.2057
53.3754,146.0984,94.0132,146.2193
43.2817,142.8798,91.6356,141.3742
51.6137,158.2936,89.5658,139.7344
48.9539,159.3348,87.7066,137.6521
52.9152,161.3159,86.8381,137.2170
49.5187,165.4073,86.6190,136.0462
50.4113,178.8242,88.3188,133.6066
38.5234,160.9404,87.7580,131.1310
31.8739,154.7655,87.3365,126.3303
24.7030,152.3184,84.9244,124.5229
21.0034,134.3136,79.1892,127.6964
32.0687,140.3038,76.4720,128.6582
35.7193,140.2987,72.3748,128.6685
39.1359,152.8054,68.6766,128.7339
42.6260,160.9586,67.8417,127.7908
71.7822,146.4990,73.4626,123.2210
70.4948,147.5770,79.1101,117.9925
72.7578,149.6902,83.8505,113.7662
84.6222,152.1040,88.0500,108.9384
73.3033,158.0001,89.0031,106.4398
70.8017,157.4376,84.7820,107.5649
72.2405,158.4497,81.9045,108.5643
74.8180,154.6083,79.7415,110.2628
91.8810,148.3233,81.4059,107.9201
95.1420,151.1740,83.8064,102.2189
74.2644,154.2524,84.5985,98.9880
65.1178,162.2072,85.5583,94.6340
65.1705,165.8068,85.4529,93.1082
65.7610,159.7826,87.0832,91.1001
66.1563,162.1266,91.9043,86.4120
66.3310,171.9710,97.1705,80.7622
65.0426,169.0092,94.1490,81.0876
56.6843,169.7750,91.5618,82.3137
59.4533,172.8077,88.7609,81.7228
62.7247,178.0374,87.5865,79.3159
64.9222,176.7186,88.4466,76.6984
108.1996,179.1482,92.8590,71.8393
104.2174,185.7548,95.6467,68.9795
105.9453,187.9043,97.3589,67.2646
106.8776,185.4619,98.0759,66.9861
102.3483,185.1312,96.7831,67.6476
109.3102,184.7388,95.7557,68.4323
101.5817,178.2881,95.7528,68.4505
116.2029,177.5911,94.8564,69.8444
124.0147,176.8105,92.1640,71.4056
124.8650,176.0858,90.4634,72.8549
130.4035,174.9890,89.6594,72.4804
131.4303,175.0594,90.1555,72.3397
134.0173,173.6107,90.0916,72.6818
138.6552,172.7613,88.4949,74.3807
146.4540,170.7357,88.2728,75.8693
151.1655,166.8911,86.5990,78.3923
144.8896,166.5612,86.1633,79.0521
165.9892,163.0293,80.3812,83.5148
177.7502,160.2829,74.9256,89.0076
183.2821,157.8137,69.0203,93.9459
180.9180,156.7442,63.5129,98.6439
182.0687,157.4018,58.6729,102.4059
188.3593,157.8382,53.6314,106.5595
194.3268,165.7751,49.1604,110.5899
202.2831,128.7246,45.5919,113.0952
212.1799,177.5420,42.8910,115.5755
224.8560,194.2292,41.8291,113.7784
230.1024,200.4732,43.2569,108.4427
228.5461,204.8979,44.0363,104.2596
225.6404,202.5006,45.2744,104.4808
226.0215,212.1886,46.8240,105.9112
224.7291,217.7622,47.0488,108.9231
210.5334,201.2671,53.7732,105.8015
208.4870,193.8392,57.8661,105.7810
215.6834,184.5580,58.7693,109.0474
215.6784,203.7493,58.7794,112.4722
215.3708,207.0642,59.3946,111.1695
221.4727,202.3943,57.8106,109.8896
224.3830,189.7938,54.5989,114.2193
225.6182,199.2735,54.7452,113.5773
219.7094,199.9491,53.5131,109.6160
214.3968,196.8327,54.0155,105.7261
201.2591,199.7489,60.4313,97.4113
201.2373,195.7616,65.4121,90.5742
200.7356,193.5776,68.8639,87.5969
200.0358,190.8486,70.2634,88.1358
196.4284,183.4328,72.4973,88.0244
194.7448,174.5467,75.8646,88.1219
195.6493,169.1035,79.2168,88.6857
195.2489,171.8626,82.6607,85.8107
193.4126,171.7232,86.3333,83.4364
190.6938,171.0022,89.0974,82.2050
187.0213,171.3431,91.0482,81.5232
186.0756,170.6253,90.2230,82.9588
185.6641,173.3473,85.5926,85.6949
193.3335,178.5947,78.3461,91.3847
199.4763,180.5661,71.4025,95.4547
201.7169,186.0215,66.9212,97.6482
204.9912,158.5233,62.9529,103.6183
216.1305,158.3811,58.8993,111.7134
220.4612,143.1934,58.2013,115.5444
229.5948,153.4370,58.8244,119.3450
240.7141,158.3831,61.4714,120.5130
260.8199,171.4704,63.6789,122.6178
268.7968,185.9691,68.0031,122.5890
277.1871,208.2221,74.9867,116.6997
289.8478,221.3135,82.6735,111.5223
336.1660,243.0944,84.5796,110.6570
372.2031,249.2580,83.0631,113.6685
388.4501,259.2784,87.6340,112.1601
407.1898,272.7237,90.9803,113.5335
438.5757,294.2828,92.5244,115.4363
451.4087,294.2585,96.2883,112.2150
449.5618,280.2128,99.9821,110.7763
479.9857,283.8734,102.1753,110.0910
