1
697.5529,239.8974,35.0501,68.6251
696.2396,240.3258,36.0655,66.1571
693.8914,241.7818,35.9852,64.8375
690.0079,238.0571,35.8951,62.8583
685.6426,238.5797,35.3818,61.8132
685.9359,238.6073,34.7953,61.7579
681.6674,236.9762,34.2986,62.0089
681.1314,234.2109,33.8696,61.5359
676.7614,235.4658,33.6904,61.9993
676.7877,239.1447,33.6378,62.0933
675.1989,240.7102,33.8335,61.9438
671.6828,243.2209,33.4059,61.3983
667.4736,244.7506,32.9647,59.8157
661.6371,241.8298,33.0717,58.4285
657.2806,243.7881,31.7954,58.7932
652.1512,244.1422,32.1795,56.6744
649.7879,246.4196,32.7484,54.8913
644.4682,245.0603,32.4350,53.5027
639.6340,246.3352,32.7015,53.6392
635.7725,245.5521,33.6762,52.5060
633.4490,246.5253,34.2759,50.5597
627.4922,243.3743,35.5508,48.8827
624.1725,245.1883,35.5628,47.9056
623.1032,247.4705,35.0796,47.2738
618.3105,244.1176,35.6115,46.2196
614.9795,248.4194,35.8437,45.3318
611.3774,247.4444,35.3908,46.0056
608.2183,249.5645,35.3137,45.6027
605.5511,247.4357,35.5612,44.7734
601.7608,248.3864,35.5636,44.1352
597.2284,246.4982,35.8554,44.1517
594.6494,247.4677,35.9805,44.7293
592.3994,245.3315,35.4039,45.1941
590.1088,247.2579,34.9174,45.1421
587.1260,245.8011,34.5919,45.5394
586.6594,248.9816,34.2662,45.4732
581.7227,243.0009,34.1185,44.9081
577.9410,241.0342,34.2323,43.8751
577.5876,249.1072,33.7113,43.6892
572.3080,242.7880,33.3230,42.9474
567.9749,242.5902,33.5984,42.1444
565.9038,245.0851,32.9769,41.9183
564.1689,251.9934,31.7374,42.2297
561.0815,250.3842,30.9406,43.1244
557.4962,248.0084,29.9744,44.3886
554.7932,246.4250,29.5527,45.2244
550.2974,247.0343,29.1753,45.1769
549.3310,247.6189,28.7799,45.1717
545.0597,246.0235,29.2206,44.8904
544.8477,248.7505,29.6446,45.2391
541.9382,245.6793,30.7722,45.5171
539.0768,242.3705,31.7118,44.9602
538.5538,249.2645,32.7579,45.6071
537.4663,247.0197,33.7029,45.1771
535.8293,243.2072,34.4989,45.3685
535.5327,241.9605,35.0922,45.3523
534.2828,247.3526,35.0635,47.2107
533.6912,248.7202,34.9546,48.3518
533.9212,250.5845,34.4946,49.8538
534.1981,248.6409,33.9409,52.4183
533.1603,244.8957,34.6642,51.7955
532.8309,242.1324,35.3231,50.5479
532.3158,243.4225,35.0062,50.6615
531.8088,242.6613,34.6767,50.8406
531.5259,239.2940,35.2425,50.8715
530.1375,241.0988,35.3183,51.3137
529.1662,239.9200,35.9024,50.9544
529.1162,240.1515,36.0025,50.4913
528.6528,240.5101,35.5720,49.7740
529.0981,242.9101,34.6813,48.9921
528.1854,242.3377,33.8810,48.8242
528.4813,242.4342,33.2893,47.3340
527.4848,241.0895,32.7525,46.2290
527.7225,241.5101,32.2772,45.3878
527.7677,241.2242,32.1868,44.7408
528.2313,241.3890,31.2596,44.4112
530.2553,237.9262,30.7730,44.2139
530.6660,240.4107,31.1277,43.9494
536.3632,236.3007,31.5134,42.7455
546.5270,232.7280,32.1752,41.7282
538.9182,237.8293,32.2946,40.8169
545.3879,237.9180,33.1481,39.4901
545.8498,243.6931,33.3672,39.3681
558.0411,235.1906,33.0182,39.2061
561.9528,235.6826,32.0128,39.3584
564.7496,236.6492,30.9091,39.6702
565.0906,237.1912,30.2271,39.6955
561.3922,243.6338,31.0322,38.8951
553.9495,240.1150,30.5250,39.3359
558.2636,243.8223,30.6806,38.5091
560.2625,244.5611,29.9465,38.1195
562.2432,241.3843,29.1949,38.0531
566.3580,243.0862,28.3624,37.8196
571.1132,242.8180,28.2081,37.3163
576.9349,243.1575,27.8879,37.6669
578.9855,243.2829,27.9048,37.4159
579.7480,244.3333,28.4317,37.3671
581.1226,243.4727,28.7840,38.0544
581.9011,241.1852,29.3269,38.4292
584.5716,244.6076,30.3736,37.9722
587.0063,244.7338,30.8776,37.7197
589.8969,244.9442,31.5698,37.2990
590.2960,246.1673,31.8552,37.0199
590.0344,248.6090,32.3785,36.4722
593.8345,246.5744,32.3647,37.2899
594.9723,245.4202,32.2816,37.4060
595.9564,244.8270,32.5068,37.4955
596.6749,246.4079,32.1715,37.6388
600.6989,243.6217,32.9117,37.7186
600.0134,244.0644,33.1710,37.9449
600.0461,245.9671,33.1058,38.6168
599.8677,245.0771,33.4626,39.2680
599.3965,244.9385,33.2604,39.5453
595.8375,243.2275,32.3601,40.6762
595.3110,241.1404,31.1165,41.4057
589.8103,240.9191,30.7258,40.7090
582.2615,235.8943,30.1126,40.6587
578.0815,229.3538,29.5813,40.4028
573.0981,227.1691,29.6588,39.2780
566.5440,237.8802,28.6883,40.5983
562.4966,236.7964,28.0863,41.6788
553.3397,234.7661,27.8117,42.4591
544.8901,237.1858,28.2018,42.0222
538.0778,236.8468,28.6201,41.5997
526.6512,224.5206,29.4516,40.9269
518.5243,224.5235,29.1359,40.9211
510.6223,227.8539,29.5491,40.8565
502.2470,225.7820,29.7221,40.5796
492.7842,222.6100,29.8829,40.3008
487.8978,233.3026,29.7358,39.8574
475.5152,233.9008,30.4539,38.6610
464.6990,235.0047,30.3561,38.6262
455.6045,239.6743,30.1108,37.9621
446.5594,243.5281,30.0070,37.7461
434.4242,244.2144,29.7770,37.4388
422.7415,247.9227,28.8362,37.4196
406.4055,244.1100,28.1895,37.7566
394.4792,243.9266,27.1834,38.1234
385.1221,247.5596,27.4504,37.0066
365.9083,245.6729,27.4114,36.7309
350.8135,245.3658,26.3702,37.3450
329.0886,244.2959,26.8345,36.4858
309.7746,248.4892,26.6860,36.0534
312.9181,273.5218,26.3107,36.2367
2
0
0
0
0
1
156.8542,251.4173,27.2158,41.1012
144.5931,253.2838,27.1214,40.5790
131.8463,253.3161,27.1542,40.5144
120.6901,253.4771,27.1974,40.1925
106.3689,255.2662,27.3192,39.7832
90.4080,257.2034,27.6761,39.0653
82.4455,257.4914,27.8928,38.4892
81.5761,257.9006,27.5476,38.7129
82.1339,261.9272,27.4717,38.9777
81.6800,261.7555,27.3370,39.3211
82.0838,261.8295,26.5294,40.2188
83.2399,261.7274,26.3084,40.4230
84.9706,260.8506,25.9819,41.1316
88.2349,261.6843,26.8046,40.5143
90.9196,264.4046,27.7628,39.2922
95.3485,267.3146,28.3738,38.7326
94.9381,270.8410,29.1946,38.0015
94.5517,271.3055,29.9674,37.0725
92.4592,271.2694,29.9353,37.1447
92.2974,270.9236,30.2589,36.7815
92.2031,269.2853,30.4475,36.8945
94.0495,269.4385,30.9919,36.5881
95.5621,272.0908,31.1567,36.6004
99.0500,272.7852,31.6441,36.2777
103.3108,274.3676,31.6747,36.3200
108.0079,274.8816,31.9119,36.3620
112.5960,274.5090,31.3325,37.1074
120.3769,273.6497,30.8463,37.7491
129.5926,270.0099,30.7558,37.4766
138.4125,268.7622,30.2876,37.8255
146.9267,267.8320,30.3952,37.5439
159.4530,266.5496,29.9164,37.9718
170.7723,264.1514,29.6895,38.4994
178.8103,264.6570,29.6875,38.5599
187.9166,264.5953,29.7071,38.6832
196.0580,265.1066,29.5447,38.7352
203.3642,266.9760,29.9521,38.2150
210.4294,266.4727,29.7516,38.1501
218.4702,265.9815,29.6789,38.0652
226.8248,266.3571,28.9415,38.3788
231.8580,266.1823,29.4507,37.6709
237.7929,266.9008,29.1865,37.2888
245.3147,266.1518,28.7717,37.7419
252.3531,263.2617,28.2808,38.2967
258.7169,262.2138,28.0990,38.3016
264.4012,258.7177,28.1990,37.9957
271.7705,259.6226,28.0145,38.2650
281.8028,259.6351,27.7221,38.2399
289.8884,261.0770,27.0830,38.4626
298.7067,260.5666,26.9277,38.4552
307.1158,260.4971,26.5198,38.5942
315.4008,260.6377,26.2859,38.3130
322.7705,260.7031,26.7397,37.1691
330.3583,259.6025,26.6103,36.3611
338.0542,259.1160,26.0491,36.3454
344.8188,257.1580,26.2291,35.3653
352.5774,257.3246,26.1891,35.0321
359.5944,257.8737,25.6175,35.8571
367.8358,258.0648,25.5353,36.4395
374.7905,257.3736,26.2087,35.8776
381.8707,257.4381,26.6699,35.7485
387.2811,261.0348,26.6332,36.3982
391.8377,258.5638,27.4162,35.4023
399.9940,263.6117,26.8998,36.1664
406.8525,260.1659,27.0496,36.1247
416.6965,259.2659,27.2077,35.9400
423.3773,256.5966,26.7431,36.3182
434.2501,257.6696,26.7825,36.1527
441.0813,255.3302,26.9570,35.8897
449.4832,256.6516,26.9357,36.2085
456.4569,257.0641,26.8724,36.3753
462.8893,257.0177,26.9193,36.4680
470.1346,259.2650,27.3596,35.9550
476.6002,260.1750,27.3606,36.1246
480.7516,261.3159,28.0342,35.8375
483.3777,264.4976,27.8018,36.5020
486.7244,262.8642,27.1705,37.7481
487.8055,256.1557,27.0462,37.9188
490.4883,253.7816,26.7780,38.5890
493.7345,251.2877,26.4368,39.4761
494.1674,249.5173,26.6038,39.9182
494.7640,246.1740,26.4529,40.3508
491.6533,253.0424,26.3965,42.3089
491.4721,251.1374,26.7588,42.8948
490.1033,255.9677,27.3175,43.0398
490.0699,256.9663,28.4852,42.1437
491.2214,261.1827,29.5034,41.4603
491.8979,263.2224,30.3775,40.7216
491.2888,264.6370,31.5957,40.1257
488.6785,265.2402,32.3065,40.0469
483.9222,265.9505,32.7168,39.7641
475.9376,265.9284,31.5847,40.9484
462.7628,261.7573,30.5775,42.4513
448.8242,258.9038,29.7983,43.5733
431.5396,254.2281,29.8568,43.7218
418.2210,256.0344,29.9621,43.5699
401.0468,255.9383,29.7201,43.7622
387.5042,256.9777,30.3114,42.8353
374.7385,260.2781,30.5937,43.1206
359.3349,261.6231,31.3278,42.7438
345.9610,265.1782,31.3262,42.6117
332.3228,265.5632,31.9000,41.8418
319.8182,267.5681,31.4190,42.4664
308.6470,267.8075,31.7158,41.9877
299.3611,269.0117,31.7618,41.8952
289.0255,268.4404,31.6034,41.8806
283.8847,269.5037,32.6498,40.9084
279.6646,270.7501,34.1506,39.5720
277.7736,273.7621,34.4520,39.3490
273.3450,273.3757,34.0165,40.1218
267.1351,278.6896,34.7709,39.9930
258.9869,280.3400,34.5939,40.2221
251.4274,283.7233,34.4071,40.5198
246.0464,286.8443,34.5584,40.1727
233.4784,290.6196,33.8217,40.8542
222.4504,290.5358,33.5584,41.0219
208.9232,291.3763,33.6333,40.5138
201.7240,292.5127,34.0347,39.4075
192.9182,294.4066,33.1537,40.2430
183.0691,293.7440,32.0708,41.5681
170.8748,294.2126,30.9998,42.9455
162.0663,290.8442,30.0458,43.8786
157.4611,290.5067,29.9838,44.5538
161.5222,293.4350,30.0389,44.5381
172.5079,305.0058,29.1073,45.9429
168.5513,298.9012,28.7994,46.4078
159.9977,326.9450,29.4396,45.6027
2
0
0
0
0
1
213.2523,305.3867,30.4803,38.7716
218.9610,306.1257,29.9493,39.4708
212.7576,304.8680,29.2683,39.8050
221.9939,304.2931,28.1492,40.9547
232.2375,298.5561,27.1663,41.5930
240.5457,299.0575,27.7793,40.5903
243.5021,296.4344,28.2983,39.4047
242.3990,296.2731,28.3794,38.6648
235.9064,294.9222,28.7321,38.2084
249.5004,293.4449,28.8840,38.0085
255.0607,289.6462,28.2732,38.2490
263.2448,290.9369,28.6194,37.7569
267.9086,292.1118,28.6771,37.4927
278.8886,293.3964,28.5513,37.0030
283.6804,294.8343,28.2396,37.2177
291.5406,295.4641,27.9452,36.9866
295.4990,294.2259,27.1689,37.4228
304.4060,295.0141,26.5925,37.8743
304.8641,295.2441,26.6876,37.4144
309.9429,296.1770,27.5955,36.5546
313.4008,297.1263,27.7341,36.6715
317.9782,298.9711,27.6856,37.0292
305.3755,297.6638,27.4791,36.5944
319.1994,294.0929,27.0063,36.6909
333.1562,293.6307,26.0982,37.6152
344.8911,292.8463,25.6111,38.1847
353.6583,292.0571,25.0729,38.7635
356.9396,297.1084,25.5068,38.6559
361.3229,300.4331,25.7862,39.0421
365.4187,297.4311,25.7192,39.9685
369.4449,298.6424,25.8935,39.6024
370.4911,301.7538,25.8527,39.5344
370.2505,298.8878,26.3339,39.1219
369.3308,299.4508,26.1215,39.0218
369.0345,296.8513,26.7143,38.0956
371.7977,293.1828,26.2712,38.3159
375.4956,293.1498,25.9642,38.3820
379.4703,291.8671,26.0836,37.9216
379.6565,285.8084,25.7113,37.9953
382.9756,282.7926,26.0630,37.0368
385.1814,283.6466,25.6112,37.3087
384.7001,285.3175,25.5872,36.9266
377.6344,274.2515,25.0125,37.4897
385.1870,276.3956,24.5978,38.0982
384.2709,274.4252,24.4668,38.1126
388.0161,281.1484,23.8338,38.3811
385.7443,275.2715,23.5122,38.4584
385.6917,275.0925,23.6173,37.8476
385.1106,275.1652,23.8182,37.7022
388.3511,277.5779,23.1129,38.6526
386.4154,274.4742,23.1246,39.0703
390.5136,270.7583,22.6991,39.7024
392.4653,275.0586,22.6898,39.8637
392.0667,279.4566,23.4870,38.8738
395.3303,282.7134,23.7818,38.2076
396.2251,287.8709,23.9313,37.5884
390.0853,288.8184,23.6941,37.6191
389.8179,292.4113,23.2696,38.1078
382.8084,292.3636,23.8557,37.2436
365.7696,293.6842,24.4594,36.5153
373.4681,293.5009,24.3508,36.8818
371.8698,296.5890,24.6697,36.4611
357.2425,294.4870,26.1365,34.9159
351.8367,295.0644,27.3584,33.7611
350.1945,296.1223,28.7204,32.6063
345.6065,296.1792,30.1740,31.5274
345.9516,296.7536,31.4271,30.3785
356.4513,297.3235,31.8398,29.2388
346.5852,294.3575,32.3390,28.4393
346.6724,294.1133,32.1647,27.9708
342.4058,295.6482,31.2335,28.6869
339.0169,303.3404,30.4639,29.3405
324.8247,294.1126,29.6538,29.9027
320.5051,293.7660,28.9140,30.5959
304.6818,293.8570,27.7633,31.3510
300.0573,302.7754,27.7072,31.1938
276.9124,288.3355,26.7114,32.2584
263.7187,288.7646,26.1975,32.3280
250.6325,292.5399,25.6783,32.1405
239.5001,298.4012,25.2154,32.2363
229.3686,293.2575,24.7080,32.5901
219.8984,289.4586,24.7443,32.0861
214.0138,292.6739,24.0101,32.8003
207.4154,288.6263,23.8274,32.8678
197.6980,288.2130,23.6823,32.8045
183.6792,291.0982,23.3471,33.2404
173.8546,291.8865,23.4661,33.4394
177.8238,292.0509,23.5620,33.1106
157.7218,297.1762,23.7471,32.6423
152.6940,299.5712,24.0649,32.2787
151.1121,296.8151,24.5739,31.5963
149.6553,296.1086,23.9561,32.1265
148.0282,295.6409,23.6870,32.1809
145.7802,296.6225,23.7966,31.9724
141.6632,296.4793,24.1476,31.3827
144.0676,296.4719,24.5746,30.5250
143.8910,297.1752,24.9278,29.9848
143.3600,299.9200,25.1260,29.6782
141.0680,302.6726,24.5362,30.2093
138.8324,304.4594,23.8415,30.9406
145.7873,296.1654,23.7060,31.1715
139.6032,298.8025,23.1411,31.9329
137.2931,300.0373,23.4386,32.0568
136.8634,302.2386,23.4267,32.8822
136.2415,299.1980,22.9032,34.5451
133.8609,301.8148,22.2642,35.6119
130.1371,302.8129,21.5635,36.3318
130.0489,299.7217,20.8357,37.0884
127.1354,295.3595,20.3404,37.6843
116.4975,296.6179,20.8356,36.9746
124.2464,291.5336,20.6630,37.2267
133.8700,285.7398,21.2658,37.0849
128.5317,295.3309,21.0172,37.9321
135.4344,292.5659,20.9927,38.8684
2
0
0
0
