1
757.0171,238.8453,151.4408,93.2643
756.0266,239.1747,153.4219,92.6056
756.3644,241.9333,156.5909,90.9330
759.1266,242.0590,158.7937,90.6817
759.5221,244.2835,161.8947,90.1247
760.6752,244.0652,163.5169,90.5612
764.3406,245.5521,164.1055,91.5472
765.3541,245.5812,166.0638,91.4891
766.6401,245.1662,167.5052,92.3191
768.0432,244.4647,168.7475,93.7222
769.7742,244.0195,169.3766,94.6124
770.8005,242.3047,171.4392,93.9267
768.1277,242.3061,172.6506,93.9239
771.6865,242.0681,173.8371,94.3998
771.0859,239.7622,175.0384,94.8340
770.5971,237.5262,176.0160,95.1032
770.3682,235.3994,176.4737,95.1352
776.6481,234.3678,176.6012,97.1983
777.7054,233.0780,174.4865,99.7779
777.9973,229.9301,173.9027,101.7949
781.8043,224.6198,174.8976,103.8065
781.8570,221.9007,174.7923,104.8917
787.0231,221.1320,173.2000,106.4289
790.3509,220.4714,170.9165,107.7502
795.5738,219.6177,169.1910,109.4576
796.2634,217.4447,167.8118,109.4407
796.4772,217.8253,167.3842,108.6795
803.7935,217.2974,165.7201,109.7353
807.0806,216.5479,163.4612,111.2342
809.0074,215.4058,159.6076,113.5185
810.0804,214.4785,157.4616,115.3731
813.1700,213.9825,155.5663,116.3650
816.9771,213.0886,152.2233,118.1529
822.2903,212.3080,150.0957,119.7140
822.9957,212.6946,148.6849,118.9409
826.9505,213.8829,149.1914,116.5643
828.8636,214.6065,149.5424,115.1170
828.6271,213.5568,150.0154,113.0575
826.5309,212.6890,150.0753,110.6604
827.3112,213.5327,148.5147,108.9730
828.1411,214.5766,146.8550,106.8852
829.0992,215.3822,144.9386,105.2741
834.4177,215.7496,142.1577,104.5391
837.7852,216.2653,139.2963,103.5078
838.5349,215.2155,137.7968,101.7940
833.9267,215.0991,135.7260,102.0270
827.4406,214.1712,133.7594,103.8827
827.7613,213.0809,133.1180,106.0633
824.7374,217.2756,131.6445,108.9556
822.4020,216.9574,132.5305,109.5921
819.5073,219.0145,134.5114,109.2865
821.1104,211.5676,135.1393,108.8435
820.9391,205.9773,135.4818,108.5142
818.2561,209.9966,137.0112,108.1488
820.5697,207.3674,136.2382,109.5530
822.7747,208.8812,135.6931,110.3905
822.5759,203.3605,136.0907,109.8212
822.8157,204.8891,135.6111,110.6311
822.7425,211.6514,135.7576,112.5979
824.3766,213.3057,136.3961,113.1963
824.7026,204.3285,135.7442,115.4453
822.2987,207.5390,136.5995,116.9293
821.6186,209.2682,137.9598,117.4604
823.2175,208.8571,138.7810,118.2827
819.9982,211.3384,141.1747,117.3651
816.7978,213.9233,143.5082,116.2624
812.6760,218.9059,147.6665,114.4678
811.6861,221.4919,149.6465,113.4156
761.9588,236.9981,158.1778,107.2003
796.4214,250.6730,159.9702,104.8097
765.5712,249.2670,167.7586,99.3276
766.7051,263.2704,173.8337,96.3493
770.4371,257.8964,179.0023,94.4648
780.4469,255.5203,180.2568,94.9621
787.8680,265.8305,178.2599,95.7507
780.9616,263.2591,179.2749,96.6275
799.2440,236.8219,172.7815,102.2469
799.1035,240.9227,168.7672,106.9316
800.7922,228.0396,165.3896,111.1261
794.3496,231.6870,165.2741,112.4986
806.6497,221.3651,162.4471,115.7240
808.1902,222.2743,159.3660,118.2707
806.1854,223.6130,159.0153,119.9535
806.8852,220.4423,157.6157,121.9125
806.8431,219.8290,157.7000,123.1392
799.2932,222.1288,159.5568,122.9537
801.7881,218.9465,159.0067,124.8788
802.0620,215.8453,158.4588,126.6186
802.1299,215.3637,158.3231,127.5818
802.1420,214.8955,158.2989,128.5181
804.3110,214.6662,158.4717,128.9767
803.9500,214.7491,159.1937,128.8109
801.0090,212.6394,160.5465,128.5012
802.5443,209.7104,162.0208,129.8143
799.5147,211.8597,163.4911,130.1045
798.9866,211.5348,164.5473,130.7542
798.5200,211.4597,165.4806,130.9046
797.6508,211.7998,167.2189,130.2244
794.3600,214.4981,169.1254,129.5027
798.9736,213.7165,169.2832,131.0659
796.3173,213.3178,169.8755,131.8633
798.0182,223.0077,171.2159,131.4530
800.0231,225.4245,171.9624,131.3755
796.9117,221.2601,173.4189,130.1717
789.4487,218.7318,174.0383,130.4596
788.0472,219.2980,176.8413,129.3273
787.3398,222.1654,178.2562,128.3993
783.5823,228.0701,180.9580,126.2165
782.7378,226.0276,182.6470,125.4833
780.3173,225.6250,182.6564,126.2886
780.3921,225.3774,182.5069,126.7836
777.7591,225.3253,182.9220,126.8880
777.4632,225.0438,183.5137,127.4509
780.1734,224.4929,182.9704,128.5527
785.7678,222.0994,181.5559,128.4527
783.1560,223.0178,181.9155,126.6157
785.7355,221.3291,181.5956,125.1540
784.9293,223.0066,183.2081,121.7990
789.1815,224.7086,184.2614,118.3950
791.3991,224.2213,184.5641,114.6317
790.6845,226.0290,185.9933,111.0163
793.1910,227.3560,185.6201,108.3622
795.0930,225.0251,181.8161,108.4345
797.0367,225.1245,177.9289,108.2358
798.9288,223.1744,174.1447,107.6630
803.9161,222.6975,168.5770,108.6167
808.9672,206.6109,162.8143,110.4125
811.9622,207.7302,156.8244,112.4567
814.1246,207.3158,152.4996,113.2856
817.6536,199.5411,149.6157,112.1381
823.2227,199.8680,146.7008,111.4845
825.0428,196.9174,143.0605,109.2727
820.6349,199.9016,139.9818,107.2692
821.7409,201.5810,137.7697,103.9104
826.4358,203.0640,135.9733,100.9444
830.0941,205.3721,132.3774,100.0489
832.5796,207.9218,131.0578,98.6009
833.6556,208.2030,128.9058,98.0384
834.5478,210.1186,127.1214,97.7729
835.6318,211.6181,124.9533,98.3080
833.0073,208.7376,123.1831,97.0498
835.4728,210.5745,121.7141,96.8381
837.8619,210.7346,120.3721,96.5178
837.0254,207.6505,118.6348,95.8652
837.2318,208.5375,118.2221,94.0913
837.7549,206.4247,117.1758,91.6407
836.6874,201.6512,116.0285,88.0584
839.1895,205.2072,114.2307,87.3593
839.6845,196.8865,113.2407,84.9951
841.7727,196.2884,112.1782,83.0775
840.8474,187.8178,110.9623,81.6206
838.5749,189.1145,109.4595,82.0512
842.4693,191.8776,107.6870,82.5414
840.8427,185.2843,104.9618,83.7713
838.7835,184.9594,103.1453,84.4211
838.3135,184.2501,101.1352,85.8396
837.4357,184.4763,99.9489,85.3871
841.8085,179.3616,99.9525,83.9510
839.2345,181.2436,99.3137,83.0804
836.8531,182.6141,98.3376,83.2089
834.3130,182.7766,97.7045,82.8838
835.3571,176.5675,98.4579,81.0944
836.6822,178.4007,98.6321,80.2524
836.8470,180.1364,98.3024,79.5943
835.9819,181.4644,97.2349,79.7359
833.8010,182.6861,96.0297,80.0762
832.8867,182.9470,95.0879,79.5543
833.2901,187.1523,94.2810,79.3864
834.6097,200.0935,94.3742,78.0955
835.0726,204.7146,96.1614,74.2793
828.6804,214.1467,98.2317,71.4867
827.5383,220.5032,100.5159,69.4313
823.3048,220.9165,100.9875,68.6046
822.9448,221.2249,101.7074,67.9879
823.6699,221.4243,102.9165,67.5892
824.7542,222.7140,103.4186,67.6804
823.2388,223.0183,103.7696,67.0719
823.1732,223.5140,103.9008,66.0804
821.9925,223.8449,103.6019,65.4187
821.1318,223.7845,102.6785,65.5395
819.9894,223.8735,102.3305,65.3614
813.6492,224.6612,104.5119,63.7861
808.2978,226.5570,107.3222,62.6253
802.2917,228.7480,111.3749,60.8965
794.1356,229.3707,114.2690,59.6510
794.1605,229.6826,116.9241,59.0272
786.9801,231.9207,117.6192,60.0173
785.8482,232.8156,117.1225,60.9880
786.7468,232.5703,118.0951,61.4786
784.0333,232.0303,117.9371,62.5586
781.7628,231.5420,116.8604,63.5350
762.1335,234.8451,119.5932,62.5482
752.8605,239.2664,121.1414,62.2045
750.9347,240.8501,122.1432,61.8870
744.9971,240.8190,122.5824,61.9492
744.0356,240.8892,124.5054,61.8088
742.5630,242.3637,124.5583,61.7519
742.6028,242.1724,124.4786,62.1345
741.1248,242.1212,124.5372,62.2370
741.1284,242.0830,124.5301,62.3134
741.7742,243.1607,123.2383,63.0594
742.5240,242.3674,121.7387,64.6459
739.8916,240.6868,121.2025,65.1065
738.7978,241.4992,120.4896,66.3824
744.3990,239.5203,120.9345,67.4283
742.6252,239.2564,121.5458,67.9562
750.0945,239.6255,121.3789,70.1723
759.3014,239.6169,120.9019,73.1788
760.8604,238.2067,120.8171,75.9993
768.8301,228.4818,123.3537,76.9731
793.3501,218.9071,130.7175,74.1877
814.2472,221.7130,136.8633,71.7720
809.6158,222.6166,142.8808,69.9648
771.9324,223.8851,148.8979,70.7300
771.6523,225.3989,156.2652,71.1060
770.0430,224.9915,163.0012,71.9209
756.3610,227.6190,168.5888,73.9247
757.0001,229.4095,174.8018,74.0893
755.6451,231.0270,181.3504,74.6928
754.3892,232.6713,187.8059,75.3479
746.4628,233.5446,191.5134,77.6498
752.9549,234.7169,195.1008,79.4481
758.1297,238.0016,197.4310,81.3319
770.8749,239.3715,197.7029,82.8859
764.3503,241.2173,197.7765,83.5195
760.5167,242.6583,196.7686,84.9750
756.9966,239.4411,195.1114,87.0607
750.6528,238.7940,194.7146,88.3548
748.6618,238.2326,194.3182,89.4776
748.5303,237.7534,194.5813,90.4360
748.1665,237.3091,195.3088,91.3247
747.6327,234.9505,196.3764,91.6029
744.3747,235.4756,198.4330,90.5527
739.5383,234.8724,199.1637,91.7590
739.8752,234.4748,198.4901,92.5543
734.9791,234.3142,199.2685,92.8754
727.9590,234.9672,199.7374,91.5695
727.1036,235.3722,201.4482,90.7594
731.1573,235.9579,202.3775,89.5880
723.4982,233.8432,199.6507,89.3061
714.9946,233.4771,198.7906,90.0384
724.4675,239.2907,202.1807,87.3454
705.0131,238.7206,200.8694,88.4858
713.1047,238.8967,202.5663,88.1335
717.0096,245.8106,203.7331,87.7708
2
0
0
0
0
1
449.3774,196.8987,124.3914,95.6708
439.3005,196.3417,130.7127,93.3266
435.2543,197.0901,135.2891,91.8298
433.2930,197.8497,139.2119,90.3105
427.9126,198.5965,142.7846,88.8171
426.8850,197.2004,144.8398,87.9867
426.8857,196.8653,144.8384,88.6569
426.9118,196.4538,144.7863,89.4799
426.3197,196.0564,145.9705,90.2749
423.7323,196.3696,147.4509,89.6483
426.7806,196.3103,148.7661,89.7669
425.5698,198.1330,151.1878,89.8491
423.5392,198.0244,151.4839,90.0664
422.3645,198.2878,153.8333,89.5395
415.8255,198.7009,155.5143,88.7133
411.0035,200.8818,157.5383,88.1615
402.5034,204.6961,159.2163,88.1940
401.1195,206.9586,161.9842,87.5249
405.6301,209.0149,164.6189,87.2975
405.0597,209.1919,165.7596,86.9436
404.5456,209.0346,166.7878,87.2581
404.3564,207.2917,167.1663,86.7926
402.4879,205.6572,166.9542,86.1125
400.8405,205.8036,166.3148,85.8197
396.8030,206.0773,166.5505,85.2723
396.7711,206.0427,166.6143,85.3416
396.5592,206.2589,167.0381,84.9092
397.2367,206.1617,165.6831,85.1037
399.7155,206.1950,164.6235,85.0369
398.3230,208.2585,163.5272,84.7915
397.2317,206.2682,161.8488,84.9109
396.8965,205.8176,158.6807,85.8121
396.4007,205.1337,155.8649,87.1798
399.3349,203.0246,153.7856,87.6091
400.1330,204.7028,152.1894,88.0182
395.8919,212.3175,149.4249,91.5333
405.3435,204.3961,149.3575,92.3077
398.9558,208.5067,147.0162,95.4239
404.9022,202.2382,146.5123,96.5720
406.5428,204.5278,147.0390,95.8007
402.9446,204.4954,146.6295,95.8654
401.8099,213.6977,145.1011,96.4501
400.4271,206.6531,144.0821,95.4008
394.1471,213.7355,141.6346,96.2433
391.7246,216.6245,139.0216,97.9235
391.1673,220.8230,136.4189,100.6784
390.7860,222.0325,133.4583,101.9826
390.8826,219.4061,129.5656,103.5360
388.3098,222.1772,127.3808,105.3242
387.9077,223.1558,124.5246,107.0276
386.9872,222.6172,122.7216,108.1047
389.0420,212.1732,122.2454,107.1932
387.0369,215.0513,122.6442,105.0484
386.7948,216.1563,123.1284,102.8384
387.1617,218.7742,122.3947,101.1574
385.7572,221.4930,121.6872,99.2364
386.1042,222.1313,120.9932,97.9597
383.4959,222.7359,119.3231,96.7506
383.7980,223.1430,118.7188,95.9365
383.8327,221.9598,118.6495,94.9271
381.9894,220.9200,118.9779,93.6486
382.1125,222.9101,118.7318,93.0109
380.5564,221.7592,118.5155,91.9842
380.5137,224.0217,118.6009,90.7677
379.1546,224.3650,118.0292,90.0810
379.4340,225.6276,117.4706,90.8257
378.1155,223.9552,116.8340,90.8970
378.1599,222.4603,116.7451,90.6219
376.7833,222.6952,116.2392,90.1521
377.2133,222.5856,115.3792,90.3713
377.2763,220.6115,115.2532,91.0852
377.6573,216.7250,114.4912,92.3707
378.3179,220.3920,113.1700,94.7956
378.3500,220.1907,113.1058,95.1983
378.5592,219.6048,112.6874,96.3700
379.9332,218.2029,113.2291,95.8840
378.5714,215.8662,115.9527,93.9768
372.9721,220.6946,120.5483,90.9230
374.5164,220.3867,124.1040,88.2168
373.2667,221.1411,126.6035,86.7080
372.4896,219.8252,128.1576,85.9953
365.1065,223.2864,129.4994,85.7850
366.8444,219.3416,129.3964,86.9291
364.7738,222.6511,130.1473,87.0905
365.1935,221.9985,129.3079,88.3957
365.1183,220.2737,129.4584,88.4322
364.2418,220.0398,127.7952,88.8999
364.7815,220.2883,126.7158,88.4029
366.9131,220.4805,125.8268,88.0185
370.1770,219.2928,126.0079,87.0394
368.7856,217.9315,125.4499,86.4211
378.2118,217.6482,123.2092,86.9877
371.3092,211.8555,123.8229,85.3816
365.2801,212.8347,126.0393,83.4231
363.3147,213.3905,126.6884,82.3115
362.3774,213.1674,125.2904,82.7577
356.4088,214.0556,127.4501,80.9813
351.3739,215.0948,130.9960,78.9029
353.7274,215.8211,132.8487,77.4504
349.3087,216.5864,135.1202,75.9198
353.7849,216.7926,136.0399,75.5073
363.4390,215.8835,133.2176,77.3254
372.8181,213.4536,130.8907,78.8990
370.3833,213.2245,129.2038,79.3572
377.6085,214.3972,127.7970,80.2728
347.9190,210.4713,131.8365,78.3588
336.2505,211.1771,135.4741,76.9471
375.3180,214.2813,130.2321,80.6788
375.3654,214.8323,126.8388,82.8751
361.6242,213.7319,128.0462,81.7916
374.1620,213.4304,125.9613,82.3946
372.7696,213.7563,125.4829,81.7427
379.1662,215.8149,125.6703,80.8708
376.0139,216.0226,125.5080,80.4554
383.2358,216.2769,123.9606,79.9467
377.8847,218.5233,125.0857,78.6462
346.2008,221.0016,127.8914,76.8772
338.7651,221.5064,129.9645,75.8676
341.2846,221.8803,131.3522,75.1197
349.6884,221.7825,130.6508,75.3154
346.6213,221.9422,130.3567,74.9960
328.5204,223.7160,131.3103,74.6529
323.1576,223.7128,132.3978,74.6592
311.9125,222.4106,135.5146,74.0346
322.2551,223.6346,134.4152,74.8510
323.1451,225.9536,132.6351,76.7370
319.4647,227.9135,130.1928,79.3524
317.5905,222.8291,130.6656,79.6946
316.7706,225.1693,129.0171,81.5911
312.7583,225.3373,130.4506,81.2551
313.0208,224.7075,129.9257,82.5145
312.4976,225.5590,127.6474,84.1362
310.8514,217.4743,127.6222,83.7180
310.4200,219.5512,128.4850,82.8744
304.8603,220.3480,126.3682,84.5899
302.9299,219.3924,126.9232,83.1951
277.4844,217.7458,131.7403,79.9065
267.6910,213.9677,134.7875,77.5387
298.1909,224.2746,133.4251,76.8042
297.4844,222.3617,131.5576,77.3494
265.2695,216.7429,134.0082,75.5388
268.4183,220.1750,134.2458,75.2100
271.9792,223.4174,133.6553,75.2563
266.2384,224.2134,135.3639,73.6642
271.2686,225.8751,135.0708,73.5966
277.3067,229.9007,132.7454,75.2962
267.0885,232.0934,130.4677,77.4006
241.9526,253.3629,119.0515,86.8094
234.5621,258.6375,107.9769,95.6518
238.9091,255.3646,99.2829,102.1977
242.6928,252.5408,91.7154,107.8452
245.4275,250.7262,86.2461,111.4744
247.4272,249.4081,82.2467,114.1105
247.6450,248.5641,78.7290,115.7985
244.9304,247.9542,75.0097,117.0185
249.4405,248.7801,72.0014,118.3725
247.1079,249.3551,70.7152,117.2226
248.9762,251.5068,69.9154,115.8560
250.7230,250.3718,69.3251,115.2229
244.5793,251.8590,67.1938,115.1323
248.2393,251.8306,65.5665,115.1891
245.2969,252.4567,65.8121,113.9369
248.3892,252.9153,65.2380,113.0197
248.7091,253.0679,64.5981,112.7145
250.5963,253.0423,63.5903,112.7657
252.3729,251.7035,62.7872,112.6931
252.2771,251.2731,62.9788,110.8185
250.8512,251.7983,63.1196,109.7681
250.9786,252.1222,62.8649,109.1204
253.6501,252.6808,62.8896,108.0031
249.8853,252.7240,62.4161,107.9168
251.4586,251.3800,61.9279,107.9464
255.2837,250.6458,62.2293,106.7642
251.3504,251.0238,62.1816,106.0083
257.0840,250.9875,61.2186,106.0808
256.1340,251.1534,60.5078,105.7492
253.4568,250.3421,60.6745,104.7778
250.8635,252.0672,60.6964,103.9099
251.6461,252.7296,59.1312,105.1550
248.3040,252.5043,58.1305,105.6055
258.2253,252.9041,58.6982,104.8059
255.6891,255.6223,58.6722,104.4678
249.7559,255.3957,57.8201,104.9209
253.1043,256.0524,58.7309,103.6076
256.5277,255.6583,59.4800,101.8637
255.2321,255.5991,59.5524,101.9821
252.8059,255.5744,59.3612,102.0316
255.0301,255.8519,59.9513,101.4765
240.8654,255.1805,58.0281,102.8193
244.4961,256.9280,58.2917,101.8328
245.6206,257.2597,58.5409,101.1694
239.7956,258.6165,57.7278,100.9483
255.3684,257.5286,58.7645,100.6487
251.6985,256.2361,58.6382,100.7449
259.1038,254.9848,58.7556,100.7595
260.1260,256.3057,59.2012,100.6079
259.7177,256.7320,60.0178,99.7554
249.1080,257.6394,58.7681,100.4371
256.2186,257.8312,59.4604,100.0536
252.8589,257.6218,58.7050,100.4723
257.1988,257.8977,59.9656,99.9205
256.9798,259.0616,60.4034,100.0908
253.4576,257.7684,59.9237,100.1691
256.2532,257.4143,59.3347,100.8774
256.6530,255.9337,58.5350,101.3369
257.7180,256.2982,58.9002,100.6080
256.1524,255.3890,57.0505,102.4263
257.0505,254.0824,57.7403,102.5536
258.6575,254.4222,59.5253,101.8739
2
0
0
0
0
1
80.6131,231.0052,155.5038,100.3396
81.6001,230.0631,153.5298,102.2237
82.3575,229.0373,152.0150,104.2755
80.9422,228.5277,150.8271,105.2947
79.0636,228.3257,150.5668,105.6986
79.2271,228.5417,150.2398,105.2665
79.0250,228.9989,150.6440,104.3522
77.7430,229.2377,149.2089,103.8746
78.3919,229.5969,147.9111,103.1563
76.5905,230.1313,147.5758,102.0873
77.2201,230.3201,146.3167,101.7098
77.6967,230.3315,145.3634,101.6870
75.3591,230.5595,146.1632,101.2311
72.7501,231.0289,147.5015,100.2921
70.1549,229.5538,148.8074,99.3579
69.3809,227.8819,150.3552,98.8130
66.8838,228.4017,151.4466,97.7733
67.3980,228.4747,150.4182,97.6275
67.7736,228.3168,149.6670,97.9431
65.9116,228.0268,149.5131,98.5233
63.9411,227.7765,149.5686,99.0239
61.5007,227.5132,150.5549,99.5504
62.2967,227.2985,148.9628,99.9798
63.3075,226.7402,146.9413,101.0965
64.0274,226.2705,145.5015,102.0358
66.8288,225.6794,143.7819,103.2181
67.3916,223.5639,142.6562,103.5724
58.4275,223.2235,141.2576,104.2532
61.3712,222.9351,139.2255,104.8300
62.0404,222.6538,137.8871,105.3925
62.6415,222.2626,136.6848,106.1750
63.2730,221.9869,135.4218,106.7264
65.9807,221.6663,133.8130,107.3676
68.4701,221.5206,132.6268,107.6591
68.5688,221.7750,132.4294,107.1503
68.2560,222.1785,133.0548,106.3432
68.2851,222.2943,132.9967,106.1116
68.4554,224.4577,132.6560,105.5444
69.8767,224.9301,133.5587,104.5996
70.2635,224.8175,132.7850,104.8248
72.7159,224.6875,131.6155,105.0848
72.9788,224.7426,131.0899,104.9745
73.3789,224.7219,130.2896,105.0159
75.8348,224.5719,129.0780,105.3159
76.3745,224.5071,127.9987,105.4455
76.6126,222.6636,127.5224,105.4604
76.6861,224.6077,127.3755,105.2373
74.8414,222.8610,127.4059,105.0716
72.8844,222.8555,127.6629,105.0826
72.9978,222.7811,127.4362,105.2314
72.7550,222.9083,127.9219,104.9769
72.8418,222.9166,127.7481,104.9604
72.6420,222.9652,128.1478,104.8632
72.8842,222.7238,127.6634,105.3459
73.0212,222.4289,127.3893,105.9358
73.2202,222.2476,126.9914,106.2984
73.3661,222.0042,126.6996,106.7852
73.2076,221.8486,127.0165,107.0964
72.9986,221.8504,127.4346,107.0927
72.5965,221.8243,128.2388,107.1450
72.1512,221.9235,129.1295,106.9466
71.8988,222.0020,129.6342,106.7897
71.7528,221.9099,129.9261,106.9738
71.9381,221.7379,129.5556,107.3178
71.7732,221.8100,129.8854,107.1737
71.4800,221.8459,130.4717,107.1017
71.4785,221.6346,130.4747,107.5244
69.5822,221.6639,130.5237,107.4658
67.6622,221.7416,130.6201,107.3103
67.7064,221.8644,130.5318,107.0647
67.5020,222.1540,130.9407,106.4855
67.3934,222.3416,131.1578,106.1103
66.8782,222.7676,132.1882,105.2583
66.8188,223.0014,132.3070,104.7907
66.8368,223.0358,132.2711,104.7219
64.8105,223.0777,132.5977,104.6383
62.6657,223.4369,133.1578,103.9197
64.6543,223.4967,132.9070,103.8002
64.7096,223.4304,132.7966,103.9328
64.8735,223.3073,132.4687,104.1791
64.9492,223.3708,132.3172,104.0520
65.1198,223.3499,131.9762,104.0938
65.1153,223.3822,131.9851,104.0292
65.4374,223.1313,131.3408,104.5310
65.5499,223.0320,131.1159,104.7296
65.5412,222.9771,131.1333,104.8394
65.7160,223.0202,130.7837,104.7532
65.9973,222.8478,130.2211,105.0980
66.2824,222.6488,129.6508,105.4959
66.6268,222.5204,128.9621,105.7527
66.8276,222.4671,128.5604,105.8594
67.1217,222.4053,127.9722,105.9831
64.2723,220.9958,129.9907,105.1218
64.0103,219.3451,130.5148,104.7258
65.7342,219.7096,130.7660,103.9967
67.8526,221.9192,130.2203,103.2686
68.5322,222.0383,128.8611,103.0304
69.2496,223.9776,127.4262,102.7978
70.0650,223.7250,125.7954,103.3031
70.8472,223.4412,124.2311,103.8708
71.3765,223.3444,123.1724,104.0644
72.0704,223.1027,121.7846,104.5477
69.5584,223.6657,123.2470,103.4218
69.2480,224.0426,123.8677,102.6680
67.9992,223.9911,122.8017,102.7709
65.2605,222.2295,121.1816,102.7454
66.0363,222.3530,119.6299,102.4983
67.0361,222.5826,117.6303,102.0392
67.9847,222.8726,115.7331,101.4591
68.9836,222.9679,113.7352,101.2685
69.7635,223.1587,112.1755,100.8869
70.4609,223.2979,110.7807,100.6085
72.7579,222.9393,109.5148,101.3258
71.1254,221.2757,109.4601,101.3333
70.9488,221.0899,109.8133,101.7049
70.6498,220.7798,110.4112,102.3251
72.8043,222.5205,112.8014,102.1931
72.8396,222.9731,116.1154,101.2881
73.5805,224.1744,118.0554,102.3071
72.4050,224.1799,120.4063,102.2962
71.4888,222.3466,122.2388,102.4584
71.0498,221.9296,123.1168,103.2924
70.2127,221.8282,124.7910,103.4952
70.4038,220.6641,127.9998,102.2324
69.4764,220.8496,129.8546,101.8613
68.3431,221.0948,132.1212,101.3710
67.1372,221.1953,134.5332,101.1699
64.0595,221.5261,136.9860,100.5084
63.0311,221.8043,139.0427,99.9519
61.9728,222.3164,141.1594,98.9277
61.3913,224.2978,142.3223,98.7311
63.4729,223.9785,141.9397,99.3697
65.0727,224.0713,142.5254,99.1842
70.4392,226.1967,143.1658,98.7244
73.2177,226.7357,145.1952,97.6465
77.8168,228.9926,147.4147,96.9386
78.9806,229.4172,148.9146,96.0894
80.4481,229.7636,149.8154,95.3965
84.2767,229.9321,149.8338,95.0597
84.0427,230.2799,150.3017,94.3639
86.0263,230.3615,150.1623,94.2008
85.6767,230.6469,150.8616,93.6300
87.9728,230.6458,150.0932,93.6322
90.5753,230.7004,148.7004,93.5229
90.2241,231.0678,149.4029,92.7881
87.7121,231.4791,150.6391,91.9656
89.7911,231.6432,150.2736,91.6373
87.8410,231.7659,150.3921,91.3919
89.3169,232.1680,151.2195,90.5877
89.1221,232.2005,151.6091,90.5229
88.7682,232.2909,152.3168,90.3419
88.4270,232.4097,152.9993,90.1044
88.1242,232.4946,153.6050,89.9345
88.0149,232.5566,153.8236,89.8106
87.9137,232.4994,154.0259,89.9251
90.5265,232.0073,152.6087,90.9091
88.9506,233.5641,151.9565,91.5996
89.5728,233.2856,150.7121,92.1565
90.1996,232.9419,149.4586,92.8439
90.9408,234.5084,147.9762,93.5008
89.5035,234.5834,147.0723,93.3508
88.2065,234.5234,145.9037,93.4707
90.3484,234.4747,145.3669,93.5681
90.9878,234.5922,144.0882,93.3330
89.4488,234.7123,143.4486,93.0929
89.1565,235.0832,144.0333,92.3511
89.0083,233.5640,144.3296,91.6892
89.4841,237.1336,143.3781,91.9373
92.2816,237.8845,145.1501,90.4355
100.3122,240.5302,147.5135,88.8289
102.1870,240.2921,147.4570,89.3052
101.3623,240.5026,149.1065,88.8841
102.0687,240.8381,151.4114,88.2132
102.4553,238.6291,150.6383,88.8906
97.5592,237.0623,152.9492,88.2834
94.8054,237.2460,154.6920,87.9161
92.7333,239.0333,155.0520,88.1256
96.7603,238.7694,154.5844,88.6535
85.4478,234.6838,154.4382,89.2344
86.9829,238.4324,155.1708,89.3429
81.3298,235.6042,158.8460,87.3683
105.0229,249.0986,161.3319,87.2338
97.1989,243.8422,165.3679,86.1344
91.6422,244.6564,168.6589,84.5060
100.1767,245.0066,171.2469,83.8056
108.7605,246.3475,169.9077,85.0809
108.7130,246.2514,170.0028,85.2732
106.9630,245.9473,169.5383,85.8813
107.9572,245.4149,167.5500,86.9461
108.4078,245.0736,166.6488,87.6286
110.5823,244.8234,166.2556,88.1291
110.4919,244.6125,166.4364,88.5509
109.8207,244.5533,167.7788,88.6693
108.8736,244.6035,169.6729,88.5689
110.7746,244.5003,169.8873,88.7754
108.2870,244.4155,170.8394,88.9449
107.7308,244.3577,171.9519,89.0604
104.7833,244.5863,173.7886,88.6034
99.2479,247.1930,176.7047,87.4673
98.7980,247.3770,177.6044,87.0992
98.0560,247.7181,179.0885,86.4171
95.5483,245.9523,179.9869,85.8316
106.0331,247.9679,179.6170,85.9203
96.3823,240.3768,182.4542,84.6382
92.5848,240.7365,185.9141,83.9187
91.7210,240.8158,187.6417,83.7601
94.3491,241.2392,190.7755,82.9134
95.7792,241.3084,192.1410,82.7750
96.5552,239.6185,194.8318,81.9119
93.2159,237.6239,197.2439,81.6347
97.3395,237.5678,197.5896,81.7468
91.7926,237.5782,200.0765,81.7261
98.2595,237.0801,200.1595,82.7223
96.0260,236.7077,200.2685,83.4669
93.2271,234.4003,201.4939,83.7093
97.6167,234.1306,201.5039,84.2487
110.7146,233.8445,201.7339,84.8209
103.5888,233.5526,202.7322,85.4046
99.1310,231.1742,202.7627,85.7189
93.2644,230.6102,201.1502,86.8468
92.6203,229.9349,197.9932,88.1974
92.1117,229.0004,194.5871,90.0665
92.7152,228.5851,193.3802,90.8971
96.2161,227.8313,190.7818,92.4046
102.1292,226.9969,187.7393,94.0735
104.7702,226.9891,186.8336,94.0891
112.7051,228.6985,184.0536,95.0336
113.1094,229.0697,183.2450,94.2911
119.5045,227.3559,183.3973,93.4047
122.3772,227.0418,181.9530,94.0329
125.2141,226.6969,180.5701,94.7225
128.1528,226.5038,178.9749,95.1088
135.4726,226.2472,177.1316,95.6220
137.8186,226.0122,176.6868,96.0921
140.0780,226.0080,176.4166,96.1003
146.2230,228.1916,176.8609,95.9781
152.6587,226.2475,176.7372,95.6169
148.3358,225.1367,181.1417,93.5973
143.8100,226.1653,185.9220,91.5401
144.4794,226.6531,188.8889,90.5646
147.5282,226.7950,191.4557,90.2808
147.9948,224.9631,194.8872,89.5799
148.2786,223.0337,198.7221,89.0362
151.2677,223.0715,201.6409,88.9607
149.8847,223.2933,204.4071,88.5170
149.5135,223.0346,205.1494,89.0345
148.8785,222.8423,206.4194,89.4190
152.1792,222.7030,208.9516,89.6976
154.5012,221.9553,208.9162,91.1931
158.7008,221.7562,209.7857,91.5912
159.9448,223.8895,211.9516,91.9786
161.4517,225.9698,213.6299,92.5103
168.9960,225.1795,212.7189,94.0908
173.9550,225.0940,217.0222,94.2617
177.5582,224.3141,219.4278,95.8215
235.1295,223.9177,211.3857,101.4826
249.1455,221.3348,202.7556,106.6484
252.3613,219.2948,196.3242,110.7285
256.8524,215.9364,192.1303,112.6568
263.3366,215.4492,188.6795,113.6313
264.4478,212.9024,186.4570,114.0010
265.0029,213.1041,185.3469,113.5975
261.8813,213.7711,186.9162,112.2634
256.3357,214.4910,188.6581,110.8237
252.8436,215.2116,190.9660,109.3826
265.2990,214.9779,189.4856,109.8499
249.6266,215.5862,192.7981,108.6334
258.5078,213.5872,193.8377,107.9308
265.6596,213.6850,193.6455,107.7354
264.8234,214.1741,195.3179,106.7570
264.2344,212.2321,196.4960,105.9354
263.7892,212.3448,197.3865,105.7100
264.5584,212.5995,200.5663,105.2005
257.3170,212.7663,205.5363,104.8669
250.3652,212.8230,209.7930,104.7537
256.4545,212.3562,212.2662,105.6873
249.9766,212.1214,215.3493,106.1567
246.6520,211.4137,217.0091,107.5721
240.0285,211.3053,220.1794,107.7889
233.4431,211.8985,223.1731,106.6025
235.0096,211.9490,225.1518,106.5016
233.7702,212.3655,227.6306,105.6686
235.8645,212.1623,228.6021,106.0750
241.3802,211.8100,227.9337,106.7795
241.6654,211.4164,227.3632,107.5668
238.9018,210.8690,227.7010,108.6615
239.1666,210.5071,227.1713,109.3854
236.6046,212.5008,227.0772,110.6162
239.7383,212.0487,226.0479,111.5205
240.6448,211.5139,224.2350,112.5902
244.6996,210.8809,221.3565,113.8561
241.8663,210.8352,221.8123,113.9476
247.9394,210.4533,220.1039,114.7114
245.6348,210.5041,219.5063,114.6096
248.5918,210.3116,218.7886,114.9946
248.6049,210.2195,218.7623,115.1788
245.5229,210.3905,219.7312,114.8368
250.6648,210.2768,219.8546,115.0644
252.8043,208.1776,220.7851,114.0534
253.1348,208.2568,220.1239,113.8949
250.5442,208.2330,220.1120,113.9425
254.1395,207.8987,218.1153,114.6112
252.3008,207.8204,216.6167,114.7678
256.8754,207.0343,212.6241,116.3399
254.5078,207.2228,212.2346,115.9630
254.8536,207.2749,211.5429,115.8587
254.6891,207.2896,211.8719,115.8294
243.3768,207.4897,214.0768,115.4290
246.9303,208.0570,217.2310,114.2945
243.5671,208.1819,218.7998,114.0448
243.3580,207.9123,219.2180,114.5840
243.6477,207.5430,218.6386,115.3226
247.1290,206.9850,216.8720,116.4385
247.7779,206.5416,215.5742,117.3252
250.5185,203.8200,215.2781,117.5835
247.3754,203.6778,216.3792,117.8678
246.4804,203.9605,218.1691,117.3025
245.6875,204.1283,219.7550,116.9669
245.1574,204.3004,220.8152,116.6226
248.0147,204.4091,220.3507,116.4052
248.6757,204.6285,219.0287,115.9664
252.1203,204.4429,217.3522,116.3377
251.9609,204.3245,217.6711,116.5743
252.6899,203.9891,216.2132,117.2452
259.7958,203.0748,212.3877,119.0739
257.3470,202.8504,212.1174,119.5227
258.1162,202.0934,210.5789,121.0367
261.2648,201.5857,209.4562,122.0520
264.1989,201.1183,208.7631,122.9868
246.3643,201.8656,213.3489,121.4921
247.1012,202.4047,217.0982,120.4141
244.7039,202.8605,221.8928,119.5024
245.4075,198.2457,225.8011,118.1010
235.8701,197.5947,228.8291,119.4030
240.8670,197.2258,229.6671,120.1408
236.4106,197.4519,233.1390,119.6886
240.7759,196.8693,235.3765,120.8538
243.5741,196.2418,235.3171,122.1087
236.8429,196.4061,237.6640,121.7801
241.4303,196.9545,239.6622,120.6834
233.2431,196.8771,239.2461,120.8381
226.3853,197.7159,241.7747,119.1607
234.8916,197.9064,241.5663,118.7796
241.0445,197.2950,240.4441,120.0025
236.0999,193.7023,239.1402,121.5912
234.6243,192.1149,236.4865,124.7662
236.0430,190.7612,233.6491,127.4734
237.3520,186.8693,231.0312,129.6320
239.0444,185.3366,227.6464,132.6974
240.4951,184.2503,224.7449,134.8701
244.1721,183.5944,223.0098,136.1819
251.2181,182.6926,220.1479,137.9855
254.9676,182.3727,218.2516,138.6252
255.8523,181.9928,216.4822,139.3850
253.7493,181.9945,215.1170,139.3817
253.8021,182.1822,215.0114,139.0064
254.3894,182.1732,213.8369,139.0242
254.3716,182.4980,213.8724,138.3748
251.2831,182.8417,214.5343,137.6872
251.6695,182.6685,213.7613,138.0336
251.7253,182.5113,213.6498,138.3481
251.3012,182.7289,214.4980,137.9129
250.8363,183.0087,215.4278,137.3534
249.9983,183.2424,217.1038,136.8859
249.5978,183.0840,217.9047,137.2026
249.4745,182.8037,218.1513,137.7632
249.6168,182.6198,217.8668,138.1311
249.0462,182.7020,219.0081,137.9666
248.1461,185.8357,220.8082,137.2845
248.1976,186.3789,220.7052,136.1981
248.3529,186.8040,220.3947,135.3481
248.8430,187.0868,219.4143,134.7823
252.4386,186.9491,217.7611,135.0578
251.7014,187.7467,219.2356,133.4626
251.8074,188.0413,219.0236,132.8734
251.5293,188.3995,219.5798,132.1571
248.2356,188.9362,220.6710,131.0836
244.5865,189.1805,222.4747,130.5950
244.8703,188.9661,221.9073,131.0237
244.5238,188.8893,222.6002,131.1774
244.7400,188.7223,222.1678,131.5115
244.9643,188.5547,221.7192,131.8466
244.9772,191.2803,221.6933,131.9182
245.3671,188.6786,220.9135,131.5979
244.6960,188.9880,222.2557,130.9791
244.5622,188.8787,222.5234,131.1978
244.6488,188.8827,222.3502,131.1898
244.1787,189.2542,223.2904,130.4467
244.4046,192.1266,222.8385,130.2243
244.6059,192.0705,222.4360,130.3367
245.2698,191.9912,221.1082,130.4953
246.0752,191.9214,219.4974,130.6349
246.8473,191.8579,217.9532,130.7618
250.6537,191.7700,215.7889,130.9377
250.9568,189.7366,215.1826,129.5851
247.5568,190.6799,216.5953,127.6985
246.8924,190.9714,217.9240,127.1157
246.4089,191.3678,218.8910,126.3229
245.8080,194.2221,220.0928,126.0015
246.1077,194.2393,219.4934,125.9671
249.1961,194.0896,218.7068,126.2665
249.8596,194.0887,217.3799,126.2684
250.4944,191.3552,216.1103,126.3714
250.3568,191.5720,216.3854,125.9378
247.5337,191.6909,216.6880,125.6999
247.2299,191.8913,217.2956,125.2992
246.9315,192.1087,217.8924,124.8644
246.8381,191.9356,218.0792,125.2106
246.4549,191.7727,218.8456,125.5363
246.0630,191.6386,219.6293,125.8045
246.0241,193.8181,219.7071,126.8350
246.5054,193.6696,218.7446,127.1320
247.0353,193.3759,217.6849,127.7194
247.9811,192.8972,215.7932,128.6769
251.1169,192.8594,214.9029,128.7525
255.0078,192.6153,212.4903,129.2407
255.3191,192.7597,211.8676,128.9519
255.2552,193.0769,211.9954,128.3175
255.9639,192.9460,210.5780,128.5792
255.9632,193.0107,210.5795,128.4498
255.5247,193.3478,211.4564,127.7756
255.8152,193.3382,210.8755,127.7948
252.6311,193.5256,211.9505,127.4201
255.6254,193.3171,211.2646,127.8370
258.0833,193.5326,211.6486,127.4060
260.3628,193.8332,212.3877,126.8048
260.3772,194.0877,212.3587,126.2959
260.0516,194.3116,213.0099,125.8480
259.0406,195.0818,215.0319,124.3076
258.2458,195.6666,216.6216,123.1380
258.5447,198.2581,216.0238,123.2547
258.5329,198.2308,216.0474,123.3094
258.8776,198.1837,215.3580,123.4035
258.7761,198.2234,215.5611,123.3240
261.4983,198.2527,215.4038,123.2654
261.0862,198.5798,216.2278,122.6114
260.6216,198.7711,217.1572,122.2287
263.0060,198.7621,217.6805,122.2467
271.2275,201.7602,217.1381,121.5508
284.0659,202.8019,217.8628,119.4673
277.7430,203.8234,219.9975,117.4243
274.6561,206.8534,220.9195,116.6163
277.2698,207.7559,220.9438,114.8112
276.4105,206.1307,222.6623,112.8406
278.2479,206.7289,224.1997,111.6443
277.7584,207.3132,225.1789,110.4756
274.5239,207.8387,226.4395,109.4247
273.9712,207.9556,227.5450,109.1908
276.4454,207.9531,227.8169,109.1959
286.0275,201.1870,224.3261,112.2791
284.1914,203.3655,222.7714,113.1491
281.8567,206.3018,222.2216,112.4957
281.9937,208.6870,221.9476,112.9252
290.1969,208.7117,221.1510,112.8758
290.5129,208.7469,220.5190,112.8054
301.0968,209.0057,220.0721,112.2877
311.2413,209.5215,220.4420,111.2562
316.3296,209.6221,220.5702,111.0549
317.5837,210.3591,223.2128,109.5810
317.1060,208.6495,224.1681,107.8363
332.6933,206.5621,223.8789,106.8635
333.1655,206.7700,222.9345,106.4477
333.4042,207.0461,222.4571,105.8956
338.4826,207.3171,222.4779,105.3534
341.2940,207.4400,221.9347,105.1077
344.7226,207.3132,220.1450,105.3612
345.7368,204.6959,218.1166,105.5500
351.2781,204.4740,217.0730,105.9939
351.6942,204.6482,216.2406,105.6456
354.1366,205.0421,216.3496,104.8577
361.2925,206.0404,216.9826,102.8612
366.6797,206.1685,216.1204,102.6049
364.6180,206.2584,215.3049,102.4251
365.6044,206.2117,213.3321,102.5186
366.9958,205.9398,210.5491,103.0622
370.0356,210.4323,209.3353,103.8086
373.7122,212.5093,206.8430,104.5156
384.8705,214.0588,203.8728,106.2533
393.0014,213.0608,202.0801,108.2492
399.9082,215.5069,202.7592,108.1880
415.9898,224.0452,204.4750,105.6308
425.3229,236.8815,205.0934,104.0640
436.9951,239.8742,205.7650,102.8817
446.0438,245.5935,206.8380,101.0283
455.9341,245.6803,206.1620,100.8548
482.3442,202.1339,200.9746,106.9719
471.5614,172.8817,198.5765,107.9635
451.7046,165.2454,195.3207,108.9129
507.6291,168.7201,192.5498,111.4486
534.7424,169.1830,190.5137,115.2673
547.2606,187.4719,189.3717,121.6993
544.8416,187.1194,189.3399,127.2739
554.0880,194.6066,190.6951,132.1477
552.8818,200.0989,193.1076,136.3526
548.8177,193.2059,196.0668,139.8005
547.0052,181.7695,199.6917,141.5906
543.7795,182.1022,200.7881,146.2803
540.4301,185.3456,202.0382,150.6910
540.3559,186.4282,202.1866,154.0660
545.2437,187.6712,203.6058,157.1773
543.3998,181.5885,207.2936,158.0031
541.4172,181.3743,211.2587,158.4315
536.7348,180.8569,214.8166,159.4663
537.6356,183.2646,218.8931,160.5290
538.1437,183.3042,223.8343,160.4499
539.4457,182.7046,227.2614,161.6490
537.2919,182.7068,231.5692,161.6445
538.4915,185.1984,235.3378,162.8292
539.3027,188.6575,239.9596,162.1553
540.5434,185.5763,243.7811,162.0149
539.1901,182.3684,246.4875,162.0727
535.5914,184.6488,247.2854,163.9116
532.4498,183.6405,247.1264,165.9281
532.8176,182.4378,246.3907,168.3335
533.8041,180.7092,244.4179,171.7907
533.8554,180.1490,244.3152,172.9111
534.0014,179.3149,244.0232,174.5793
534.1993,181.8580,243.6273,176.0625
533.9341,181.0393,244.1578,177.6999
533.6146,180.8020,244.7970,178.1746
532.7699,181.5302,246.4863,176.7182
532.5434,178.2551,246.9393,176.6264
532.5544,180.9633,246.9171,177.8573
532.4976,177.2860,247.0309,178.5448
532.8059,179.6002,246.4142,180.5965
532.9296,179.2803,246.1670,181.2364
533.1912,179.1016,245.6436,181.5937
530.5437,178.3892,244.2294,183.0186
531.1276,177.6976,243.0615,184.4018
531.2365,177.4279,242.8438,184.9412
528.6720,176.6403,241.2515,186.5164
528.7831,173.8591,241.0292,185.3561
