1
159.9363,59.7282,50.3386,172.5366
161.1612,60.7765,55.1122,171.2438
159.7749,58.8067,58.7195,172.0136
159.8157,56.8068,61.5912,173.0782
159.4478,55.6749,63.3174,173.6385
159.6093,54.2222,63.8438,173.2432
158.6579,55.1601,64.2138,172.3677
156.7451,50.1607,62.9874,174.5202
158.3291,49.3294,61.0349,176.1631
154.7208,43.7365,58.0402,179.6294
155.9324,45.0712,56.9567,180.0760
151.6508,42.0002,54.9191,180.3706
152.8986,45.8454,54.8754,179.3229
148.6196,43.0533,53.9334,178.3905
148.5208,48.9248,54.3352,175.8890
144.3817,45.8082,53.3205,174.9456
145.4577,48.1246,52.7070,174.6358
143.7447,47.5749,52.4684,172.9277
145.1102,48.8441,51.8311,171.8866
144.6754,48.6146,50.7934,170.9031
144.3518,49.2592,49.9419,169.9275
146.4216,53.8416,50.5028,167.0695
145.7075,56.2571,49.9964,164.6144
147.0840,57.4192,51.3131,161.8157
146.7318,59.6932,51.3916,159.9850
145.6682,58.2357,51.6033,160.1397
147.2311,57.4287,52.6160,160.4708
144.9906,61.0297,51.9219,158.7326
146.6418,59.7031,51.4555,158.2616
145.3391,61.2302,49.9381,156.7729
145.9702,62.9122,49.6376,154.7909
143.1893,63.7595,49.8292,154.3105
143.0152,62.3359,50.3458,154.9013
139.2626,65.2962,52.0614,153.0361
139.1647,64.2203,53.2181,153.2107
137.3808,67.4919,55.2286,151.4947
137.3078,65.0780,56.2094,151.6080
131.7033,68.2750,57.5736,150.1266
132.4171,65.9172,58.1622,150.4821
128.3222,72.1261,60.1677,146.6157
128.5769,71.5592,60.5149,145.4769
128.5795,72.0464,61.7705,144.4645
128.0527,72.1201,62.4875,144.0170
129.8381,69.4516,61.5470,145.2970
129.8694,68.5924,60.9150,145.8368
131.0896,69.8119,60.4013,146.1546
130.7625,69.0389,59.7865,146.3901
134.6394,67.7619,59.1436,147.5258
134.5070,67.7373,59.1094,147.4440
139.4522,71.1709,59.4217,147.3446
141.1458,68.7932,58.9318,147.7167
143.6081,69.1379,59.2464,148.1114
142.7964,70.3421,59.9585,147.2943
144.6897,71.6851,62.9247,145.5650
143.8496,72.8252,64.3872,144.8885
147.8389,73.1539,65.6020,145.0744
145.4689,73.5362,66.5565,145.8237
150.2412,72.0596,67.7842,147.7070
150.9872,69.0413,69.0385,149.7132
156.7824,70.1041,70.1588,150.8156
157.9697,68.7644,72.8923,151.4744
158.6480,67.6531,74.3516,153.0350
158.4106,65.2382,75.8519,154.4340
162.3880,69.8254,77.0530,153.8718
161.4898,67.2736,77.7497,154.8692
165.6339,71.5431,81.0012,154.7623
164.8537,70.1855,81.4531,156.1306
169.8698,70.1338,81.3019,159.4644
168.9788,68.1178,80.3241,161.1753
168.7425,70.5440,83.8349,160.5090
168.4387,70.9648,84.7154,161.1356
176.2160,70.1182,84.8748,162.0202
176.5523,69.8755,85.2297,162.1251
179.9847,69.6080,83.1061,163.8354
178.3125,66.9264,82.5238,165.0579
191.4482,66.1361,78.7920,168.0028
193.6603,69.3207,76.2557,167.8314
203.1302,61.7174,73.5302,170.3826
204.2723,60.0624,72.3990,172.7593
207.0585,55.1186,71.4631,175.1529
208.3895,54.5918,70.1931,176.4542
211.3926,48.8688,70.0951,178.9180
211.2474,48.3703,69.4778,181.2573
211.7472,38.8649,68.1758,185.3595
210.5907,42.3108,67.9214,187.2878
214.5894,38.6179,65.5715,189.4407
216.1895,40.8619,64.3019,188.6282
215.9394,40.9348,63.5746,186.8695
215.8311,42.8672,63.4115,185.3244
216.1447,49.7455,64.4079,180.2209
216.4225,47.5663,65.6164,179.1217
209.9179,55.7294,65.2308,174.4680
209.8031,56.7382,65.0237,172.3547
207.1768,64.5266,68.8303,167.7868
204.5967,64.6476,69.1314,165.1484
197.1696,69.9680,72.8809,160.3666
195.9229,71.0460,75.4957,157.5053
178.3042,80.0211,84.5952,151.3090
174.8777,80.8569,91.1236,147.4100
167.4897,90.6522,98.7795,140.1870
166.0512,88.0081,104.6418,137.8624
158.6399,95.6203,108.8951,131.6474
164.5358,96.1485,107.7785,129.1434
157.8551,99.1811,111.4237,124.8897
159.9124,102.9613,114.9630,120.7683
161.5629,103.2062,116.1823,119.8100
156.4146,101.7272,118.1468,118.6073
168.6881,97.7174,113.3249,119.8812
171.8634,97.1624,108.2578,121.5741
175.9097,93.1722,104.1083,123.6734
177.3900,89.7957,102.0443,125.9971
177.4653,89.7230,103.2846,126.0225
175.4857,92.0822,103.4948,125.4420
189.6371,89.3106,99.3194,126.7866
203.0901,86.4119,95.9103,130.5911
210.1412,84.3478,91.2876,134.2887
205.5725,82.0134,88.9329,135.6472
198.2009,81.1677,89.6513,134.4389
191.7988,84.5579,88.9150,132.1150
180.9836,79.3265,86.7075,133.3210
174.1610,77.0750,83.0927,134.6004
163.9688,66.4056,81.0766,136.8679
150.7987,52.7256,83.2648,136.9319
143.7897,37.7018,82.9255,137.0319
139.3845,31.4761,81.9234,136.7551
139.5840,24.0145,83.1847,134.5571
144.4479,23.0116,81.5645,136.8492
144.7757,31.2240,81.7430,136.8619
140.3397,24.2112,79.6872,136.3345
139.0941,26.7211,78.3154,136.2625
141.8625,20.2341,77.1374,138.3586
141.7750,16.1926,75.5070,137.6111
144.2393,20.4631,73.3111,139.7113
146.9300,25.6779,72.9159,136.9312
147.3403,29.5828,71.7131,135.3355
153.7125,28.2556,68.1984,139.3503
163.0663,25.9408,64.4139,143.4307
168.9521,29.7426,62.9650,143.9025
173.9500,41.4769,63.0654,144.6332
180.9518,57.9314,66.3769,140.7701
184.8300,71.4056,68.4086,138.3133
194.3294,74.8290,69.0175,138.7125
201.9520,76.2959,69.4868,139.2246
210.5734,75.3126,68.9125,139.8013
219.6529,73.6504,67.0840,139.2876
227.8025,74.8894,65.9890,138.8288
233.8448,77.0019,63.9696,138.6530
237.7123,72.7603,61.8724,139.8213
241.3709,72.3663,60.2600,140.4985
240.4286,74.8735,62.1671,138.1873
243.7739,77.5265,63.9397,135.8042
246.9576,77.0290,63.7399,135.3470
246.0727,77.0975,62.6175,135.2353
247.6506,76.7370,61.8937,136.3360
247.1407,77.0303,62.2656,136.9931
246.7098,76.4790,62.8778,138.3187
244.6196,76.0821,62.9522,139.4280
244.0862,76.9010,62.9765,140.1379
243.8140,75.9340,62.3135,140.7376
242.9418,75.0426,62.2510,141.0711
242.2213,74.5501,63.0465,142.6875
240.4576,74.6417,64.3606,143.1896
239.0830,75.1000,65.9978,143.7316
236.4156,73.6740,68.2399,145.1322
231.0969,69.6329,70.3825,146.6242
220.8710,65.2449,70.7670,147.9367
205.6793,62.8727,72.2856,146.5731
189.1979,63.5419,78.8905,145.2056
180.7731,65.4248,83.3431,144.7302
173.9696,66.1043,83.3460,145.6232
173.0109,64.9074,79.5943,149.0603
173.7223,61.9715,77.1959,153.4527
168.1995,63.9481,76.1281,155.4823
167.7020,65.4201,74.0950,157.1160
165.1108,67.5825,73.3560,156.5672
162.8038,70.8526,74.2271,155.6059
163.0518,72.4892,77.1246,154.3358
161.9536,74.5982,78.2772,153.4701
161.2301,76.4625,78.7302,153.1463
158.8332,77.3908,81.0939,151.1096
159.4246,83.2077,82.7863,147.6870
156.6363,86.9081,84.2180,144.2082
153.4023,86.5474,85.4173,142.8089
149.7142,91.7244,86.6805,140.5832
147.2313,91.0614,87.9109,139.3983
143.7537,95.7191,88.5287,137.6194
137.9906,100.9491,90.5387,134.6725
136.2742,105.6131,93.0504,131.3549
136.9983,106.3202,95.1627,129.3206
140.8780,105.1193,96.6941,128.7369
143.3959,109.1870,96.7631,126.6592
149.2809,107.8058,95.7260,125.6179
158.5045,105.6959,95.6335,125.3043
163.9706,103.5922,94.4228,125.3770
168.2500,97.7521,92.2944,127.5200
175.6341,90.2310,91.3406,131.9551
178.4887,88.6588,91.1749,134.9370
177.9991,86.5092,90.7122,136.7211
178.0421,87.2004,89.0840,138.0981
174.7341,87.2128,89.7379,139.3803
172.9182,87.5941,90.8902,139.8122
175.0613,88.5597,91.8405,139.8753
175.6236,89.9247,92.5631,139.5351
176.8523,89.5563,93.9963,139.2598
177.4286,91.7005,97.8396,137.1067
179.0633,86.7692,101.8373,138.7949
181.1184,81.5245,105.3174,142.4919
179.9280,86.4467,111.1752,141.1496
178.0656,91.2268,117.0932,138.3752
177.7109,91.8739,122.0741,136.3897
177.4813,91.9278,125.5959,134.1533
179.1606,91.6329,128.7634,132.8999
180.2898,85.7335,129.8964,136.2126
185.2201,79.8938,128.4736,141.1973
191.9897,71.5494,125.6822,147.7733
190.5920,69.7237,123.9171,150.4618
191.8298,64.4814,120.4124,154.8123
186.5386,65.1438,119.7908,156.0419
184.0131,59.9571,119.6047,158.9643
180.8047,58.5829,119.4646,160.8820
177.3083,56.8634,119.4984,162.4876
173.6458,56.4207,118.6959,164.1523
170.2038,57.2520,119.0210,164.0334
179.2759,55.5731,116.6899,164.2865
184.6791,57.4364,113.3305,165.8084
180.5638,59.8550,110.5926,165.0320
182.2722,57.1824,108.3674,165.3866
191.8919,57.8111,106.2130,164.6423
193.2235,59.3245,104.7621,164.3015
195.1140,57.9697,104.4629,163.3284
198.1002,63.6818,104.0016,161.2173
198.9847,63.5641,104.6694,159.1281
194.0820,67.4161,107.5637,156.0031
191.7407,68.2933,110.6233,153.5165
189.6032,70.1797,113.9650,150.9176
193.4740,70.5865,115.3820,149.1288
190.5023,72.5682,118.2705,146.0938
193.1942,75.4566,119.7586,143.5510
194.2549,79.3477,119.9257,143.5798
199.0369,81.9687,117.5887,144.8215
195.9181,81.0716,115.8442,144.5230
198.4606,83.7249,114.4078,145.0064
201.0596,81.5812,112.3955,145.3459
205.2741,80.9164,109.3632,145.4118
206.6736,81.9568,107.4006,145.0429
207.3857,82.5879,106.7469,145.2079
201.3390,83.7317,107.7510,144.6768
199.9537,84.0225,108.6326,144.1716
202.6414,82.8076,109.3528,144.4944
200.8949,82.1122,107.5880,145.0936
196.3064,80.9115,101.2700,147.2941
194.8432,78.2784,93.9752,149.3159
191.6172,75.6470,88.7154,151.1338
197.2942,75.9261,84.8325,152.8898
198.8229,73.0417,81.5149,154.7277
198.8524,73.2762,80.2824,156.9541
194.9317,71.9693,80.3610,158.1840
195.1611,69.9819,81.3860,159.4324
195.5835,65.1696,83.2152,161.8916
194.6188,66.1017,84.0248,161.8102
193.7809,66.9827,81.9568,162.8177
192.9719,64.5965,78.9213,163.9362
191.3201,60.9335,76.9804,165.2424
191.7990,61.7513,75.4927,166.1805
191.5053,60.7058,74.2318,167.1217
191.6850,59.0853,74.0532,167.3074
185.0362,60.6679,75.5990,166.9347
186.6594,60.7602,77.0378,165.9369
193.0763,60.0050,74.9336,167.1578
190.8163,59.3713,75.7785,167.8005
192.1669,59.5537,76.5647,168.1579
190.8248,62.9309,76.2107,167.6090
188.4856,64.4899,73.3231,167.2816
187.2124,65.1908,72.7892,166.2440
188.5511,68.4925,71.6363,163.9037
187.4112,69.4299,72.9522,162.4383
184.5944,74.2630,75.4344,159.5401
184.1773,74.3907,73.9981,156.9919
187.7462,77.0429,75.8353,155.4966
187.8349,79.8477,75.7395,153.1080
189.4908,81.5514,76.0182,150.2652
190.5945,84.3956,74.5006,147.7916
193.8302,85.5535,72.5539,146.5285
195.6091,84.4540,72.3630,146.4473
192.9893,85.2262,73.7124,146.0577
192.5453,82.8797,76.5636,147.1908
194.2457,83.5176,78.5106,147.2567
197.6591,80.0492,80.3377,148.0866
196.9795,79.2259,83.9951,148.9776
192.2010,77.6251,83.3708,149.0197
194.8931,75.4206,81.8065,151.3154
198.3129,75.6242,82.1935,152.4096
201.2542,75.2397,84.3056,153.0001
201.2303,72.9795,84.6241,153.4669
200.5347,71.7667,85.3866,154.2427
202.4550,70.9031,86.9526,155.5272
204.4780,69.2986,87.5971,156.9380
203.9783,69.0817,86.7752,158.2718
204.1184,68.0878,86.3150,159.4343
204.2925,65.2024,84.9595,161.7376
204.6015,62.6996,84.6185,164.8620
202.5416,64.4172,84.7283,164.6430
205.7420,66.5488,81.8427,163.5150
210.0289,61.2786,78.6139,164.3445
212.9998,60.4101,75.8689,166.5664
208.8156,56.4901,72.7101,168.5134
208.5072,59.8948,71.4895,167.4544
208.3084,60.7956,71.0232,167.8822
209.0277,60.0381,70.0894,168.2720
212.3219,61.0827,68.3229,168.3179
213.3439,57.2485,66.9778,169.9575
216.9592,57.4899,65.1381,171.0642
216.9704,57.4444,63.7800,171.0298
216.0784,57.5334,64.5084,171.1497
218.0797,55.2419,62.5913,172.4664
218.8069,56.7779,61.1211,172.8526
221.4969,52.8864,59.9097,173.9675
216.4731,55.3604,60.9481,172.3229
213.7510,53.7786,62.2225,173.6632
215.3914,60.9236,63.3401,170.3359
212.4400,60.2528,64.6555,168.9262
211.5346,62.7886,66.0021,166.3095
207.6898,64.8848,67.5813,165.2734
207.6546,67.4942,66.5060,163.5834
201.1717,65.6105,68.1547,163.8406
202.5788,66.8741,68.5074,164.2558
204.4121,67.4085,68.4757,164.7508
204.2427,68.5231,69.0050,164.6882
203.5014,67.3328,71.6640,164.2658
201.1152,70.2421,74.9321,163.2045
198.5820,69.9561,77.2203,162.4764
196.5243,68.2612,77.1304,162.8087
194.9398,69.6583,76.6703,162.4458
195.1116,72.0112,77.0075,162.1443
192.6266,74.2861,78.9134,161.1691
194.2726,77.8362,82.7245,159.4620
193.4180,78.1421,84.9761,158.5369
194.8330,79.1045,86.9370,157.9448
197.0667,73.3299,87.3222,160.3850
199.4764,78.0429,88.0908,159.6709
203.4100,81.1428,89.8313,157.3890
205.7417,87.8807,91.0236,153.8106
209.5969,91.2333,92.3387,150.8138
212.8743,95.0526,93.3596,147.3258
217.7639,97.2468,93.8947,145.0260
221.4692,99.0429,94.7414,142.3875
225.6579,96.3594,95.0760,142.6486
226.3915,102.0028,94.9439,140.3119
228.6226,103.4082,94.1243,138.9772
230.3545,102.8121,89.7717,139.5805
233.5854,103.5160,85.9108,139.1797
235.2921,105.3789,82.1230,139.5449
239.1644,107.8976,79.1090,138.9128
243.4628,111.1574,77.0329,137.7559
247.9146,108.6607,74.9105,138.3558
251.0206,109.5693,73.2277,139.2359
255.3604,102.0845,71.2599,143.3012
261.5946,103.3260,69.1637,144.4094
261.3518,107.3235,66.6342,143.5341
263.6200,110.5330,64.3816,142.1864
262.6797,109.2633,62.6949,141.2237
258.2892,106.4969,61.7222,140.6656
259.8624,102.3790,59.9517,141.8081
256.8206,97.7112,59.7050,144.8208
255.4873,89.5288,58.9179,149.0653
251.8201,81.7684,57.6334,155.0625
246.2781,67.9407,56.9926,163.7357
244.3916,46.0291,56.0932,177.2747
238.0089,44.6900,58.1725,185.2999
229.7655,43.8087,62.3903,189.0925
224.7439,44.2228,65.1280,192.8217
216.1100,43.5079,68.6036,195.5079
213.0693,42.0400,71.1738,196.5679
208.4701,41.5950,74.5894,194.9014
199.9648,41.1146,79.6720,192.7497
192.2634,43.1209,84.6411,191.8374
181.0027,43.0723,88.3764,191.0511
174.3848,42.4622,90.6694,191.3671
170.0564,40.5112,93.9558,190.3884
159.0807,37.8017,100.5846,188.4105
157.0446,38.5617,107.1922,183.1222
159.9571,46.0425,103.7716,186.5722
151.4370,45.6019,103.0835,187.3930
149.3301,48.2259,103.0855,188.2451
132.5361,48.9209,110.7834,186.4530
126.4785,50.1432,117.9512,182.4680
117.7770,53.9253,120.5878,179.3844
110.8628,58.8436,120.4608,177.8782
116.6284,66.3660,124.2003,172.6635
113.3559,58.3464,120.2411,175.9078
112.7071,63.0653,116.5528,174.9667
114.0621,57.8736,111.5318,176.1719
119.6508,56.0707,107.3355,178.3164
118.4824,55.9632,105.9931,178.7622
128.2020,56.3377,109.5546,177.2633
139.5605,58.9424,110.9500,176.5757
145.2607,59.2784,107.5658,176.4752
131.9412,54.5639,108.4224,177.7580
133.8475,56.8251,104.9893,178.3870
135.9919,53.5724,100.4004,180.0551
129.0090,54.2991,98.1575,180.5322
128.2991,54.3943,96.6824,180.6089
125.0202,53.6063,97.8642,178.9162
120.8556,55.5840,99.9287,177.4475
118.9195,55.1666,101.8531,175.7135
117.7082,49.9526,103.9801,174.4398
120.7226,57.0397,102.7757,176.7516
122.7938,49.4826,100.7169,179.7752
130.3783,46.3747,97.7169,184.5386
132.1694,41.2878,95.8055,188.9808
134.2145,40.7630,94.6090,193.1001
138.6373,36.2131,96.9919,194.8204
141.8630,36.7420,96.6232,194.9583
144.7728,35.3109,92.9796,196.7207
146.7764,40.1530,88.0770,198.1252
147.9622,43.9791,84.0118,196.3235
150.3537,53.4044,80.9990,191.2830
150.5551,61.6252,79.3976,184.3468
153.2833,71.4265,79.1447,176.0273
152.0148,78.2821,78.6775,168.8596
153.2749,82.1827,80.2310,162.8167
150.5393,87.2032,81.6807,157.2118
151.2593,94.7301,81.8676,152.8260
149.6433,98.0430,85.1432,148.5423
149.8600,99.7129,88.4988,145.7805
145.6102,98.4512,91.9085,145.0114
141.8541,100.3238,97.1342,143.4956
137.8570,99.3873,100.7927,142.4433
135.7319,101.4891,104.0657,140.8763
130.1721,100.6225,106.0255,141.2958
128.3157,103.7783,106.7923,140.5640
131.4916,100.8242,105.4479,141.9422
131.8894,101.6132,102.3718,142.3109
138.1106,99.8079,97.5299,143.4822
143.9986,99.6886,91.6204,143.3503
149.4144,93.2751,84.4327,145.8079
157.4195,89.4594,78.0935,147.6643
163.7439,87.5726,72.3613,148.8420
171.5596,83.3493,66.8956,153.0047
176.8532,88.4243,63.9282,151.5855
183.5110,86.0764,62.2450,150.9099
186.8120,88.4034,62.4116,148.0854
187.3811,91.4107,62.5653,145.0713
187.1670,91.2151,63.9314,143.3277
186.3509,91.3323,67.2335,142.7222
185.6398,93.2927,72.8672,140.4102
183.4069,96.2108,78.4737,137.5639
184.6039,96.0273,80.5774,136.2224
186.6019,93.8115,79.4126,136.0958
189.3970,95.7226,78.8315,134.2254
192.7234,93.7385,73.4591,134.8769
197.8950,89.7268,67.7529,136.3599
206.3782,87.4902,62.9534,138.6760
211.1092,89.0152,61.0015,138.6549
215.9707,89.2186,57.7174,137.7772
219.9597,88.8843,55.4806,137.3941
226.6237,90.5392,55.4467,137.2375
230.9492,88.4654,57.5181,136.8963
235.3394,87.5545,61.7292,137.2960
233.3313,83.8022,62.2931,138.9285
232.8918,83.3313,64.1303,140.5022
237.7912,80.5741,64.1972,142.9477
235.8727,77.4291,63.3736,145.0370
233.0321,75.3021,63.0095,146.7566
231.6181,73.9369,61.7408,147.1229
230.5006,72.3762,59.5656,147.7195
227.9941,73.2653,57.6103,147.1618
223.7553,74.7740,55.6258,144.7277
218.7824,75.8829,54.3705,143.0171
213.4369,78.7272,53.5319,141.0354
209.2969,83.2110,53.6653,137.3416
203.1003,87.0543,53.5062,133.6269
199.4090,89.4408,52.9417,129.4588
198.8995,90.3050,53.3790,126.6468
197.2777,92.8584,52.6450,124.2250
196.8785,96.2802,53.0577,121.0380
195.5787,98.5852,55.6745,117.3663
191.3229,100.8100,56.4268,114.7358
189.9537,101.3167,57.2700,113.5738
188.2401,101.3985,59.2176,112.4226
190.7321,102.1001,61.6674,111.7696
188.7439,101.8331,62.3775,110.3144
191.9464,101.0704,65.0640,109.8626
192.2444,101.5946,67.8046,108.6372
188.1486,98.9798,67.2114,109.9223
181.1784,99.5253,64.2491,110.4559
169.9808,101.7510,64.3611,110.1202
174.0224,99.7712,63.3937,109.9553
175.7648,102.5108,62.2859,109.1196
180.5877,104.8653,60.7517,107.9570
182.6175,105.6784,59.7569,106.6586
184.0240,106.9074,59.2112,106.3499
182.5008,108.0394,58.3953,106.9998
183.2076,106.8057,57.6978,107.3816
183.7541,106.2744,56.8071,108.8355
181.6027,106.0969,57.2150,109.9931
177.7497,104.2696,58.6631,110.6113
172.0628,107.4467,61.6759,109.8167
176.2908,109.2542,62.8093,109.0841
184.0077,109.6454,62.0927,108.5108
185.9708,110.7785,61.6961,106.9546
190.3935,116.2397,61.3463,104.0116
192.9845,120.8919,62.9306,101.0582
198.8553,122.2051,64.4432,99.3756
200.4034,119.3100,65.2726,99.9435
204.0668,122.2524,66.9834,98.5189
200.4622,120.6349,70.1929,98.3056
198.6520,118.3986,72.4514,99.2563
197.4520,117.1424,74.8533,100.1278
197.1429,115.6068,75.1588,101.7092
197.5510,113.8849,74.7267,103.2470
190.8223,110.4332,75.0841,105.4094
185.8176,106.8633,73.7082,107.9978
180.1680,103.2157,73.0714,111.3188
175.8728,101.9670,73.8656,112.7612
175.0624,97.1733,72.0283,115.5990
178.3911,93.0097,69.6040,118.1833
176.4695,88.2333,67.3888,120.7350
178.3205,86.3956,64.2617,123.2881
181.6382,80.5788,60.2015,127.9459
186.2007,72.9149,55.8635,133.0902
182.3023,72.9021,54.8470,135.5376
188.2138,69.7200,53.1442,136.9489
191.8786,67.6261,52.7759,139.5607
191.8106,70.3363,53.6380,139.6759
194.5254,71.6598,53.5001,139.1174
195.2141,74.1135,55.6730,137.3440
196.3432,69.7826,57.1715,138.3620
197.5483,68.9441,60.1072,138.6416
197.9814,70.3107,64.5785,137.5733
201.6529,66.0428,70.1484,138.7110
203.0985,67.4465,76.6361,137.7360
202.5414,75.2563,82.9290,131.4797
207.6690,76.9333,85.1572,127.8880
209.2561,78.5479,88.2259,124.5236
214.6948,78.3989,92.4668,122.2789
219.6022,75.7238,95.3172,122.3922
223.3998,70.1556,96.8277,125.3325
228.0303,63.7856,97.3078,129.0661
232.4222,64.1507,96.6831,130.4802
241.0300,64.5850,96.1546,132.1433
244.9413,65.6852,95.9658,132.9990
248.0807,63.9963,93.5945,135.3617
249.3825,61.7839,90.7811,138.2295
253.8249,61.6833,87.0188,139.2812
256.2610,60.6554,83.4243,139.7554
255.8233,57.0730,80.6210,139.6671
258.8690,58.0070,77.8627,138.6974
257.8819,58.7064,77.1917,137.7135
260.1270,60.8046,76.8858,136.8825
265.5469,61.4727,75.1943,137.2452
274.6414,63.8199,74.8273,136.8276
275.7561,60.6073,74.4602,138.4643
277.3032,54.7862,73.5260,142.0679
277.8464,58.3334,73.4302,143.0853
276.6946,61.3213,74.0101,142.6435
276.0304,57.4535,73.2855,145.0989
270.2025,50.7214,71.6885,149.3139
269.0646,48.3110,68.4065,153.5866
266.1533,45.3277,65.5901,158.0196
264.6526,44.6853,64.2434,162.6253
262.4232,47.1813,63.0701,165.5253
261.0005,45.5134,63.4007,168.1017
259.3460,50.3257,64.6989,168.9581
257.3701,55.4268,67.6902,167.7914
255.4740,57.6831,70.2783,167.1347
252.8415,65.3517,75.7399,165.5350
246.0910,71.9018,83.7052,163.6457
236.0108,69.0965,91.6850,163.4266
225.9989,67.2525,100.4212,163.5304
216.5090,63.3365,108.6935,161.9214
209.6736,63.2894,117.1259,161.4129
200.1149,61.2591,124.2601,161.6722
189.9191,49.1329,127.7109,162.4579
183.0038,47.3507,124.5248,168.0626
181.7317,54.0688,119.6830,173.6350
172.4812,32.6021,114.1978,178.2736
159.7981,25.2594,108.2624,180.6988
156.2357,27.7203,102.0150,190.8278
148.2171,21.2084,100.9449,195.5200
135.9053,15.5510,99.9578,196.8113
124.6393,11.6304,98.6735,201.1603
112.6693,13.5725,96.1117,207.1513
103.4179,19.4867,93.5910,213.8795
94.7774,23.1803,91.6958,226.0468
88.4545,26.0519,91.0404,233.5070
79.6112,25.0497,92.8048,238.5012
71.3295,26.3538,97.2308,238.5669
66.0522,32.2273,99.6614,237.9570
61.3493,34.0854,102.9734,236.9460
57.1708,41.7011,105.0447,233.2429
53.1913,49.4991,105.4615,228.7333
51.2634,55.5084,107.5450,221.8926
49.5104,63.4974,108.5944,214.0343
46.5209,65.1019,111.0277,208.4703
41.5313,72.2703,116.7236,202.1894
35.8379,81.1441,123.2234,194.9116
33.4753,84.3911,127.7501,188.1941
35.4513,87.5447,129.8068,184.2135
42.3435,89.4737,129.4381,180.5430
44.5140,88.7633,128.9730,179.2864
54.8779,86.3500,124.7626,176.5667
56.1476,87.2915,121.9787,172.5910
56.8051,91.4560,123.4579,166.2421
56.7661,93.8578,122.6613,161.6952
55.7939,97.3109,124.7223,156.3326
54.8419,100.0891,125.4692,152.1258
55.7239,92.9495,123.3130,148.1566
55.7757,96.3175,121.2045,144.1578
66.0847,88.7850,117.2064,141.6549
71.5125,87.1870,112.3491,141.4580
85.8480,78.7521,105.9986,141.6398
87.4973,84.0892,100.9009,139.7015
95.7932,79.9628,95.9881,138.7080
98.0606,82.2823,91.5306,137.5345
94.4050,84.2223,90.7590,132.9247
94.3980,84.7948,89.0058,130.0541
92.2080,88.0791,90.7030,126.8348
91.4744,87.6750,91.8011,125.5241
91.1491,87.5657,94.3087,123.7680
89.7022,88.6807,96.1102,122.6570
90.2229,86.7446,97.9554,121.1852
89.8598,87.6717,98.9293,120.4516
93.9777,86.4296,99.7126,119.8708
95.6376,85.5510,100.3908,120.0577
102.9273,88.7666,96.1841,118.5946
102.5984,88.7785,93.0260,117.4830
107.8823,89.6213,88.2053,115.7380
107.8317,91.7548,85.3325,113.9384
114.1989,91.6375,82.7573,112.4929
113.1890,93.7637,80.4467,110.5091
116.2230,91.8091,80.1510,110.3455
113.3238,98.2530,79.0136,107.6427
121.4732,89.4492,77.9072,109.5217
122.4102,92.2449,76.8267,109.4626
132.1597,86.6499,72.5676,111.3995
135.6978,85.7703,69.5917,112.9165
141.0365,80.6862,67.2551,115.1242
142.6117,81.3387,66.5240,116.4756
142.2492,80.4791,66.9837,116.7053
141.6231,80.3477,67.3600,116.7505
140.8809,82.5365,68.9546,116.0066
140.2221,84.4793,70.3733,114.7038
146.2192,89.4609,73.0096,112.2201
143.9386,90.6179,75.6574,110.1845
148.1485,92.7066,76.9939,109.1041
148.0556,90.4516,78.0326,109.2057
146.6994,92.3785,81.1247,109.0511
145.8309,92.1588,83.5389,109.2989
143.8313,90.2509,87.8510,110.8522
141.0712,90.3576,91.5531,111.6844
140.6824,89.1877,97.6040,112.2042
138.7365,91.9166,102.0518,112.1424
139.6866,87.7900,104.3397,113.2792
138.9578,87.6386,106.0673,113.8575
143.2821,81.0374,105.8017,116.4156
143.1931,79.1478,105.5581,118.8825
145.4728,79.0787,103.0335,121.8187
145.0332,78.4628,101.0109,123.9446
152.9197,73.6784,93.8264,128.2092
