1
128.4265,473.9513,24.8215,59.2705
137.1177,509.1291,25.5859,60.2061
148.9200,551.4456,28.4467,58.9390
154.0030,579.0251,30.4761,57.9818
152.5781,585.5635,31.9498,57.2900
150.8196,587.8604,31.2934,58.2606
152.2313,591.1068,31.2585,58.7389
155.6942,588.7803,32.7367,57.7891
155.6602,588.7213,34.2166,56.4952
156.3950,589.2533,35.5825,55.4314
157.4637,590.2774,36.2944,54.8079
157.1136,590.5262,36.9947,54.3103
158.8746,590.2795,37.7668,53.3721
158.4941,592.1839,38.5278,52.4234
158.1493,593.1658,39.2175,51.8878
158.6964,600.2449,39.5546,52.0421
158.3486,601.3533,38.8109,52.7036
158.1851,603.2180,37.7011,53.2851
158.6283,613.0546,35.3869,55.0258
155.3467,632.6652,33.4578,56.8512
156.1892,637.6885,31.7729,58.0864
164.4656,658.4048,32.0182,58.6493
175.5847,676.0225,32.3777,58.7228
191.5026,705.5945,34.6118,57.7814
212.4732,729.1982,37.4199,56.7670
234.4253,753.0430,40.7290,54.8152
266.8340,777.2702,43.4358,52.8776
306.9901,799.9238,44.9295,51.5032
319.1274,811.3106,44.9388,51.4957
366.5018,822.9867,45.8099,50.9101
393.6183,841.1799,47.9139,49.5440
404.4286,848.3934,47.7794,50.4642
409.5981,849.9218,49.8163,48.9544
408.4411,848.4970,52.1304,47.1377
413.1157,850.4875,55.2833,44.7194
417.6629,851.7285,58.7701,42.2375
444.1023,851.1468,61.3780,40.2303
480.5476,856.8455,64.8767,38.3814
518.1245,847.2383,63.9061,38.2438
557.7444,828.0351,64.4621,38.3481
570.8456,805.3580,60.7429,41.9477
573.1180,786.3126,56.1980,46.2204
574.9736,767.9063,52.4870,49.2025
571.2666,754.4771,48.6926,52.0430
565.0658,744.1338,46.8186,53.6955
559.9915,744.0081,44.3116,53.9470
560.8131,744.7713,42.6683,53.9659
558.8254,745.3058,40.5667,54.4162
559.6029,745.1546,39.0118,54.7185
560.2383,744.3931,39.2118,54.7706
563.4908,742.8535,40.0818,54.9000
563.4720,742.0861,40.1194,54.9436
562.9001,741.1088,39.7706,55.4056
563.2990,745.1776,40.4666,54.7370
564.5587,744.3980,40.9375,54.8010
564.6992,745.0363,40.6563,55.0282
562.0395,739.3386,39.9653,55.9056
562.0615,734.9837,38.4168,57.0926
562.4828,732.5903,37.5743,57.3887
561.0637,732.7385,37.4379,57.0924
560.3096,732.1580,37.4655,56.7727
556.3376,727.0770,36.5518,56.6009
556.5512,726.6614,37.5831,55.9737
555.9820,726.9413,38.7215,55.4138
555.2587,727.6439,40.1682,54.0087
554.5300,728.2556,41.6255,52.7853
554.4673,728.9773,43.2349,51.3419
552.4411,730.9883,44.3114,50.2959
551.4845,731.4529,46.2246,49.3668
550.4335,730.3154,45.3162,50.1366
550.4061,730.5453,45.3710,49.6766
551.9367,731.0524,46.7991,50.1589
551.6915,730.7571,47.2895,50.7494
551.0212,731.5901,47.0865,50.6273
549.5275,732.6742,46.9968,49.9976
546.9707,731.1500,47.5285,49.9914
545.9302,725.2738,46.5382,50.9944
544.4260,722.9080,44.9399,52.6549
538.2194,716.9607,45.0674,53.7995
536.8525,710.4258,44.6903,54.4257
536.0400,698.0870,43.1974,55.7183
531.1617,677.7421,40.5172,57.5431
533.1628,649.3582,39.5918,58.9275
542.0674,632.3303,38.7664,59.0153
550.7802,620.4119,41.2516,56.8151
579.9232,596.8263,44.5450,54.7227
601.8386,581.7364,47.5507,52.1170
613.5206,587.4041,50.8624,48.6274
629.5181,600.7316,54.9009,45.4723
664.2817,629.7776,56.4258,45.8008
698.1595,666.5490,56.1932,46.2121
708.2097,682.8092,55.4220,45.9069
712.4811,688.2142,54.8490,46.2547
714.0058,693.2625,53.3904,47.2933
715.1289,701.4746,51.1442,49.8873
715.4565,703.3577,50.4889,50.8941
715.6459,704.4413,50.1102,51.9202
714.8245,707.0895,48.5395,53.0506
715.6241,708.9963,46.9404,54.0352
710.9685,714.2899,45.1272,56.1617
705.5698,720.0786,43.1829,57.3261
694.3141,735.8303,42.0107,57.4006
682.9871,748.9826,41.2521,57.6302
663.6556,766.3585,42.6708,57.0192
641.5165,784.6245,44.6709,54.9360
627.8169,792.9484,47.0057,52.3868
622.3848,794.6390,48.4818,50.5703
620.6605,794.7273,50.3709,48.8339
611.8707,795.8989,50.7657,48.0528
607.1530,799.1085,50.8648,47.8579
593.8247,807.2406,52.6494,47.1388
579.3777,818.7995,51.6968,47.5840
559.9702,826.5026,54.5595,44.6831
528.5838,834.6630,58.0167,42.4107
497.2566,847.2941,60.7544,40.7997
490.7596,850.1329,59.4246,41.4883
485.3432,857.8666,57.5943,43.4328
478.2891,860.4258,55.8319,44.6625
478.7955,859.2202,54.8189,45.4936
478.2833,858.1786,54.2655,45.9988
475.9186,853.6981,57.4172,43.9163
470.6268,851.6121,60.0395,41.7194
454.5461,850.1232,61.8769,39.9092
437.5944,847.2173,63.9089,37.7532
420.4452,843.2265,64.8661,36.2087
403.4169,837.4478,65.8341,35.1610
377.8781,828.3853,65.0347,35.9935
353.3154,808.2730,63.7769,38.4307
343.6447,786.4818,60.7582,42.0844
337.6718,777.5660,58.1881,45.4001
331.6785,777.1499,58.7773,46.2323
317.8970,777.6545,59.9284,45.2232
303.9816,777.5469,62.9811,43.7866
304.7193,776.0905,63.1803,43.3501
312.5819,767.1732,59.1475,46.1514
323.0595,757.9055,54.7431,49.7910
333.4564,744.8928,50.4069,52.7761
353.1786,732.6385,49.9583,52.9122
380.4480,720.6189,50.4940,52.6539
404.2703,704.2193,53.2023,49.7188
411.8991,705.0248,55.7710,46.4872
429.9998,705.6273,58.1785,43.6735
448.1410,706.5920,61.8935,40.1442
460.1576,702.6794,63.4242,38.3830
464.3837,683.4510,59.7453,41.8356
466.6639,654.3547,55.1848,45.8503
462.9500,617.1703,51.4867,50.2852
452.0342,572.6486,49.2781,54.3867
434.4679,529.3777,48.5063,56.0633
403.5023,484.5860,49.5470,56.7796
364.9776,461.6662,51.2906,55.7622
339.4426,458.5960,55.1664,51.7895
312.7161,459.8386,58.0955,49.3043
300.2046,450.6527,57.7697,50.7770
296.9991,442.0511,55.6382,52.6035
292.3560,414.4784,52.9934,54.9117
277.2239,377.4568,49.2730,57.5876
267.3081,331.5833,45.5627,60.2112
253.6435,277.6596,42.9806,63.3696
247.0881,259.2416,42.7548,61.8624
247.6302,255.4483,43.3111,61.2458
257.8269,249.1412,40.9631,62.3766
271.1840,238.8674,40.1473,61.8818
287.6715,221.3317,42.3197,60.2081
313.0957,211.9162,44.5504,58.1291
321.0342,206.6346,46.4214,55.7846
334.2950,204.7329,47.2333,54.7645
334.5005,201.2766,46.8224,55.2564
323.5135,205.1028,44.7040,57.2411
312.5303,220.7301,42.6343,59.6367
297.0199,237.3042,46.3703,56.9834
276.0847,254.1704,50.8548,52.5094
255.9506,276.3641,55.3130,48.8153
228.1037,303.1172,58.5582,46.1187
202.3782,316.6280,58.9975,43.7802
195.9894,322.3120,58.8623,42.0967
196.3504,322.7384,58.1402,41.2440
200.8344,322.8249,56.9693,41.0710
209.0720,321.7776,54.3440,43.1656
217.1904,325.6257,50.3715,46.2008
230.5934,328.7794,46.3726,49.0163
238.2959,343.1855,42.9839,51.7469
245.0535,363.6387,39.9005,54.0571
251.9969,402.0705,37.8172,56.8674
252.3043,447.4444,35.7188,59.5821
240.5654,483.6040,36.8618,58.7345
216.3849,506.6085,40.3557,56.0971
188.4609,515.4748,44.7318,51.9893
157.9586,515.0241,49.4189,48.3243
139.6967,505.5813,52.0794,45.6606
145.2178,511.9139,53.3443,43.7640
142.8140,512.8368,55.0970,41.9184
140.8574,513.5640,55.9618,40.4640
143.3397,513.1942,55.5380,39.6899
143.1989,511.8963,55.8196,39.2968
142.7778,512.3412,56.6617,38.4070
141.7396,513.1354,57.2479,36.8186
145.9694,513.5333,56.1513,36.0229
143.5802,513.1681,56.6010,35.3104
140.8478,513.6361,57.7529,34.3743
139.6975,514.0734,58.6143,33.4997
139.6589,513.5952,58.6916,33.0191
135.1411,512.9564,60.5770,32.8665
137.1166,511.8539,60.9918,33.6164
136.2917,513.1069,62.6415,32.5846
134.9464,513.9962,63.8513,32.2867
135.7717,516.8712,63.6943,32.5106
125.9836,521.3306,65.3304,32.5619
126.1451,521.3014,66.5273,32.6202
124.7184,522.0435,67.8422,32.6744
123.9777,522.6370,67.7650,33.0460
124.8029,522.4406,67.6786,33.4387
127.0398,523.9034,67.9130,33.6519
131.2417,512.9368,67.3918,35.0902
149.6594,516.6989,62.4309,38.7222
157.6395,516.8626,57.5445,41.5586
157.5736,517.0441,53.0096,44.3067
158.8192,517.1428,48.9873,47.1716
159.0991,515.7867,45.3991,49.8836
159.4240,514.8544,41.7492,51.7483
157.8297,514.1922,39.0565,53.0727
156.6914,514.2919,36.9933,54.3198
157.6314,514.4530,35.1131,55.4292
162.8613,514.0056,33.1544,56.3240
166.9442,517.2118,34.7696,55.5006
168.3159,520.2661,36.2627,55.0408
171.7831,521.8591,37.9095,54.7151
173.3196,521.7605,40.6472,53.4597
177.4818,522.9968,42.6728,52.4656
183.2242,534.2504,41.6617,53.8985
185.1149,545.4835,39.3820,55.4612
190.5565,562.9006,38.9163,56.3442
191.8974,563.8641,39.2223,55.9110
192.7217,565.9465,39.0661,56.2234
190.9740,571.0792,38.0779,56.4197
180.8870,591.6205,36.0350,58.2898
174.8564,620.1966,37.7708,57.1897
165.5249,635.7505,37.0950,57.3216
165.8322,634.0103,36.4804,57.8454
166.3251,633.4764,35.4945,58.9132
166.4925,632.4805,35.1599,59.4298
166.2022,630.9869,35.7404,59.4623
165.8920,630.6377,36.3609,58.6731
158.2591,632.1846,39.7365,55.5793
154.3072,628.5268,43.1529,52.4240
149.0348,630.6207,46.1809,49.7395
148.4539,635.6615,47.3426,48.7197
150.1989,637.9206,46.8782,48.7399
150.5240,642.6241,46.2279,49.8729
151.9763,641.6703,44.8364,50.2673
153.0609,640.7465,44.1642,50.6180
153.2287,639.2786,43.8288,50.5700
155.9524,639.7719,42.8382,51.0693
157.1819,639.7048,41.8567,51.2034
157.1974,640.5421,41.8257,50.9925
157.3628,641.3096,41.4949,50.9174
158.3277,641.2782,41.0184,50.9802
158.2698,641.3217,41.1343,50.8933
158.2455,641.5020,41.1829,50.5327
158.5007,643.0637,40.6724,50.2941
159.5995,643.8701,39.9055,50.1119
159.6763,644.5598,39.7517,50.1478
160.9678,643.3964,38.5822,51.0613
166.2614,637.6531,36.4448,52.6898
170.9676,637.2645,34.0216,54.8647
174.9295,635.6235,34.4385,55.3666
178.9897,635.9144,36.1506,54.7848
183.8736,636.8083,37.7789,54.4214
183.1455,637.8804,40.6812,52.2773
184.6425,643.3280,44.9924,48.6874
182.7392,644.9747,48.7991,45.3939
183.3262,646.3914,52.0743,42.5607
179.3569,647.5311,55.5477,40.2812
177.3476,649.2708,58.0619,38.3063
177.4630,649.8436,59.3407,37.1606
177.8051,650.1130,60.1661,36.6218
198.3064,660.6451,58.4990,38.2511
205.1936,662.0814,56.8466,39.9243
216.3825,667.4627,55.7225,41.3066
222.4200,679.6342,54.3141,42.8681
231.1764,685.1890,53.6068,43.9806
255.4854,704.7173,55.6418,43.2975
302.8570,733.2661,58.8675,42.1822
336.3247,749.3550,60.1260,41.7224
341.0381,756.2422,60.2834,40.7268
350.7330,762.3302,58.3092,42.8000
355.7538,763.8997,57.7930,42.8363
363.2437,769.8408,57.0361,43.5966
369.9779,775.6776,57.7990,42.9917
374.2589,777.1912,58.7348,41.5474
375.7008,777.0356,62.1447,38.7118
372.6497,778.3372,65.0917,36.1086
372.2962,778.6233,67.3760,33.9591
374.7622,768.7609,64.0180,37.9440
382.0064,756.0449,60.6772,41.0808
384.4159,752.1319,57.4534,44.1216
385.5595,750.1026,55.1661,46.5840
387.5100,742.6636,54.4670,47.0536
405.1010,736.5325,54.4341,46.5343
424.1273,730.1400,57.6912,43.4309
442.3626,721.9489,57.7563,42.3395
464.4179,716.3957,60.7946,39.3013
484.9488,718.2906,63.6144,37.0786
526.6321,730.6311,66.7020,35.9760
567.8997,755.3776,65.7043,37.6437
581.1186,770.3507,65.0657,38.3342
594.0081,787.3349,65.1217,38.2742
584.3420,808.6733,60.2362,42.4181
579.2473,813.5197,55.9311,45.6094
562.2526,815.6097,54.7867,46.2202
542.9366,823.4971,56.8663,44.7484
528.9839,830.6407,57.6162,43.2403
512.4488,837.1289,59.0014,42.9379
488.2409,841.7032,61.0069,40.1908
454.6647,837.8413,63.1656,38.4033
410.0010,831.9772,65.1760,37.4308
364.5784,828.7690,66.3641,37.4433
327.0769,821.5641,66.9014,37.2836
313.9978,814.8793,65.4507,37.6608
302.7032,794.3748,62.2961,41.6630
292.6997,764.6569,57.8670,45.7104
281.5190,720.4108,54.1751,49.5296
259.6241,694.4918,52.2484,50.7526
256.9544,690.8349,51.0996,49.9564
