1
275.4472,69.6047,21.2579,62.9863
273.9456,69.1015,21.6264,62.0641
275.0926,70.2051,21.5276,62.1494
275.7369,68.8936,21.5458,62.3694
274.1442,69.3116,21.8824,61.6537
275.0652,69.3509,21.7119,61.1898
275.6658,68.7640,21.5535,61.5379
275.1390,68.1917,21.4042,62.3143
275.9468,68.0827,21.3379,62.2928
275.1893,68.8203,21.2145,62.9224
275.8752,69.5317,21.4253,63.4346
276.0198,69.9709,21.5414,63.7130
277.2108,67.4839,21.4645,63.8014
276.9203,66.9638,21.7541,63.4408
275.7447,67.5712,22.0518,63.1305
276.3413,68.1166,21.9955,63.3902
274.7116,68.0390,22.2888,62.5775
275.0750,67.8750,22.1765,61.7599
275.0051,67.3468,21.7694,62.1170
276.7703,68.2027,21.2514,62.7356
276.4536,67.8640,21.4817,63.5642
275.8289,68.1527,21.5957,64.0786
276.6225,66.8452,21.6283,63.7689
276.0836,66.5561,21.6933,64.5398
276.3717,64.9182,21.4925,64.4540
277.3224,64.8911,21.3882,64.4651
276.6078,65.7946,22.0666,63.9291
276.4875,66.3734,22.6064,63.3672
275.9966,65.6639,22.7503,62.8367
276.2375,65.9692,22.6380,62.6393
275.2862,63.8977,22.6609,62.4964
276.6949,63.8077,22.4569,63.4476
275.1653,64.0082,22.3981,63.6048
275.1671,64.6162,22.2748,63.9464
275.7976,65.6394,22.2012,64.0450
276.9967,65.8059,22.0169,64.9809
276.0957,63.7760,21.8951,66.0641
276.7951,62.7798,21.9423,65.3645
275.9959,63.8338,22.2493,64.7710
276.7825,64.3261,22.1707,64.7123
275.7246,64.5921,22.5104,63.8214
276.7198,65.0657,22.3162,63.5720
275.1231,63.4971,22.0530,64.6637
275.4801,64.3141,22.0913,64.5416
274.2379,63.8844,22.1279,63.6166
274.8260,65.2327,22.1358,63.5569
275.8064,67.2729,22.0345,63.1415
275.2437,67.6537,22.0679,63.2716
275.2359,66.0089,21.9495,62.8403
276.1037,66.3417,21.8586,62.8446
275.7338,66.5424,21.8320,62.6297
274.9827,65.9964,21.8044,62.2293
275.4611,65.8882,21.6675,62.4948
274.9323,65.0348,21.6185,62.7794
275.1679,64.1230,21.6154,62.8373
274.9918,63.2050,21.5238,63.4291
273.9737,62.7626,21.5175,63.5611
274.2007,63.9263,21.7955,63.3386
274.4640,65.5211,21.6901,63.1234
275.4648,65.6312,21.5975,63.7964
274.4755,64.9964,21.5988,64.0486
276.1118,64.3165,21.4562,64.1268
275.2439,64.2005,21.4685,64.0804
276.3250,64.9229,21.2382,64.0980
274.5442,64.8824,21.5377,63.8005
273.6162,64.9271,21.3103,63.3402
273.7166,63.9761,21.5012,62.5798
273.6408,65.7046,21.7430,61.8130
272.5014,65.9142,21.6063,62.0019
273.8352,68.7069,21.6989,61.7236
273.4131,68.3113,21.4675,62.3069
273.5092,68.8019,21.4904,62.4515
273.6348,67.9471,21.3688,63.0450
273.3644,66.4572,21.4404,63.1724
273.0087,65.3396,21.4962,62.4788
272.8114,66.8658,21.4822,62.1235
271.9358,66.5480,21.3355,62.9056
271.8561,65.8688,21.4329,62.7447
271.6586,65.3870,21.4282,62.5146
271.7227,64.0959,21.8830,61.6373
271.2439,66.6159,21.8849,60.8853
270.4453,66.0554,22.0695,61.2871
270.9397,66.8319,22.0642,61.6384
270.1866,65.3833,21.7935,62.4683
270.1198,64.2486,21.9374,62.5200
270.2320,64.0991,22.1651,61.8924
269.5511,65.5126,22.0508,62.2200
270.0478,67.1673,22.3956,61.9474
270.4388,66.4333,22.2848,62.3548
269.7244,64.6352,22.0610,62.5854
270.7579,64.7907,22.2212,63.4157
269.8603,63.1994,22.5634,63.7057
270.8846,66.0290,23.1707,62.8534
271.5506,71.5513,23.3941,62.6148
271.1183,73.6728,22.9534,63.0782
271.7894,73.4157,22.9494,62.4049
272.6390,73.2996,22.5839,61.7203
272.8500,75.2920,22.4470,62.0564
273.7525,75.5496,22.3510,62.1334
273.2391,75.4152,22.0885,61.9363
272.8025,74.8779,21.8723,62.1237
272.1530,76.8388,21.7983,62.2163
271.0718,75.2666,22.0755,61.5420
271.0388,76.3245,22.2757,61.4738
270.5043,78.1996,22.1509,62.2106
269.5874,76.5616,22.6963,61.8210
268.4189,74.6979,22.5335,62.9811
267.5350,72.2814,22.7177,63.7019
266.8124,70.7995,23.0190,64.7632
267.1606,71.2365,23.3760,64.8882
265.7530,70.1199,24.1337,65.2078
264.3941,71.3689,25.0072,64.8463
265.7873,71.4871,25.2232,64.4068
265.8754,72.5248,25.9764,63.3850
266.0261,73.0273,25.9909,63.2696
267.2963,71.5383,26.3930,63.3013
266.9597,75.4771,26.4921,64.1586
267.5620,72.7128,26.2066,64.6976
269.5243,69.9159,26.6872,65.3128
270.3062,68.8153,27.0438,66.2834
273.0820,67.1852,27.1716,67.3036
273.3462,69.2065,27.2791,67.1985
274.4857,70.6634,27.0841,67.6774
274.4940,71.1430,27.4089,67.0872
276.7650,68.8980,27.3266,66.7561
278.6046,68.7148,26.9678,67.3353
278.5551,69.3534,27.3137,66.7378
277.9959,71.8732,27.2977,67.1593
277.2116,73.4237,27.3554,67.7633
279.2400,70.2975,27.5974,68.3255
278.4289,68.9690,27.6734,68.3432
279.6047,68.4858,27.9917,68.8985
281.8157,66.4158,27.9697,69.8249
282.3518,72.2307,27.6252,70.7934
281.9965,70.1248,27.7493,71.1014
280.6324,68.7026,27.5363,70.8702
283.7086,64.7243,27.4177,70.9902
282.7850,64.4271,27.5533,70.4077
282.4272,69.0701,27.5054,70.2403
283.4369,67.3309,27.5944,69.9243
282.6897,67.2760,27.3275,69.6269
283.7198,66.6250,27.5954,68.7730
282.8079,65.8122,27.7025,67.7863
285.6847,63.8378,27.4363,68.4878
284.4890,69.1626,26.9950,68.5164
286.2080,66.7146,27.0074,67.8698
284.5569,69.4969,27.2151,66.4555
286.5169,66.4428,27.2045,65.3157
286.1192,70.3333,26.5903,64.3470
286.9867,67.9513,26.2618,63.9992
286.7468,68.1090,26.2756,63.0313
287.0931,71.6933,25.7773,62.9556
288.7138,67.6805,25.4842,62.9053
289.3504,66.3160,25.3437,62.5018
289.3737,66.2370,24.8989,62.6931
290.8417,65.9559,24.3752,63.4693
290.5010,65.6815,23.9281,64.0658
291.7709,64.4158,24.0340,62.9553
291.8771,63.5246,23.7775,62.3251
291.4980,62.1328,23.3867,62.4349
290.9989,61.2901,23.1355,62.8863
291.5287,61.5565,22.9143,63.7141
292.0080,61.3579,22.9144,64.1867
292.7295,60.4111,22.7747,64.7302
291.5038,59.1281,22.9394,65.2524
292.0494,58.5062,23.0478,65.7819
292.6037,57.9191,22.9956,67.1198
293.7084,57.8754,23.0070,67.9862
294.4919,55.7665,23.1153,68.3300
292.4340,55.9663,23.9919,67.4268
292.8715,58.2471,24.0275,66.6288
292.8405,57.9272,24.1804,66.4158
292.2139,57.9701,24.1856,66.1531
291.9013,58.1171,24.1449,66.2088
293.3964,61.9931,24.0412,66.7351
293.3394,61.4999,24.2790,66.9850
294.5138,59.0423,24.1684,67.3207
293.5499,58.5057,24.4332,67.4769
293.9914,58.7569,24.3005,68.5586
294.3145,60.2459,24.1623,69.1577
294.8230,59.5128,24.3136,69.0949
296.0009,59.8288,24.0049,68.9529
295.6232,60.6544,23.8222,68.6474
295.9348,59.6795,23.5431,68.3509
294.4930,57.2634,23.6265,68.2573
295.4303,59.0985,23.6993,67.7561
294.2457,58.8147,23.5931,68.4118
294.8343,55.9117,23.6139,69.8665
294.9131,54.9435,23.6391,69.9976
294.5287,55.2802,23.6965,70.0547
296.3287,57.9536,23.5535,70.7345
295.5792,57.2206,23.3998,71.2980
295.8509,61.1364,23.5153,71.1025
297.1031,58.4277,23.2671,71.0266
297.4546,57.9589,23.0793,70.2543
297.6924,56.9311,22.9633,69.6996
297.0013,57.9585,22.8466,69.7350
297.4294,57.4266,22.7453,69.9149
296.6139,57.4893,22.7545,70.2823
296.3380,56.1512,22.8772,70.7737
296.1512,53.4531,22.7329,71.0296
295.4738,53.0482,22.7259,71.0795
296.5093,58.8236,23.0095,70.8059
296.2662,56.1369,22.6051,71.7860
296.8057,60.3365,22.8246,71.7724
297.3237,59.1043,23.1510,71.4406
297.5653,59.1672,23.3497,70.4116
297.4988,58.6666,23.0043,70.4649
296.7000,56.0844,22.8138,70.9754
296.2201,56.4454,22.8527,70.8039
296.6895,57.0545,22.8744,70.9175
297.2800,58.6327,22.9374,71.2842
297.2339,57.2916,23.1005,70.7987
297.3699,58.9785,23.4341,70.3629
297.4196,59.1162,23.4516,70.3707
297.5016,59.5999,23.3644,71.0163
297.9241,62.1159,23.7615,70.5869
298.3873,61.4615,23.9551,70.2392
298.6235,57.2329,24.0838,69.7582
298.4873,58.1118,24.2377,68.5513
297.6794,57.0510,24.1411,68.7876
296.5403,56.4740,24.5375,69.2512
296.6347,55.5037,24.4024,69.8147
297.6385,54.6930,24.1225,70.6119
299.1139,58.1495,24.5079,70.0673
299.6766,59.5446,24.5489,69.7482
301.4522,59.4009,24.7145,70.1028
299.3102,61.3418,24.8295,70.3870
300.4459,62.7136,25.0787,70.6282
299.3044,57.9234,25.5957,71.1352
300.0289,60.4036,25.6800,71.1345
300.0812,54.5830,25.7080,71.4079
300.3088,57.6610,25.6885,71.2802
300.9311,58.4379,25.7039,71.7389
300.2631,55.2934,25.8620,72.0050
300.8011,60.5958,26.6684,71.2061
301.5988,58.8648,26.9008,71.2270
300.2946,57.7572,27.0455,71.1672
302.1328,61.9840,26.9667,70.4333
301.4099,65.4622,26.7614,71.3425
301.5749,64.5755,26.5578,71.0507
301.7365,65.0726,26.5004,70.8486
303.3355,61.3508,26.2577,70.5172
304.0612,57.0649,26.4294,69.6610
302.4840,58.1615,27.1400,69.2962
302.3507,57.4683,27.0923,69.7807
302.1478,61.8561,27.4366,69.6710
303.5537,57.0515,27.8456,71.0951
304.0836,60.2360,28.4271,71.8955
303.1847,61.7451,28.4463,72.3487
301.2730,63.9484,28.6138,72.9538
301.2675,63.8050,28.4504,73.6737
300.9671,66.8279,28.6871,73.7301
302.2098,65.1493,28.6537,73.4683
301.6509,61.5956,28.7549,73.1536
299.9341,59.4667,29.4115,72.2884
298.9368,56.4124,29.7587,72.8060
299.1643,57.8388,29.9669,72.6706
301.2511,55.9113,29.1446,75.1919
301.8522,56.9698,29.4277,75.3373
301.8131,59.4516,29.8061,75.4009
300.6219,59.1710,30.0473,74.4341
301.2413,60.4435,29.6870,74.6883
300.5519,64.9620,29.4636,75.3729
300.1927,63.8203,29.7534,74.7563
300.4674,64.6187,29.7262,73.6478
301.7053,66.2302,29.8401,72.7754
302.3005,59.3868,29.6623,73.5767
302.0157,60.9187,29.8283,73.8688
301.7135,55.6994,29.8927,74.6830
302.2516,55.2954,30.8119,74.3841
302.5815,54.8785,31.2658,75.1462
302.1138,57.3605,31.8669,74.3621
300.6286,62.5266,32.0639,73.1856
299.7212,55.1841,32.0652,74.7214
299.0445,60.4869,32.0107,75.7682
297.7651,61.6768,31.9180,75.9345
298.1616,61.9339,32.2483,74.9260
299.9357,57.9284,31.5097,75.6580
300.0188,56.6411,30.8120,76.7952
299.5371,59.8626,31.1154,76.3842
300.3759,56.9571,31.0403,76.9796
302.7793,53.4926,30.7117,78.5295
303.1631,53.8011,30.8281,80.4332
302.9315,60.2891,30.8380,80.7170
301.5486,54.7367,31.3173,81.8377
301.4744,59.8776,31.0639,83.9017
300.7188,63.7729,31.7220,84.3310
299.0417,65.1133,32.8822,82.7790
298.3769,63.6148,32.9853,83.3470
297.8181,52.2653,33.2250,83.9190
296.8704,54.5428,32.8350,84.7157
296.0845,50.7783,32.8486,84.4799
296.2164,48.8405,32.2750,85.7589
298.7479,54.9150,32.0791,88.0240
298.8302,52.7276,32.2350,88.9812
297.9381,51.5026,32.6644,89.4631
297.3615,49.8293,33.0718,89.3571
296.7000,51.3787,33.0976,89.7878
295.6719,52.0644,32.9317,91.7027
294.3387,51.4491,33.0088,92.3458
293.1082,59.8569,32.7008,93.2684
293.0984,54.7233,32.4910,92.2515
292.3085,57.5595,31.8696,92.0219
290.8386,53.7605,32.2462,90.4970
289.7933,60.7202,31.6916,90.5370
289.8846,59.1129,31.1276,92.0305
288.8515,56.3832,31.4911,90.5241
286.3972,59.0266,31.3780,91.6692
285.3362,63.2663,31.4644,93.3980
285.5966,64.1316,31.3848,94.8734
285.2155,64.9706,31.9504,96.3559
284.8662,65.2495,33.0831,95.8527
283.3075,64.3389,33.3172,98.2085
281.0089,65.2678,34.0496,98.1750
278.8188,69.4225,34.7352,97.7747
278.2218,65.2638,35.2752,97.7024
278.5760,72.4187,35.4042,99.4850
277.1182,70.8181,36.6115,99.5274
276.1233,69.9445,37.2479,99.8339
275.9233,66.7002,37.6769,99.2826
274.6680,65.2892,38.2307,99.5629
275.2142,62.1517,38.4716,100.1332
277.0639,61.9443,38.8258,99.8883
276.4884,60.7788,39.1653,99.4678
274.6359,68.8864,38.7794,102.0450
272.5668,64.0420,39.1948,102.1912
271.7726,60.5037,39.0588,102.8351
269.9113,62.8904,39.0073,103.7576
270.1909,60.0808,39.5604,103.4075
270.1346,59.2100,40.1913,101.9984
268.4018,68.9411,39.9254,104.8562
266.4492,67.9723,40.9321,105.6377
265.4513,65.4356,41.6270,106.5200
264.8632,66.1108,42.0641,107.0273
263.4639,65.8369,43.0570,105.1588
262.4734,67.1495,43.9634,103.5741
262.3419,67.2387,44.2706,101.9744
261.3278,65.2072,44.9457,101.6937
261.8228,63.6841,44.1727,102.2093
262.2912,62.3898,43.3786,103.0784
262.6981,60.5162,43.3472,103.2829
261.4901,57.9980,42.7101,104.0571
263.3933,55.0751,43.4665,103.3516
261.8938,69.1961,42.3864,106.9225
261.1952,66.1620,42.9196,108.7441
261.2909,63.1376,43.8255,109.4262
262.3162,63.2451,43.7305,108.9449
261.3975,63.5473,44.1551,108.6415
261.5843,62.6651,44.7554,108.2178
261.6453,61.3842,45.7369,107.6677
262.3897,59.7611,46.4040,107.5120
261.3348,59.6359,46.8194,107.0738
262.1881,56.8724,46.4649,107.6701
262.2939,53.0814,45.8787,109.0190
261.7925,67.0919,45.1686,112.9150
261.0868,66.9470,45.1207,115.3305
262.4423,64.7888,44.8199,118.7419
263.3253,63.7549,44.8508,121.4280
263.7475,62.4573,45.3171,122.1335
264.8843,61.9596,45.4776,123.6114
264.5422,63.4265,46.3940,122.9328
263.9475,63.8087,47.4225,123.1211
263.7658,63.0894,48.1234,124.5386
264.2386,62.1388,47.6315,127.8900
264.2523,62.0153,47.8785,129.4418
264.8348,60.3439,48.0286,131.7578
266.3976,60.7314,48.7415,132.2549
267.2722,63.6824,49.3075,134.2364
269.2057,63.7426,49.5368,137.3654
269.6198,62.9928,50.1977,138.1499
269.7871,61.0996,50.6668,139.5765
270.7273,59.8151,50.4648,142.1174
271.6119,61.3439,50.5835,143.7735
271.9669,62.1293,51.5134,143.0031
271.8611,61.5370,51.7469,144.1937
272.9720,59.5733,51.1763,148.0539
272.9436,57.9058,51.1304,149.7606
273.1498,56.9423,51.5353,152.6246
276.0750,55.3425,52.0715,155.3759
274.0898,56.7071,52.8374,155.9522
278.4664,56.9989,53.5918,159.6905
277.5905,60.3891,54.2058,161.7841
280.7172,54.7052,55.1464,165.0178
280.4033,53.3531,56.2902,165.2994
283.9080,52.5720,57.0878,166.3300
284.2871,55.8342,58.0158,166.9261
283.7243,59.9352,59.2047,165.7997
283.3715,59.7926,60.2256,165.0853
283.4743,54.9236,59.6734,167.8926
282.3590,50.4964,59.7215,169.1540
284.3636,46.7218,59.3103,172.1480
286.5228,47.1854,60.1072,171.8330
285.1092,48.7390,60.0614,173.9190
290.1778,45.8469,60.2958,177.2983
287.9741,50.1201,60.9937,176.4806
291.2457,51.2341,60.9253,176.9446
291.3395,46.7056,61.5025,177.0036
295.8422,40.8857,61.8028,179.0787
295.4255,46.0686,62.2420,177.4180
295.1800,45.6927,62.7906,176.6322
292.8582,47.1661,63.3289,175.2189
290.9374,49.3814,62.8372,175.8478
288.0952,47.8295,62.5106,174.3935
291.2468,47.1606,62.4388,173.4355
289.9266,50.4077,62.0683,173.2874
291.9924,47.7326,61.9249,174.4308
295.4860,48.0321,61.1021,177.2173
289.0929,50.2587,60.6638,179.3022
294.5646,44.4957,60.3743,183.4283
294.1347,39.4430,60.3917,184.8039
290.6250,37.3678,60.6745,185.5378
288.7816,39.4175,62.1794,180.6854
285.1931,42.8756,63.2580,177.9767
284.4719,42.8087,63.5248,177.5175
283.3116,50.7512,63.2028,176.5844
282.8743,43.7437,63.3323,177.8561
284.9944,43.2584,63.6120,176.2440
284.1863,47.2657,63.8780,175.0040
286.7150,51.2433,64.5150,173.5338
287.4136,51.0569,63.1162,175.9479
288.1510,50.6284,62.1114,178.4865
290.3091,52.0341,61.8862,177.8187
291.6636,47.7270,61.4952,179.3154
289.9127,45.8974,62.0847,180.0697
287.4720,48.1499,63.0701,179.5495
286.4932,47.7475,62.7349,178.8720
286.0392,46.4319,62.6442,178.0117
285.8906,44.3946,63.3155,177.8207
285.3396,42.8806,64.1119,175.8059
287.7239,44.8065,65.2956,173.6017
288.8005,53.5940,66.4662,171.5776
288.5994,57.9909,65.8803,171.0388
289.9043,54.5480,65.1689,171.3913
291.2592,53.6308,63.8410,174.2311
293.5653,51.3364,62.8440,176.3861
295.7208,50.5616,63.2258,177.2851
295.0805,49.2313,64.6386,179.4329
292.7268,49.7737,66.5387,179.9312
291.9798,48.5158,67.7942,179.5983
294.8750,52.8687,67.2658,179.8572
293.1713,46.9429,65.8721,181.4336
293.3820,39.9189,66.3053,181.5810
295.7578,41.8311,66.6813,182.0662
295.3506,50.0765,67.4435,178.7887
293.7218,52.4484,67.8516,177.5389
293.5710,52.0847,66.3728,178.4704
298.1039,51.4825,65.5954,180.2039
299.9041,48.0033,64.6545,183.0838
300.0778,45.1156,64.8228,183.6526
300.2305,47.5949,65.6598,182.6972
301.4258,46.2481,66.2403,182.4591
302.8308,42.1229,66.7225,182.8383
307.2117,41.9004,66.7334,182.7808
306.3730,41.7477,67.0002,183.2279
306.4219,37.0362,66.9417,184.0571
307.1209,34.2727,67.2186,187.1309
307.1548,46.6008,68.3329,186.7779
313.3689,46.4780,69.5605,189.0510
317.7837,49.3271,70.4790,189.3743
317.3064,41.9736,70.4611,191.8675
317.9002,37.9746,71.5723,195.9977
317.0428,44.5806,72.7408,196.0616
317.2657,43.7482,74.4995,196.8947
316.6948,44.3474,76.1799,197.9234
317.7822,38.4259,78.1009,200.3739
317.8940,33.5816,79.3160,201.1819
315.7763,31.7599,82.1629,198.9931
311.6664,37.2885,84.0318,196.4412
308.8431,31.1869,82.9070,199.3862
306.4399,44.2654,84.2987,197.9272
309.0387,50.9302,84.0665,196.2943
309.4297,43.6301,84.1634,193.4949
305.2863,47.4383,83.0272,193.0824
302.7364,47.4782,81.1015,192.9890
301.1516,45.4276,80.2115,194.1935
276.7064,44.2592,80.5695,191.8516
283.6162,48.0954,82.6975,190.1921
287.6385,46.5309,81.5965,189.5452
286.4583,52.7883,83.3987,185.7148
287.2997,46.7463,81.8519,184.8699
285.5618,45.6856,79.5710,187.3316
287.0882,45.9217,79.3331,189.5912
287.0905,55.3981,80.8498,189.1327
286.8477,47.0416,80.1102,190.3310
288.5534,43.9271,80.3126,189.9104
285.8775,47.1222,80.8458,191.0692
286.9630,45.3826,81.1063,190.6446
283.9778,43.9160,80.2463,193.0620
282.4911,45.4972,80.6728,193.5828
283.1516,44.9553,81.3304,193.0012
283.8699,48.4837,82.8961,191.5863
284.8503,34.1070,82.4887,195.0135
285.1009,38.6528,83.2593,196.8471
285.3842,35.0377,82.9549,199.3608
284.2717,35.8954,83.4155,201.0433
280.0953,36.3420,84.3762,201.3993
276.0820,37.1663,85.0013,201.6887
275.9095,31.6696,83.6150,202.4126
276.7778,28.7621,83.3945,201.8041
278.2657,31.0685,83.2631,200.4340
279.4815,30.5707,82.2383,201.3882
277.5460,28.7692,81.3649,202.9691
274.4351,33.0386,81.2472,204.4171
272.1949,32.9461,82.3671,203.3282
270.6902,37.1466,83.8272,202.7693
269.4842,40.4082,84.1493,200.4977
270.3885,39.3107,85.5414,197.3461
272.5367,44.7496,87.7432,195.7191
274.8793,46.0095,89.3847,195.5871
275.9654,41.8316,90.3678,194.4209
275.8460,33.2086,90.2007,195.8687
269.9015,34.0591,89.9475,200.8909
243.5295,27.3660,87.9224,200.6600
251.8123,23.3956,87.6455,201.9880
254.8139,27.7748,87.1991,203.2503
256.8227,37.6312,88.7829,204.1216
224.8498,36.7221,90.1740,197.0606
222.5487,51.7735,91.6530,191.2705
221.1056,50.9025,90.4571,191.1268
223.9334,58.3648,90.3772,189.1812
227.5031,63.3324,89.0343,186.0780
202.0349,64.6800,89.8343,180.6062
206.8158,77.2260,91.0476,172.2891
210.7531,69.4539,90.7546,171.1535
209.3373,76.2382,90.9082,170.0426
210.0846,68.3936,88.4794,170.2080
219.1894,76.2311,85.9205,168.1357
251.5790,81.8522,87.7387,164.0473
257.2538,89.9486,93.7413,154.6875
264.6750,99.0616,97.0831,145.2419
275.7323,100.9146,93.0862,146.1640
281.1093,95.5626,87.0288,150.2515
280.8814,90.3710,81.5296,153.7697
278.3610,97.2840,78.7945,151.2035
265.4289,93.9301,78.7641,152.8217
267.6062,97.5266,76.5693,154.0061
265.1983,93.8893,76.9707,153.2999
271.0248,92.4381,76.1710,150.7286
271.1346,97.1286,73.7643,153.7851
269.6993,92.2533,72.2332,153.8239
273.9781,94.0806,71.5695,152.2490
277.0638,100.7199,73.1685,146.0092
282.2285,107.0718,72.7991,142.3970
284.9839,108.9544,71.6301,141.2529
288.4724,105.9365,72.1462,139.3419
289.9817,104.6047,73.8452,136.2226
293.6941,112.5877,75.7367,133.2866
302.8175,111.0702,71.3212,133.5698
299.6257,111.2720,68.7746,131.9108
301.7862,108.4138,67.1224,129.0536
305.6279,110.8213,65.7561,126.8567
311.7996,116.0389,64.2597,127.0046
311.4137,107.2577,62.7960,125.7104
307.4829,104.9091,61.4350,125.9813
311.8684,110.9587,58.1648,126.5131
319.8506,105.8123,56.0927,128.7327
319.8121,112.8743,56.0348,129.9766
321.3337,120.0995,56.9351,128.6099
319.4251,120.3627,58.1866,125.2110
313.8456,122.6534,58.3244,122.9105
308.4312,121.7580,56.9934,119.0875
307.7128,118.7153,53.5061,118.5400
304.5754,124.6085,50.8879,119.4661
299.5120,124.5814,50.0954,119.9070
293.1287,119.4264,51.3325,119.6371
288.3215,111.9522,50.9447,120.7687
284.0599,112.1040,49.7921,122.6882
282.5724,116.5474,47.8166,122.4815
282.0032,123.3571,47.2501,118.8866
283.7455,133.9346,47.4202,113.1558
280.3109,132.5168,48.9342,110.6104
278.9514,136.8236,51.0194,105.8712
274.6391,139.4553,52.9457,100.8718
273.9939,135.6899,51.5641,98.0236
273.3056,140.8913,48.1131,98.1462
277.0309,138.5087,46.0566,97.7746
279.2822,142.1408,42.8163,98.4052
282.7680,141.4033,41.4569,98.1709
281.0588,143.0201,41.5025,96.5531
282.1807,140.3882,41.2464,94.3709
281.9386,142.7870,40.3256,91.9227
285.0428,141.2324,39.4285,89.8878
291.5695,150.9335,38.6351,89.1587
294.5728,150.9730,37.4888,89.0831
296.9184,154.9736,36.8646,87.2584
296.5159,153.1620,36.1632,86.2972
296.9132,153.9763,36.5362,83.3426
296.9544,154.0807,36.9965,81.2369
298.5545,154.2750,37.0201,78.9399
302.4913,163.2484,35.8971,77.6144
302.5779,160.0298,34.1533,76.8067
303.9373,162.8914,33.1015,75.8940
303.6527,161.9277,32.2939,76.0081
301.8186,160.3801,32.0079,75.5880
299.7139,164.3123,32.0915,73.1500
299.8885,167.5508,31.5302,71.3337
299.7342,169.1709,30.1582,71.3436
299.3862,167.1733,29.4735,69.9297
297.5240,172.3344,28.9590,67.5288
295.9454,169.8555,28.0767,65.7542
293.8986,171.0505,27.2616,64.5509
290.8814,170.5581,26.5253,64.3118
290.1851,167.7945,25.3644,64.5438
290.2621,161.1945,24.3249,65.9069
290.4232,161.7861,24.1457,67.1149
292.4669,158.4612,23.6852,69.4931
293.4454,156.1797,23.8004,71.0186
295.4122,155.0639,24.0954,71.6444
296.8443,153.2026,24.9966,72.4906
296.1783,155.0569,26.1459,71.2032
296.3117,155.8145,26.6733,70.7186
295.8165,153.4344,27.0843,70.2196
295.6712,150.8155,27.4006,69.6771
294.2797,151.1264,27.0770,70.0667
294.4744,148.8404,26.9893,70.0532
294.5316,146.4212,26.8837,70.5638
295.2000,145.0374,27.1477,70.0601
295.3787,143.6884,27.1527,70.0002
295.4637,143.2597,27.6786,68.8537
296.9952,142.5112,27.6792,68.2806
298.9905,142.7571,28.3499,66.5871
300.2630,140.5899,28.4137,66.3044
300.7761,140.9372,28.3977,66.5709
302.7564,138.8786,28.6166,66.7338
292.1341,141.8155,29.7099,65.7021
306.6078,131.6888,30.3080,65.1219
308.8079,132.1295,30.9767,64.9618
310.3940,133.3883,31.6159,63.8870
299.5948,132.5983,32.7300,63.0953
302.1289,131.8410,33.9275,62.6731
304.2711,132.4712,34.5473,62.2083
307.0569,133.7813,34.0244,62.7750
308.9242,134.8703,33.1202,63.1808
2
0
0
0
0
1
273.4087,165.2345,19.8303,30.3411
270.6624,162.7189,18.9944,31.4893
271.5483,164.7131,18.1360,33.2270
268.3592,163.1953,17.8894,33.3197
265.3593,163.7295,17.8820,33.3230
262.8680,163.8325,17.8812,33.5622
263.5191,164.1186,17.1953,34.8093
260.1538,162.3427,16.8777,35.4261
259.0210,164.3919,16.7783,35.7775
257.5056,165.0001,16.6718,35.5880
256.0277,165.7987,16.6699,35.5533
254.9962,165.7805,16.6974,35.5195
252.8038,164.8164,16.8703,34.7844
250.0782,164.4945,17.0460,34.5802
249.0840,164.5767,17.0349,34.5575
247.1759,164.5215,17.6265,33.9092
245.1378,163.5551,17.7903,33.6743
242.9033,165.0169,17.8238,33.8037
240.6852,164.2121,18.0850,33.9059
238.1190,165.8234,17.9189,33.8130
234.2146,164.0220,17.3828,33.0069
233.9660,164.6006,16.6946,33.5751
232.4635,164.4752,16.3200,33.9492
230.3318,165.7880,16.1833,33.7089
228.3587,165.2003,16.0926,33.5071
225.8453,168.0788,16.0167,33.3203
223.6403,167.2536,16.1679,32.7079
220.8548,166.8127,16.3260,32.9245
217.8115,164.5974,16.4225,33.6438
215.1797,165.2303,16.5205,34.9249
214.7445,167.3557,16.3717,34.8785
211.2673,168.1828,16.3739,34.5229
210.2459,167.4293,16.2806,33.8928
208.0968,168.9954,15.9218,33.4267
205.6710,168.5619,15.7674,33.0069
203.7974,167.9869,15.6274,32.5773
201.4655,167.9904,15.7652,32.6143
198.2130,166.8993,15.7764,32.7309
196.8541,166.1833,15.6512,32.3477
194.7191,169.2926,15.4828,31.5810
193.4291,169.2599,15.5393,30.8765
191.7671,168.7055,15.1850,31.3320
190.2785,168.0080,15.1941,31.1376
189.3528,168.3260,14.9125,31.5828
188.1250,167.6541,14.6841,31.9557
186.3335,168.2460,14.7350,32.3759
184.4071,169.4366,14.5772,32.5713
182.7324,167.5629,14.5146,32.6984
180.4114,168.6703,14.7099,32.5168
178.6308,167.4404,14.8548,32.5188
175.6160,166.8275,14.9881,32.2970
176.5909,166.5970,14.8807,32.2808
175.7302,165.9232,14.9843,32.4903
174.6559,165.9987,15.0934,32.3933
174.2388,165.8602,15.2082,32.4436
173.3185,165.5107,15.3242,32.3961
171.3485,168.0282,15.3535,32.5089
167.7133,165.7800,15.2510,32.7469
169.6591,164.6129,14.7626,33.1596
167.0034,165.2194,15.0164,33.1976
168.6243,165.1494,14.6780,33.3511
165.8378,165.6985,15.0133,33.6448
166.8414,165.8011,14.7330,33.4787
166.4400,164.7977,14.5622,33.0491
166.2045,167.0040,14.4971,32.8574
166.0599,168.0844,14.3371,32.7883
166.0923,167.1987,14.0757,33.1038
166.1589,165.5808,13.9346,33.4751
165.9547,167.3013,14.2053,33.7028
165.3319,164.8770,14.1661,34.0015
165.7173,164.0519,14.2640,34.0793
165.0869,165.5641,14.3021,34.3355
165.1395,164.4726,14.3293,34.0316
165.4694,164.1509,14.3263,34.1850
165.1831,165.5156,14.4259,34.2464
165.7282,166.0044,14.4962,33.7693
166.5180,163.8209,14.6622,33.1473
166.5252,165.1549,14.5053,33.5479
166.0821,165.5962,14.1593,34.2505
167.3348,164.0585,14.1369,34.2077
168.2470,165.6544,14.2504,34.1673
168.9478,164.4277,13.8803,34.5642
168.5558,165.4837,13.8743,34.3441
169.3524,164.8018,13.7550,34.3028
168.3314,165.8311,13.6603,34.8516
168.7530,164.5864,13.5647,34.9139
168.1145,164.7695,13.6189,34.9623
168.2385,164.7288,13.5269,35.0615
168.2170,164.8190,13.4260,35.0187
167.9836,165.1525,13.3725,34.9153
168.0550,163.0107,13.2049,35.0515
168.4264,162.8418,13.3088,35.3946
168.6979,162.7562,13.3325,35.4025
168.8728,162.9266,13.3217,35.4853
168.2973,162.9134,13.3695,35.7359
168.5936,163.5378,13.5891,35.5005
168.4406,162.7209,13.5721,35.2433
168.0695,163.9668,13.4834,35.5186
168.2535,163.2048,13.6654,34.9419
168.6510,162.8400,13.5849,34.8405
168.9973,164.2490,13.6033,35.0805
168.7181,163.3651,13.5218,34.9387
169.2929,163.0453,13.6108,35.0605
169.2179,163.1445,13.5729,35.0858
169.0041,165.4854,13.7264,34.8340
168.9492,164.0333,13.6738,34.8116
168.4264,166.0789,13.7348,34.7154
169.4267,164.1862,13.8202,34.9335
169.7724,162.4747,13.8805,35.4097
170.6900,161.6233,14.1141,35.8467
171.4319,160.8877,14.5467,36.3014
171.2485,165.0620,15.0336,35.3487
171.8796,164.1471,15.8169,34.3783
173.7187,167.7315,17.2868,32.5097
174.7592,166.7347,17.8716,31.7554
175.7915,166.3905,17.6126,31.6393
177.6519,169.7255,18.5293,30.3446
178.6952,168.7224,18.7619,29.8053
179.5366,168.0064,18.4806,29.7259
182.1102,170.6032,18.0352,30.3024
182.3751,169.4341,17.5091,30.4186
184.3997,168.0332,17.2305,30.6351
186.7911,168.1151,16.5895,30.9861
189.0665,167.9792,15.9164,31.4651
190.8286,167.3842,15.8037,31.1193
192.8325,166.2254,15.8253,31.1456
195.2793,168.1779,16.1510,30.7570
197.3320,169.0402,16.5989,30.0286
198.9505,169.7480,16.4596,29.7161
201.1972,168.3255,16.3712,29.5298
203.3597,167.8905,16.4186,29.5994
205.3187,169.0141,15.7688,30.1525
207.4128,168.6349,15.5686,30.6820
209.1097,168.5391,15.3522,30.7932
210.8864,167.9274,15.1559,31.0893
213.5814,169.1810,15.2738,31.1471
216.0321,168.6712,14.9934,31.9254
218.3831,166.8068,15.1549,32.5002
221.0519,166.8684,15.3194,33.3207
223.1912,165.3655,15.5282,33.9757
225.4382,167.2553,15.7284,34.8260
227.4080,166.2625,16.1528,34.8604
230.0378,166.0003,16.7630,34.6000
232.8451,166.7054,16.9009,33.8929
235.7345,166.1481,16.7661,33.4994
238.0136,165.2790,16.5174,33.2633
240.2041,165.0248,16.3191,32.8753
242.6745,167.6974,16.3375,32.3821
245.4389,167.3329,16.3639,31.2562
248.4011,168.3100,16.6189,31.1373
251.2637,166.8488,16.8580,30.7797
254.4958,166.1619,17.1194,30.6993
257.2545,164.6506,17.2904,30.8391
260.3286,165.6413,16.8974,31.6925
262.7594,164.1736,16.6031,32.1874
265.2502,165.5427,16.3450,31.9954
267.8835,165.6631,16.0379,32.4093
270.7452,166.1069,15.9172,32.3817
273.6934,165.7260,15.6732,32.6123
276.2152,165.4427,15.8286,32.4744
278.3535,167.1702,16.6802,32.0234
280.6446,165.9950,16.7875,32.2890
283.5554,166.1669,16.7607,33.5590
292.5818,164.2391,15.7681,35.4024
295.8838,162.8678,15.3732,36.4000
298.5945,162.5809,15.3966,37.0555
299.8499,162.7969,15.2734,37.3741
300.2891,163.1777,15.3324,37.7681
309.1628,161.5948,15.6002,38.0902
311.6073,160.2991,15.0557,39.4863
313.1455,160.0084,15.3155,39.2671
321.4748,151.5984,15.4690,40.0324
328.0131,150.2051,15.4843,42.1031
328.6536,148.2648,15.5311,43.9845
329.7021,147.6936,15.7764,45.8020
330.6777,148.5162,16.3142,47.5817
332.5905,149.5923,17.0103,48.8960
331.9111,146.6605,17.8199,50.5858
332.3357,149.6509,18.8829,51.1370
331.6876,145.9284,20.0879,51.3148
330.2406,142.6848,22.1278,50.2576
2
0
0
0
0
1
359.5751,170.0588,16.4805,29.5246
360.3588,169.2980,16.4830,29.7547
361.9059,169.9130,16.4656,30.4124
362.0342,170.0515,16.5822,31.2079
362.2503,169.9413,16.5692,31.7980
357.9773,168.8754,16.7435,31.8680
359.6111,168.6077,16.4429,32.6672
360.4507,168.4737,16.5908,32.6906
361.2103,169.1018,17.2518,32.1085
361.7008,167.9074,17.5871,32.0212
362.3799,168.5486,18.0118,31.8363
362.3033,169.4596,18.2741,31.9248
362.4186,168.0390,18.4015,31.7648
362.0024,169.8844,18.1826,31.9366
360.9229,168.3638,18.3457,31.5876
356.1989,167.9952,18.5258,31.7001
