1
699.6923,243.6393,34.5980,71.6264
697.0936,242.1497,34.9489,72.2430
694.9172,240.6313,33.8067,73.1608
691.1964,240.0951,34.1152,73.0730
687.7165,238.6995,33.6761,73.0206
685.9017,238.3611,33.1997,73.0832
683.8671,237.5566,32.8540,72.8022
680.4763,236.5668,32.4226,72.7662
679.0843,234.7332,31.0863,72.7803
679.3692,236.1132,30.7393,72.2176
676.9624,238.6715,30.6005,71.6257
675.0158,243.2881,30.0063,69.8083
671.7506,244.4838,29.4736,68.0760
667.1475,243.0834,28.7488,66.3106
663.0218,243.9686,27.5200,65.1322
659.2259,245.1908,26.9888,63.1863
653.4194,245.5384,27.9111,61.2753
647.9792,246.2438,28.0478,59.3662
643.1717,247.4209,28.4149,57.8988
641.3524,248.9718,27.8848,57.9444
635.2949,248.5107,29.1428,55.2066
632.0528,246.9107,28.5829,54.0044
628.8640,248.3958,28.5195,53.6340
624.5379,249.6723,29.9599,53.2362
621.6836,249.4758,30.2102,54.5495
616.8918,248.4324,31.0296,55.0862
614.4300,248.4025,30.4207,56.1729
609.4195,245.3673,31.7406,56.5191
608.3391,245.0688,31.2680,57.5543
605.1186,245.0864,31.0693,57.0109
602.4722,245.4997,30.0366,58.0370
600.5218,243.3380,29.7875,58.0568
594.8474,243.2602,31.0653,58.8074
593.8538,244.3644,30.4025,59.6971
590.5585,245.0706,30.1858,61.0805
586.8280,245.1172,30.4843,60.1545
583.1043,243.4987,30.1268,59.8450
580.5926,245.7139,29.7422,63.0586
577.4314,244.2317,29.9557,61.7685
573.8132,247.7292,29.7869,61.5315
569.2461,246.0726,29.9417,60.3311
566.5132,244.6424,30.0860,57.9522
564.4559,248.2044,28.7373,57.7293
561.9449,248.4794,28.3189,57.7178
559.2347,244.5111,27.8612,57.0121
555.1776,246.4610,28.0755,57.2600
551.3459,249.4366,28.6774,56.3699
548.4919,248.5207,28.1941,56.8493
545.4453,250.7969,28.6258,55.7686
545.5400,248.0582,28.3880,56.2360
545.1347,243.8386,27.9112,57.4409
544.0488,243.3113,27.8048,59.9847
542.3915,244.9468,28.6858,61.6821
539.9317,246.2643,30.0351,62.0354
538.2350,239.5294,31.7019,61.3960
537.0208,239.7999,32.6942,61.7102
535.5062,242.0005,33.4940,62.5762
534.5275,242.9078,33.8755,63.4920
533.6388,242.5370,33.8265,64.7381
532.0934,243.7645,33.9123,65.0716
533.1153,241.2256,34.5049,65.4005
532.8035,242.0689,34.8253,67.0401
531.1865,241.3269,35.2703,68.5993
531.6658,238.8662,35.6213,68.4706
530.6345,235.5862,36.0171,69.2085
530.5796,235.7235,36.3885,69.4725
529.2112,236.8811,37.3189,68.7951
528.2283,237.2163,38.5736,68.4188
527.4207,235.8313,39.4391,68.9333
527.6749,234.5886,42.1204,67.4717
526.7134,233.6717,43.7037,67.4339
525.8939,230.8184,46.0554,66.0559
526.5047,229.5798,48.4659,64.3875
524.9489,230.3412,50.2933,64.2595
525.1125,232.3511,50.6365,65.2845
527.4352,231.9210,49.3171,66.9523
529.4644,230.9264,49.1046,66.8806
530.5955,232.1276,47.7034,68.1624
532.3100,231.6170,47.4548,67.6103
533.6449,231.2858,47.8663,66.8593
535.3870,229.9978,48.4392,66.4725
538.0129,229.8115,47.7951,66.3882
532.6210,233.3023,49.8753,63.8679
535.7473,234.0491,51.2227,63.7433
537.9764,231.5779,51.8505,62.5966
543.4042,232.6211,52.0122,62.2554
544.7997,229.2918,52.7998,60.1371
547.6557,229.6911,52.8786,58.5800
550.4985,232.4078,52.6133,56.8550
553.0729,232.0803,51.6828,56.0293
557.7554,232.8784,50.7149,55.9176
557.3461,232.4896,52.0586,52.6438
563.3114,232.7018,50.4150,52.9991
568.4202,237.2805,48.3264,54.5111
572.5526,237.2311,45.3381,57.1303
575.7833,235.4545,43.3599,59.9393
576.8313,235.4277,42.7858,59.7870
579.7386,234.5971,42.7117,59.2984
579.0938,233.5828,42.2894,59.3645
583.1668,231.4337,41.5838,59.8310
583.4523,231.5830,41.6597,59.2307
584.8961,232.2745,42.0020,58.4462
585.9967,233.0491,41.8398,58.7433
587.2141,233.5013,41.1299,59.6724
589.0940,234.4705,40.5320,59.2037
592.5991,236.6904,40.3722,58.4913
593.5570,238.6657,39.2620,59.0241
594.3825,233.8955,38.7348,58.7917
595.6295,235.6207,38.5292,56.7734
596.7123,234.5500,38.4314,55.5005
597.2523,236.3561,38.1644,55.2870
598.6763,235.6286,37.6546,54.6967
597.7044,233.3180,36.6954,55.2458
597.3409,235.0192,34.2827,58.0849
593.2123,231.8171,33.7506,58.4237
588.9006,229.9788,33.7408,57.4749
582.8325,231.5158,33.6842,56.9090
577.3379,227.2141,33.4949,55.7079
570.9814,228.0164,33.3570,54.5373
565.9019,227.1578,31.9982,54.2873
560.2852,225.5992,31.2490,54.1571
550.6780,225.8035,30.5608,53.1554
544.7725,227.8408,30.7076,52.1547
534.8964,227.1805,31.1794,51.1080
528.5428,226.4444,31.1494,51.4022
521.4576,225.3167,32.0877,49.6029
511.2978,225.7405,32.1805,48.4835
506.0978,228.0475,32.2866,47.0755
494.3056,228.8309,33.7322,44.9567
487.7870,232.7339,34.1399,42.2952
477.4069,235.0335,34.2055,40.3473
467.2686,236.5776,33.5294,40.5619
457.2766,239.2778,34.3518,38.7026
449.0323,242.9693,34.3959,37.2504
435.1938,245.8821,34.5916,35.8306
422.5845,248.3882,33.3930,35.8037
410.3845,248.4408,32.8976,35.5176
397.9744,249.1421,33.1401,34.9804
383.9683,248.6239,32.4962,34.8854
367.8405,248.9238,31.2987,35.3632
355.7773,251.6217,31.8759,34.3905
338.9417,250.8194,31.8237,34.2325
314.4613,252.4420,32.1711,33.3509
312.1489,274.9032,30.5507,34.8167
2
0
0
0
0
1
158.5055,253.2911,29.3916,38.4915
143.2684,255.3874,31.2500,36.8864
130.9495,256.8976,33.0219,35.8049
119.8150,257.8644,33.6578,34.7854
104.3939,259.7834,34.7012,34.5116
91.9946,260.3112,35.4667,33.8791
83.6933,261.0357,34.5072,34.6764
83.1402,261.0271,34.7825,35.4464
80.2823,264.8947,34.4477,36.8082
81.9468,264.7562,35.1630,37.2853
80.8578,263.6778,34.7198,37.8963
83.0381,262.9614,35.3614,38.1579
85.5250,263.0934,35.6603,38.0054
87.8137,263.4555,35.0520,38.2382
91.1264,266.8803,34.7345,37.9184
94.9441,270.0667,35.5422,37.9587
93.5511,270.9207,35.8406,37.1101
93.3886,272.0403,37.7325,35.7164
91.9294,272.3624,38.0636,35.4256
91.5178,271.1764,37.6539,34.6659
93.9048,270.4149,37.8662,34.7418
93.7769,272.1904,38.9037,34.3738
95.6788,273.0721,38.0974,35.5058
98.3389,274.4138,37.5011,36.0724
101.7098,275.2043,38.1949,35.9573
105.3634,275.9678,38.6010,35.7412
110.6231,275.5565,38.4704,35.8891
116.6736,274.6446,37.9665,36.1081
126.1001,272.1160,37.2130,35.7582
132.7334,271.6300,37.9708,35.5168
142.8695,271.0554,38.8192,34.5786
153.9703,271.1467,38.4372,34.5714
164.7592,270.2578,38.6321,35.2469
174.9796,269.2206,38.6847,35.6000
185.3877,269.1205,38.0260,36.1704
191.9711,269.5499,38.2064,36.4810
198.3740,270.3196,38.0634,36.2394
207.0726,270.8781,37.4914,35.4260
212.1326,271.6796,38.0670,34.5243
217.5713,272.5029,38.8510,33.2337
221.8194,273.2842,39.1212,33.2369
224.4098,273.3380,40.7925,33.0906
233.9694,271.4010,40.8426,33.3406
238.5395,269.0489,40.4992,34.4193
249.9482,264.8893,39.4124,35.2469
254.6685,263.6029,39.3773,35.4331
257.4547,261.1819,38.6123,36.1026
264.4341,261.2802,38.2898,36.8301
271.6069,262.3466,38.6552,36.9536
285.2571,262.5250,37.7015,37.3117
294.9466,264.0901,37.0988,37.4652
306.4578,265.5109,35.7016,38.2609
316.7240,264.8041,34.4155,39.0383
326.5211,264.2943,33.1831,39.7148
330.8420,261.6719,32.9749,39.4671
335.1999,262.7308,33.7785,39.0075
344.6104,263.3531,34.9760,38.7617
349.5224,264.4364,35.3979,39.2809
360.1732,263.7173,35.6897,40.0930
365.7050,262.4642,36.4067,40.5562
375.2551,265.2163,37.1290,40.7225
380.8108,266.0917,37.2621,41.2070
389.5055,265.3650,37.4669,41.2182
394.6296,265.8140,37.5070,40.3548
401.8914,265.6283,37.5835,40.5191
413.1646,265.3363,37.4892,39.8179
422.8552,265.1394,36.9606,39.7059
431.9904,262.7280,36.2082,39.2462
437.4425,257.5716,36.1720,38.8089
443.0601,260.5392,36.1213,38.9093
450.9840,259.5461,35.7528,38.2395
454.9082,260.9877,36.6237,38.0365
463.1410,263.9629,37.0847,37.5409
472.1664,266.4903,36.8980,38.6869
473.3939,265.8737,37.0669,38.9874
476.7265,266.3549,36.6037,38.6422
480.5235,268.4602,33.9663,43.3204
482.6593,269.2895,33.9453,44.0943
487.4170,264.8329,32.8792,46.6565
488.7600,250.8984,31.3539,49.2545
490.8670,249.5380,30.1332,49.5448
490.1650,243.3539,30.7361,48.4927
489.9856,244.7012,31.8913,48.6296
488.8867,243.5620,33.3359,47.6732
488.5304,245.8285,33.4224,49.4050
487.5919,245.4319,33.2105,51.1845
488.1760,248.4738,33.5068,51.5646
490.1587,252.9438,33.9107,52.6026
491.4323,258.9392,35.7296,51.3619
489.1428,264.2514,38.1649,47.2168
485.0381,265.3990,38.8477,44.7004
477.4152,266.7735,39.9156,41.4320
463.5365,264.9281,40.6328,38.1173
451.0963,262.9359,41.5443,35.1352
433.3355,259.8376,41.7113,33.3801
419.4254,261.2013,40.5062,32.9488
404.5453,259.6245,39.9827,33.0674
388.6137,260.5379,39.9033,32.8072
378.0598,264.4122,39.9166,32.4209
362.6910,265.9406,39.9155,31.9226
347.9879,268.8674,40.1890,31.5441
332.5383,272.0025,40.5355,30.3756
322.3544,273.6897,40.5318,29.8874
309.9036,273.9669,41.1328,29.6563
298.7450,275.6117,40.0290,31.3311
287.8066,274.6419,40.7649,31.2639
281.4108,274.1997,41.8421,31.3383
277.6154,276.7025,43.2290,31.1750
276.9346,279.4164,43.3143,32.0006
270.1757,280.7380,43.1374,32.3847
264.4998,283.0007,42.9712,33.8444
258.3262,284.9476,41.5377,35.4896
252.6607,285.7348,41.6709,35.6811
245.1048,289.1828,42.1964,35.0778
233.9215,292.5783,41.6811,34.6154
219.7916,295.2925,43.2916,32.6352
210.5328,296.9552,43.9881,31.3581
202.5778,298.2089,43.6476,30.6533
193.2220,299.6022,41.6866,31.0715
183.3737,296.3980,40.1615,31.3013
174.4083,295.2242,39.0954,30.8695
165.5786,293.8986,38.7394,29.9830
161.4294,297.8718,36.8300,31.8306
160.6130,301.1971,34.5308,34.6636
158.6353,298.4637,34.8172,34.9803
163.0702,296.8167,35.4072,34.9216
163.2988,293.3829,36.5815,33.8262
173.9774,296.9559,37.4635,33.6658
180.1893,297.1132,37.9059,33.7662
166.5112,326.9104,35.0278,37.4994
171.6111,327.5854,34.2044,38.1214
2
0
0
0
0
1
238.2358,305.0302,34.0849,35.0406
239.8767,303.9106,35.4819,33.2921
239.1691,303.1543,37.1932,31.4008
241.8914,303.5819,37.5274,30.6337
242.9586,302.6631,38.6484,29.8950
247.8820,300.6508,39.0005,30.2038
253.3923,299.1251,38.2375,30.5442
257.5020,299.2600,37.5939,31.1343
262.6257,299.6696,37.7277,31.6001
269.8990,300.4969,37.9183,31.4774
276.2278,301.3615,37.5866,31.1894
282.1338,302.6140,38.2570,31.4539
287.6556,303.9066,38.2225,32.5575
292.7836,300.9033,38.3270,32.7761
295.1774,301.4479,39.2130,32.0462
302.0737,302.0240,40.2557,31.5860
310.1912,303.6447,40.2934,32.2735
316.2081,302.6509,40.5847,32.3620
323.7529,300.3399,40.2515,32.3313
328.4230,299.7950,41.2655,31.2567
334.2971,300.5816,41.6523,31.6196
340.6074,300.3600,41.3834,31.6146
349.3287,302.3085,40.9707,31.8066
355.5442,305.8197,39.3868,34.0307
361.4323,305.7639,38.9953,34.8956
360.9314,306.4189,37.8430,35.6780
360.6348,302.3437,37.6127,35.2883
361.6429,305.1354,37.0319,35.3297
363.2405,303.9612,37.4370,34.8777
364.0945,303.4234,38.2665,32.8175
366.3416,303.2953,39.2603,31.3751
367.1367,300.4406,40.4426,29.1614
365.4979,296.0623,39.8087,28.4055
371.1567,290.6018,40.3549,27.1781
378.5934,289.5544,40.5024,26.6229
380.5499,287.3777,39.0662,26.7195
381.2988,284.2813,36.7720,27.7262
376.9816,279.7545,35.0419,29.2110
377.2183,277.2946,33.0403,30.6430
379.2299,276.7090,31.7069,31.6751
379.9700,275.9970,31.0493,32.2259
380.2248,276.9634,31.0916,32.0158
381.3596,276.3555,29.7797,32.4632
380.6976,276.9549,30.0266,32.0235
379.7881,276.5137,30.5396,31.8746
380.3424,277.7212,30.7701,31.3962
379.8923,276.9002,31.5077,31.4486
385.4311,272.8650,30.2736,33.7730
387.5465,273.1261,29.7972,35.4335
388.7762,275.5602,30.1058,35.9450
390.3531,279.5536,31.8356,33.7948
390.1136,282.9367,32.6319,32.3932
389.4222,285.0928,34.0099,30.7550
388.8859,285.5141,35.6220,28.9692
375.6670,286.3600,38.1604,26.8166
367.1628,287.2086,38.6676,26.4769
367.4879,286.8579,39.2146,25.6075
361.4190,282.6476,39.0090,25.7019
357.2714,293.2317,39.9748,24.3627
350.3749,295.5479,41.4394,24.1020
343.5024,301.9086,43.4284,23.2171
339.2261,302.4247,43.8675,23.4989
339.5365,299.7836,45.1454,23.4001
337.6082,299.7774,45.4868,23.0722
336.6949,298.0502,46.7844,22.4324
327.6441,299.2875,50.1354,20.9246
318.7921,301.1592,51.7361,19.9072
306.8643,299.2363,52.0344,20.5090
296.9961,299.5290,52.9577,20.7227
289.2688,299.0220,52.5410,20.9762
277.1047,298.2180,52.2659,21.6990
266.9502,297.5833,52.1738,21.8721
257.3170,295.1951,51.2347,22.4290
250.5314,294.9650,49.6030,22.7576
237.7391,299.5689,49.2131,22.4275
233.9756,298.1169,45.6898,24.3281
225.1082,298.5141,43.9836,24.0847
216.9606,290.2086,41.4724,25.9412
208.3975,290.5230,40.7978,25.7218
195.3919,295.6515,41.4681,25.1949
187.2693,295.9174,41.5628,25.5524
180.2485,295.5745,41.6867,25.2964
171.7911,297.2789,42.3174,25.2610
164.7423,301.6365,43.0250,25.4756
156.2413,304.0569,43.6874,25.2483
150.8729,303.9476,42.7951,25.3924
149.4882,303.9075,41.8537,24.5637
146.2995,303.7768,41.9724,24.1497
146.2075,303.3732,40.2602,24.4888
141.2533,303.6707,39.1713,25.4244
140.2286,302.7272,37.2453,26.1641
143.2521,301.5712,37.4886,24.6086
140.8159,302.1432,36.3754,23.8651
142.4250,302.7496,35.5527,23.9485
142.6033,303.1436,34.9107,23.8113
141.0798,303.4351,33.3263,23.7725
140.9606,302.0019,33.2763,22.9454
137.6343,303.6625,30.9112,24.3302
136.2671,301.8752,28.9829,25.4025
135.5070,301.5759,28.0071,26.8413
136.4997,302.1895,26.9615,27.7014
135.6853,304.5711,25.3074,29.6508
132.9386,305.4784,24.4514,31.0609
130.7443,303.4970,24.1014,31.5806
128.8770,300.0914,25.2295,30.5404
121.2203,299.8716,26.0028,29.4554
121.5871,300.2751,27.7170,27.3347
132.2501,296.3953,28.2199,26.9511
134.8808,297.7778,29.4556,25.7261
137.1821,298.8574,30.2885,25.1754
144.1117,299.2808,29.0226,26.6479
146.1531,299.6077,28.0552,27.3089
146.1849,300.3237,28.4723,26.4448
145.7182,300.2534,28.2476,26.4012
