1
662.6339,127.2053,31.5351,68.7150
660.5747,126.1000,31.4184,70.1091
659.4052,130.9565,30.9011,71.1845
658.4711,138.1850,30.7577,72.0127
657.6508,140.8260,30.9627,71.5051
657.4082,138.3618,30.8693,70.6555
657.4968,137.0272,31.2019,69.9968
655.8954,138.2084,31.3334,69.4734
654.2384,141.7997,31.1107,69.8732
653.0231,145.8726,30.6519,70.0318
652.4786,148.2458,30.5642,68.6623
652.0410,145.4848,30.9154,67.3895
651.1555,138.5108,30.3646,67.0352
647.0364,132.3804,30.0648,67.3725
641.0212,133.9503,29.9062,66.7459
635.4017,140.0135,29.7469,65.9916
631.1594,148.4325,29.7369,65.0269
628.1618,155.9864,29.7040,64.9093
626.6272,163.6952,30.1195,63.6635
626.3779,159.5818,30.2092,63.0649
628.1832,156.5190,30.2226,63.0104
630.6254,156.1779,30.3472,62.4159
633.7297,155.5334,30.1620,62.2691
635.0614,153.3866,30.7773,61.5315
636.2287,152.2333,31.1312,60.5989
635.9756,150.1695,31.6194,59.4747
635.9462,142.0267,31.0812,59.8137
636.0588,136.2433,31.2267,58.6286
636.7645,136.0349,31.4628,58.8249
639.0754,141.9254,30.9827,59.1289
638.4454,149.0809,30.5014,59.2188
638.5494,145.1104,30.8741,58.7946
639.0215,149.6814,30.7523,58.8173
641.0502,161.7990,30.2205,59.4594
642.3271,168.1952,30.0564,59.2689
642.0693,156.2586,29.0239,59.9099
641.7869,147.1420,28.7188,59.6640
643.2193,140.2732,28.1110,60.3449
643.0760,135.9533,28.1380,59.9888
642.1893,133.8667,27.7797,59.9046
641.4968,134.2997,27.4484,60.0847
640.2021,128.3892,26.6639,60.9228
639.9642,125.4364,26.1616,60.8754
640.9694,127.9386,25.8674,60.7650
641.2474,131.7121,25.7294,60.7804
639.8905,135.2805,25.5002,61.0157
640.6660,136.7430,25.4288,61.1733
642.5433,135.5700,25.3117,60.9377
643.3736,133.5187,25.5468,60.0241
643.8388,133.7502,25.1096,60.8296
646.9661,137.8296,24.8224,61.4699
646.9389,139.5904,24.6778,61.8749
647.5428,140.3823,24.2981,62.1666
646.9268,139.1082,24.3904,62.1520
646.1061,137.4671,24.4910,62.0147
646.2620,142.2480,24.4229,61.3242
646.6964,147.4705,23.9598,61.6745
647.1326,148.7642,23.7894,62.2693
647.7451,153.8293,23.9309,62.1182
650.2610,154.8889,23.9964,61.7663
649.9165,153.0699,24.3078,61.1918
650.1125,152.6974,23.9835,61.4825
649.6719,152.7160,24.1271,61.5214
649.2864,151.0120,24.3754,61.7777
651.0402,151.0125,24.7450,61.5198
654.2124,151.8755,24.6042,61.7236
656.8735,153.3491,24.4435,61.9560
659.4758,156.3417,24.8616,62.1893
661.1257,154.4406,25.3368,61.2508
662.2971,148.4164,25.6036,61.2725
664.4387,143.7927,25.3792,61.1010
663.9478,139.0701,25.9646,61.1182
662.7073,139.8447,26.5288,60.3851
662.1984,137.5552,26.8899,60.8579
660.6329,129.5871,26.9779,59.8672
659.3716,130.6811,26.6521,59.2464
660.7518,136.5362,26.5519,59.5379
662.5096,146.6828,26.6687,59.6450
665.2300,158.4970,27.8403,59.7494
667.2382,166.6496,28.9945,58.6808
667.5725,166.8524,29.2016,58.4245
663.7005,164.4221,30.6987,56.8592
661.5560,163.5385,31.5607,57.4471
660.8856,161.8684,31.4783,57.6175
663.8511,161.6430,31.6739,56.9067
666.7774,153.3547,31.7547,56.9429
664.3155,149.0576,29.6930,58.7207
662.3102,144.7495,28.3352,59.2465
658.8804,145.0346,27.2447,59.0255
656.9116,150.0864,26.2771,59.9943
654.0768,150.7347,25.7386,62.3639
651.5504,153.5634,25.9036,62.8515
650.6030,159.2636,26.5326,62.6732
650.0496,158.6300,27.0129,62.6850
649.3849,158.2070,27.5829,62.7479
650.2068,159.1865,27.7840,62.4391
650.9611,156.1145,27.6833,63.0055
650.9362,155.3410,27.6886,63.4674
652.4672,155.1135,27.2074,64.8686
652.4923,156.1470,27.0561,65.2308
651.8187,157.1284,27.0270,65.7312
650.0108,156.3393,26.9137,65.4599
648.6028,153.4811,26.9243,65.6626
646.9907,155.0862,26.8648,66.5804
647.0109,156.3658,26.9074,67.0375
645.0581,153.3675,27.4127,67.1554
644.6201,150.6672,28.1210,67.3277
645.4543,152.4925,28.3193,67.5049
646.0797,156.2897,28.3493,67.4475
647.5104,156.4412,28.6237,67.7110
647.4620,154.0711,28.9171,67.1889
649.0148,154.0483,28.8361,67.3306
648.1799,159.8455,28.8064,67.5240
646.1796,164.4334,28.7202,67.1871
644.4412,167.5075,28.6671,66.7744
644.3408,165.6598,28.7771,66.1856
641.3493,162.7687,28.7212,65.8874
641.1559,165.6901,28.9589,65.6940
641.4758,164.0910,29.0230,65.4942
641.6089,160.7655,29.2275,65.7446
641.1053,160.8869,29.5175,65.1218
641.5163,162.3792,29.3731,65.2681
641.6971,158.2442,29.0727,65.5975
640.9811,155.5489,29.3088,65.7979
639.5352,156.2249,29.3863,65.9080
639.9686,154.9154,29.1606,66.3457
640.6430,155.4514,29.0274,66.8800
640.9160,156.4073,28.9301,67.1849
641.2437,157.4575,28.9224,67.0887
639.6253,157.4690,28.9994,67.8874
639.2985,158.5934,29.1172,68.4188
638.4635,157.6365,29.2719,68.7309
638.3132,154.5250,29.6512,68.6504
639.4819,152.3576,29.6296,67.9355
640.5732,147.4339,29.6623,67.7579
642.6578,142.6991,29.7830,66.6776
643.4046,139.3575,29.8770,67.0196
643.2110,139.6111,29.6183,67.0884
641.9938,137.5059,29.5966,68.0731
641.5274,138.5031,29.5345,68.3454
641.4660,140.0050,29.3329,68.0693
640.9728,143.5347,29.4619,68.4607
641.8957,146.1719,29.7272,68.3542
642.4106,146.8505,29.7939,68.5052
642.1685,148.3939,29.8905,68.3075
642.2469,149.3417,30.0541,68.4949
641.9482,150.7404,30.1608,69.6698
641.8428,151.3397,30.2861,70.4301
641.7667,152.0198,30.3774,71.2415
641.2747,154.5900,30.8043,71.6881
642.2891,157.3901,30.9565,72.3855
643.3080,159.3558,31.2119,73.0562
644.5720,160.0149,31.3652,72.8190
645.2536,162.0491,31.7780,73.4833
645.2339,162.2310,31.9916,73.3870
645.4670,161.9891,32.1194,73.2734
646.1389,162.5932,32.4179,73.8655
647.1855,161.2400,33.1368,74.1365
647.9139,160.2225,32.9236,75.2231
647.9474,159.3815,33.1281,75.8412
646.6774,157.9923,33.2801,76.2092
646.3392,154.5711,34.1211,75.2810
645.4880,155.9573,34.2589,74.9977
644.7757,158.7482,34.5001,75.4750
644.2214,159.2301,34.6259,75.0688
642.4236,155.3467,35.5175,74.4160
642.3776,153.0837,36.0615,75.2465
642.4328,155.2223,36.4226,75.4781
644.2122,154.8320,36.5526,75.7148
646.4774,151.3838,36.6165,77.6163
647.1229,149.5671,36.5902,78.6748
647.2498,153.5180,36.4791,79.4334
648.0649,151.8658,36.3243,81.2380
648.4494,153.2643,36.3399,81.8863
649.0764,151.8235,36.9666,82.0327
651.1669,151.5481,37.0164,82.6262
651.8947,153.9724,37.1445,82.8053
649.8467,153.3351,37.6261,82.5225
649.0779,149.9576,37.8873,82.1301
649.6970,150.4677,37.8604,82.8160
650.3513,154.7200,38.1441,82.9483
651.0762,155.9177,38.0534,82.8818
652.2318,151.9472,38.0998,83.5188
652.2294,147.9401,38.4198,85.5767
652.5308,148.5440,38.1721,87.1621
652.4307,144.7477,38.5501,87.6829
654.6835,142.0395,38.8684,88.9609
657.1432,140.1675,39.0396,90.3237
659.3224,136.5227,38.8810,90.5728
660.7412,135.4389,38.8724,90.8985
