1
193.6379,25.9748,75.2942,78.1470
193.8663,26.6870,74.8375,76.7227
194.1711,27.2304,74.2278,75.6358
194.7223,27.5124,73.1253,75.0718
194.9642,28.1669,72.6415,73.7629
194.8602,28.8674,72.8495,72.3618
195.1435,29.1398,72.2829,71.8172
195.5879,29.2499,71.3942,71.5968
196.0125,30.6313,70.5449,71.0859
195.4218,31.5714,69.4961,71.4362
194.4914,32.9025,69.1374,70.9932
193.7941,35.1711,68.3253,70.8695
193.1138,36.0029,67.4940,71.3979
191.5723,36.9931,66.2029,71.6045
191.1247,39.0394,64.9283,71.8515
190.3493,40.1404,64.3258,71.8027
190.2470,40.4809,62.3874,73.2648
191.9569,40.5162,58.9677,75.3288
193.2018,41.7864,56.4777,77.0102
193.7641,46.6213,53.2573,79.9162
193.6164,46.1801,51.4660,80.7986
193.1772,46.9069,50.2743,81.4150
193.1172,48.4030,50.3943,80.4821
193.5530,48.0389,49.5227,81.2102
193.6386,49.0714,49.3515,81.1889
193.9732,50.0850,48.6823,81.2021
194.6142,50.7184,49.4296,79.9353
193.7113,52.0856,49.2125,79.2239
195.7095,52.6836,49.2335,78.0280
197.3023,53.2204,48.0392,78.9456
198.6697,51.7881,47.2892,79.8253
200.2449,51.1720,46.1243,81.0575
201.7978,51.7616,45.0023,81.8622
201.2545,51.7402,44.1122,81.9050
204.5650,51.3804,43.3775,82.6246
206.8074,52.2827,42.8127,82.7801
208.5922,51.9443,43.1485,81.5043
211.7051,52.0256,42.7416,81.3417
213.3692,51.6653,43.2741,80.1318
218.0701,49.2047,43.4804,79.2884
218.1001,51.1965,45.3331,77.2173
219.0308,51.5372,47.2987,74.6225
220.9490,49.7514,47.2782,74.3783
223.5245,49.4768,45.9350,74.9275
226.4246,49.9390,45.8037,74.0031
226.3783,50.6013,45.8962,72.6784
225.2059,51.3087,46.3856,71.2636
225.2966,49.7564,46.2042,70.6835
225.7721,49.2468,45.2532,71.7027
224.9162,49.4802,45.1350,71.2358
223.9502,47.9279,45.2460,70.6983
222.4915,46.1845,44.5336,72.3704
223.0778,44.2197,43.3611,74.4721
222.5401,35.5583,42.5970,75.2402
221.0609,30.6274,41.8798,75.9130
211.6344,47.4969,40.5417,78.8848
207.5123,45.6726,39.5043,82.5335
207.9610,45.3106,38.6070,85.1493
204.9957,45.6698,38.7951,86.3450
204.9929,43.8242,38.8006,88.1014
202.8302,45.8351,39.2053,89.9608
202.6666,39.0598,39.5325,91.5445
200.6538,49.4876,39.5116,92.9439
198.4743,51.6762,39.7846,94.6957
195.0382,51.2149,40.4372,95.6183
192.8201,46.2383,40.6772,97.1791
190.6988,46.3906,40.6702,98.9994
186.2318,48.4889,40.9999,99.1049
183.6238,50.6821,41.8992,99.0354
178.9590,50.5353,42.5353,99.3291
173.6143,58.2310,44.4692,97.0708
162.8878,60.5523,48.4009,92.4281
160.0168,61.5183,51.9524,88.3057
153.2763,63.1030,54.4825,85.1363
151.9400,61.8159,54.9698,85.5251
150.7312,63.9617,57.3874,83.4329
147.8694,65.9182,58.6947,81.7281
146.6561,68.2546,58.9173,81.4631
143.8972,70.9313,60.0280,80.5169
141.7863,71.8574,59.8349,80.8720
138.7416,72.2944,59.2954,82.2077
137.0338,75.2053,60.4899,80.8281
134.4520,76.6336,61.2140,80.1911
132.4459,79.0289,60.7827,79.8442
127.8827,81.9784,61.0709,78.3642
125.0212,83.8611,62.4108,76.7904
120.1472,85.4262,63.4020,75.8494
118.1519,88.6886,63.0111,75.8969
115.1266,89.4597,60.3210,78.7250
114.0947,91.0809,60.1998,77.6676
111.4808,96.7902,61.0941,74.9160
110.3795,94.8028,61.1576,74.6125
109.8184,94.5300,60.1443,75.1582
105.6828,97.0802,62.0331,72.1853
102.6361,100.2644,63.9022,70.0411
101.2456,105.3146,64.5743,68.3759
101.2369,106.7615,64.5917,67.5757
98.6767,113.7860,65.5497,66.0141
97.3057,113.0236,66.2198,65.4669
96.3005,117.4344,66.1564,64.9405
95.3921,120.6670,65.9088,64.6688
94.6516,121.5217,65.3334,65.0158
93.7992,124.2839,64.9854,65.6497
98.6922,125.3519,65.4856,65.5710
101.2092,128.1194,64.5795,66.2274
103.5775,133.2293,63.9627,66.3072
110.1311,131.1862,63.1639,66.2907
110.8410,132.3269,61.7441,66.0477
114.1693,134.5666,61.1240,65.5928
120.8301,130.2387,59.7738,66.2676
123.9990,127.8544,57.4045,69.0520
126.3022,127.1401,56.7767,70.4806
128.4993,123.6737,54.3838,73.4111
135.6736,117.4929,54.0837,73.7311
135.6781,117.4071,54.0746,73.9027
136.2220,117.7948,54.9962,73.1272
137.9548,118.1876,55.5558,72.3416
143.9595,118.2169,57.6149,70.2732
149.9758,114.0899,57.6516,70.4813
158.6856,90.7432,58.3696,68.8071
172.8106,91.6410,54.1329,73.0149
180.5322,88.8620,50.6706,76.5760
169.7115,88.2588,48.3901,79.7759
189.2342,57.0833,45.4020,84.0348
190.9128,76.2521,46.0758,83.9926
196.1143,71.5351,45.8050,85.3209
196.0072,70.5940,46.0194,85.1617
199.9518,68.8708,46.3010,84.5227
199.0999,64.4358,45.9666,85.2401
202.6815,65.7109,44.9324,86.7760
201.9175,61.5497,44.4125,88.9549
202.8693,58.0387,44.5798,89.7645
207.3524,59.8663,46.0412,88.1948
232.0346,49.1442,46.7824,88.7617
235.6264,51.4440,48.0339,88.3797
233.5844,54.0293,47.8686,89.5830
233.4015,58.9880,48.2345,90.3633
233.7051,55.0320,47.6273,91.8033
239.4908,78.5417,49.0642,90.3127
238.8391,72.3785,50.3676,89.6146
237.3055,72.9596,51.2521,88.4524
240.8096,74.9946,50.7853,88.7433
239.8522,76.1201,50.5233,88.6693
242.1210,78.0300,50.3283,89.1921
243.2240,76.5434,50.2980,89.9896
244.5971,83.3191,51.9260,89.5602
242.4592,77.0526,51.7851,91.0516
241.0470,79.1502,52.3813,91.3125
237.5104,52.5062,52.7285,90.7916
230.8537,53.8979,52.6007,90.2485
228.5729,51.8442,52.7023,89.8959
231.8054,60.7887,52.9167,89.8186
204.9437,98.9864,50.9165,91.4363
206.0370,96.0263,48.7300,92.9185
204.8212,95.0494,46.7547,94.8723
204.2824,86.1394,45.6345,97.3068
208.5596,112.9613,43.7220,101.2262
212.0212,133.5998,43.5107,102.4578
211.9633,139.0005,43.6264,102.9132
211.9653,136.4785,43.6225,103.4371
212.2183,133.5494,43.1164,104.7603
211.8821,138.5790,43.7889,103.8117
212.3442,138.6229,45.1405,101.4480
211.6486,139.6338,46.5318,99.4261
211.1262,139.3840,47.5766,97.6652
211.9226,143.4494,48.2367,96.2935
210.4249,143.0149,48.9876,94.9181
209.7866,145.4142,50.2643,92.3567
210.1414,147.0759,51.7762,89.0332
208.8158,146.6520,52.2293,87.6830
210.1825,149.2226,51.6815,86.9131
210.3388,148.3663,51.3690,86.4608
209.8723,149.3667,52.3019,84.4600
209.6965,149.9913,52.6535,83.2107
209.8251,150.0550,52.3962,83.0833
205.1042,148.0095,51.2390,85.0546
204.2251,132.7541,50.8675,85.7485
201.0479,127.1977,50.8204,86.1921
195.2497,118.7496,49.5791,88.1109
194.1682,120.7382,49.5952,88.4278
193.8699,110.6582,48.0397,91.3720
187.7195,102.1508,47.3278,93.2052
186.7141,101.7519,47.1551,94.0030
185.7061,94.8766,46.9791,94.6008
185.3654,97.0434,45.4626,96.8608
184.6001,93.3857,44.7887,97.5628
183.1160,91.3210,43.3510,99.4892
188.0202,88.0910,42.3650,101.5381
186.7359,86.1863,42.7159,103.1297
190.5055,83.3243,44.1646,104.3597
188.5115,78.6767,45.8622,104.4931
194.9883,110.3164,44.5204,108.5621
193.5027,117.6050,45.1342,110.4870
191.7477,119.6148,46.2480,111.2595
190.4143,115.0450,46.4879,113.1179
189.1003,112.6242,46.6578,115.5015
187.8034,107.9572,46.7560,117.3489
183.3815,112.7049,48.0283,117.9490
179.8093,110.4889,50.0624,117.2706
176.6639,113.3446,51.1901,116.7221
175.2393,109.2133,51.4459,117.2044
175.1203,113.0337,51.6838,117.3785
172.3710,109.4841,51.9591,116.6426
170.9713,108.4221,52.1527,116.1608
108.9294,40.9022,53.9308,113.2814
100.2121,36.1875,55.8166,109.7535
99.9225,35.8413,56.3958,107.8732
96.6184,32.3445,57.8942,104.6472
93.9026,30.4123,60.7927,100.9121
91.1763,32.1867,63.7184,97.3634
89.3673,31.3853,64.8136,96.4433
87.7065,30.3208,65.6078,96.0450
84.7662,29.4066,66.4197,95.3391
82.2201,30.0811,66.4375,93.9901
72.4364,32.9775,68.3853,90.7144
70.9914,34.6868,68.7759,87.2957
69.3032,37.4447,69.6989,84.2334
66.8017,38.4757,69.8591,82.1715
63.0771,40.2108,70.1316,81.0935
61.6283,41.3711,70.6492,78.7729
59.4781,45.2109,72.5973,75.7977
56.5577,47.3051,73.7645,73.9462
54.9396,53.0059,74.6746,71.8491
53.0338,54.0143,76.1789,69.8324
53.8621,55.8851,76.8212,68.3897
55.3004,56.9316,76.2304,68.5824
58.0940,60.3457,75.2027,68.5933
58.4390,61.6586,74.5125,68.2315
58.6871,62.7900,74.0165,68.2160
65.0959,68.1578,72.3959,68.6775
68.9562,68.1725,69.1180,70.8696
70.8449,69.5360,67.5452,70.3470
75.6028,69.7035,66.7150,70.0122
81.1952,72.2091,64.1425,71.4600
86.2022,69.2566,62.6672,73.0956
86.6279,70.1800,61.8158,73.3852
90.4960,73.2315,62.5883,71.5365
95.0479,71.4534,61.9288,72.9819
95.8565,66.5862,62.4344,74.2250
95.5092,62.6114,63.1288,75.7243
97.1737,57.5761,64.1687,77.0572
103.0583,70.0970,63.5080,78.6760
107.3569,73.7890,63.8546,77.9998
107.1590,77.6224,64.2504,77.0263
107.3393,78.5363,66.1124,75.1985
107.4418,80.7429,68.1315,73.0095
107.7240,83.8236,69.7896,71.2930
111.4737,84.6758,71.1771,69.5885
113.1901,86.5546,72.1779,68.0477
114.9565,88.5879,73.0611,66.1891
117.8619,92.6065,73.8271,64.7287
121.8413,94.1859,74.5915,63.7507
122.4256,96.0752,75.5998,62.1489
128.3952,96.6828,76.6607,60.9339
133.3233,97.1409,77.6210,60.0176
138.4871,98.2554,78.1088,59.9518
137.3456,100.3556,78.2224,60.0902
140.7160,99.9811,78.0020,60.8394
146.7973,102.5987,78.9332,59.9686
149.9862,103.9698,79.1025,59.4088
151.0940,108.9184,79.0626,58.2146
153.5068,112.3058,78.5482,57.9068
165.5319,113.4303,78.0682,57.8004
172.8885,113.7130,78.2907,57.2350
169.5895,113.9409,78.5055,56.7791
171.4177,115.3621,79.0962,56.0604
176.3762,116.8379,79.7827,55.2296
176.0868,116.1744,80.3615,54.4392
178.9385,121.5998,80.9971,54.1535
178.2191,123.1254,80.3181,55.3378
183.2045,128.2163,80.9836,55.7922
182.8153,141.0522,79.6172,58.0028
182.9248,137.2865,79.3982,59.0525
182.4253,101.9722,71.6994,66.6226
186.2879,97.0932,66.1521,72.0247
192.5602,95.4634,62.3097,75.2843
190.9346,92.7180,61.2320,76.4463
192.5867,97.4729,60.0926,77.7607
196.5048,97.7628,58.7558,79.3474
193.4758,97.7593,58.3074,79.3544
194.9313,93.2244,57.5579,79.7780
190.2226,89.7717,56.1970,82.3721
191.2816,89.6510,56.2513,82.6134
191.0056,94.1899,56.8034,82.2434
193.3369,99.5697,58.6824,80.2061
191.2936,90.8943,58.4076,80.1116
193.2720,91.1575,58.8002,79.5853
190.9719,97.9901,59.0541,78.9589
186.8118,95.8531,60.8710,76.7296
189.3174,96.6020,62.3499,75.2318
190.4670,92.1904,62.2150,75.3980
224.1887,72.1254,64.0402,74.3997
218.6340,64.2718,66.4351,72.6778
222.2479,60.4832,65.7779,73.6845
213.6283,57.1574,65.4541,73.7499
211.7887,56.8612,64.7509,74.3423
216.3729,48.2501,62.1500,76.2406
216.3367,46.3713,60.0457,77.8216
215.2732,53.0160,60.0061,77.5320
214.4725,53.8573,59.4460,78.0109
198.5251,55.6136,61.1044,76.6579
196.5856,53.3262,60.6513,76.9007
192.1402,54.4366,58.7304,79.0047
190.2126,53.6217,56.0961,82.7976
185.4771,52.5072,54.6811,85.0266
185.5124,29.1912,52.4234,87.9164
173.0344,49.5064,53.2637,86.7482
164.5127,55.6711,52.7944,87.5533
155.4871,58.3031,53.3000,86.6757
151.4776,56.4115,52.5646,88.2703
149.3616,58.7326,54.5965,85.8280
143.9135,59.0855,56.7021,82.9246
143.2602,52.9045,58.0086,82.1518
141.1035,53.8186,57.9238,82.5226
137.9326,53.4089,57.6559,83.3420
134.7307,52.8724,57.4261,84.4150
133.3858,52.7707,57.8922,84.6184
131.3076,51.0673,57.5800,85.7908
129.9894,46.3546,57.9695,86.2288
128.9557,43.6963,57.7769,87.0257
126.8153,43.2716,57.5203,87.8750
126.1181,42.2471,56.6376,89.9239
125.0240,42.8584,56.5327,90.9945
123.4012,40.5019,57.4710,91.0927
121.3395,42.3023,59.2698,89.8165
