1
161.0614,60.4967,49.2389,170.3939
163.3421,62.3647,53.3425,170.1693
162.0942,60.9857,56.5398,170.8845
163.0808,62.3028,60.4557,170.9332
161.4603,59.9548,63.9083,171.2459
160.0196,57.3198,64.0430,171.9434
160.1725,58.2364,64.5897,171.9772
155.7458,49.3137,61.7692,174.7561
151.7207,50.1446,62.0720,175.2718
147.5546,46.9257,60.8143,177.4023
141.8775,47.0944,62.4192,178.2591
137.1966,47.4811,63.4782,177.3116
146.7506,46.4433,59.4373,176.6865
142.1817,48.4029,57.1258,176.5980
137.7354,47.1272,57.6816,176.1530
133.4303,48.5160,58.0429,174.1302
142.1261,48.4487,54.8792,173.6575
137.9712,50.3270,53.1019,172.4497
133.7370,49.4177,53.8672,171.3580
141.6004,52.3156,51.6388,169.6734
137.3509,50.2636,51.1101,169.9495
143.7948,54.8459,50.1747,167.0058
139.2679,53.5586,50.0833,166.6648
147.5049,56.3027,51.0000,163.7364
143.7817,56.0464,50.8209,162.4957
148.5190,56.7811,51.5136,161.7923
145.4860,57.4552,51.5931,161.6693
147.4537,60.7436,50.6322,159.7542
144.2994,60.0631,50.4090,157.9226
141.7140,61.2630,49.7559,156.5940
147.2242,65.3211,48.6532,154.9777
143.2404,65.2514,48.9728,153.3969
144.1651,65.7184,49.1505,152.9630
140.1594,68.3254,50.6604,150.9923
139.4803,68.4361,51.2863,150.1242
135.9955,69.7183,52.3933,148.5969
136.4660,69.4177,53.0250,148.0925
135.3488,69.6494,55.0546,147.5775
134.5198,69.2778,56.4112,147.2446
129.4329,73.1542,57.9706,145.2651
131.0350,74.0820,59.1411,143.2767
128.7284,76.0037,59.6871,142.9373
129.4944,76.2454,60.4407,141.4061
131.2699,75.2725,59.4087,140.8416
132.0134,75.4903,58.9796,140.9848
128.0965,75.2446,59.8736,141.4328
130.6342,75.7456,59.7885,141.0430
129.1051,77.1972,59.8382,140.1711
135.4111,75.7574,58.9483,140.3222
140.4681,76.0444,57.8872,142.1145
137.9056,75.5564,57.8245,142.0222
144.8687,75.0655,56.1055,143.3438
144.5550,74.4283,55.6509,143.5635
147.8736,75.7308,57.1446,143.2346
149.4331,76.1627,58.0265,143.1835
145.1929,76.3808,58.2389,143.7279
143.0448,73.9280,58.5587,145.3573
153.4650,74.3022,60.4544,145.9288
151.8348,73.5798,61.2354,147.5240
160.4029,69.2947,62.1260,148.4561
163.1939,72.1326,63.1324,149.5294
167.6629,72.9607,64.5496,151.7048
165.8593,73.2004,66.2937,152.1263
168.1825,70.6074,67.7335,154.3455
169.0085,70.5396,68.4658,153.8195
172.6034,72.8936,69.5654,154.3518
172.2730,73.3127,70.6581,154.5485
178.7874,73.2627,70.2274,155.3032
179.6142,73.7893,69.8894,155.9680
180.2713,74.2580,71.7178,154.1676
179.0816,73.2710,73.1529,153.8479
178.5956,73.3819,73.8117,156.8247
178.3136,73.7875,74.8507,158.0094
186.6274,72.5210,75.2119,159.8288
185.2553,73.0178,76.2205,161.0323
186.6776,70.5456,76.6143,161.8497
188.7112,70.6170,76.5637,163.6054
203.4976,64.0978,72.8866,166.3582
206.3055,66.3640,70.8105,167.8880
204.0151,60.5687,69.4221,170.3918
201.3874,58.6641,69.3794,171.8355
213.3674,55.9911,66.6985,175.1926
209.7929,52.7895,65.8639,176.3339
207.6091,53.7478,65.8168,176.2315
205.1979,52.7866,65.8362,176.0704
214.2247,44.7751,63.0473,180.3052
211.1085,48.1762,62.4074,182.5515
209.1643,47.4322,61.9100,182.8564
215.6189,48.4545,60.4332,181.4368
212.3783,50.1591,59.8588,180.2552
208.5587,49.5493,59.9580,180.2690
213.5348,57.8567,59.3037,175.7177
215.4572,57.0947,58.4917,173.2582
208.9928,63.7843,60.7134,169.2358
212.6809,65.3627,61.8976,165.3367
202.3435,72.7214,65.8137,158.8833
202.7648,73.0038,68.8165,155.2386
201.4812,78.1216,74.0430,147.9150
201.8921,80.7660,77.4302,143.0684
196.7758,86.4929,80.5039,137.3484
196.7399,89.3509,80.7140,134.4979
191.2298,92.7272,82.3655,131.8056
190.0822,95.0425,84.1390,130.1445
181.8067,96.4485,91.5055,126.5852
177.9129,98.6236,97.1573,123.6456
176.1274,101.1130,102.5276,122.6980
168.4165,98.6179,109.8451,121.4209
170.4292,98.5349,109.7988,122.1043
170.3985,99.5676,107.8765,122.3102
171.5107,99.2013,107.5982,122.9008
178.7360,95.2293,107.3907,124.5180
180.0024,95.3762,106.7629,124.2448
175.2783,92.6144,106.6118,124.0633
179.9942,93.6924,102.8115,124.2325
188.2111,91.4746,100.3111,127.9128
194.2990,87.7804,96.0053,132.7507
199.5958,86.4134,93.5111,134.5695
202.0946,85.7776,91.0645,132.7669
195.4483,86.9071,89.1426,130.4782
183.5748,80.5935,84.6395,132.9812
177.3195,77.0953,79.4544,135.1193
166.2190,63.9654,77.0207,137.1951
158.1173,50.1482,77.9932,133.7903
148.6623,40.6459,75.8934,134.7919
146.7207,31.1739,73.0493,136.8676
145.7842,28.3378,73.0877,137.6954
148.4813,21.7666,72.9285,138.4069
147.7375,26.1143,72.8719,138.2321
142.2699,25.3018,70.3341,136.8080
139.7953,25.5512,69.8232,136.8747
143.2141,22.7755,68.0417,138.5368
146.1049,19.3329,67.9807,139.7136
144.1900,22.7942,67.3536,141.0036
150.4817,31.3273,66.5139,139.6431
146.8502,29.6100,66.2982,138.6045
155.4897,25.1789,64.3916,140.6576
163.8681,28.9107,61.7724,142.3847
170.5094,30.9961,60.4109,140.8509
172.2296,43.4193,61.0875,137.8335
179.2755,58.1631,63.4275,132.2153
187.2651,73.8286,66.9203,127.1704
197.5050,78.6132,67.1372,128.7175
196.9600,79.0466,68.4123,130.2536
208.5438,80.5123,66.8543,132.4469
220.1401,79.5684,64.8440,132.2278
228.6982,79.5691,64.1088,134.5853
234.0445,80.4457,63.0086,134.8291
232.0349,77.6226,63.3282,134.9085
236.9531,81.3914,63.0581,135.2152
242.5332,78.4643,63.4549,133.6506
248.6521,80.8282,63.6433,132.8572
244.9812,78.8213,61.3111,132.9949
241.7610,83.5158,59.9476,132.3938
239.7276,80.9591,61.2457,132.3824
238.3093,79.0983,61.9473,134.3787
244.3896,81.1829,61.1197,134.9973
242.6670,80.6318,61.3889,134.9171
245.0383,81.6479,60.8624,135.3203
243.0932,81.9970,60.7957,134.4813
239.6008,78.9255,60.9195,135.2726
243.0348,81.2337,61.0327,137.0437
239.0629,79.6617,61.8923,137.9842
239.4688,79.9563,62.7402,139.5927
236.1871,77.7186,65.9893,139.6961
235.1074,73.7015,66.8668,143.1946
221.8625,74.2233,67.5928,145.4271
206.6893,68.7593,68.0205,144.3878
204.6290,64.1816,67.8127,146.5698
194.0372,61.9148,68.8307,148.9301
184.2550,63.9733,70.0477,150.2960
183.6499,58.1869,70.0436,154.4072
181.1058,60.0724,68.1216,157.2467
176.3831,62.3093,67.2807,158.7985
171.0765,67.5840,65.8596,159.9146
167.2460,65.5721,65.6944,157.9529
171.2725,71.3290,66.7639,156.4268
170.7160,72.9624,70.1609,153.7666
168.4693,74.2794,71.7072,153.0907
166.9710,80.7713,72.4306,152.0610
163.9243,81.8602,74.6153,150.5175
162.8764,81.1868,75.3325,149.1659
160.8596,85.8841,75.5646,146.8504
160.1950,87.8922,78.0328,143.9660
155.9313,90.6385,80.2428,141.9030
154.1219,92.4364,80.9495,140.2389
155.7408,95.9803,82.8962,138.7437
151.6317,98.8628,85.6582,136.3950
148.1944,101.8411,88.8931,134.1523
147.3617,104.1537,92.2020,133.0376
151.1103,101.4617,95.5942,131.6376
154.1317,102.8005,96.4545,131.3939
158.3458,102.7396,96.8870,130.2988
155.1149,102.9489,96.5175,129.5132
168.3367,100.1733,94.9507,131.9616
170.8148,94.9181,93.5103,133.5108
172.2129,91.0344,93.1050,134.8954
174.1430,89.9937,93.1959,135.2290
178.7211,89.4156,92.3529,136.0921
178.4314,89.0406,90.8870,137.3085
177.4623,90.7654,90.5255,137.9768
174.3875,91.8792,90.9655,138.9991
174.3769,90.3737,91.7746,139.8235
175.3952,92.0611,94.1119,140.6557
177.6334,91.2786,97.4273,143.3703
177.4322,87.4224,101.5218,145.2339
178.4153,83.4995,104.9128,146.9694
179.8228,81.1786,107.4152,149.4528
177.6209,79.3860,111.2631,151.0194
178.3697,79.6450,116.3999,151.4497
178.4323,80.0342,120.7813,152.4111
183.5866,74.3646,124.5057,154.7165
187.3949,76.8278,125.1243,156.4140
193.4205,68.3386,122.5482,159.7022
189.5018,66.8989,121.9249,163.4837
197.3408,64.6626,118.0685,166.1059
195.7093,62.6949,116.3939,167.7989
192.5104,60.7763,114.9496,167.9484
193.0036,59.0646,112.8619,167.3262
183.4400,51.5260,113.6965,166.5394
186.7989,54.8834,115.2157,162.3768
187.1270,55.9870,117.0087,158.3238
181.3933,57.9387,115.2013,155.2584
175.6100,55.5170,115.7530,151.4153
172.7210,56.8375,115.5601,149.4122
168.8166,57.3014,113.7389,148.0972
167.3459,58.9021,113.2136,146.3029
175.3656,59.5448,112.1531,146.5164
178.5179,56.7343,112.4881,145.3131
179.7150,60.5347,112.8031,143.2043
175.6181,63.1285,115.4767,138.1109
170.2302,64.0987,116.2944,134.1558
188.4861,74.6061,116.7785,134.4539
189.5050,71.6771,116.4170,135.3790
188.9362,75.7554,116.6879,135.6835
194.4156,78.8997,114.9450,138.8377
196.2005,78.3379,114.5823,139.3116
197.7331,79.2028,116.4670,139.4120
199.9396,80.5919,117.5763,140.1133
206.2068,82.3395,116.0440,141.8153
206.1661,84.9250,114.6720,143.6845
201.7001,84.4904,114.1346,144.2840
196.5646,85.2817,113.2426,142.8163
204.4556,85.8806,110.4585,143.1344
199.6870,84.7287,109.1302,143.7291
196.9677,82.3659,109.3561,144.7167
195.2998,84.4810,108.5175,143.8349
197.7506,86.3011,105.9366,144.4380
200.1722,83.1036,105.2625,145.9426
202.9833,82.8193,102.8165,146.6669
199.1331,85.3553,98.3249,146.6486
196.6162,83.7047,92.9932,147.3277
194.1477,81.6847,88.3047,148.8168
197.1414,79.8183,86.4357,149.5397
199.3720,78.6162,82.5187,150.6147
198.2045,76.2811,80.2512,150.8102
199.3831,76.4118,80.2564,151.6900
195.6240,74.0566,78.7220,152.1617
194.4810,71.8862,78.8409,153.5205
194.1259,73.2285,78.6336,155.2673
195.9505,71.0725,76.4219,156.5734
190.5862,70.1802,72.1488,156.8954
187.4304,69.8833,71.4241,156.3048
179.4871,63.5620,71.6189,156.9545
183.6710,64.4152,71.5463,157.6848
191.9159,64.4610,70.6874,159.1623
193.9906,63.5551,68.8776,160.5081
190.9201,64.2115,68.1662,158.8506
189.4565,57.9422,69.5740,156.5864
191.3152,62.9697,68.4365,154.3299
192.7390,63.7670,68.7390,158.2260
187.8257,61.9914,68.0010,159.1338
193.1527,68.4349,67.0279,158.1590
194.3926,69.2879,66.6860,157.5762
192.9105,73.4972,66.8107,157.0752
194.3170,72.7787,67.0844,155.8116
197.3394,75.1837,66.2625,154.6177
197.7544,82.7138,66.6182,153.0150
194.6917,79.7607,65.3722,150.9960
196.1445,85.1298,65.9413,149.4968
194.4639,81.5891,65.1358,148.4787
196.5470,83.9936,66.3056,147.2319
199.4902,84.8385,65.8058,145.1460
200.7481,89.7627,64.5939,143.8115
200.8901,88.1250,66.5868,142.7345
196.4374,88.8172,68.5889,142.6890
193.5363,86.8787,71.2142,143.1020
194.2285,86.4266,71.6064,143.8051
198.0406,85.8529,71.9062,144.6633
189.4368,84.1699,72.3159,144.2432
192.3441,81.4610,70.4005,146.0686
199.2166,80.2990,69.4025,147.2680
200.8806,79.3789,70.0491,147.6242
202.4672,79.5739,69.5124,148.4205
200.3308,78.8928,70.2824,148.9318
202.6593,77.9346,74.1834,148.6939
203.5419,77.4309,76.6167,149.2576
204.6651,76.2234,78.2813,150.0000
207.8311,74.8118,79.6655,150.2919
207.3419,73.0733,79.9745,152.9855
207.3542,70.8835,79.0406,155.2746
209.2358,70.2102,77.9735,156.3156
209.0320,68.8554,77.0465,157.1911
212.1989,71.4577,74.8966,158.2495
212.0399,63.2681,72.0070,162.2749
207.9626,61.8297,69.2339,165.1002
202.9575,63.3005,66.5958,166.2142
210.1046,64.5563,66.1015,165.3345
209.1426,63.8858,66.0483,165.3663
203.9246,63.7351,66.4566,165.8645
211.2977,63.4228,66.5467,165.8451
206.8319,58.9086,66.1970,167.4302
203.9401,55.8627,66.8250,170.2837
213.7438,58.0995,65.2644,169.2266
218.2010,56.3969,64.6284,171.1686
212.5764,56.5574,63.4282,171.5556
209.3989,56.7653,63.8836,171.5204
217.0591,56.7645,61.8909,171.1122
212.4060,57.8026,62.6747,171.9344
214.7979,58.2395,62.5650,170.9713
214.3927,63.5518,62.7090,167.9271
212.9494,66.5740,64.0903,165.9539
213.7315,67.7484,65.0309,164.9068
207.7058,66.2213,66.4629,165.3592
204.8988,69.2949,66.3637,164.3796
203.6849,68.2282,67.4721,164.5084
202.2106,70.0084,66.5748,165.7236
199.3122,69.9877,67.4591,166.1046
202.9131,71.7632,68.9205,163.6625
204.0033,71.6628,70.0393,162.4902
200.9231,74.5227,70.3881,162.2807
203.1223,74.0975,70.3457,160.8413
203.3051,74.8751,70.9925,158.7454
201.9445,77.0729,70.7300,159.5359
203.5341,77.3807,71.1896,157.7068
202.2815,78.9749,72.6835,156.8392
201.0311,79.7406,76.3340,155.8401
201.2548,80.2603,79.7468,154.4280
202.0432,80.2791,81.7030,154.6908
205.8668,78.1290,82.1641,155.6657
203.5382,78.5784,83.4890,156.7162
213.5561,72.3047,84.8633,159.5757
211.9109,71.0897,85.9536,161.5972
217.7561,68.9725,87.1453,163.6727
220.3595,70.2803,88.3541,165.1211
224.6978,66.5649,88.9460,166.8660
226.2432,65.6873,89.7146,167.7621
230.2746,69.5000,90.8335,165.9722
231.1843,72.5169,91.6928,164.8889
233.4206,72.3488,91.1688,165.3782
229.9275,77.4998,89.5987,166.1561
226.7480,85.9969,88.7381,163.1351
234.6531,87.7377,85.6670,160.8459
242.2524,87.8771,82.6832,159.6645
240.6820,89.0131,80.4888,158.6751
239.8170,97.6493,79.8456,155.9330
250.9634,87.9441,76.7644,158.2959
248.4075,90.6275,75.7132,159.7601
245.3686,98.1233,74.7108,157.7196
255.5246,97.1402,71.0189,156.3336
253.0027,102.7691,69.1081,153.1644
259.0730,104.7741,65.5154,149.9824
256.1397,105.4921,62.4389,149.5090
252.7404,105.1480,60.0386,148.4583
250.3352,100.9751,59.0681,148.4585
248.0664,101.8629,59.6803,148.4535
245.4299,99.3349,59.1920,148.2564
242.6792,95.0818,58.1725,150.6586
243.1011,77.2141,55.6026,159.7449
241.0075,56.3054,55.1533,170.8093
236.4390,50.8691,56.9073,174.9531
231.5736,49.7656,58.8237,176.8497
223.9689,49.9695,60.7822,183.5407
214.1272,46.9549,63.8137,187.8775
204.0006,44.9818,68.4297,188.9944
195.0506,44.9084,72.7482,190.5585
189.6562,47.9919,78.6000,189.2589
177.9012,46.4780,84.2406,188.4647
173.3395,44.6647,87.7754,189.7067
166.2242,44.2440,92.6356,188.2284
164.8026,42.4919,97.0644,184.6951
165.7521,42.0142,99.2662,180.8270
158.7962,46.6968,98.9994,179.7191
160.0667,47.4074,99.1448,179.9099
149.1185,49.2189,105.5674,176.2459
145.8280,54.9262,104.8080,175.6880
142.5674,57.1333,106.9091,171.6999
140.5092,65.3036,105.7378,169.6652
138.2469,62.3656,104.5239,167.6862
134.8696,66.2485,104.3602,164.0127
129.3729,56.8185,102.5629,165.5992
126.9668,57.0027,102.7014,167.3472
124.8833,58.6885,100.8974,165.5778
122.6617,62.1080,99.4823,166.7479
128.2356,61.0845,97.4263,167.1657
134.9819,61.2438,101.2089,166.1192
142.4239,66.3251,102.7076,164.8096
145.0437,60.3461,100.8538,163.5363
138.1516,64.2565,101.5344,164.0983
133.0827,62.6651,102.2663,163.3937
128.4702,62.3868,100.8393,164.0027
127.1102,57.7527,99.4588,164.5541
132.5258,56.6849,95.5337,162.6947
135.8523,54.9174,93.6523,159.8668
135.0531,57.0627,92.2947,156.0797
138.9233,55.1399,90.9217,152.7343
137.3545,55.3926,90.8818,151.8730
139.5185,54.7837,90.2123,153.3062
135.4678,50.1780,88.6119,154.9566
135.6000,45.5572,89.5885,150.3984
133.5977,41.2155,89.1920,151.2938
142.5081,41.6375,90.8505,153.8146
142.2467,40.4839,90.5954,155.8255
140.2762,42.1296,85.6127,162.8441
141.5064,42.2323,82.8305,168.5490
140.9116,49.6665,80.8155,173.3523
140.5064,59.0741,77.4762,179.1698
151.8897,56.9084,72.7819,180.7609
150.5141,63.9296,70.4061,179.5397
147.5269,70.3710,69.0533,176.9787
144.9546,72.6940,69.7443,172.9222
152.3136,81.9538,73.0119,165.4250
151.7490,90.0312,76.3551,158.7970
154.1670,94.8061,77.8402,153.4736
153.4916,96.8660,80.7759,150.2559
152.7457,100.0474,84.0917,147.0853
146.9025,102.4864,88.8974,144.8693
143.7085,100.9347,93.1469,143.2879
141.4574,106.9722,97.4069,140.6701
137.1390,105.3796,99.3689,139.1185
135.6598,105.9746,100.5069,137.9626
134.2137,105.6613,101.2111,139.1523
134.9119,104.3837,100.6294,140.3344
134.8987,101.3797,98.4993,141.3887
136.3564,98.8176,96.5792,142.9307
134.8350,95.1917,96.0306,141.8926
130.3710,90.6713,96.1236,141.3189
145.0605,90.4814,89.5738,144.7202
140.2664,86.7984,90.1950,141.6117
145.7095,78.9836,88.5169,137.9172
157.7519,88.7205,84.3713,140.4557
169.8545,89.6752,79.2472,141.0301
171.0933,86.4793,79.7633,141.0011
173.2332,91.3379,79.9682,139.7793
175.8508,95.0778,79.9952,138.8654
177.4881,96.5823,81.7432,137.9004
179.5331,96.9684,85.4739,136.8608
179.4325,99.2535,89.2649,134.4048
178.7086,95.7311,90.1214,134.0556
179.9151,96.1093,88.0803,135.7824
181.7817,94.9175,85.6037,133.7640
183.3158,94.6363,81.2319,134.4644
193.7694,93.5904,75.5092,134.3349
192.5379,89.5214,72.5381,134.8771
205.8001,92.8262,67.7821,135.2369
206.8473,93.0794,65.7208,134.5462
208.0990,93.9206,65.7805,134.2354
220.1651,93.4833,66.0102,134.3064
230.0492,92.4396,67.0836,134.1345
226.9147,86.8512,67.8437,135.9226
231.3297,87.2588,67.5494,136.3542
230.2383,87.3990,68.3283,136.4314
230.6901,83.4998,68.0483,137.3655
230.7101,82.2009,68.0285,138.8389
229.0387,79.1538,67.2064,139.8413
226.3409,76.6260,65.1825,141.7251
224.8764,73.5850,62.7808,142.9148
222.4621,73.4879,60.2500,142.9943
218.7932,77.7146,57.4620,139.6944
213.5586,77.3942,56.3138,137.9930
209.1230,79.1684,55.1555,136.3807
208.2953,84.5366,54.6900,132.6445
202.8100,89.8003,54.7085,128.3768
198.7514,93.2761,53.4826,125.1760
199.8536,94.4932,53.3644,122.1791
199.3776,97.2916,52.7879,120.0376
197.5725,98.2311,53.0615,117.2539
194.8246,102.7799,55.4412,113.7998
193.4264,103.5330,55.3042,112.0688
194.1389,103.3557,55.9303,110.9739
188.4580,104.4027,58.1239,109.5406
188.6102,105.9321,59.4305,107.9756
190.2407,105.8104,60.8566,106.4065
191.5315,103.8851,61.1073,106.8165
191.9392,102.7075,61.1573,106.3982
189.2313,102.6187,60.8624,106.6556
184.3475,102.7024,58.5771,106.6470
180.1215,105.5602,55.3307,106.1583
179.3286,105.1526,53.6794,105.1977
179.4504,105.5346,54.3626,105.2435
180.4642,107.6768,54.5876,104.5738
185.6579,108.1211,54.4033,104.7357
186.1910,108.6215,54.7981,104.4045
186.7569,109.5469,54.5875,104.2877
184.8688,108.7661,54.8960,104.4360
186.5085,109.7686,54.7104,104.5849
185.8172,107.8276,54.8534,104.7618
184.8811,108.5310,54.4055,105.3579
183.7462,109.7011,54.3740,105.3845
184.4989,112.2074,54.7976,104.9842
189.9884,111.0781,55.0426,104.7389
187.7769,113.8036,55.8241,104.3815
192.4993,118.6523,55.2932,101.6369
193.1663,120.6245,55.1023,99.1916
193.1346,124.2040,57.1848,97.0038
191.0914,121.8992,58.1345,96.5462
197.1390,121.9091,57.8668,96.2421
196.3487,123.3274,58.3809,95.8194
195.3326,120.6905,58.5434,96.4131
194.8828,118.0483,58.4509,98.0494
198.4076,117.4216,58.9117,98.6087
197.4446,117.5052,59.6385,100.0039
194.6372,111.6662,60.7391,102.4037
190.5702,107.2366,62.1423,104.6375
189.0357,106.3465,60.9944,107.9163
185.9586,103.3626,61.5601,110.0773
185.3051,100.4231,60.3248,112.6446
184.6549,92.6165,58.9319,115.7833
183.0619,85.5873,56.7249,121.6103
180.0067,79.0462,55.0538,124.8913
174.6132,77.8832,56.1089,125.8336
183.0273,69.4973,51.4573,133.6170
190.2504,74.3000,48.0409,134.5798
186.6116,74.6257,47.6589,134.5543
194.9382,72.0532,46.8871,136.3931
196.4718,73.6384,46.6636,135.3850
198.4006,74.5967,46.2634,135.2062
199.5889,76.2250,49.3870,134.1452
201.8324,75.5038,51.9486,134.8343
203.8332,71.1329,53.3445,137.0200
203.9843,73.9628,58.4597,135.0712
203.1602,71.0252,64.0601,136.2534
203.8680,73.0669,70.9054,135.1130
206.8087,79.3161,77.5676,131.2353
208.7350,78.3359,81.2143,128.3085
210.3364,79.4132,84.9089,124.7346
214.0401,82.5728,89.6755,120.8016
219.1865,79.6959,93.7387,119.5923
222.3626,78.3251,94.8067,119.4605
226.1449,72.9114,94.9933,121.7482
229.4506,68.5715,93.6136,125.9384
238.0136,66.9433,92.6188,129.6850
246.0466,69.6545,91.8317,130.3114
247.3036,68.8044,89.2086,132.0071
249.2236,67.6897,87.0677,134.3960
252.2679,63.4480,84.2318,136.6261
251.9158,61.0148,81.7548,137.4592
249.9024,58.9740,79.8414,137.4393
248.2272,61.7004,80.0936,137.8657
257.2908,58.9157,78.2803,140.4977
261.5900,62.2614,76.7885,137.7656
270.4667,63.7131,75.6225,139.1587
272.2884,64.5686,74.5362,138.4383
271.2768,61.9496,74.9105,141.8556
271.1688,54.6527,74.5342,147.5237
269.0342,51.9673,75.9317,149.6064
266.5540,45.8221,75.8260,151.8753
269.9162,42.9154,73.5315,155.0825
264.9325,39.3542,72.0665,156.7173
262.3188,36.4984,70.6380,158.8004
259.4905,34.9596,68.3539,161.6131
257.9773,35.1393,67.6687,165.0324
255.2061,36.7775,67.4487,168.4819
259.7448,42.7714,66.6979,170.6169
256.1802,47.3180,67.1532,172.5355
253.7758,56.0625,70.1975,170.9718
252.4436,60.3164,73.6435,169.6884
250.3616,64.3751,78.4126,168.1029
246.9137,68.1806,83.5234,167.1240
231.5637,65.5868,90.4066,168.2706
225.9016,67.9458,99.2441,168.3536
214.7477,63.6642,106.1990,171.1479
205.2097,64.1035,112.2646,173.4524
194.9841,62.7884,116.5635,178.5886
190.4695,56.5671,114.8335,186.2026
186.0971,53.2615,111.6853,194.3148
183.3701,53.2650,107.0616,204.7780
179.9380,44.4294,103.6324,214.6017
176.1665,40.5077,104.9505,221.6808
163.8451,37.1733,107.4491,226.0201
152.2878,29.0787,108.5321,232.6622
136.7176,19.5693,107.9218,239.5714
122.9535,23.9900,105.4619,242.9086
112.8802,16.1475,102.1536,248.8238
102.5468,13.3249,98.2759,255.7714
91.6629,12.8479,95.4615,256.2108
83.8024,13.1642,95.4908,256.2177
78.6782,18.5206,96.3498,254.8616
73.1984,26.2478,96.5805,251.9580
68.0274,32.3117,97.4774,246.6863
63.3500,36.1796,98.9478,241.7458
59.6500,42.0885,99.6862,235.9041
55.9107,46.2043,100.9684,229.3683
51.6451,55.4196,101.6771,222.3483
49.2608,62.5715,103.0754,215.2214
45.0482,66.6256,107.5116,209.7749
34.3615,73.5959,114.1467,203.2455
29.1038,79.4788,121.3320,195.6487
29.7643,81.6234,125.6466,190.0098
30.1656,86.5159,126.3666,186.4415
46.3956,86.6216,123.5489,182.2621
51.0708,88.5673,119.7810,179.4095
53.3609,88.7287,117.4714,176.4771
56.6161,91.2321,116.1849,174.3017
55.5821,94.4836,121.1284,166.4371
53.5254,100.0098,124.1982,160.3562
48.6828,99.6040,126.8403,152.9835
44.3563,101.8072,128.4252,147.1580
51.2604,96.5850,127.3083,142.4638
51.4280,103.0330,125.6906,136.9911
55.7859,95.2142,121.6116,135.1631
59.8092,92.4232,119.4296,134.6018
63.3772,89.3390,117.2353,133.5025
68.4806,88.6531,113.6262,133.4401
69.5130,86.5371,112.7840,131.5484
70.2964,88.5335,111.6998,129.3030
75.0339,86.8700,107.8734,127.5604
78.9076,90.1413,104.6136,125.0169
81.7979,88.6730,102.7489,122.2586
83.5474,88.7640,101.1255,120.0279
85.0866,88.5420,100.1350,119.8127
86.2538,88.9105,99.6553,119.7442
89.7963,89.1848,100.4563,118.9385
88.6468,89.6377,99.9444,117.8670
94.6818,88.3396,102.0633,117.0896
95.8493,89.2747,102.6361,117.6543
100.0803,87.7843,98.0878,116.5978
102.3254,88.7991,94.6968,115.8379
104.8355,88.0896,90.9525,115.1636
107.4257,88.7737,87.3876,114.2520
112.1489,92.3928,85.7033,112.6447
105.6540,93.6872,85.3750,110.6703
108.5908,93.5743,85.2545,108.6063
109.5939,95.7078,83.6825,106.3929
114.5179,94.0146,82.3865,106.2871
116.8438,92.3098,80.4252,107.1197
121.0554,87.3957,78.9107,109.6899
124.1889,85.5248,76.6511,112.6137
136.6206,81.9677,73.3118,114.4734
137.8227,82.3291,70.9661,115.4609
137.4730,80.0374,71.1829,116.1367
138.4557,83.4395,70.8157,116.1941
140.3814,83.8648,70.8346,115.1449
138.8163,86.0464,71.0648,114.2468
144.7867,87.6486,73.4307,111.8115
145.7099,89.6283,75.2895,109.5960
148.5846,91.8074,76.5532,107.8932
149.7362,89.6406,77.0872,108.6125
150.4652,91.9658,80.0009,108.0483
149.3244,92.4377,82.5739,107.3248
150.8073,87.8044,85.1350,110.5928
147.5843,87.8227,87.9672,111.9344
142.8799,89.9866,95.4295,112.0691
140.4216,88.8555,100.1514,113.1871
139.3162,88.5247,102.7725,113.1984
138.5252,88.5827,104.5922,113.0564
141.4406,83.8567,103.0692,114.9637
142.9551,82.1346,103.5658,117.2255
138.9521,83.9455,101.5774,119.2681
140.5159,83.2169,100.0385,121.0025
143.9076,78.9496,94.5310,126.5137
