1
40.7957,602.3469,83.3010,55.5258
57.3336,603.4752,79.0586,58.9442
71.1163,608.2887,82.3565,58.2615
101.0249,605.1791,83.4952,60.0728
114.2484,602.7960,84.9038,60.1979
143.1421,597.1579,85.1738,61.3262
157.3044,596.0580,89.6978,59.8967
167.3876,587.5184,86.9781,59.3928
216.2729,592.7021,90.7278,58.1543
266.3336,593.2638,89.2829,60.0939
297.5534,591.2261,89.4570,60.8742
350.3567,593.2989,96.0883,58.2918
362.0040,595.0640,95.4293,60.1163
411.4238,593.8787,97.0663,62.7308
439.6829,591.1593,98.1049,64.9944
454.5266,591.8578,97.9310,67.7567
461.4658,592.4752,95.2793,68.4781
513.7300,592.5159,100.6108,65.5733
546.9647,591.3484,103.8561,63.0687
568.1224,589.9810,108.4098,61.4379
585.9752,591.0946,113.6912,59.1484
600.3221,590.0375,117.2366,57.7570
614.3990,590.2644,118.6275,58.4748
624.8496,583.4717,117.7286,61.2859
636.3736,576.0695,110.2671,70.7721
642.6300,559.3226,103.8877,76.9472
621.4760,583.7273,97.8300,86.9085
595.0723,574.4580,97.0674,87.4196
2
0
0
0
0
1
729.7346,393.9242,83.5709,81.2479
715.9785,388.1579,86.9947,75.9869
702.0708,385.2630,91.7546,70.0298
684.9205,381.8691,96.1295,65.4977
674.6066,380.1636,99.1734,62.8066
677.2379,378.7199,101.3536,60.0235
665.0314,378.9142,102.6712,58.7695
657.5947,379.4422,100.9587,58.3524
651.6195,378.5809,100.9150,59.1297
662.6255,376.6745,104.8965,58.4967
653.1953,376.1183,105.8896,59.3697
663.6200,375.2800,110.9092,58.7129
655.1939,375.7636,115.2691,58.0647
645.8375,378.6046,113.5530,60.3882
630.4913,379.9053,110.1285,63.1166
661.7877,377.0351,111.8999,62.7089
650.2643,379.0285,114.0856,62.2840
689.5753,373.8337,116.4671,61.2203
706.7693,373.5328,124.0590,58.4518
714.7601,373.0800,130.1550,55.5369
711.3699,371.9627,131.1771,55.3227
731.8468,368.9403,131.1317,56.4768
731.7875,368.2778,132.8680,55.7933
733.3035,368.9909,134.9797,54.6863
735.0691,369.8489,137.2504,54.3529
735.6807,370.4351,139.4034,54.5286
736.7390,370.7756,140.7655,55.3465
736.7432,370.8920,142.4331,56.4910
736.2694,369.9056,143.5430,57.8969
735.1733,370.9654,143.4227,59.3851
743.6189,370.1352,145.0839,60.5228
740.6071,368.9644,147.4697,60.8092
738.2146,370.5636,146.3857,62.9476
736.1772,369.6387,147.6190,63.5385
732.9336,369.3789,149.1774,64.0792
726.1140,366.6805,147.3468,66.2754
701.1484,366.0853,149.4796,64.8179
689.2479,366.9296,150.4324,64.2861
652.3763,366.6086,149.5345,64.5764
620.0755,371.7649,145.1171,65.5721
602.6522,372.2608,143.9733,67.0120
582.2795,372.2779,143.6406,67.5032
565.1935,367.5566,139.9920,70.2801
558.9037,356.6933,134.2484,76.9042
560.8201,356.7404,137.1427,78.6498
513.4088,361.7506,141.0468,77.4115
460.7881,362.6302,143.7501,75.4703
421.1082,359.6396,145.9531,74.6591
395.3408,358.8769,152.5070,72.6606
435.4277,357.8715,152.8454,71.7785
436.8710,358.4422,154.8183,69.5712
424.8030,356.9132,156.5450,69.4218
435.3266,356.1377,155.7229,69.9879
370.5999,355.9571,157.9773,70.2545
370.0721,339.3869,156.5902,73.0018
380.1394,345.2310,156.1702,75.2431
405.1201,341.6441,150.8844,80.7521
2
0
0
0
0
1
785.7613,352.0984,100.2291,64.7269
771.6234,351.8776,103.7621,65.6122
735.6389,350.4468,106.3183,67.3658
2
0
0
0
0
1
833.4452,226.1673,69.0746,88.2479
823.3935,223.8105,74.1151,83.4637
820.5155,210.7050,71.7525,77.6782
807.2679,214.5225,79.2883,68.4735
791.8763,217.3375,82.8206,61.3229
784.3631,216.8663,85.4936,55.8487
781.4279,215.5265,88.6271,54.0080
791.5513,213.7273,92.1494,52.2136
799.0593,215.8988,97.0087,49.7352
822.1196,219.5862,102.6243,46.7242
846.4738,221.0663,101.6051,45.9612
877.9702,214.0631,96.4702,48.8411
891.1168,195.5647,88.4941,55.2653
919.0420,182.3464,80.3640,64.9016
925.6857,170.4701,72.4577,75.0215
928.7352,153.1838,68.2419,84.8929
922.5194,133.6479,64.0232,91.4768
924.2393,120.9916,64.9597,91.4541
925.1460,113.7524,65.4625,90.1326
927.0593,104.5327,63.7346,91.8009
929.7589,98.3524,63.4072,94.0947
929.9798,88.8104,70.6349,88.4857
923.5078,92.9463,77.2949,83.0652
889.4499,94.7087,79.5970,80.0694
874.6584,97.5817,84.3798,73.4744
859.4386,100.3548,88.9287,68.3433
846.4576,102.0026,93.0724,62.4758
824.1427,107.5524,97.9048,57.9147
812.9534,108.7326,100.1627,54.2579
808.0319,111.2489,101.5610,51.8060
796.5313,114.3589,102.6281,50.6298
786.0648,114.9286,102.7589,49.5691
765.9371,118.5398,101.1329,49.1515
2
0
0
0
0
1
692.5486,126.0017,85.1482,24.4736
686.5183,125.7125,86.7190,25.0816
681.4899,125.8743,88.0153,25.5268
678.5898,125.6081,88.2622,26.0448
674.0547,125.6321,89.4841,25.9492
663.9590,125.1608,90.0703,26.2292
665.1282,125.5482,90.1276,26.1081
647.1866,126.4787,92.3522,25.8746
633.0756,125.9970,92.1554,25.8263
616.7103,124.3745,93.2478,25.8195
598.0817,123.3812,92.6444,26.2475
584.1097,122.0536,93.2286,26.3293
574.5453,121.6589,94.0394,26.9550
578.4158,121.2199,92.8436,27.6370
