1
168.7132,27.0144,28.0436,59.6088
168.0203,27.1799,29.4294,59.2778
170.8878,25.1741,30.5795,59.1582
171.7663,21.7361,31.6129,59.0583
170.7713,21.3643,32.1915,59.8020
167.4418,21.3528,33.1213,59.8249
162.3202,22.6980,33.2247,60.0316
160.2851,23.0540,32.9349,60.7729
158.2463,24.0985,32.6345,61.6027
154.7334,23.7191,32.3281,62.3615
153.9082,22.6188,32.5062,63.0898
150.1496,22.2228,32.5931,63.8819
150.0850,21.6746,32.7222,64.9781
149.0751,23.1102,33.2247,65.1420
149.0629,26.3650,33.2489,66.2752
149.6176,31.4513,33.6851,68.4672
150.4063,32.2172,35.2782,70.1059
148.5782,32.5942,38.9345,69.3520
146.4602,34.0625,43.1704,68.1037
144.6464,34.3378,46.7980,67.5530
143.1658,36.0444,49.7592,67.7267
141.7117,40.7228,50.8228,69.4384
138.6787,43.3520,51.2241,71.7327
132.2562,45.1509,52.4917,73.9237
116.4487,47.1511,58.3195,71.9068
113.5809,48.9335,64.0551,70.3901
111.9621,48.6058,67.2926,71.0454
114.0775,52.5104,67.4186,74.1281
114.8952,53.1524,65.7832,77.3009
123.0286,61.5872,63.0252,80.6945
132.4452,73.5655,60.0051,83.8463
134.4713,76.0514,58.2105,85.6472
134.4317,79.0433,58.2897,86.4290
133.2731,87.6315,60.6069,85.1301
130.8353,89.7407,63.1956,83.1986
128.3952,92.9728,65.7757,81.3345
126.0134,96.4547,68.2260,78.9976
124.8444,102.2417,70.5639,76.6913
122.6916,107.8787,72.5510,74.6912
121.8957,110.8814,74.1427,73.3232
120.2995,116.1054,75.0129,72.1645
115.1211,125.8782,76.0991,71.1600
114.5805,128.7139,77.1804,70.1261
114.0495,129.0087,78.2424,69.5364
116.1614,129.2431,78.6710,69.0676
117.8097,129.4812,80.0251,68.5915
118.3975,124.2986,81.1883,67.2633
118.8770,126.0326,82.5645,66.1304
118.4846,124.0288,83.3493,65.4620
118.5381,119.3516,83.2422,65.4592
118.7801,116.7818,82.7583,65.9238
120.1403,112.7514,82.3755,66.9716
121.7338,107.2151,81.5372,68.6490
127.0259,100.3649,80.4049,70.5344
127.0490,94.8593,80.3588,72.0429
128.0071,92.9647,80.8418,73.4330
130.0159,93.6311,81.6817,74.5290
137.7454,94.7097,83.4383,74.8312
154.1786,94.2203,82.9616,75.8099
2
0
0
0
0
1
157.3580,100.2766,35.2841,39.2663
156.6726,100.5668,35.4812,38.6859
156.6453,97.8542,35.5358,38.2725
156.2075,97.7699,35.2492,38.4411
156.4156,97.5767,34.8331,38.8276
156.5656,97.2828,34.5331,39.4153
156.7938,99.2733,34.0766,40.0900
156.7788,99.8501,34.1066,40.1035
156.5810,100.5112,34.5023,39.9489
156.7996,101.7148,35.2368,39.8850
156.1057,103.0333,36.6245,39.6129
156.1371,103.6209,37.7621,39.6382
155.6847,102.0371,38.6670,40.3682
151.8573,88.1179,38.8543,42.0704
150.5609,84.4851,38.8988,42.9652
151.7578,84.4828,39.0825,42.9699
155.4335,83.4117,39.4819,42.5285
157.2443,84.1797,39.7343,42.2838
158.6570,86.7138,39.4918,42.3815
159.2850,86.5537,39.5249,42.7017
158.3318,86.3979,38.8420,44.3079
157.3206,85.8827,38.2469,45.3383
156.8000,86.0320,37.9728,46.3548
157.5658,86.0380,37.7677,47.6692
157.5280,86.5764,37.8432,49.2787
157.4182,86.4887,38.0629,50.8231
155.2074,86.2471,38.2961,52.7025
155.4371,85.6280,39.2651,53.9408
168.4507,96.1350,41.0397,53.4124
159.6669,85.7455,42.2808,54.8962
154.3772,86.4494,43.6974,56.5426
154.6183,87.4196,44.7905,57.7528
154.4434,89.4738,46.7520,58.4794
153.2230,87.6500,49.1927,58.8177
152.1897,88.2094,51.2594,59.3982
149.3133,87.9029,53.5293,60.0113
148.3817,87.5596,55.3925,60.6978
146.5583,87.1589,57.2116,61.4993
144.7872,87.5841,58.8846,62.5180
144.2177,86.8732,60.0236,63.9399
143.5210,86.3799,61.4170,64.9263
143.0241,86.8074,62.4107,66.0609
141.5623,86.2253,63.3113,67.2251
141.1299,86.6872,64.1761,68.3567
140.8020,86.2136,64.8321,69.3039
140.5492,85.6587,65.3377,70.4137
140.3154,85.1135,65.8051,71.5040
140.0154,84.7292,66.4051,72.2727
139.8437,84.3032,66.7486,73.1248
140.8161,84.3258,67.0059,73.0795
140.6303,83.0528,67.3776,73.4199
140.5607,82.7491,67.5167,74.0273
140.4358,82.6293,67.7666,74.2670
140.1839,82.3331,68.2703,74.8594
140.0188,82.3020,68.6006,74.9216
139.7333,83.4219,69.1715,74.9413
139.2247,83.4623,70.1887,74.8606
137.9253,84.7586,72.7875,74.5520
136.6415,84.3969,75.3551,72.9550
134.8310,83.3193,76.6406,72.7747
130.7979,81.9023,77.6485,73.2559
132.1173,81.3871,77.3858,71.9101
132.6579,81.2885,78.6553,69.7567
132.3052,82.3618,79.3607,67.6101
134.2845,82.9649,75.4021,68.7166
137.1356,80.0104,69.7000,72.3566
139.6779,77.5726,64.6152,74.9952
141.6096,76.8572,60.7520,76.4259
141.1293,77.3353,59.5558,77.6264
141.2197,77.4036,59.3751,77.4899
142.3774,77.8396,59.2102,76.6178
146.1026,80.2557,60.2983,76.0549
146.3752,82.6204,59.7531,75.6130
146.7914,83.8097,58.9207,75.3624
144.6829,84.1352,58.9162,74.7114
142.1284,84.3487,59.8239,74.2845
141.6360,85.2337,60.8087,74.6233
140.3756,86.1664,61.1995,74.8879
140.5991,86.1400,60.7525,74.9407
140.9032,86.1253,60.1444,74.9700
140.9341,85.9797,60.0824,75.2613
140.9064,86.0081,60.1379,75.2045
141.0352,85.8903,59.8803,75.4402
141.1860,86.8221,59.5786,75.7039
141.2358,87.8669,59.4791,75.7410
139.0996,90.2107,59.5003,75.3047
135.9265,97.6545,59.4886,75.2519
132.7803,97.6237,59.4263,75.3136
131.6434,95.6236,59.5818,75.0772
131.6434,94.5476,59.5819,75.1121
131.6121,94.5620,59.6445,75.0833
131.6561,94.5104,59.5565,75.1866
131.6332,95.6579,59.6024,75.0099
131.6419,95.8555,59.5848,74.6147
131.6042,95.8232,59.6602,74.6793
131.5727,95.6757,59.7233,74.9744
131.5170,94.4334,59.8348,75.3412
131.3948,93.2049,60.0791,75.6729
131.1622,92.1137,60.5443,75.7209
130.8176,91.4116,61.2336,74.9825
130.5896,87.7735,61.6896,73.6891
131.0162,84.7596,60.8362,73.3274
132.2386,84.8458,60.5021,73.1549
132.3559,84.1103,60.2673,72.5235
132.5800,83.3365,59.8193,71.9822
132.8261,82.5318,59.3271,71.5182
133.0677,80.7199,58.8439,71.0254
133.3123,81.0573,58.3546,70.3505
133.4845,80.2332,58.0102,69.9740
133.5458,79.3346,57.8877,69.7580
133.4778,78.5045,58.0236,69.4102
133.3951,74.9917,58.1890,68.4164
133.3083,72.3933,58.3626,67.6368
133.2155,68.6013,58.5483,67.2892
133.1757,65.6831,58.6279,67.1841
133.0149,65.0049,58.9494,66.5604
132.8577,65.2620,59.2639,66.0462
132.2712,68.5583,60.4369,65.3716
133.1802,70.1476,62.5805,64.1738
132.7835,74.3720,63.3740,63.7095
132.0905,74.7863,64.7600,62.8807
132.1768,74.2094,66.5974,62.0245
126.0416,71.2228,68.7416,61.9221
119.8701,70.8315,68.7428,62.7046
117.7055,74.5963,68.9330,63.4531
116.7501,73.8274,68.7594,64.9908
116.0365,72.9278,68.0804,66.7900
115.8807,71.3849,68.3921,67.7520
116.3818,70.2010,69.5338,67.9759
116.3099,69.8309,69.6777,68.7159
115.8439,72.0304,70.6096,68.6759
113.9602,72.3086,72.1837,68.1194
112.1032,73.7353,73.6884,67.4753
109.6276,74.7162,74.1945,67.7359
108.2509,75.6257,74.7134,68.1515
104.8045,77.5305,74.8584,68.8404
105.5776,78.7633,75.5746,68.6374
104.9462,79.2177,76.8375,67.7284
105.2757,79.3572,76.1785,67.4495
107.6332,78.9793,73.7243,68.2053
114.2402,75.8449,69.4490,70.0047
115.6602,73.2514,66.6091,70.7995
116.7734,71.7525,64.3826,71.6336
116.4998,70.6559,62.7887,71.6855
117.1974,70.7637,61.3934,71.4700
117.6591,70.9696,60.4701,71.0582
116.9363,68.1462,59.8460,70.4962
117.1634,68.4401,59.3918,69.9082
117.2509,69.8916,59.2168,69.0398
117.4034,70.2778,58.9119,68.2674
117.4791,71.7262,58.7604,67.3722
117.5474,71.8974,58.6237,67.0296
117.5252,71.1199,58.6683,66.6071
117.5521,71.1436,58.6144,66.5596
117.5575,71.1259,58.6037,66.5950
117.4959,70.2268,58.7267,66.4225
117.3897,70.2373,58.9393,66.4016
118.3383,69.3995,59.0150,66.1041
118.2666,69.3464,59.1584,66.2104
