1
711.8033,231.2354,25.1469,21.2448
713.0234,232.1168,28.0120,18.8802
711.8653,234.8568,30.8436,16.3864
712.0501,234.5976,33.0394,14.7097
712.1573,236.6686,35.0765,13.1278
710.9619,235.9457,36.4273,12.3282
713.0332,237.3891,37.4896,11.3193
713.3475,237.5073,38.7155,10.5969
713.3376,236.4510,38.8110,10.6482
714.3514,237.2761,38.7057,10.4358
715.1634,237.6255,39.3362,10.0651
713.8455,236.4012,39.3790,10.1264
714.6664,237.5536,39.4154,10.0000
714.8047,237.0863,39.9296,10.0000
713.4814,235.7822,40.3774,10.0000
713.7434,237.0276,40.3813,10.0000
712.1173,235.6840,40.5400,10.0000
712.2626,236.2205,40.7398,10.0000
710.6411,236.7493,40.7742,10.0000
709.1177,235.3557,40.6820,10.0611
709.2365,236.6073,40.6982,10.0000
706.4329,235.2966,40.6905,10.0785
706.3550,236.4171,41.0355,10.0000
704.7803,236.6848,41.7287,10.0000
702.2603,236.6543,42.4599,10.0000
701.3444,237.0598,42.7980,10.0000
697.6379,237.2842,43.2225,10.0000
695.2654,237.1225,44.0101,10.0000
693.2970,237.2793,44.5503,10.0000
690.4929,237.1464,44.8953,10.0000
687.7092,237.3443,45.5973,10.0000
683.5073,237.0850,46.2568,10.0000
681.1356,237.2547,46.9954,10.0000
675.5251,237.0608,48.0590,10.0000
671.4193,235.4897,48.4849,10.0000
667.1059,236.8924,49.0627,10.0000
663.3876,237.1225,49.3611,10.0000
658.0878,235.2190,48.7495,10.0209
654.0664,236.4014,48.8754,10.0000
648.3721,234.8451,48.4934,10.0000
644.2469,234.7086,49.0373,10.0000
642.2408,227.0058,46.8641,12.0176
632.4385,233.0203,47.4351,11.7927
623.8179,234.1404,46.8126,11.7208
622.1679,222.5240,46.2120,11.6083
618.7666,231.8896,44.9090,12.4943
629.4720,233.5830,44.9078,11.9261
634.0756,234.8717,46.6341,10.6149
643.5375,235.7803,47.6478,10.0000
651.2346,235.8061,47.7773,10.0000
654.4403,236.4332,48.2093,10.0000
662.7939,237.1476,48.3304,10.0000
668.6866,238.0132,47.5800,10.0000
674.8624,238.4987,48.3504,10.0000
680.8882,239.3914,47.5867,10.0000
685.2189,240.0807,47.5267,10.0000
692.5058,240.7499,47.1574,10.0414
695.2476,241.2382,47.4805,10.0000
701.7877,242.0780,46.9613,10.0517
704.9302,242.3948,46.8954,10.0341
707.7372,242.9230,46.4670,10.1129
713.1314,243.8032,46.0828,10.1765
715.0924,244.4093,46.4208,10.0096
718.6494,244.9864,46.2610,10.0965
719.6623,245.1630,46.2910,10.1423
720.6911,245.5629,46.3872,10.1369
722.8159,245.4047,46.4236,10.2559
723.5168,245.2802,46.1601,10.4525
725.3871,244.9662,46.1568,10.5994
725.0502,244.7651,46.4038,10.5716
725.7932,244.8101,46.4210,10.6178
725.0835,244.6880,46.4570,10.6683
725.0607,244.3105,46.4637,10.7479
724.1585,243.7255,46.5453,10.7688
723.3715,244.2132,46.6614,10.7850
721.5674,243.9134,46.5260,10.8711
720.1667,243.4652,46.4812,10.9215
718.2050,244.1833,46.4759,10.8348
715.6663,243.5812,46.5405,10.7836
713.3268,243.9170,46.6108,10.6036
708.7924,244.3208,46.9845,10.3951
706.7407,243.9344,47.2466,10.1946
701.0366,244.1339,47.8761,10.2449
699.6912,244.5255,47.6802,10.1835
696.4766,245.0241,47.6169,10.1399
690.2331,244.9114,47.8613,10.0000
686.2170,245.5241,47.8671,10.0000
681.7192,245.5634,48.8419,10.0000
674.6739,245.6077,49.6297,10.0000
669.5460,243.5879,49.1369,10.1515
660.4339,245.0614,50.2234,10.0000
655.2520,245.0268,49.6100,10.0000
653.8160,240.3806,47.5409,11.3317
640.0864,245.1525,49.0226,10.5271
634.9175,242.8828,48.6027,10.6177
630.4186,244.4476,49.9449,10.1081
638.0181,245.5895,49.1930,10.2237
645.0847,245.8185,49.6952,10.0000
654.7709,246.1258,50.1948,10.0000
661.7690,246.1312,50.4698,10.0000
666.8216,246.3922,51.6151,10.0000
673.8890,246.9387,51.4397,10.0000
679.6660,247.6208,50.9061,10.0000
688.0732,247.9483,50.6340,10.0000
692.5172,248.4897,50.6001,10.0000
698.2165,249.2269,49.6977,10.1550
701.9748,249.7973,49.4883,10.1409
703.3156,250.1689,50.2546,10.0000
709.7674,249.8195,49.9549,10.1842
713.6663,250.4175,49.3743,10.3573
717.7017,250.3669,48.9747,10.4866
720.0004,250.6500,49.0134,10.4607
721.9114,251.0828,48.9272,10.4923
726.6891,251.7730,48.6732,10.6415
727.6613,251.7406,48.7942,10.8220
730.5573,251.9486,48.4596,11.0702
730.1878,252.2864,48.4863,11.1760
732.7593,252.0685,48.0057,11.4930
732.8449,252.3016,48.0064,11.6187
733.9811,251.8924,47.2278,11.8278
733.6183,251.9611,46.9406,12.1031
732.7674,251.9851,46.7601,12.3329
732.6584,251.6605,46.5604,12.5749
731.2491,252.7750,46.7387,12.5021
731.9786,252.7518,46.9218,12.5605
728.9777,252.5586,47.1727,12.5150
726.3201,252.4025,47.1846,12.5521
724.9791,252.3041,47.4654,12.4020
720.7756,251.8566,47.5797,12.3352
717.6751,251.7240,48.1331,12.1358
711.6129,249.7408,48.8384,12.0034
708.8008,250.9709,49.7267,11.7156
706.0878,251.1100,50.5418,11.4174
702.6205,250.7728,50.9986,11.2766
702.4593,251.4001,52.9811,10.6576
698.3232,251.4087,54.6397,10.3413
689.6132,251.2842,55.5538,10.1772
676.2958,248.6636,55.7044,10.0746
664.0938,248.6876,55.7351,10.0478
660.5095,248.1530,55.6277,10.1089
651.7119,242.3464,54.8448,11.7168
644.1494,244.4236,55.1570,11.6210
636.1049,245.0710,52.9356,12.0651
629.6912,242.3949,53.4551,10.9123
629.7876,243.5256,52.9221,10.9122
635.8904,244.6998,54.5868,10.4635
648.5920,245.5632,54.5793,10.0000
657.7330,246.0306,53.4442,10.0000
665.7084,246.2659,53.1806,10.0000
673.2526,246.9878,51.5336,10.2579
681.1510,248.0430,50.5670,10.3762
686.7501,248.6748,50.1669,10.1515
694.3785,249.7604,49.3186,10.3169
699.3849,250.5369,48.9740,10.3206
703.9491,251.1875,48.6910,10.3375
709.4520,251.6638,47.9005,10.6046
715.0264,252.4529,47.2382,10.7875
718.3366,253.2812,47.3465,10.7004
722.3096,253.6717,47.1773,10.7263
726.1167,253.8904,46.9290,10.8970
730.3169,254.5668,46.7603,10.9741
732.4553,254.7469,46.5296,11.2135
736.7171,254.7551,45.8894,11.5853
737.1205,255.1576,45.4371,11.8966
740.8514,254.1709,43.4764,12.9906
741.3075,255.8255,42.8194,13.5035
743.2125,254.9542,42.2760,13.6944
743.8523,254.9714,41.4351,14.0142
745.3943,256.4604,41.0043,14.4600
746.2897,255.3082,39.8835,14.9353
744.1691,254.5252,39.2495,15.2511
743.1765,256.1135,39.1451,15.3132
741.8071,255.2812,39.4964,15.0941
738.9184,254.9364,39.8073,14.9259
737.8122,255.9041,40.5897,14.5568
736.5927,257.3180,41.4463,14.3959
733.7288,256.4483,42.6128,13.9892
727.9044,256.5428,43.6573,13.6226
724.7861,256.3150,44.5601,13.3890
723.0585,256.0146,45.8178,12.9770
710.9583,274.5351,46.6358,13.0327
2
0
0
0
0
1
673.5306,244.4729,33.8566,31.4613
667.3369,243.5306,36.8817,29.6070
661.5569,243.9583,38.3204,27.0813
650.4999,244.0097,38.2582,26.0119
644.9865,242.4296,34.9645,28.0763
651.8542,241.0000,32.2754,29.5515
659.8721,242.2484,32.5186,27.6332
665.2590,242.6721,32.0787,26.6950
671.7711,243.4538,32.4317,25.2272
676.8563,244.9815,32.1476,24.7607
683.8119,245.7726,33.1283,23.4798
687.4752,246.6001,33.8268,22.3861
690.5706,248.3841,34.5265,21.8521
695.4444,248.9782,34.6412,20.9894
698.5969,250.5517,35.6646,20.2064
702.1309,251.5258,36.6332,19.3288
704.8980,252.3973,36.7872,19.2343
705.6508,252.1715,36.1334,19.9557
709.4306,252.8945,37.0653,19.3987
711.4986,253.2565,37.5905,19.0488
712.8864,254.0743,38.2596,18.6039
714.4603,253.7403,38.8384,18.1640
714.8922,253.8347,39.6057,17.5940
715.8493,254.1543,40.7815,16.7084
717.5516,254.2455,41.7540,16.0597
717.0989,254.9341,43.0678,15.5375
717.9589,254.7569,43.2685,15.3714
718.2559,254.7327,44.6589,14.7403
715.9354,254.0100,46.0519,13.9625
716.1578,253.9539,43.4604,15.9086
716.8506,254.0986,41.4268,17.5715
715.6876,253.9975,39.9521,17.9509
714.2078,252.9336,37.9353,19.1950
712.5051,251.6877,38.9128,18.1445
709.4716,252.4713,40.0510,17.5764
707.5734,253.2054,41.6352,16.5714
704.5148,253.0004,43.2337,15.9496
702.1728,253.1674,42.6159,16.4976
697.6006,252.4710,42.8532,16.4416
695.0388,251.6737,43.1975,16.2913
694.1265,251.5083,42.9975,16.5627
690.2649,249.5913,43.1212,16.4003
689.8711,250.7298,41.5870,17.4423
684.6007,248.3641,39.3714,18.5081
682.7823,248.0232,38.1327,19.6816
687.4879,233.2775,34.5648,22.9958
690.0163,227.0640,31.8951,25.0878
690.6141,224.0309,29.5319,27.6364
687.7393,221.2739,29.2458,28.3224
681.1484,222.1616,29.1589,28.5462
675.5145,223.0374,29.0867,28.6177
670.5270,224.9823,28.8925,28.2068
653.3198,238.9099,32.9321,25.2395
643.2988,242.2858,33.4090,23.2268
642.3658,235.5206,36.0535,20.3819
638.8656,241.8485,36.3826,20.1127
639.1274,242.4751,33.3209,22.9018
644.1290,243.7135,33.5606,23.0889
646.5152,242.4584,33.0673,23.2614
649.6713,241.1540,32.7968,23.8747
653.7654,240.0862,32.9678,23.6262
654.8663,240.6852,32.8612,23.9494
657.3846,241.3577,33.3107,23.8738
659.0863,239.2745,31.5396,25.4079
661.7837,240.9591,33.0335,23.7895
661.9121,241.9601,33.4904,23.0128
663.9881,242.6026,33.7265,22.8749
666.0277,242.1468,32.8295,23.6213
668.8518,242.6707,33.4982,22.4437
668.7881,244.1098,33.7823,21.5147
670.5870,244.4108,35.5994,19.6279
671.3972,244.9024,36.4992,18.2881
672.9711,244.8196,36.2095,18.1232
673.8009,246.1475,35.1391,18.5312
675.2564,246.1964,35.9650,17.2646
677.2304,246.0531,35.1109,17.4632
677.9645,247.0880,36.0231,16.4045
678.5380,246.7288,36.4080,15.5456
677.8716,246.7491,36.9478,14.8936
678.5838,246.5351,36.9995,14.7097
678.8066,247.0107,37.9869,13.6930
679.8518,246.7697,37.8563,13.2760
681.3521,245.1043,37.0117,13.0676
682.6484,246.2729,37.0074,11.8147
683.4158,246.9419,36.8373,10.7824
683.9142,247.0252,35.8636,10.0265
684.8572,246.6207,34.7390,10.0000
683.4655,247.2714,34.4258,10.0000
685.7499,247.3023,34.0925,10.0000
685.1610,247.5986,33.7635,10.0000
686.6876,247.3981,33.4429,10.0000
685.5198,247.5216,32.8161,10.0000
686.9015,247.6197,31.7930,10.2966
687.7303,247.8854,31.2787,10.0000
688.2366,248.2803,31.0588,10.0000
688.7782,246.4469,31.0814,10.0000
687.8163,246.5582,31.3648,10.0000
688.6268,244.8573,31.0874,10.0225
689.2485,245.2481,29.8460,10.8750
689.8416,244.7600,28.6554,11.7977
690.7120,244.3164,28.5534,11.8816
691.1830,245.0233,28.7792,11.5272
688.7272,243.6809,30.0219,10.5634
690.5874,244.3272,29.6171,10.3137
694.0065,245.0286,28.0004,10.8986
692.6981,245.2276,27.5449,10.8472
696.1222,243.3947,27.1183,10.7033
695.6465,243.9827,26.9383,10.5521
693.3943,244.2280,26.9796,10.1658
693.1512,247.1147,26.7910,10.0000
694.9902,247.3219,26.2501,10.4763
696.0873,244.3207,24.8615,11.5824
695.1293,242.5096,24.4917,11.6310
694.8837,243.2728,24.1882,11.7852
694.6940,244.0943,24.0939,11.7207
694.2120,244.3682,23.7003,11.9445
694.6832,245.0996,22.7980,12.5148
694.9543,245.8399,22.9522,12.1236
694.5717,245.6660,23.2880,11.6165
695.7371,244.3608,23.2573,11.4948
695.7460,242.6569,22.9414,11.6478
695.0900,245.6187,23.0243,11.5212
694.4506,246.4165,22.7447,11.5619
700.8515,246.9487,22.4964,11.7480
701.0461,244.4427,22.9317,11.4224
702.7538,244.5105,21.7592,12.5007
706.6348,242.7084,20.7925,13.1947
705.6917,242.2498,20.5445,13.2097
704.0930,242.7628,20.5635,12.9022
703.7132,243.3032,20.6099,12.7662
703.7037,241.0252,20.7580,12.0952
705.1974,239.3700,20.3719,12.5523
703.3574,239.3047,20.3787,12.5496
699.9644,238.6174,20.4327,12.6154
696.4274,236.2175,20.3541,12.7996
694.0609,233.9725,20.0554,13.0590
698.0960,225.7020,19.7113,13.5742
2
0
0
0
0
1
685.8578,232.6668,36.1805,30.2359
682.7421,235.5150,38.4964,28.0243
678.4926,237.8218,42.2509,25.0630
677.9188,239.7163,45.4404,22.8446
671.6287,241.3127,48.7711,21.0126
672.1124,241.5563,50.2813,20.0650
668.7978,245.4778,54.0470,18.2503
666.0883,244.5733,56.1681,17.5030
662.2905,244.8858,58.0124,16.5585
661.4408,244.7692,59.8423,15.9742
656.6396,245.3497,61.7874,15.2717
654.2420,246.0897,62.8248,14.9294
651.5408,245.6834,63.4521,14.5574
650.9648,245.8241,62.6293,14.9271
