1
269.9848,132.2961,89.7187,61.0921
268.6946,135.1660,96.2272,57.7305
268.5380,139.3783,101.3224,55.5939
262.5225,139.4579,106.5678,53.8458
264.3677,142.5177,111.1164,52.6590
262.9504,143.1071,115.0039,52.3051
264.7576,144.1111,117.2767,52.7255
267.9532,146.3765,118.0780,53.6548
265.1488,143.8209,120.8295,55.2629
270.4918,146.6221,121.5333,56.0707
275.3463,146.5018,120.9785,56.6544
276.5591,146.4309,121.7403,58.0275
279.9658,147.4209,122.2081,59.7237
276.2696,145.0220,124.7608,60.6839
279.7680,146.4971,127.5648,61.4150
288.4707,144.6450,126.3518,63.4674
282.8992,145.3010,128.7340,64.2493
281.0797,146.0438,131.5146,64.7017
297.5417,145.8558,128.0419,68.4571
292.2881,141.7847,128.9408,69.3876
306.5323,140.9146,128.4934,72.6317
315.3605,140.4001,129.7124,76.0849
322.8321,139.2407,133.8947,77.9803
319.2741,139.2903,135.4211,79.0570
324.6684,139.2871,136.9188,79.0734
330.9106,140.8419,137.3819,79.7266
335.7303,142.6149,136.7352,80.2654
337.8418,147.7477,136.7140,81.0235
342.7440,144.7081,137.3456,81.7358
340.6751,146.4668,136.6012,80.9903
343.1187,150.8516,137.9196,79.1632
341.3712,147.4152,136.5612,82.6084
340.4239,145.6167,135.1786,85.9213
339.2842,144.8587,134.3385,88.8282
335.6629,140.9040,129.9392,94.8699
332.0900,140.6301,131.1013,94.9174
342.5626,138.7236,127.0796,98.2842
333.7922,135.4763,126.1168,99.7220
344.8059,133.6386,121.3777,103.3056
348.3721,132.4196,118.1048,106.2231
351.0902,133.4035,116.4013,107.4551
352.2937,134.4557,117.1183,105.6560
353.8022,135.0446,115.7838,105.9054
356.3911,136.1169,114.1456,105.9059
359.7187,135.9286,111.9346,106.9695
360.6592,134.5234,110.6511,106.8645
360.4134,131.4360,108.6088,107.2896
363.7243,128.3901,106.4919,107.4432
361.2180,134.3568,107.9362,104.5061
361.9502,134.9716,107.5024,103.0226
362.4218,139.0780,108.0432,100.3524
362.7975,144.5306,110.3231,95.4812
363.0820,149.4796,112.4478,91.6966
361.8249,156.1080,114.0650,88.5427
361.9279,154.9509,114.1506,87.1627
364.1916,155.1839,112.7366,87.5980
364.6205,159.2310,112.9400,85.1241
365.8001,159.5528,113.7376,81.1164
367.4258,160.7071,114.3165,76.3363
363.1917,159.2408,115.2986,72.6393
361.9877,158.8019,116.3012,68.2668
358.4224,158.3416,114.8952,66.6448
354.6026,157.1085,115.8634,63.7055
351.3592,155.9180,114.5853,61.3649
351.2257,154.1509,114.2606,59.1048
348.1051,153.2210,115.0005,56.7744
347.1820,153.2449,114.5950,55.5690
335.1676,151.4164,112.8816,53.9950
344.0865,150.7917,109.1624,53.4508
333.2446,150.2534,105.8515,52.7315
341.2377,152.1890,101.4942,51.4744
332.2287,151.7232,96.7373,52.1400
324.8428,151.8037,96.3290,51.3955
335.1023,150.7758,91.7272,51.3253
325.5313,148.7820,89.3970,51.4859
318.8517,147.9178,87.3788,51.9125
327.9232,147.4471,82.1827,52.8942
318.5619,145.8625,79.9625,53.0198
324.0741,144.2972,76.1746,54.7593
314.8817,141.7378,75.5687,54.6829
320.9268,139.6532,74.5723,55.3757
336.5501,134.6236,69.8161,57.6350
333.6425,129.6813,64.8669,61.0623
324.0348,125.9074,61.5697,63.0160
327.5103,123.1886,57.7963,65.2290
327.5366,120.8780,56.1334,65.9530
326.0207,114.5451,57.7996,63.1924
318.2291,118.6649,59.8311,61.1793
323.8153,117.9487,58.6813,61.5939
327.2436,119.2471,59.2676,59.2073
325.2633,119.1614,59.9853,57.2538
324.1439,117.2277,59.9897,55.9394
324.4043,116.5183,59.7036,54.2587
321.8733,114.2944,57.8771,53.9730
321.0545,115.2690,57.7995,53.5207
320.3316,115.5104,57.2258,53.3358
321.3103,116.7690,56.8876,53.1975
321.0614,119.4486,56.0441,52.3950
320.9609,121.7334,55.9150,51.8913
320.6228,122.8044,56.3117,51.5871
319.9809,123.0043,56.2942,51.5539
319.2593,123.2043,55.2455,52.2190
318.4819,122.7043,54.1350,52.4130
318.2404,122.5775,53.0089,53.0429
316.0857,122.3068,52.4023,53.2786
314.7124,124.9107,53.6866,51.8482
314.1136,123.6213,53.9170,51.7511
313.4771,125.4424,54.7253,50.2790
316.4075,127.4984,55.2173,49.5124
317.0195,129.5689,55.7729,48.7870
317.0824,130.5708,54.9063,49.2833
308.5437,128.2466,54.8245,49.8724
312.4141,128.1363,52.0363,52.0021
315.5427,129.5893,49.5436,53.9212
315.4317,128.0753,49.9427,52.4161
315.8131,128.1520,50.2873,51.2812
316.0574,128.0055,49.5355,50.8154
314.2690,127.9407,50.0093,49.3659
314.8607,127.2318,48.6177,49.4339
315.6665,127.1990,47.3352,49.4085
316.2005,129.1470,46.7346,48.9848
316.7757,131.0611,46.0421,48.5732
318.3584,130.6504,44.7538,49.4510
317.9201,130.3283,44.4631,49.3426
318.6432,131.3624,44.8874,48.8634
319.5320,133.4967,44.3649,49.9747
319.5811,133.2603,44.9003,49.9767
320.4955,131.0923,45.6797,49.3214
319.8391,131.5467,47.1092,48.3052
318.5658,132.6413,49.6315,46.9959
317.6386,133.1050,52.3305,45.3860
315.5589,134.9374,55.0171,44.0098
314.2602,134.2649,57.3077,43.2267
312.4808,135.2312,59.4114,42.3410
311.0088,134.7949,62.1164,40.9923
310.4507,136.5916,65.0689,39.4198
310.8301,135.8563,66.9599,38.7962
311.4948,134.6537,68.0855,38.5714
309.7850,135.3715,68.6126,39.0523
310.1441,134.7664,69.3409,39.4384
310.7943,133.7296,69.9083,39.6553
305.1270,135.0757,71.7762,38.8383
304.8210,134.6700,73.1118,38.9462
305.2296,133.5858,73.2975,39.4354
303.9638,133.7108,74.6067,39.0798
303.0527,133.0398,75.1366,38.9942
303.4522,131.1653,75.3817,39.2601
303.2246,129.9720,74.5805,40.1475
296.6028,129.5540,75.5918,40.3472
296.8682,130.0219,75.1483,41.5413
296.0468,130.1270,74.9044,42.5321
294.2630,129.4516,74.5496,44.2376
294.9379,130.9205,76.5987,44.0328
295.5361,132.8993,78.7823,44.1229
298.3349,133.7198,79.8363,44.5376
297.8763,136.1473,79.8477,44.8396
299.1267,136.4238,79.7391,44.9514
298.9339,137.8494,78.9980,46.1906
299.5060,135.3501,76.9811,48.7695
297.4548,133.6939,75.5137,50.4079
294.6922,135.6014,77.0605,50.0122
292.3083,135.8300,77.9907,50.2357
293.4790,134.1940,79.0696,50.6925
296.1757,137.1341,80.5150,50.4885
293.6154,135.7306,82.4215,50.8227
295.5386,133.5184,85.2394,49.4656
305.6631,132.2289,87.2845,48.6888
316.9292,129.6858,88.1438,49.3084
338.4489,114.4515,92.4404,45.7905
339.4540,115.4914,94.7952,43.1352
342.4192,114.8542,96.0253,41.5517
341.5328,118.0961,98.0145,40.7047
341.5081,118.3790,97.7345,41.5272
341.6327,118.0242,97.2574,42.9051
338.8906,119.0793,96.1021,45.1194
335.1949,119.0391,91.9836,49.5103
334.4313,117.6476,89.4382,53.2495
334.4671,117.6350,87.4210,56.5308
334.2135,118.1498,86.0782,59.5246
337.6897,111.2975,85.2482,60.6667
342.5631,117.0904,88.6051,58.7759
344.1614,117.0061,89.4540,59.2225
343.5455,107.6920,93.3138,56.5283
333.4128,114.2728,95.0812,56.2302
342.1364,104.0714,98.6751,54.5058
340.9796,108.6618,102.2323,51.5841
332.8513,114.5109,102.0501,52.0620
347.2676,100.3602,104.5575,50.3305
358.1256,101.6975,104.0358,47.8242
360.8695,101.2890,104.5449,44.6789
362.4831,90.0613,105.6285,43.0982
368.9145,93.7174,103.7728,42.0171
375.0196,93.1254,99.7866,41.2132
376.0092,91.7803,98.9823,39.5769
379.8227,92.5211,100.0588,37.4089
384.5633,92.6301,100.1140,36.6689
386.6501,90.3628,98.4543,37.2208
389.8500,89.1597,94.9549,38.7457
392.2141,85.9280,91.4866,40.1989
394.2406,86.1697,91.0343,40.2302
394.1175,88.7407,91.1359,39.6768
392.7418,89.0744,90.8074,39.5694
391.9437,92.2888,92.6107,38.1387
394.1452,97.2267,92.1567,36.3387
390.8965,98.6936,91.6852,36.0247
388.6069,100.7307,92.3059,34.5956
389.0365,99.3156,90.5287,34.9015
383.1352,98.6442,90.0927,34.9205
384.7039,101.6634,90.9516,34.2833
383.1829,103.3194,92.6104,32.9499
383.6104,104.6544,94.3082,32.3068
385.3033,105.4033,94.3139,32.9061
386.2500,107.6310,95.0809,32.7583
391.7192,108.3414,94.4340,33.3664
389.3957,109.3986,95.6106,34.4746
398.2766,110.9610,91.9687,35.1982
397.1862,110.2676,90.1206,35.8688
396.4907,112.4094,89.6330,36.4157
406.5688,114.6798,87.4814,36.2154
408.4718,115.0231,86.6070,36.0650
407.5426,116.8102,85.7863,36.5226
410.0247,118.1364,86.5368,36.8813
413.1745,118.5348,85.2408,36.8437
415.4092,122.0374,84.3255,36.7030
416.4606,123.0859,83.7247,36.7433
419.2514,124.0593,83.8529,36.9646
421.6988,124.7390,84.4575,36.5821
425.2599,124.1812,84.3908,36.4392
424.8593,124.8559,83.7974,36.0318
426.4442,125.1976,83.9997,35.4958
426.2757,125.4021,83.7357,35.0048
425.7215,124.6403,83.0195,34.9866
424.8960,123.5144,82.5439,34.7005
425.5313,123.0620,80.9852,35.4435
424.4994,122.7069,81.0786,34.8412
425.0819,122.3427,80.9272,34.9627
425.6013,123.4743,80.1533,35.4825
426.8192,125.1451,79.3655,36.1285
428.0694,126.5963,76.6779,37.6173
427.5477,128.0405,74.5787,38.6586
426.7044,129.9102,75.1909,39.4670
424.4187,129.1575,73.7714,41.3114
425.5885,130.3265,74.2283,42.6817
424.4214,131.0193,72.8585,44.9300
423.7909,132.7176,71.9685,46.8764
421.2797,133.0114,69.8991,49.4289
430.9752,133.6843,64.8668,53.0564
425.6521,134.1443,63.4919,54.7110
428.9844,138.0504,60.8655,55.8406
421.2675,142.6038,61.3083,56.0896
427.0542,134.4775,57.7615,60.3601
428.9500,138.5438,55.0920,62.4676
430.0990,130.4779,52.0185,66.2139
429.2919,139.9861,49.7073,70.5816
427.6134,133.8580,48.7979,73.7011
426.8961,141.7415,47.8525,77.5491
426.0752,151.2620,47.9666,80.7189
418.6704,159.4772,51.0935,77.9017
414.7208,155.3206,54.3224,75.2384
412.7159,151.8520,56.3854,73.9376
409.9348,162.7115,61.2884,66.4117
402.6119,159.2224,65.2500,61.7602
402.4455,167.9371,67.9629,56.5371
398.1256,162.7994,72.3901,51.9299
396.6445,157.6196,74.5276,50.9129
395.2874,165.8388,77.7029,47.6649
387.8027,159.1210,78.8115,47.2544
385.8583,164.7915,80.1576,45.3962
389.0501,169.6798,82.2429,42.7059
379.9351,162.1920,82.0724,42.0548
383.6770,168.1857,82.6066,41.2775
372.2267,160.8601,83.0206,40.6111
372.2360,165.8915,81.8825,40.5986
371.2889,164.5360,80.4984,39.5124
370.2225,164.3144,79.4148,38.7879
368.0791,164.2808,78.3125,37.8653
365.5056,163.6202,77.2126,37.1835
360.8245,155.6096,76.7483,37.3003
358.3819,160.6713,76.7054,36.1173
355.7766,160.0534,76.2069,35.7293
352.8435,161.1315,74.7511,35.6914
351.6143,160.0091,72.5367,36.2756
349.1461,160.4540,72.0535,35.5472
348.0698,153.4547,72.7828,35.9133
344.0101,159.1268,72.4874,35.5174
2
0
0
0
0
1
389.6776,187.8848,47.3894,61.6716
394.0588,182.3175,44.6619,64.7846
393.8475,183.5326,43.1317,66.1237
394.2715,182.4231,41.7527,67.1244
395.0259,183.8013,41.6390,66.8317
395.6607,182.7766,41.2519,66.9306
395.9602,182.6321,40.0366,67.9625
395.3777,182.7934,39.5923,68.3496
397.3063,178.5655,39.7295,67.6104
398.4618,173.3956,38.8467,68.0055
400.3887,169.0700,38.3472,67.7616
402.0577,177.2863,37.0525,66.7254
402.9254,172.0300,36.2465,65.9330
404.2614,167.0168,35.9223,65.1110
405.6724,174.3509,36.1061,62.0770
405.9932,169.6500,35.3931,61.5063
407.3843,164.6306,36.0148,59.6972
408.9203,156.3855,36.5023,59.8671
