1
139.7157,130.5065,84.0471,189.2211
134.7663,130.6329,84.7885,186.3005
130.9937,130.1937,85.4501,184.1862
128.3793,131.4973,85.6367,183.9013
123.4812,130.4855,87.5708,183.5238
120.8846,129.1303,89.6576,184.8369
117.7725,128.0495,90.7782,189.8076
114.0417,134.2452,92.1001,186.6785
111.3385,131.3436,91.6059,188.9677
109.2461,133.8886,91.0933,186.4289
105.3000,132.9247,90.1933,187.0844
107.5239,128.1670,86.9657,192.0252
93.1562,134.1070,90.0895,192.9696
100.7388,130.8701,87.9998,195.2359
100.7019,129.7428,85.5989,199.3073
97.1081,129.8494,83.9845,202.3993
99.3230,125.4086,81.8054,206.7819
97.5854,126.3779,81.1548,210.9859
97.0949,126.4239,81.2743,211.2430
96.4564,126.5474,81.2781,212.8104
96.3490,124.0662,80.5271,215.5142
95.4509,123.4062,80.1836,218.2423
95.5661,124.1559,80.5691,220.0069
95.0160,128.4447,81.2991,220.2163
93.3118,130.5731,81.5272,218.3370
93.4120,133.0916,81.5900,217.5561
94.4797,136.3137,82.1697,215.0627
93.4392,136.3268,82.2580,211.8750
93.6725,138.8549,82.0997,209.0412
94.0044,138.8137,81.7078,206.2020
95.0432,139.3905,80.0909,206.5186
95.0083,139.1082,79.3965,205.1948
96.4309,139.0164,77.9691,205.2377
98.0150,139.1928,76.6872,205.5228
98.9029,140.5725,75.6882,204.1379
100.0303,140.2351,75.0333,203.7430
100.0894,141.0740,73.9882,203.6991
100.8074,142.9205,73.8199,202.3192
102.3221,144.3843,74.0717,201.2351
102.8306,146.4788,73.3019,199.4523
103.8207,147.6173,72.9841,197.5555
103.2661,150.8041,72.8191,196.0663
102.4565,153.3345,72.5432,193.6818
101.9231,154.1941,72.0406,191.5494
100.2191,151.6522,73.3018,194.1630
100.7256,150.5909,77.0596,195.1271
100.3960,148.0856,81.7547,193.1581
102.5553,144.0043,90.4837,183.1821
102.6580,143.1232,96.9055,179.6471
106.3085,141.9751,105.4903,172.5137
111.9532,139.9932,108.6457,173.1801
117.8161,151.6431,119.5493,167.1471
124.2490,164.6539,126.3783,164.4144
129.0408,175.3788,132.9545,160.2783
131.8581,167.9465,136.1144,157.8139
133.8175,162.8374,138.9067,156.4472
118.7782,183.8370,148.5561,149.9219
113.6774,174.7359,152.6413,150.4477
105.9502,185.2169,155.5679,148.0416
107.8513,182.3106,156.8859,149.0385
108.7489,179.7115,156.4372,148.9921
113.1405,165.8712,156.7100,148.9144
109.9683,170.2310,157.1771,146.7933
118.0960,164.2902,153.6863,147.4678
103.7870,167.3786,156.4337,145.0152
96.8254,167.4055,158.4008,142.7325
91.7225,169.2303,159.8984,141.6468
87.0904,166.4821,161.3414,142.5289
84.1336,166.0843,162.1812,142.4615
83.0303,166.1549,162.9727,143.1794
81.6170,166.0295,164.4450,143.7702
81.1856,167.8133,167.3513,143.9338
79.0710,167.8452,169.4368,143.3863
76.4431,168.7632,170.4539,144.6894
96.9658,167.2403,165.9365,148.8106
90.4730,169.1349,166.7032,148.0759
87.3398,168.0691,168.6640,147.2509
84.8870,164.9190,169.5769,147.1153
81.9550,165.2285,168.3588,148.1567
78.8766,169.1509,167.2881,148.5806
76.6074,172.4875,169.2508,147.1743
74.1641,170.2879,168.9388,149.0878
72.0001,174.1844,169.3232,149.3893
93.2536,169.9915,164.3378,153.8624
86.9421,168.9894,162.9040,152.8306
81.8506,167.8974,162.8874,154.7363
99.4476,172.7947,157.3269,158.9506
89.7584,169.1599,157.2168,159.3289
104.7744,172.4158,151.8307,163.0616
104.9424,171.0953,149.7220,164.5654
107.2299,172.3090,148.3189,165.5337
106.3322,170.7162,146.5963,166.1620
108.9226,174.7960,146.1095,164.7140
110.7013,174.6717,145.7952,163.8371
109.6522,173.4016,143.1855,165.4284
113.7711,179.0440,142.7023,164.4549
111.5933,175.6534,140.1524,165.6995
115.1125,179.4552,141.2047,164.6231
114.6681,180.7829,140.1437,164.1460
115.9377,183.7937,139.7024,163.7667
119.1048,181.4917,138.8041,163.4747
120.7571,178.7830,135.8074,165.0577
121.3081,182.1065,135.0975,164.9911
121.4515,182.7637,133.1966,164.6664
121.8221,183.1561,131.9163,164.6886
123.3121,180.1188,132.0726,164.4953
123.6267,181.8096,131.2287,164.1161
123.2496,180.4909,130.3743,164.2094
125.6992,179.8955,131.6720,163.1602
129.1233,184.2093,130.2831,163.8785
123.3540,185.2899,130.2934,162.6645
126.8614,177.9429,130.5050,164.4196
127.6292,184.6673,130.8232,162.7928
126.7562,185.2966,131.8486,160.6036
126.4171,185.5309,132.6194,160.3811
126.9675,185.1595,133.0988,160.5855
124.5827,185.4926,132.4753,160.6466
125.8240,181.9849,132.8988,161.4126
125.6017,182.9469,132.9131,162.3738
125.2362,180.9931,134.1196,161.1343
125.1547,182.9789,133.6285,160.9279
126.3036,181.8877,133.9510,161.0255
126.1027,181.2126,133.4269,159.7713
128.7625,180.2190,133.4827,160.0001
127.8546,183.8984,131.5744,161.3336
128.2124,183.2573,132.2472,161.4192
130.7229,182.8716,131.4857,163.0260
129.6302,181.2238,131.0847,163.2402
133.0660,180.2266,129.7319,165.3392
131.5189,179.5407,129.7099,165.5027
133.7740,176.3033,128.1106,166.4434
133.2923,177.3594,126.7952,166.8095
133.2010,176.1801,125.9079,166.8104
132.4109,174.6273,125.7104,167.6224
131.8177,171.3938,125.7469,169.2367
130.4204,166.4225,125.0080,171.5194
129.9516,165.0021,124.9339,172.9897
128.1798,162.0604,125.6526,173.3167
129.7233,160.9604,126.3453,172.9593
128.5998,157.9130,126.5346,172.3256
125.9068,151.3797,128.2127,170.4575
122.1907,155.6267,129.9099,168.9304
121.8911,155.4368,131.1140,169.7596
119.8673,157.4193,132.7019,169.5163
120.5836,149.6082,133.6030,168.3772
119.5651,142.1991,132.6285,170.8605
111.7173,160.1233,135.4914,166.9086
111.7814,151.3501,134.8970,167.2573
104.4691,161.5001,135.3504,164.8495
102.8312,159.3218,135.9706,163.4882
99.5964,159.1519,136.9171,161.4466
99.9259,157.4053,138.1037,160.4267
96.5082,157.6422,138.1794,159.7131
92.1238,159.1461,138.0202,158.4753
91.8218,159.2910,138.0970,157.2740
88.4604,157.2150,137.2021,156.4669
89.8204,156.3811,134.6078,156.1517
92.2584,154.1449,131.3618,155.9494
95.1687,153.1740,129.3357,154.8883
95.6222,154.2187,126.8864,153.4817
94.7658,156.4438,124.4087,152.8795
90.7557,155.6221,122.0852,150.8290
92.1072,156.5197,118.8399,149.8909
92.0201,158.7468,116.6168,147.9583
93.8112,158.1022,113.4285,147.3896
98.3009,155.6290,108.8884,150.5530
98.1780,157.8164,107.5055,149.7786
101.8118,151.7135,102.5691,153.7307
97.2170,152.4818,98.9794,155.2565
83.7313,148.0795,99.7711,156.9679
94.9864,143.7193,94.4150,163.3267
90.2092,146.1845,93.2522,162.9702
89.6582,144.6488,91.1184,164.4180
87.6208,148.9018,89.2885,165.8067
87.6617,148.2490,90.3752,164.0123
83.5677,150.4435,92.0434,160.5992
79.2584,153.5946,93.2508,161.3465
73.3787,154.8146,99.2483,159.0552
67.5599,154.0391,102.4105,160.1364
66.5421,145.7248,102.6369,162.6654
45.1881,134.6593,104.3695,163.3146
38.3738,121.3698,97.2910,172.1894
29.3900,94.5178,99.2448,171.9105
29.7073,79.0779,98.2006,171.3612
26.5750,91.4940,101.9546,165.1324
27.2596,92.9383,104.3985,161.5219
25.3180,82.3771,106.0844,160.9018
20.0360,98.1568,112.4976,152.7442
16.6802,109.8066,115.3163,149.0947
16.0408,115.6624,111.2142,155.0474
13.9296,103.4327,105.8784,163.0858
13.5609,107.0448,106.0355,163.8788
16.0050,109.6913,104.1948,166.0630
23.7555,115.9357,109.1916,164.5217
37.8581,119.1831,110.9124,168.9102
50.6677,110.3480,109.0908,173.6734
51.2874,101.4605,110.3702,175.8354
56.9137,102.3015,114.4991,174.4149
65.3239,99.6761,115.6523,172.1631
66.4722,100.6438,114.8839,171.2976
69.5681,100.7696,112.7002,171.5013
67.6623,106.5087,113.6842,167.5985
67.2236,110.6869,113.3320,163.6535
72.4403,99.7177,110.8542,164.4540
73.2440,104.1426,113.7328,159.5532
74.3071,105.4820,114.8665,156.5854
75.4282,105.0611,116.1980,154.8896
75.8521,112.0648,120.4540,150.0699
68.7854,99.4671,123.5235,149.8152
67.5214,112.0969,129.9820,145.4971
63.5863,118.7360,137.1812,140.9990
67.1513,122.4450,139.6154,137.9800
67.3166,123.8235,141.1742,136.7044
78.1672,120.1022,138.3868,138.6166
82.9031,120.6482,135.1136,140.5807
91.3046,115.9721,128.8513,143.6595
98.2052,115.1622,125.0246,144.1911
99.0690,115.2563,122.5712,144.1761
98.2510,122.5807,124.0095,142.3644
93.6776,129.7585,125.8316,139.0961
87.6034,131.2648,129.1719,136.2860
85.2989,134.0577,133.3406,132.8884
83.8782,134.5592,136.3744,131.1730
86.0673,134.0316,137.6976,130.8256
86.9267,133.1067,138.5006,131.1355
93.8801,127.3014,135.8716,135.0130
94.2673,126.5500,135.7645,135.6437
95.3093,124.6997,136.0420,137.2969
99.1905,123.2308,135.4163,138.7923
101.0834,120.1225,136.0161,139.4031
102.8038,117.2803,136.9326,139.8710
102.2411,116.0575,139.4538,139.9152
108.9383,106.8116,136.6618,145.3252
120.0173,100.9610,131.1772,153.2833
126.6030,100.8906,125.8783,158.9088
131.8720,100.2574,120.7049,164.3614
135.8587,96.6650,115.1047,169.9081
139.3783,95.3303,110.4079,174.7432
141.1812,91.7502,107.3282,178.1269
141.0539,92.4894,107.5213,179.1584
145.6880,96.1311,109.5806,183.4573
148.3968,109.1165,114.4130,179.6715
150.4147,112.6751,118.8987,177.5013
156.5665,121.8797,122.6094,177.8746
154.7578,124.9656,125.2130,174.7147
150.5102,132.2164,130.2748,169.7361
149.4983,138.5603,132.7477,169.5899
157.3618,150.9519,131.6457,172.1983
133.3684,144.8459,136.7110,171.4743
144.6833,154.4550,133.0607,175.4760
156.3763,147.7259,126.8663,181.2163
158.8937,144.9639,124.6971,181.7354
157.2375,141.8749,127.5414,178.2414
157.1404,141.6392,132.8970,173.5519
146.4779,139.5200,135.1631,174.5982
152.7410,139.0299,137.0106,175.0667
136.7904,135.5059,137.9597,175.3906
123.9972,130.0921,139.5979,176.6183
131.2852,122.9941,143.2391,174.7386
128.8803,122.1944,141.7235,173.7493
129.5671,124.3168,143.0442,170.3438
128.3825,125.4568,143.8374,168.3043
129.5675,127.2374,146.0256,165.4192
127.7543,126.1538,146.4311,162.7369
122.9072,126.1088,148.5651,159.9911
121.0481,126.2836,153.0095,156.0950
126.0287,125.6223,153.9648,153.6217
138.5467,117.4958,148.5618,155.5301
121.5523,110.7503,152.8920,153.7264
138.8261,94.0932,142.5094,162.2402
152.7246,75.8183,128.9827,176.5953
130.4803,49.2713,125.1012,190.7475
140.8378,50.4863,122.2495,203.7497
147.7423,60.6592,121.4409,212.2921
148.0499,72.2802,121.1872,218.0946
158.2431,68.8099,120.0570,223.5783
164.0713,63.9012,117.2313,229.8270
168.2496,69.7882,122.6193,229.3976
173.9500,81.2386,126.2718,231.3911
184.9316,102.9279,134.0304,227.0956
197.1184,114.4227,137.9684,221.5384
214.4296,129.3090,144.8617,212.5244
220.8785,120.6140,146.0433,213.1622
267.0576,154.8632,156.3462,208.9461
284.0992,172.1801,170.6468,195.3582
305.9276,199.0146,184.3837,187.2614
334.7935,221.6410,193.6698,182.2103
361.8222,237.5621,200.3959,178.4906
388.5892,243.3008,202.9194,178.6371
404.9809,238.8794,206.8318,179.4049
426.8994,236.7948,206.6975,183.3915
