1
269.0816,84.9391,29.5373,49.2744
270.1661,82.0782,27.8114,50.5797
268.5245,82.1586,26.3344,52.9042
268.1205,79.3020,26.0879,53.8950
266.4623,78.8799,25.6114,55.1159
265.2970,75.4226,26.2043,56.3582
264.7359,72.8870,28.1364,53.3433
262.9457,73.6651,28.6898,51.1576
262.4667,71.7099,27.9302,50.9679
260.6523,73.7921,27.3200,52.8999
259.0277,72.1412,28.7733,54.2579
257.1437,68.7857,30.5129,54.0683
254.2233,71.3112,32.0392,54.6884
254.0874,70.8877,31.1258,55.8448
252.2573,71.8862,29.3087,57.5861
249.5483,72.3256,28.0640,59.0705
245.6990,70.5221,27.7161,60.7299
242.2192,70.6076,27.5551,62.2781
237.9650,72.7845,28.5842,62.2910
235.3083,72.1153,29.4908,62.9631
234.9413,74.8059,30.2869,62.9199
235.8477,75.7565,30.1045,63.5721
236.1845,73.7954,30.9078,62.7705
236.2166,76.5126,30.5977,63.8154
232.6226,76.1496,32.0535,63.5897
232.8325,74.6419,34.2829,63.7966
235.2298,73.1066,35.2932,61.8442
239.1250,73.2044,34.4054,60.7672
242.1549,74.7115,32.2321,62.6974
242.8322,70.8478,29.8445,64.7705
243.3877,68.8914,28.0635,66.4635
241.4328,66.2694,27.6009,67.8184
237.4305,65.7029,28.4979,67.6997
229.7114,62.5350,30.8880,65.2978
225.1394,64.4608,32.5352,62.4483
223.9340,67.5413,32.0312,62.1098
222.5737,69.1457,30.4975,64.1787
220.0820,68.6213,30.6148,66.7110
217.6461,71.4121,32.7823,66.8893
218.6337,69.3945,34.7494,67.0263
220.4055,69.7554,35.7222,64.8530
222.9459,73.5465,34.3953,63.9924
224.8490,77.7968,32.8550,67.2099
226.0300,78.4757,31.6157,69.2152
224.0806,84.9608,32.3501,68.5608
223.6860,80.7237,33.4934,70.2121
224.8193,78.0816,35.2597,70.5073
226.0911,78.1735,36.1072,71.2631
230.6822,83.4530,33.9986,75.4335
234.2787,80.9823,31.7268,78.7075
235.1534,80.4622,31.7575,76.9741
231.3228,82.4358,33.7673,74.6325
227.6753,80.6039,35.8191,74.2224
225.5417,78.1260,37.4295,71.2251
222.0556,81.0779,36.9590,69.1622
218.3316,81.8305,34.7961,70.8425
217.0283,83.3847,32.1051,73.8616
217.7800,84.2425,32.7962,73.4399
213.2383,83.3670,33.0792,73.1295
208.7686,86.5174,36.1665,69.5995
210.6907,86.1070,36.6602,68.6742
212.5834,74.5076,35.2948,71.9890
216.5590,74.8886,33.1994,76.5551
219.6771,72.4834,31.8680,78.7293
219.1704,71.5122,32.8406,79.7796
218.6110,76.4707,36.3487,77.6691
222.0872,82.0467,40.0090,72.0746
223.2238,80.0109,40.0801,70.2633
224.0038,76.8306,39.3353,69.6418
220.2453,79.7657,37.8304,71.2649
252.4358,75.7158,38.9091,70.3085
258.0552,74.8500,36.3792,73.0535
2
0
0
0
0
1
244.7483,79.9539,31.0095,69.9877
247.1284,79.9683,31.9812,71.7523
247.4111,80.2443,32.8436,71.9697
246.6735,82.3263,33.8327,72.1620
245.6918,84.8874,33.4077,74.1946
247.8453,83.2163,32.5330,75.8866
248.9415,84.6565,31.9410,78.9797
246.8955,82.2648,32.5624,80.8657
241.8460,76.4342,33.9286,78.6877
236.0291,75.5082,35.0774,75.9976
230.5511,76.7646,36.1039,73.4281
229.8765,73.1670,35.0924,74.4618
231.7413,71.3920,34.7217,78.5333
230.2072,67.0717,35.7309,79.5035
233.2790,66.0599,36.8670,80.5807
235.4118,69.9320,37.2937,80.3146
235.5206,73.6079,37.6849,78.5580
239.0922,77.6406,35.1824,82.0786
240.4845,75.5764,35.3107,81.9164
244.7720,76.5356,35.0858,84.3730
248.1429,75.1955,35.3561,86.7799
251.9332,73.2571,35.1995,87.6773
254.4069,71.8487,34.8063,88.2404
254.6197,70.6350,35.3998,87.4761
256.8318,70.5084,35.6698,88.0511
256.0267,65.3451,35.9160,87.2943
248.0916,65.9922,37.5364,86.5332
243.5442,61.2175,38.8500,86.5066
234.1901,56.6612,41.2873,82.8299
224.2295,57.2781,44.2169,79.7692
218.2677,57.3178,44.4111,81.2285
212.6067,59.0301,45.0405,81.8944
208.5061,55.9564,46.4977,82.1262
203.2206,59.1412,48.7306,81.5061
217.6932,54.2062,46.4150,83.7681
219.1668,56.4670,42.5718,87.4683
219.0927,56.4306,40.9476,89.7091
222.9151,57.3435,40.5725,88.4874
227.6666,60.9102,40.5091,85.8305
231.5488,61.3878,42.7597,83.1767
235.6264,62.2163,44.4192,82.5578
240.6500,70.1971,43.9899,80.9685
246.7736,69.3462,42.9559,80.9165
252.9734,66.5913,40.6624,84.4327
257.9130,65.6842,40.7858,85.9954
261.4490,65.3225,43.7890,85.8561
264.2753,69.0187,46.0943,85.0911
268.4782,68.8450,46.8996,83.4646
276.2054,70.2243,44.7042,84.5669
283.0838,70.2332,42.2071,85.6268
288.5698,67.0884,41.3540,84.5574
294.3238,69.7108,40.8019,83.9911
296.3752,71.2872,40.1054,81.8789
303.5718,72.0691,39.1434,81.9932
305.9219,72.3416,39.2966,80.2978
307.4164,73.2831,39.7506,78.8178
308.8682,74.8304,39.5466,79.1015
305.9202,72.3701,40.5661,78.8408
304.1693,78.3712,40.1382,79.0201
303.3511,78.9701,38.7461,80.8136
297.2574,74.2803,39.2582,79.3452
294.8181,75.0104,38.3327,79.5121
291.7390,74.1329,37.2404,79.8344
288.5588,74.5337,35.2286,81.2894
286.5986,72.5274,34.0699,81.0613
283.4378,69.2323,33.4662,79.5138
282.2920,66.8821,33.4769,79.1753
277.1190,64.0331,35.3307,76.5936
274.0912,64.3958,36.0525,75.0911
273.5883,65.7056,34.4912,75.7548
273.0760,67.5964,32.6674,79.6649
269.6668,67.6109,33.5415,80.1009
270.3134,71.0799,35.0597,77.0374
271.6068,71.2361,36.3005,73.8840
274.2893,73.7142,36.8648,71.6814
278.6808,73.9042,35.0107,74.9922
282.6114,72.4571,32.3909,79.6555
287.9041,70.6208,30.6463,81.5633
289.3033,62.2476,31.8485,81.9358
285.3991,71.4316,35.2765,77.2587
286.5722,68.5718,38.3365,73.1079
292.0501,69.5388,38.1539,71.4335
293.9969,70.3736,36.1854,71.9645
296.7703,72.7543,33.4256,75.4794
296.3555,69.6045,32.6452,74.3413
293.6577,71.9337,34.3622,73.0994
295.7681,73.9555,35.3284,71.1101
294.7593,70.2903,36.1098,69.4633
294.3769,74.7868,36.2718,70.2251
292.8612,73.0554,35.4036,69.9473
292.7389,75.2323,35.2126,69.7175
293.8444,74.1141,35.2599,69.5176
295.8908,74.7216,37.7301,66.9813
292.2713,73.7904,40.2127,65.4525
293.6259,70.1084,40.9058,65.0528
298.2689,74.0452,41.4555,63.9364
300.3694,72.6061,39.1016,65.6375
302.5998,74.9630,37.0182,67.3556
306.4391,76.4059,35.7192,67.6913
308.1548,76.0265,36.5129,66.4945
298.7245,69.8654,37.2283,65.9389
296.5511,67.1452,36.8611,65.5415
299.6306,66.1905,36.6979,64.3739
294.8927,64.7652,36.4869,63.0188
295.5676,63.6627,36.7220,60.8983
299.2877,65.6440,35.9683,61.4921
298.0799,62.5955,34.9594,59.8955
2
0
0
0
0
1
342.2260,82.0686,20.1252,50.9417
342.7610,79.9420,20.1938,50.6201
342.9982,81.4120,20.1895,50.8983
344.8169,79.7014,19.7119,52.5340
346.5025,80.8289,19.6560,54.1385
350.0450,80.9688,20.0496,52.6430
352.9279,82.7568,21.8414,51.7828
355.3130,84.8961,24.3846,49.6099
358.8759,88.3047,24.6904,49.2309
359.4957,88.9185,23.8432,49.9405
360.6836,92.2562,22.5718,52.0139
359.3786,91.5090,21.7183,54.1498
356.9185,92.3108,21.9430,53.5683
353.0807,91.3876,22.6948,53.1417
350.1740,91.8622,23.1337,52.0454
346.0710,93.8278,23.0154,51.9229
340.7545,93.1619,22.9352,52.8749
335.3024,92.5748,23.1193,52.4624
334.1830,94.7987,21.8917,52.6626
334.4474,91.2837,21.9537,51.9352
334.5441,93.0811,22.3861,51.2262
332.8642,93.2704,22.5856,51.0128
334.0150,94.1454,22.0716,50.4311
334.7133,94.2149,20.8829,50.9936
335.8349,95.4331,19.7410,52.7639
335.9457,98.7976,20.2082,51.4553
339.3887,95.7624,20.1092,52.0480
343.4336,95.8129,21.0809,51.0137
345.9641,95.6207,21.3768,50.1434
345.8165,96.2771,21.0931,49.8542
346.8313,98.0194,20.8087,50.3368
347.8865,98.2266,20.4235,50.8497
350.8033,99.5247,19.5886,50.8577
353.2715,99.0972,19.5553,50.2095
355.2446,99.5113,21.6514,47.7068
353.8172,99.5881,22.5172,47.0623
353.8934,101.0997,21.9268,46.8852
355.9927,100.5338,20.4969,48.1816
355.1955,100.5279,20.1588,48.6685
354.2149,101.4960,20.1142,48.9942
352.5336,102.5870,20.5084,48.7970
351.5902,100.4028,21.1693,48.5136
349.7399,99.2976,21.7511,47.6001
350.5357,102.8587,21.1873,45.7995
351.8505,104.6850,20.4082,44.6376
354.7615,102.8382,19.6680,44.9927
358.2163,102.7515,19.2314,44.5444
361.1220,102.0577,19.1863,44.0181
361.8354,101.7683,20.2693,42.2335
363.9622,104.5516,20.7443,41.4303
366.2183,106.0804,20.1552,42.1780
368.4296,108.3524,18.9195,42.6847
370.1362,108.2917,18.2249,43.0348
371.8875,110.9191,18.5716,41.6579
375.1775,107.9726,19.0413,41.8239
376.0473,105.8469,19.2892,41.2643
373.1861,105.8858,20.3893,40.6077
370.1580,106.5329,20.2547,41.0351
369.2224,106.7995,20.1832,41.9436
369.5889,106.1931,19.4275,44.2459
370.9944,104.6437,19.5568,44.8260
369.7464,102.5213,19.9041,44.0793
369.8860,101.8983,20.1080,43.4013
369.1364,101.7777,20.5433,42.5691
369.3056,101.8110,20.6082,43.8414
367.3827,103.5719,19.4788,44.2719
366.4395,103.2228,18.8066,45.1536
364.9364,103.3311,19.0203,45.1947
361.7952,100.7240,19.1351,46.2646
360.1193,99.2108,20.3095,44.8212
357.3184,98.2885,21.4784,43.7129
353.8944,98.3896,21.0015,44.3449
351.6074,97.4360,19.8726,45.8235
350.0095,97.4363,18.7067,46.7024
349.9312,96.9287,18.6980,46.6575
349.0016,95.4036,18.9162,46.6150
350.2883,94.4718,19.7649,45.2263
348.7812,94.2867,21.0667,43.5515
348.9815,96.7045,21.4985,42.7387
350.2071,99.2479,20.4062,44.0757
352.4901,100.8704,19.3009,46.3319
354.2750,101.7956,18.3113,47.7557
356.5020,105.1398,18.2557,47.2968
357.5984,105.4515,18.9761,45.2526
359.7145,106.6321,21.5971,42.0127
359.9350,108.3094,22.8704,40.4407
359.5746,109.8755,22.6644,40.4933
362.7068,109.7373,21.8900,41.8781
364.1157,110.4038,20.2881,44.0910
364.2415,110.7028,20.0021,44.6863
364.5027,108.1438,20.1011,44.4255
365.1257,106.6359,20.1063,43.7277
365.8511,104.9272,20.5827,42.6496
366.5518,108.3492,20.8033,42.3286
368.4850,112.9275,20.7089,41.9006
370.6090,115.3412,21.4798,41.9829
373.2114,112.5745,20.8404,43.2351
377.7056,113.1401,20.6759,42.4893
381.5543,110.7696,20.8264,42.4642
389.1727,107.9820,20.9606,40.5396
393.3860,108.8404,21.7570,39.1510
