1
189.6588,215.2714,40.9310,98.2934
187.4742,216.3229,40.7041,98.1604
184.9609,215.1051,40.8647,97.5691
183.7567,213.0053,41.2361,97.3677
181.2155,215.5443,42.2328,96.9053
178.9049,223.5623,43.4114,96.1106
179.1749,222.6542,43.5660,94.9033
180.5102,226.0081,43.6330,94.5875
183.2965,223.1610,42.9239,96.6580
183.1409,227.9527,44.9073,95.1934
184.8720,228.3282,44.5039,95.9973
184.6596,230.6168,44.6062,97.0364
181.5145,230.2151,47.8390,93.8879
184.0671,227.7517,48.9495,93.3635
184.3161,223.9229,50.9199,91.3178
184.3248,218.4252,52.8793,90.4166
184.5748,211.5813,56.6990,87.5760
190.1802,211.8066,60.5097,84.5473
192.0387,213.4450,62.5803,82.4699
194.6705,213.4881,60.7925,84.3436
197.2540,221.0300,58.1102,89.2130
202.0285,221.4473,56.0415,94.1489
204.6270,221.3653,55.9337,96.3390
207.7802,222.0920,56.4532,98.0027
213.5761,222.7356,56.5489,100.5389
217.9838,224.9771,54.8863,104.2470
221.9563,232.2001,54.8780,105.7382
226.9328,228.6151,55.4497,105.3969
231.1617,230.2543,57.4173,104.7373
236.3535,229.3673,59.3289,103.5207
241.2565,227.4115,61.2813,103.0540
243.5746,225.8676,61.5938,103.0469
245.6554,225.5418,59.4584,105.4658
252.3128,223.8133,57.1859,107.9467
256.0365,220.4865,55.5883,110.4599
260.0864,218.1146,54.5695,112.4974
263.4831,225.0157,54.0676,113.6064
264.7419,230.3890,54.1994,114.3246
268.7897,225.6585,54.7526,113.9795
271.3050,230.6608,57.2937,110.0582
273.1039,232.5445,58.6726,107.0353
274.7116,233.5016,60.5136,104.1172
275.7169,235.6975,61.2387,102.1392
277.3298,237.1278,60.8297,101.3919
278.4301,236.7671,59.2479,102.6626
279.9587,236.5081,56.9626,105.4149
280.1033,234.4176,56.7846,105.0017
279.0879,230.7940,57.8626,104.0090
276.9912,238.3680,58.3790,101.3574
274.5158,232.8930,58.8947,100.1989
274.0999,232.2804,58.3850,99.7993
273.3246,229.1363,58.0806,99.7594
271.2666,228.3157,58.4162,99.0916
270.5070,227.6585,58.4094,98.7856
269.9889,233.1909,58.6050,97.6634
268.9604,234.6990,58.2047,98.4172
266.3458,236.0679,58.4374,98.4553
263.3603,237.2433,61.1838,95.8393
260.4360,239.2802,63.3284,92.8883
257.6211,242.1844,65.2693,90.0482
252.9208,243.8720,67.7743,86.7774
250.3046,246.7350,68.3541,85.4349
246.7707,248.3369,68.9939,83.8350
242.5930,247.5911,69.0547,82.8723
237.9845,247.4546,68.9824,81.8164
233.3172,246.2806,66.8463,82.4992
226.0480,246.5041,66.7374,80.7102
219.9387,248.0750,67.4732,78.2032
214.4948,250.6074,67.4740,76.6218
212.8382,250.5610,66.5526,75.6002
203.9677,249.0974,65.4968,75.9994
200.2370,249.4354,64.4391,75.6270
191.6161,248.7542,64.1713,75.5181
185.6414,252.4177,63.9557,75.4320
179.1795,249.7362,63.8435,75.0872
173.3497,251.9529,62.5531,75.1153
167.3231,251.3280,60.1446,75.8413
161.0391,249.6476,58.8396,76.7214
157.5815,247.9371,58.6368,75.6593
154.0289,250.1059,57.6539,76.5520
148.0684,246.0422,56.3641,79.4799
143.4586,240.8100,54.2109,84.5723
138.6518,234.4875,53.0666,88.3020
129.8818,225.5985,50.7639,92.7973
132.6577,226.0370,48.5286,96.4472
129.9699,226.9148,47.3121,98.2959
126.3328,225.5186,47.0980,99.4132
118.2436,223.8829,47.7819,100.8004
116.7402,224.5732,47.3809,102.0127
114.5862,223.9052,47.3265,101.8323
112.0796,224.8652,47.4544,101.3239
110.9819,227.1550,48.3882,99.5846
108.5171,225.6964,49.3611,98.8825
106.0431,222.7687,50.5729,99.3393
106.4917,223.2634,51.8027,98.2582
102.1528,211.9346,51.9153,99.4929
102.2127,215.2612,51.1945,101.0114
100.1225,212.4521,50.0984,103.0010
104.0420,208.7026,48.6896,103.9592
107.1936,209.2447,47.5956,104.0769
110.3447,208.7854,46.7515,103.6314
109.7422,203.4317,46.8592,103.5132
112.0519,201.0337,47.1619,103.8442
114.5997,200.7882,47.2490,104.7725
112.4369,198.1686,48.4269,104.3923
113.0657,196.6616,49.3932,103.4464
115.7043,198.8495,50.7978,103.0919
120.2729,198.5167,50.1659,104.7071
127.6994,200.3412,48.7109,106.9574
133.6334,196.8909,47.1705,107.5168
138.2250,193.6434,45.7462,109.1688
140.7347,189.6149,44.7546,110.4277
145.5119,187.2258,44.6769,110.4781
147.4424,185.2359,45.0991,110.8407
151.5567,184.0379,45.7084,111.3695
155.0062,181.8934,46.6094,111.3950
158.0701,179.8759,46.7842,111.5593
158.4407,181.2966,47.4595,110.1006
163.9583,181.4121,47.8965,109.4381
167.6785,183.3020,47.7668,109.3605
170.7548,181.5452,46.7403,109.4916
176.0060,180.2556,45.9312,109.1827
179.3785,178.0978,45.2743,108.3824
178.8967,176.9337,45.2438,109.0279
181.9197,175.4884,44.6208,108.8788
185.3735,172.5348,44.6726,108.1507
188.8348,170.3167,44.7804,108.0042
193.0756,169.6781,44.2817,106.6563
195.6551,170.1116,44.0727,106.6796
198.1805,169.7305,43.3842,107.5173
202.9450,172.8830,42.3527,109.2162
202.7103,173.2807,42.1630,109.4336
203.9466,169.8022,41.9277,109.3940
205.6822,167.1680,41.8765,109.3218
206.2551,165.2074,42.1157,109.2483
207.3057,163.0176,42.7893,108.6624
210.6882,165.2360,43.9335,106.3766
208.5956,163.9061,46.2939,103.0816
211.9016,168.7720,46.4994,102.5705
211.3873,168.5488,46.7750,101.7726
212.0055,168.8688,46.3488,101.8529
215.4788,166.8086,45.5157,102.1893
217.4244,164.8845,44.9494,102.5482
218.4172,161.6689,44.4593,102.0336
219.3065,158.8521,44.5312,101.4643
221.4008,155.8646,43.8881,102.2220
222.8915,156.2713,43.0975,103.1803
225.0684,152.0866,41.6916,105.7584
227.8827,152.5612,40.4806,108.0920
229.5698,155.1070,39.8911,110.2303
231.2297,159.8608,40.0648,111.5152
228.9492,161.4787,42.1275,110.0724
230.8593,164.7151,43.9421,110.7454
234.6728,158.8967,44.6614,111.7520
235.0565,164.1398,45.5985,111.4092
240.5522,161.5194,44.8133,110.9842
243.9802,155.8712,47.2953,109.8816
241.2333,153.0990,50.2462,108.0633
244.7146,161.0481,51.9988,105.2542
242.3030,161.7135,53.0447,104.0654
244.9061,164.7156,53.6026,101.7206
244.3434,162.2451,53.5997,101.2029
248.7269,161.3662,51.9368,102.4618
252.4353,157.8236,49.3307,106.4387
256.2180,155.1302,46.8560,109.8500
261.2263,152.1243,44.6113,114.4550
262.5190,149.1645,43.9398,116.9787
265.1166,146.9081,44.2802,118.2421
265.2660,152.8465,43.5002,119.0502
269.0456,156.9377,43.5390,118.5960
269.7005,154.9211,45.1596,116.6002
271.5014,152.4268,46.3206,115.1428
270.1529,152.8608,48.2775,112.8617
271.4726,157.5991,49.6742,110.4924
271.5701,151.5733,51.5677,108.2635
270.2251,150.9101,53.5218,106.3537
272.3122,143.2063,54.3714,106.1383
271.7123,145.6598,56.3910,105.0263
270.5379,148.2713,59.1453,102.7669
269.1978,143.0943,59.5782,102.6806
271.2135,148.3156,58.0859,103.9781
272.5445,147.0857,55.9517,104.2203
273.2161,143.4694,53.0695,108.0810
274.9485,140.5598,49.9868,111.7476
277.0329,139.9209,47.1558,114.5497
276.8311,136.5143,46.1484,116.0582
276.9343,134.4480,46.0118,116.6386
274.9348,135.0678,45.9181,116.4999
274.6311,135.4609,46.3585,114.8830
274.6931,138.4478,46.3808,114.0314
272.5129,142.8046,46.0831,112.8620
275.1757,142.9147,45.0814,112.4098
273.4776,145.0850,44.8473,112.8759
276.0287,141.4375,43.8700,115.0431
276.1329,144.2214,44.2389,114.0016
273.8981,146.3732,44.5396,113.7995
276.3966,144.3967,44.4411,114.6333
275.2090,147.4540,44.5463,114.2674
275.6367,148.8651,44.5756,114.4179
276.9300,147.5850,43.9775,114.1943
277.8582,149.5653,43.9303,113.0188
278.4855,144.1919,44.4440,112.4967
277.3091,148.5670,43.9933,112.8444
277.3983,155.2874,44.7811,110.5209
278.5890,151.3963,45.2178,110.3724
278.0966,151.9700,46.6630,108.2933
276.4361,161.2213,48.3318,105.6581
277.4441,162.8035,48.3391,103.8475
278.5458,164.8692,48.1245,102.8111
277.7605,164.7824,48.0866,101.2225
275.6805,166.8376,47.5513,100.7246
280.0543,166.2407,46.4643,100.8393
275.5905,165.8818,46.1203,101.4905
276.6969,164.8550,45.2213,102.0891
274.5981,168.0388,44.2664,102.6769
275.5745,165.7256,42.8058,103.8749
276.5231,165.2221,41.7069,106.0041
276.2239,165.3700,40.4663,108.9055
274.1538,166.0436,39.8097,110.5720
274.9435,165.5392,39.7635,111.2574
273.2543,167.1361,40.1328,110.9968
272.5644,166.9934,40.4626,110.9345
271.6814,166.9719,40.6030,111.7480
268.9317,169.0921,40.2789,112.2362
268.3395,167.6736,40.1586,112.0043
268.5760,167.4812,39.7161,112.4265
267.5467,168.6318,39.6271,112.2528
266.6302,168.8222,39.1142,113.7079
265.1993,167.0929,38.9329,114.4829
263.8814,165.4379,38.7948,115.1448
261.6774,165.1488,38.9017,115.0067
259.4104,163.4518,38.4683,116.2481
255.4660,164.1069,38.2208,116.0944
253.4639,165.6071,38.4576,115.4155
250.7454,170.2485,38.5793,114.1540
249.4868,174.2271,38.3870,114.2733
246.3346,173.1076,38.8297,113.7880
245.0636,174.0285,39.2805,113.7895
243.0460,175.0463,40.2775,113.6353
242.3287,175.1904,40.8558,114.0763
239.0705,176.1722,41.6888,114.2698
235.4652,178.7601,42.2221,113.8585
229.9007,186.3011,42.3483,114.8152
229.2413,187.8748,42.4793,116.6733
227.6699,188.1722,43.1240,118.1777
223.2501,186.3778,43.7138,118.6980
221.1652,185.5701,43.9889,120.0137
219.6175,184.1431,44.2312,121.5401
219.3106,182.4907,44.6983,121.8643
216.7258,182.0215,45.2990,122.7396
215.9418,179.2178,45.7454,123.9717
214.0649,178.9884,46.1748,124.9212
211.9192,178.9617,46.9383,125.3344
209.9562,177.7209,48.9647,124.0210
207.1826,180.9295,50.9715,123.4382
203.1243,182.0149,55.0284,120.3494
200.7881,184.7671,58.2974,118.6632
197.6721,186.6756,61.8785,115.9343
192.9082,185.5079,64.0188,115.3118
191.3465,185.7247,68.1553,112.5551
187.3848,184.3026,70.7924,111.5984
183.2036,189.5393,72.8444,110.7547
181.4070,190.5338,75.0660,108.2637
178.8287,189.6330,75.6404,107.7593
176.2442,185.7594,73.5201,108.1847
176.4587,183.0923,70.0392,111.8864
178.2028,179.9868,66.8408,116.0770
178.7389,174.8632,63.3463,120.2214
179.8368,170.6387,60.5255,123.1389
180.7679,174.2265,57.1468,127.2205
181.2533,169.6897,56.3829,126.5417
181.6824,175.5239,55.1705,126.7075
178.9023,179.0073,55.6575,124.0635
178.3242,178.3063,56.6166,120.5364
177.8946,185.7250,57.6768,118.8906
176.2159,188.0230,59.4131,118.5490
175.6914,188.1160,60.4772,120.3125
173.9552,185.5056,60.7490,123.6263
174.8477,178.7889,59.6324,129.7712
174.9648,166.4309,58.3321,138.0083
175.4612,161.2026,58.2669,144.1200
177.2473,160.0514,58.5278,149.2277
179.5906,155.5091,57.7962,156.7561
181.8313,129.7177,58.3150,163.0699
184.6803,116.3516,58.1712,167.6467
187.6412,104.1747,59.1751,169.8246
187.3493,112.3471,60.8627,172.6265
190.6751,98.7008,62.8758,173.8070
190.1595,105.4989,64.9025,176.4693
185.7419,109.2018,69.3988,175.3400
182.0808,112.7036,73.0022,175.0312
177.5381,123.1171,77.0424,174.4148
175.0299,134.1353,81.2461,175.0674
171.1936,144.3274,86.8037,171.7715
167.2913,160.3522,88.5616,173.0674
164.4763,163.4565,88.1863,178.0770
158.0700,165.2844,91.0675,177.7321
159.1808,168.6766,95.9365,176.0621
154.1374,173.3632,96.9071,179.6607
151.8192,178.8562,99.3201,178.9205
148.2161,183.5267,103.6133,175.9468
141.6392,184.5735,109.7693,171.1874
136.3226,187.1417,112.6470,168.5100
131.3896,188.4046,116.4659,164.7707
131.7063,190.6215,118.7379,163.8870
128.8370,191.2505,117.8480,164.0834
125.8454,191.7408,115.3853,164.6257
124.4208,189.0055,112.4154,165.5145
124.9280,187.3585,109.6008,164.5873
124.7791,188.4078,106.0789,164.2926
125.4663,189.2553,102.2399,164.2561
125.2943,190.0100,97.7407,165.0355
125.7343,190.5726,91.8733,167.2312
124.1594,189.2913,89.0658,166.3605
121.0635,189.8569,86.6677,164.4323
120.7654,188.0500,85.1095,162.1889
121.9386,188.2613,82.7937,160.9490
122.2624,189.5119,80.8395,159.5204
119.3434,190.8669,80.0613,157.0497
118.4354,191.1665,79.6746,154.8795
115.6986,193.0462,80.2171,151.9873
115.1892,193.8450,81.1140,149.0671
115.1634,194.0908,81.0317,147.7527
113.9735,194.8103,80.0520,147.3268
113.5113,192.7659,80.0240,148.3027
112.1947,194.4585,78.7840,149.0193
113.8642,195.6137,77.7562,148.8080
112.1335,192.4950,75.9288,151.1855
112.5672,195.7401,75.5518,149.9959
115.3115,197.0360,75.1003,148.2558
114.6048,198.5838,73.8255,148.1767
113.8067,199.5386,73.5558,146.7983
117.7731,200.1649,72.6524,146.8750
117.3735,198.7883,72.7335,146.9576
117.5359,201.9450,71.9639,147.2422
121.0195,202.7830,71.6517,145.8512
123.5773,204.0973,70.5560,145.6979
126.0572,205.8979,69.0595,145.4144
126.7306,207.3534,67.9255,144.7745
128.4034,207.1454,66.8832,143.3154
128.5374,206.8724,65.8510,141.7599
129.4887,207.7988,65.7086,138.8006
130.3281,210.5249,64.7482,137.4778
133.2603,209.5189,63.6091,136.0449
131.0960,212.7274,62.6206,136.3875
134.6978,210.4812,62.6543,134.1729
130.2802,212.2113,61.6681,134.8318
133.7062,211.2213,60.6601,134.1535
129.5663,212.6857,60.0128,134.9237
134.4397,210.2351,59.9688,133.2793
130.6742,215.2823,59.7887,132.3123
133.0356,212.5918,59.6866,131.1759
129.6225,213.7354,59.5265,130.7526
129.3052,211.7953,59.5765,129.8750
129.0123,214.6651,58.9218,131.6343
130.5540,211.9074,58.3964,131.8243
127.5526,213.4047,57.6961,133.7380
129.1587,211.7462,57.8236,133.3654
126.8835,212.7421,57.8537,133.3818
128.6192,208.9579,57.5811,132.9473
126.7979,213.1438,57.8776,133.7075
127.3175,207.5611,56.6523,135.0153
126.3393,208.7852,56.1732,135.9945
130.3072,203.8561,55.1693,136.3866
128.8379,207.4374,55.5326,137.4968
127.4230,203.3711,54.9760,139.2293
130.8148,206.0328,55.1972,139.9610
130.4791,209.7994,56.0853,139.8256
129.3044,207.1474,56.7960,138.8557
128.7082,207.6979,58.1243,137.3734
130.9012,208.4995,57.6590,137.7914
131.6253,208.4892,58.0303,137.3425
131.8820,209.3308,58.3851,137.0249
132.2100,211.7568,58.4752,137.5090
135.6386,209.5694,57.7145,138.0299
136.7660,207.7472,57.2937,137.7087
137.8835,210.5244,56.7579,139.9009
136.9891,202.4127,57.3538,141.1784
138.7177,208.8009,57.2387,142.9910
140.4759,206.9104,57.5983,142.1575
139.0654,207.5101,56.5440,143.8743
140.2231,210.3009,57.0728,145.1078
142.1788,208.4841,58.4062,143.4409
138.4059,209.2548,59.4844,142.0219
142.5514,208.6395,59.7328,143.0559
141.5312,207.9513,60.2484,143.5983
142.9000,208.5827,60.1553,145.4780
142.1511,204.3390,60.3204,145.5622
142.4443,207.2391,60.7552,146.4000
143.2024,210.0419,60.3532,147.6790
141.8515,212.2817,60.3415,147.4418
141.8987,217.4208,60.5495,148.5735
143.7883,215.7456,61.7688,146.9540
140.2421,216.0571,62.2979,146.9758
139.2686,217.2919,62.5302,147.1665
139.6526,218.6646,63.0347,148.4731
142.4031,221.4349,63.6138,149.6651
142.5643,222.0534,64.5601,150.2836
140.3554,220.6273,66.1462,150.3022
143.1791,218.6004,66.8838,150.6392
142.8409,218.3130,68.8388,150.6618
141.7674,214.4589,69.0081,152.5217
140.3296,211.6972,68.3609,154.9160
139.2742,205.7271,66.9959,157.6864
139.3397,200.5455,68.0635,157.4816
140.2283,197.7533,67.5346,158.8893
140.0766,202.0931,67.5995,160.4850
138.7898,195.8130,68.3404,160.7007
141.8111,202.1037,69.1003,160.0501
141.6844,194.7090,70.3577,158.8756
142.6067,205.1591,71.9476,155.6477
141.5648,197.9277,70.2963,157.5141
144.8861,196.8061,68.6608,160.5521
146.4019,199.1779,67.5096,162.4247
147.2296,200.1703,67.9845,162.6055
147.3707,204.3125,68.5452,161.7766
145.8602,203.3175,68.1449,162.7606
146.7944,202.7722,68.0558,163.0266
148.0099,199.5703,67.3154,164.8694
149.5100,194.9788,67.5546,164.9300
152.1286,197.2088,68.1915,163.5843
152.1881,201.3360,69.4559,161.7646
152.1588,204.0409,70.5867,158.8203
151.6997,205.3960,70.3933,157.5472
152.1948,207.0499,69.8429,157.9078
153.0009,209.0028,69.9461,158.4870
153.9798,211.0829,70.9439,155.6911
154.8524,213.5279,71.5861,153.2729
155.0383,213.6550,70.7807,153.4212
155.1159,214.7284,70.7061,153.4240
156.1164,218.1211,71.2828,152.5047
162.3717,219.0135,71.7941,150.9345
162.6361,219.8306,71.6488,148.9046
164.7504,219.4358,71.6462,146.8383
165.9473,219.0639,71.8777,144.0433
168.6885,218.2554,72.4056,141.1731
170.1232,220.6703,70.3416,141.2608
174.6267,222.5820,68.6558,141.9198
176.5514,219.1201,70.3890,137.2985
174.3699,218.1784,72.1242,132.6360
178.6633,218.0239,71.2228,130.8752
180.9375,218.0118,70.2328,131.3912
181.3081,217.8621,70.4814,128.9126
184.0387,220.3510,68.8593,130.5948
185.5476,221.6904,69.8588,128.4464
188.1164,221.6923,68.6649,128.7895
190.6377,217.2921,68.8418,126.4169
191.0020,211.0572,67.1760,127.0956
194.1113,217.2212,66.3789,127.0597
194.4204,213.6066,63.8930,129.2545
198.0406,212.7937,61.7632,131.8244
201.8445,213.2926,60.3285,133.9518
204.0648,215.1381,59.9544,135.6345
206.7722,218.1105,60.5354,137.7904
212.0115,216.1612,61.0008,138.9871
212.0902,220.4934,63.8060,136.7390
218.9975,221.6552,65.0879,136.8975
219.0481,227.0936,68.7952,133.1936
222.0066,227.4867,71.7129,130.6204
227.3634,229.2628,71.3111,132.3181
231.7706,227.8473,71.7640,133.8991
236.2475,227.4048,72.2354,135.1457
252.4298,216.3938,73.8337,135.5102
249.0679,203.3619,72.5992,141.0156
247.6843,217.9697,73.6953,143.6199
249.9605,232.8719,74.3395,145.0199
252.5906,218.5130,73.9994,147.6727
273.6005,196.8197,72.1604,154.1442
270.5030,187.9331,69.1966,160.4756
276.9933,180.8441,66.5706,167.2937
276.8176,173.0118,66.9352,170.8040
276.9819,164.7303,68.5608,173.5945
275.3806,135.6868,70.4948,175.6375
272.6091,136.2943,74.0090,175.9654
269.9434,134.9354,80.4795,172.7658
265.4749,132.8088,82.4704,175.8669
261.1990,137.1792,83.4377,179.6834
258.1301,134.4288,81.8572,185.2105
2
0
0
0
0
1
398.6170,224.6804,41.2489,78.2395
402.6867,232.0357,43.4279,75.0910
407.5354,236.6358,43.1040,73.4052
412.6230,239.8089,43.0472,71.9685
416.6894,238.1894,42.7985,70.8094
419.2300,236.1246,42.2245,71.1125
420.3191,235.6734,41.8738,71.2377
418.6468,226.1089,41.0895,71.1597
416.3601,218.2905,41.1057,70.2414
413.5273,219.4604,41.9201,68.5302
410.0843,212.6790,43.4699,65.8792
408.3677,213.9599,43.2516,64.4483
405.4391,210.3140,42.5575,64.5033
402.8914,207.1000,41.6991,65.1567
399.9800,211.1269,41.6904,64.7964
396.9675,206.4716,41.2008,64.6240
394.3389,208.0609,41.5394,63.8803
389.6628,199.4473,41.5010,64.1139
385.9327,194.4651,41.7645,63.6412
382.8436,195.6119,41.8372,63.5592
379.8130,194.0693,40.7767,64.7750
376.0020,193.9101,40.1754,65.6226
372.6905,188.4581,40.0035,66.4656
369.6154,190.2033,38.9755,67.8750
366.2881,190.5450,39.0136,67.9644
363.6140,190.9529,38.5212,68.7748
360.8967,191.9973,38.7759,68.5091
359.7731,192.2442,38.9782,68.2535
358.4892,192.3305,39.1657,67.6907
357.1976,193.3717,39.4949,66.8875
356.9621,192.9193,39.2840,66.9703
356.4681,192.4374,38.6201,67.4639
356.2026,191.4819,38.0412,67.6526
355.0911,188.9292,37.9085,67.4040
353.1523,190.8878,38.1569,66.5428
352.0105,183.2393,37.0491,67.4046
351.5690,184.1321,36.6740,67.4693
350.5081,182.6792,36.9070,65.8932
350.3700,180.8997,37.2242,64.5293
349.3142,180.6323,37.4773,63.4869
348.1957,182.8021,37.3424,62.3760
347.2150,183.5166,37.7010,61.0857
347.1389,185.1368,38.1081,60.0473
346.6154,186.3804,37.5301,60.0181
348.0495,187.3475,36.7380,61.1327
348.7084,189.3740,35.7908,62.7580
347.5349,189.3088,36.0655,63.3906
346.2315,189.2978,36.0443,64.3831
344.9572,189.4764,35.7513,65.6871
343.8765,183.1572,35.5682,66.0145
343.9316,184.0529,35.2141,67.2658
340.9745,185.2222,35.4208,67.8480
340.6506,186.9075,35.3774,68.2246
340.1523,185.8716,35.6680,67.9462
339.4592,186.8184,36.0336,67.9979
337.3625,186.9596,36.8566,67.5503
335.9897,188.0241,37.2450,68.1097
334.6954,189.5470,37.7483,68.6374
333.6527,190.6968,37.9044,69.2471
333.4632,191.4232,37.3405,69.7298
333.8659,192.0443,36.8619,70.7538
333.0884,193.3547,36.3634,72.1540
332.2627,187.4874,36.1706,72.9551
330.4120,191.0763,36.2109,73.2687
328.4770,192.2069,36.2083,74.2168
325.9886,190.9262,37.2387,73.2780
323.0068,188.2012,37.8839,72.5089
322.0420,188.6936,38.8572,71.1632
320.6461,187.5702,39.5844,69.9830
320.2419,186.5335,38.8237,70.9113
318.2132,183.8600,39.0425,70.6799
318.4550,181.2699,40.4253,70.1234
315.8191,180.9290,41.9011,68.7453
313.4710,181.4665,42.9033,68.0870
311.3933,183.2592,43.0093,67.8347
310.6678,186.4194,43.0888,67.7263
309.1580,188.9136,43.5823,66.9684
306.8925,191.1666,44.3994,65.2384
306.9239,190.3067,44.6910,64.4168
304.8183,190.8888,44.1540,65.3518
303.1321,190.1795,44.3889,65.0625
301.3138,191.1831,44.4618,65.0818
298.9543,190.5616,45.0022,64.4215
297.0733,190.0441,45.1706,63.2963
294.5573,190.4626,45.5729,62.5482
292.8164,193.3632,46.2100,61.9932
290.8554,186.6729,46.0159,62.2026
290.9030,190.7534,45.6783,63.1620
290.7340,191.1073,45.6715,63.0590
290.2043,182.9313,45.7999,63.3053
290.7160,184.3664,45.3106,64.4120
291.9810,186.3648,45.0783,65.1112
291.9410,187.0684,44.0616,66.2034
292.5819,185.5180,43.8498,65.8429
290.7618,186.3226,43.6525,65.6235
291.8851,187.1258,43.4558,64.6510
291.8542,187.1583,43.1776,64.0934
291.8387,182.9380,42.7462,64.4446
291.2580,185.6392,42.9152,64.7119
289.6473,185.9145,43.2078,64.1038
288.7738,188.0717,43.8732,63.1356
287.5450,188.5112,44.4499,62.4173
286.7680,188.0697,44.6151,62.3610
285.3936,187.4279,44.5527,62.3929
285.7193,186.1258,44.6411,62.3851
286.1625,184.5681,44.6490,62.3816
286.0231,176.8779,45.0358,62.2701
285.9492,178.3999,44.2627,63.1743
286.8568,180.3746,44.6879,62.5002
286.8667,182.0778,44.8357,61.6402
289.2356,182.6164,44.5032,61.2827
289.9389,184.0221,44.0077,60.9108
291.7001,185.0762,43.4575,60.8570
293.9741,184.2051,42.0490,62.1084
296.6837,182.0821,40.6835,63.3122
298.1788,181.9324,39.0946,64.4673
299.9902,173.6201,38.7822,64.8466
301.0889,174.4269,38.3710,65.2749
302.0372,173.0757,38.5731,65.7203
303.9049,172.7552,39.2407,64.9961
306.6315,173.5189,39.4435,64.7824
309.2627,173.4116,39.2164,64.5836
311.5312,174.1785,39.0262,64.5953
313.9423,174.6862,38.2777,65.0735
316.8790,175.1283,37.8597,64.5724
320.4099,175.5063,37.9688,63.4296
323.2904,174.5408,37.6911,63.2703
325.1793,173.5947,38.0368,62.3668
326.2982,171.8736,37.8806,62.1049
326.8142,172.5214,38.3185,61.0392
326.4912,172.8193,39.9391,58.7908
325.7942,172.7121,40.6880,57.9391
327.6497,172.3217,40.4507,57.8297
329.3602,172.1607,40.2478,57.7725
330.8843,172.2234,38.8406,59.3206
330.8079,163.5567,38.5710,58.7802
330.0695,158.0624,37.5379,59.0636
331.7988,153.5491,36.9102,58.9551
332.9340,152.6337,36.5886,59.0538
331.6884,145.5367,36.5978,59.5508
331.9045,145.1056,37.0116,59.0511
330.3816,145.8704,36.6036,59.4579
329.8648,143.7780,35.2921,60.6416
328.9243,138.5657,33.9659,61.8435
328.8403,137.4655,33.4212,62.9026
328.0293,141.2456,32.5408,63.5459
327.2245,138.3964,32.2591,63.6018
328.2938,146.4769,31.1277,64.8719
328.9269,151.6966,30.3862,65.7362
329.9430,153.9888,29.9382,66.1552
330.6255,157.5973,30.2824,65.1414
330.7044,159.0103,30.7317,64.6598
329.0741,161.5702,31.2590,63.7167
330.5601,163.5091,31.4186,62.6083
331.9420,166.3443,30.7247,62.6120
333.2275,163.3870,29.9207,63.7266
334.6978,168.0892,29.2410,64.5032
334.8139,166.1029,28.6016,65.8415
333.9593,162.9964,28.7416,65.8605
333.9380,167.9538,29.5013,65.2029
333.2369,169.8226,30.4289,64.0372
333.0846,171.0956,30.9517,63.4368
331.7704,173.3139,31.4385,62.4729
332.7193,174.2375,31.4163,62.7778
328.4662,164.1085,32.6361,61.9970
329.7093,168.2604,32.4059,62.5344
331.5314,171.2002,31.6617,63.6848
332.1620,171.6162,31.7945,64.3847
334.9560,181.8451,31.4986,65.9241
334.4680,180.4486,32.8789,64.8213
335.3059,179.4223,33.1972,65.0921
335.0388,182.6478,33.5276,63.8383
336.0458,186.8076,34.3707,63.1222
333.7605,176.9224,36.1444,62.2899
334.8792,180.8561,37.9396,61.5784
338.4280,183.9353,39.2074,60.1921
341.1149,189.4769,39.8386,59.8457
343.1144,198.8432,40.8960,59.2579
343.8875,208.3124,42.4453,58.3400
343.9465,213.2749,43.1909,58.2024
342.3043,217.2682,42.5452,59.8975
339.6142,218.9570,40.8759,62.8693
338.9581,218.8015,39.2413,65.2692
339.5383,218.0705,37.9447,67.3452
339.7268,217.2733,37.3863,68.7498
340.4043,217.9299,36.8377,69.9553
340.8377,219.0872,36.4807,71.2364
341.0358,219.8521,36.4127,71.8658
341.7215,221.1395,36.1900,72.7435
342.6942,221.5739,36.2126,74.2824
343.3185,215.7758,36.0116,74.9848
343.9281,217.9714,35.8627,75.9912
343.1324,221.6863,36.0068,75.1875
344.9028,210.9306,34.9773,75.7638
346.5615,211.2233,34.8011,75.3807
347.8481,211.7207,33.9108,76.1113
348.6269,213.4955,34.3321,74.8671
348.4113,214.9372,35.1148,72.7933
348.4314,214.9379,36.1191,71.0865
348.5345,215.0101,37.4194,69.0313
348.7977,214.7380,37.8774,67.5783
348.7579,214.8166,37.6228,67.0922
348.4497,214.5324,38.0398,65.4623
347.9207,213.9310,37.4867,65.3249
347.4988,213.1453,35.7958,67.1521
348.4248,208.1372,34.3413,69.9326
347.7293,209.1042,33.4551,71.6647
347.1488,209.2474,33.0984,73.1237
344.4867,209.6100,33.4000,73.4848
343.6736,211.0171,34.8086,72.0983
342.8023,210.7806,35.4488,71.2887
340.9501,211.9039,36.3143,70.0379
341.6159,211.1535,36.5341,69.4056
341.6729,211.5778,36.5996,69.3203
339.9424,214.7234,39.2774,64.8067
340.7250,212.1720,37.3359,67.6073
341.5274,210.4137,35.7622,70.0904
340.8766,210.3963,35.2398,71.5136
341.2639,209.8245,34.8569,72.8560
339.8404,209.5682,34.6532,73.7837
339.1639,207.5468,34.3698,74.6907
338.5747,206.0996,34.6371,74.8992
338.7865,204.8412,35.4739,74.2647
336.9511,206.7046,35.9817,73.8020
337.6805,207.7841,36.0068,73.2577
339.1295,209.8902,35.3248,73.2955
339.0886,211.2388,34.0570,74.6882
340.3410,211.2331,33.4413,75.8787
340.7352,212.2770,33.1506,76.6816
339.8376,212.6020,33.6070,76.2508
340.4049,208.9658,33.3555,76.3934
339.9983,202.5440,32.5035,77.7127
338.6454,202.0006,31.5424,79.7579
336.9465,201.2844,30.7741,81.5475
332.8395,190.8377,31.6477,81.2328
330.0989,193.4082,33.2312,79.9538
325.9890,192.9229,35.1426,78.5983
322.3728,183.7213,36.6649,77.9218
318.6034,187.6666,38.1311,76.3600
315.0508,177.7872,39.9131,75.8672
