1
174.7009,64.4511,83.4061,69.3652
144.6811,90.9153,78.5564,71.7127
123.3679,108.5364,76.2320,71.9581
92.7182,111.7512,72.1945,74.8622
80.0161,125.0220,67.4938,78.4255
73.2270,125.8709,64.9978,81.3203
69.7326,148.0265,62.7841,83.0219
82.1710,153.0883,65.3947,77.4796
123.3294,150.1511,64.0050,78.8579
146.6248,134.4998,62.3496,80.9525
182.9838,131.5680,61.6945,82.3123
227.8709,133.7990,60.1385,82.3743
258.8116,140.2460,56.4309,85.1426
273.4946,139.0575,58.1173,83.0835
307.0274,124.3025,57.4994,83.7994
319.2988,129.7050,59.5429,81.8566
322.5117,138.8960,57.5567,83.4529
320.8445,132.1576,54.2574,88.0846
352.8140,144.9891,52.6386,89.1304
341.9642,133.4580,54.4121,87.8385
349.0092,111.8932,58.1193,84.2504
350.3660,131.0520,62.1034,79.4216
347.3283,137.8164,65.9542,74.7910
344.5299,143.8243,69.3358,71.6366
337.1211,130.3969,66.3937,76.2918
358.3896,138.4986,62.0328,82.5450
333.4765,122.8264,57.3533,88.9075
307.7485,118.5637,56.1420,90.5632
288.3766,130.0819,58.1758,88.1762
278.2686,132.5935,60.0510,85.4457
272.2786,139.0554,58.3358,86.2171
256.1962,137.9323,58.7791,83.9316
241.1363,140.6346,62.0349,80.7657
221.4188,134.4700,63.3221,79.6310
208.8478,128.8887,63.7409,79.5557
188.5289,125.8969,61.5678,81.0331
176.7729,125.2979,58.1946,84.4715
172.8479,127.7500,59.3331,81.8045
193.7286,128.2454,61.8834,78.5980
197.5102,118.4298,63.1538,78.3538
197.2931,121.6135,61.3627,80.8874
200.9078,130.9887,60.8378,82.2508
205.2088,135.9820,63.4711,79.0055
223.6470,135.7273,64.6813,77.2744
236.9072,134.1371,60.4941,80.4549
254.3126,135.1578,58.8948,82.8416
272.7021,136.4706,57.7012,84.6641
288.0247,137.7279,56.0708,86.6134
301.9083,136.7927,55.1126,86.2496
305.1392,136.1049,55.2887,85.4128
294.5085,133.4006,54.5197,86.4153
309.5068,131.7097,55.3958,85.3865
306.0074,115.7957,53.5770,88.5570
296.6916,135.4538,52.2166,91.4459
295.1395,127.7533,50.8385,93.3995
2
0
0
0
0
1
336.5080,155.2280,33.7122,40.3036
334.4629,157.4375,33.1446,41.7067
343.4056,162.4777,32.9117,42.2178
344.5461,164.7176,32.9925,42.4616
344.3954,165.2715,33.2937,42.5396
344.3026,165.7432,33.4794,42.7882
341.5459,165.1202,32.9987,44.0343
337.0354,166.2278,32.3397,45.4490
338.2688,168.0876,31.0935,46.6122
332.0856,168.2478,32.5016,46.2917
337.9983,164.1720,31.8010,47.0268
344.5484,161.4298,32.2920,46.3333
342.9529,159.8111,33.0166,45.8711
341.9934,163.2788,32.4591,46.3648
335.8701,163.5751,32.3410,47.0087
339.4402,166.3774,31.4220,47.6253
329.6039,167.2209,32.5204,47.1766
326.1497,168.7124,34.4298,45.4434
324.5224,167.9061,35.1746,44.5462
2
0
0
0
0
1
264.1928,153.6375,37.7394,46.6472
282.2383,156.1842,41.4605,44.2078
301.8732,160.9695,41.3097,45.4287
320.6486,167.4457,40.6294,46.1321
327.9983,166.8745,39.5865,47.2743
341.1693,162.3370,39.2087,48.1501
346.4001,156.6035,41.1125,45.8780
347.4588,154.1112,43.1034,44.0155
351.8827,159.2372,42.4872,44.7388
368.5995,164.4780,39.2711,47.9925
384.1966,175.1019,39.6447,47.3325
392.3636,165.4003,39.7313,47.5781
409.6122,172.0412,36.8260,50.7793
395.8819,179.0031,36.7819,51.9828
410.1033,168.2920,36.1940,52.5141
2
0
0
0
0
1
200.3634,183.9270,30.8979,55.2060
184.6044,193.8813,31.5409,55.4332
186.3871,198.6443,30.6890,58.1175
186.5812,207.9632,30.3008,58.8243
199.5971,213.8648,29.2073,60.8756
190.7199,198.6067,28.8065,62.0645
2
0
0
0
0
1
300.7089,208.5203,62.0373,65.1777
300.0974,212.1135,59.2538,68.0075
308.0668,212.8908,57.3355,70.4587
307.8263,191.6086,57.8166,70.8163
306.5568,183.3576,58.3323,71.1332
329.9084,183.5005,58.4648,72.8837
335.8742,177.3609,58.9255,72.7709
332.8708,187.3988,58.7190,73.4059
312.8347,179.9541,59.3188,73.7529
324.8173,188.5123,58.3715,75.4693
312.0156,197.0970,58.7338,77.2307
319.7336,195.1434,56.1151,81.1380
319.7129,193.6164,54.0040,84.1919
318.3971,193.3095,54.4722,84.8057
326.4662,184.9937,53.5963,88.3555
342.2689,173.5723,55.2706,86.7932
342.6920,175.3348,56.6477,85.4917
331.1005,176.6739,57.5621,85.0404
329.1874,175.9403,56.9178,86.5075
333.9712,169.8843,56.3367,87.3864
332.9483,168.5366,56.1323,87.8317
303.3387,162.8174,61.2707,83.4966
287.0768,154.7152,64.2447,81.5164
291.7755,153.1781,66.3042,80.0076
296.5206,149.6181,63.7189,82.5246
292.5810,146.0049,60.1067,87.4526
292.7947,143.9210,57.3654,91.6203
288.0635,142.6756,55.1744,94.1113
288.3666,133.0779,54.5682,94.6596
292.8343,122.0146,54.9478,95.8274
292.4117,147.4844,55.7930,94.2903
292.6883,131.6553,55.2398,95.4764
283.7546,135.4296,54.2894,97.3368
291.4435,127.1200,53.0934,99.7742
292.8503,126.8827,52.6588,100.2489
294.1221,122.2404,52.4939,100.0189
324.8925,124.4998,55.0091,95.5000
332.0128,140.7594,57.2094,93.5136
359.3196,151.7278,61.5035,88.0711
372.3575,135.9382,61.2359,89.1497
382.6713,121.9383,59.4727,91.2110
396.2735,117.9950,58.2259,92.0181
390.2160,145.5267,60.9367,88.6776
398.6696,141.7162,60.4515,89.2607
407.3598,139.0491,57.1514,92.2482
416.3824,128.5069,55.4614,94.6407
397.7970,129.2115,57.4782,93.2316
389.2611,130.5990,62.7669,88.1000
380.5741,131.2311,65.9362,86.8357
389.1754,126.9627,67.9354,85.7717
401.1254,127.0280,68.2004,85.6410
406.6962,128.1819,69.1528,85.7521
410.4242,138.1294,69.0046,85.3446
395.8554,149.8799,73.8694,81.2620
420.9357,160.5500,77.4398,77.0180
