1
335.4714,168.3132,28.8627,39.9701
335.2375,167.8054,29.0272,41.3389
337.7994,165.6140,30.6586,39.3711
337.5206,167.3424,30.5363,41.4191
333.9821,164.5138,30.1699,42.0695
331.6802,160.3942,29.8398,42.4346
330.0990,161.0323,29.7495,42.7292
328.0079,163.2766,30.6193,42.8086
327.2503,167.1562,31.2689,42.4969
323.1723,166.1913,31.1436,43.5121
320.2143,164.1702,31.7986,44.8873
324.5723,165.5980,32.2955,46.0302
327.5424,162.9550,33.1658,45.1585
325.1523,162.3323,33.5604,44.9860
325.1408,161.0957,32.6902,48.4142
325.9329,159.5756,30.2030,53.7239
323.5627,154.8972,29.2465,54.9468
323.0782,157.1775,31.9306,52.1099
322.2823,165.5888,32.9300,51.5358
322.5587,165.3073,32.6767,51.4653
326.6958,165.7786,32.8942,51.6439
327.4163,165.6526,32.3076,54.0187
325.7994,163.2738,32.0727,56.7968
326.4382,161.8283,31.7120,58.3822
324.6555,161.8789,31.5599,57.8064
322.0578,162.0275,31.6033,57.8989
326.1602,158.8180,30.2785,56.8365
326.2057,156.6267,30.4715,54.3761
323.8958,157.3272,31.2807,52.2118
325.4129,158.1703,30.7650,50.8943
325.6494,159.1667,30.4696,51.0838
324.8557,159.4407,31.1005,51.9579
323.4952,157.6848,32.0070,53.6184
328.6617,157.2372,31.3082,55.5201
327.9098,155.3685,31.3158,55.2703
329.0363,154.3389,31.2552,54.6601
329.0842,154.7301,30.3947,54.2969
329.0359,153.7960,30.0062,53.3135
329.4288,154.9049,29.7539,52.9852
330.6579,155.2968,29.2143,52.4614
329.9826,155.5951,29.1161,52.7719
330.2163,154.7527,29.1504,53.3377
330.6387,154.6030,29.5660,54.8331
330.9587,153.7298,29.3115,57.2921
333.5547,152.1930,29.3420,57.4011
331.5495,152.5786,29.1312,56.3059
330.7139,154.5614,28.4874,57.1192
330.2588,154.2534,27.3603,56.9236
329.6882,156.3432,27.0524,56.8851
330.2523,152.0437,26.9374,56.2159
333.0768,152.9612,27.5537,55.4200
332.6675,154.0788,27.9012,56.4606
336.3749,154.2533,27.4708,57.8397
336.3163,154.7309,27.0845,60.3668
339.7405,151.6364,26.2224,58.8339
340.2706,151.3495,25.7546,57.9720
338.2715,152.6601,25.3350,57.2797
337.3356,153.5639,24.6732,57.7625
336.4239,152.1726,24.9315,57.6108
337.4427,151.1518,25.0467,56.8428
336.1140,149.6848,25.4044,56.0197
334.5756,151.4107,25.3738,55.2773
333.2320,153.5112,25.3318,56.8645
333.6352,151.5250,25.3477,57.3457
331.7434,150.7126,24.9113,57.6389
328.7691,149.8658,24.7435,57.2508
326.3055,150.8774,24.5896,56.8772
324.9941,151.1355,24.2558,57.2000
323.7906,149.6738,23.9266,56.9733
324.3023,149.8460,24.2404,56.5743
324.2903,149.0516,24.5459,56.7792
324.8384,150.2067,25.5489,56.1115
322.6739,151.7173,25.6139,56.2631
326.1718,152.2677,25.0171,58.7958
325.9420,148.1971,24.5542,58.6945
324.7790,148.3573,24.0672,59.0836
325.5591,147.4593,23.9744,58.9655
323.3111,148.9554,23.8151,60.1772
326.0913,146.9857,23.7296,59.8386
326.1269,146.1902,24.1172,59.9591
321.3653,145.4424,24.8622,60.1951
323.4489,148.1568,25.9998,59.4819
322.7675,150.9608,25.6464,60.0113
321.9212,149.7377,25.1763,60.1417
324.7125,148.9989,25.4940,60.7995
325.8619,148.0083,25.9176,60.0746
325.8037,148.4462,26.5564,60.7274
325.2218,149.5969,26.6704,61.1547
326.6013,148.8508,27.0299,61.4306
328.8208,148.7427,27.1898,60.4047
328.6565,148.2274,27.6350,59.8146
331.2511,148.3862,27.9886,59.1960
330.8326,149.9588,28.0155,59.5762
330.5125,148.8543,27.9763,59.9076
334.2326,150.3403,26.9470,62.1875
336.5814,151.4066,26.7735,63.6376
334.7761,146.6430,27.0465,63.6310
333.7306,148.3045,26.7539,65.0347
336.4036,147.1273,25.8697,65.2089
338.5835,145.1334,25.4107,64.0247
340.2728,146.4595,25.4561,62.8464
341.3314,147.3320,26.9965,62.8543
341.7965,148.1843,28.0114,63.3530
339.6671,146.2172,28.8137,62.6842
339.1270,146.9697,29.0705,63.2975
341.4679,149.5679,27.7572,66.5979
343.5508,148.4509,27.7907,68.8595
345.1444,144.5597,29.1678,67.3665
343.4998,145.4005,29.8821,68.1351
348.2254,147.4343,30.1306,69.4822
347.8930,145.1275,29.9350,69.0003
352.4964,144.0389,31.7432,68.1092
354.0009,146.7223,32.3054,69.3846
355.4387,144.6698,32.3671,69.8921
357.1694,147.7555,31.6198,71.4300
356.5636,148.6111,30.5999,72.9000
361.6654,148.6197,29.6595,74.0588
364.4230,146.7670,30.6733,72.2930
364.1256,146.8938,30.7180,71.6030
363.7932,146.4701,31.0352,70.9764
364.1663,147.7207,31.6741,70.9729
365.9568,146.6315,32.2605,68.7996
365.4025,147.4877,33.3094,68.2291
363.0571,146.3046,34.6521,66.3829
361.0333,149.0226,34.6240,65.8441
359.7094,148.8031,34.1953,66.7722
359.7071,148.7008,34.6791,67.9298
361.3874,148.3320,34.9512,69.0841
363.2352,148.5422,35.1282,70.1877
362.6642,146.0431,35.8965,69.5558
365.1409,147.9817,36.6537,71.1008
368.2337,151.3194,36.4081,72.1396
370.4831,149.6724,37.0677,69.3453
373.7512,153.1781,37.9659,68.2302
371.9884,152.5586,37.8942,67.2693
376.7724,150.5654,35.6431,69.9848
376.3202,152.4998,34.0578,72.6744
381.0564,155.6243,33.5934,72.8490
379.2254,155.5645,37.0709,69.2450
376.1684,156.7820,41.0077,65.4412
377.1286,158.5402,42.4808,65.7872
379.6065,159.9399,41.2906,66.8094
385.4974,163.1025,41.4659,65.6566
388.8578,162.1252,42.0952,63.4437
392.5051,162.1523,41.3318,65.2082
389.4681,164.7751,42.0658,65.6965
388.8620,165.6543,41.4713,66.5536
391.8951,161.3669,39.0610,68.3737
399.4010,161.2483,39.8233,68.2381
396.6233,155.3794,42.2343,66.2006
397.3552,149.5547,41.8545,65.9646
400.4210,159.2716,40.3359,69.1889
406.2537,158.0450,38.3648,69.6816
412.1286,157.1071,37.7514,67.9549
413.2248,159.7270,37.9268,67.0509
411.0769,160.5011,37.6208,66.4267
407.9362,160.0908,35.5482,66.7709
406.2070,160.4096,33.0221,69.0842
405.4485,160.8897,32.2299,70.1897
410.0376,159.9595,31.9547,69.9396
407.9042,157.0240,35.1540,66.9441
409.5735,160.5945,34.5674,66.1309
409.0885,162.9307,34.8037,66.4177
414.8088,163.1535,33.1832,67.1381
421.3750,161.3576,33.4272,64.9618
423.7208,162.8671,35.4185,63.5548
427.5483,164.2974,35.9769,63.3524
433.6228,166.4176,34.5606,64.9056
439.3220,165.9610,33.4762,65.7003
438.7900,164.9026,33.0498,64.9957
444.5933,162.8553,35.1749,63.4826
450.3207,163.2771,34.7850,63.7433
450.2649,162.7428,34.3944,63.5518
450.5645,162.3479,34.6147,63.2496
457.6636,161.6022,33.0925,63.9987
463.9776,158.4208,34.1441,62.9231
465.2126,157.3983,35.0883,62.4900
464.3615,157.2301,35.1797,62.6500
463.8908,156.1009,32.7582,64.9921
462.4058,155.9495,30.2333,67.2275
466.0984,153.7998,29.5857,65.9723
468.5174,154.1619,30.6684,63.9938
467.9363,156.6431,31.5190,63.6542
465.2922,156.7909,31.7881,63.6473
464.3634,158.4348,31.6134,63.5743
469.3634,159.5559,31.2673,63.1477
470.5434,160.5511,32.9286,60.9235
468.8011,161.9173,34.3624,59.7948
471.3637,164.1793,34.4679,60.0320
468.8725,165.0341,32.7799,61.6529
465.9970,165.1450,31.0172,62.1458
463.6911,165.4941,31.3451,62.3860
463.9192,166.7344,32.1264,61.8654
460.3463,166.3776,32.5743,61.8346
456.5211,166.0859,31.3063,61.6591
454.6487,166.4631,29.9931,61.7180
456.4305,166.2334,29.5102,60.4877
456.0127,164.6937,30.9615,58.6145
454.8794,164.4615,32.4777,58.4869
453.8983,164.2852,31.9346,59.0612
454.6200,164.0575,31.3258,59.7302
454.6241,163.4112,29.5247,61.7748
454.2781,161.2509,30.1697,60.8793
456.1002,160.7502,31.3726,60.3776
455.2249,161.2466,33.0053,60.1724
453.5032,159.3786,32.7943,59.6715
453.2971,159.0016,31.2992,59.9662
451.7525,156.6728,30.9818,59.0762
451.8486,155.7174,31.5928,58.1230
450.3075,155.9098,32.6793,57.9292
447.3257,156.4907,33.0584,57.4410
445.1059,155.5740,32.6273,57.5034
444.6279,159.2239,31.1067,57.5044
446.8730,159.1726,29.7050,58.1078
446.6505,154.0591,30.6158,57.1645
443.0977,153.9122,33.7314,55.9396
444.1874,154.2400,33.5127,55.0327
442.0487,155.8463,32.6570,54.6872
440.9847,156.9751,32.2182,53.6992
440.3709,156.8686,32.1990,54.1351
446.5493,154.3945,32.8011,53.3740
448.2162,153.4129,32.9627,53.4667
447.4383,153.5612,32.6317,54.7445
447.5438,152.9992,30.4128,56.6290
447.2687,152.0340,29.7175,56.9787
453.4176,151.5245,29.3919,57.0997
454.9290,151.3305,30.4615,58.2655
455.0973,148.8429,31.3456,58.2590
454.5185,147.6723,30.8046,58.4356
453.6810,146.3433,29.1987,58.9142
451.7885,145.6567,28.4760,58.3177
450.3059,147.3378,28.7585,58.0199
455.9676,143.9411,30.5814,56.3369
459.0407,145.7960,32.5692,57.2638
463.3682,145.8866,32.8807,57.6791
466.8565,146.8246,31.8265,56.3705
470.0249,144.8375,31.3749,55.6714
479.4737,137.0365,31.5326,55.0714
494.4487,129.4512,32.4771,55.4430
499.5166,134.7317,32.2267,55.4615
505.8473,134.7014,31.3150,56.6725
511.2490,134.0778,30.2960,56.6736
515.7284,130.8690,29.8232,57.1167
521.0403,127.5568,29.7279,57.1395
524.8206,128.1721,29.4402,57.5155
527.4285,127.1116,30.9591,57.1155
530.4327,126.0546,30.4217,56.4861
529.7779,124.5084,30.6194,55.9514
533.0765,124.5748,29.4822,55.9718
536.2700,123.0916,29.0923,56.6565
537.1620,120.1061,29.5303,56.8596
534.4212,120.2000,29.3323,57.3145
531.8977,119.6435,28.5333,57.9026
529.5534,118.3036,27.9589,57.4109
526.5536,119.3955,26.7411,57.4777
525.8163,120.1454,24.9330,59.9192
524.2058,119.0409,23.9034,61.0989
522.3148,117.3946,23.3531,61.7295
521.6252,117.7693,23.6711,61.4895
517.3771,117.1902,25.4582,59.4637
514.8809,119.1208,26.6407,57.6059
514.2372,122.3709,27.1804,59.0924
513.4465,119.5358,28.0692,59.0127
512.3004,118.6923,28.8773,58.6232
508.6183,118.6197,29.1589,57.6551
502.5078,115.3313,27.6177,58.0083
502.0229,115.6536,25.7203,59.3614
500.7161,114.1789,24.3619,60.1838
501.1000,112.6965,23.7930,62.1557
499.1040,106.3874,23.8715,62.2490
493.4427,104.2390,24.7421,61.5197
491.4112,104.0415,24.4942,61.2479
492.7744,102.9959,24.6866,60.3911
490.9572,100.2067,25.0668,60.2365
491.6003,97.0235,25.2400,60.2343
488.6104,94.6696,25.3735,60.3429
488.5816,93.5252,25.9490,60.7770
486.6595,92.7736,25.8831,60.5980
488.1942,93.0529,25.0527,61.5384
488.9424,95.8139,24.3752,62.7370
488.0797,95.1253,24.0395,64.4545
489.4876,91.4544,24.5170,64.1631
489.1803,89.1914,25.4352,62.7667
488.9320,88.1292,26.3873,62.3690
490.4270,90.5073,26.5113,63.3755
491.9937,87.5528,26.2930,63.8364
493.6537,87.2137,26.1728,63.9564
494.3433,87.3439,26.6094,64.5532
496.1613,84.0739,28.6050,63.3280
495.0245,83.1147,30.0472,62.4321
494.4512,82.6527,29.9412,62.1979
491.9181,84.9797,29.3577,63.5860
489.1945,88.3326,28.4748,65.9838
487.9564,87.0037,28.5356,67.8604
489.3953,84.4424,28.2502,68.9466
489.2700,85.2969,29.2600,68.7116
486.0352,85.6899,29.4438,68.4279
483.5947,87.0730,29.6351,68.5596
481.3435,87.3888,29.6000,68.2534
478.0368,85.3382,30.5578,66.4905
477.2291,87.2026,30.6991,66.6750
472.8024,85.9404,31.3990,66.5878
465.7296,84.2279,31.6822,64.9727
461.8702,85.8833,30.5252,63.2530
459.4919,89.3842,29.9255,62.1759
453.4979,93.9637,28.3647,62.8717
448.5194,91.5212,28.0582,61.9496
442.8424,95.7433,28.5066,62.4953
442.2592,98.0858,29.2351,63.4167
440.5865,97.6424,30.0621,64.5238
438.6096,97.9428,30.5162,65.3934
436.6461,94.8272,30.0905,65.0154
435.7973,95.5803,30.4776,63.5084
433.8911,97.3946,31.5144,62.8485
433.0854,95.6680,32.5796,62.0831
431.9564,95.5728,32.6189,60.8097
430.8950,96.9504,32.2550,60.3861
430.1104,96.9049,31.9139,59.7402
427.6114,100.1898,31.1273,60.8337
426.6359,101.8351,30.0784,63.6202
427.8693,97.4632,29.1795,64.0447
428.6469,97.9421,28.6078,63.4975
429.2259,98.7239,28.5195,62.1306
430.1577,99.3402,28.7806,60.1550
428.5516,94.3441,28.3166,58.7579
426.9666,95.5777,26.8855,59.6495
426.6673,95.6276,25.8769,60.4433
425.3433,94.2260,25.6017,60.0544
422.7568,95.8182,26.9041,57.4355
420.6609,97.2391,27.5017,55.1305
417.0645,94.5786,27.0456,55.2768
413.6784,95.6297,26.3221,56.2625
412.7262,96.5549,25.6443,56.8858
408.4781,91.2308,28.5306,52.7352
406.5206,91.1401,30.0177,50.4156
404.9624,89.7965,31.0420,48.7217
404.1514,90.4751,30.8718,47.9967
400.1942,92.5843,29.9440,49.9419
400.2381,91.4305,28.5810,51.5923
399.4156,91.0439,28.7357,51.1744
398.0618,92.4136,28.7669,51.8695
396.6925,94.0637,28.9040,52.3128
392.5532,96.8931,28.4365,53.4167
388.4366,96.1179,28.2231,53.4450
379.4922,96.5039,28.2816,52.7990
376.6920,95.1114,28.9028,52.4162
373.7419,95.4363,29.1162,52.7799
373.7801,94.8652,29.0912,52.5922
374.4384,95.4943,29.1472,52.6391
