1
276.0114,66.5003,21.8965,64.5932
276.2619,66.4506,22.5304,65.3768
275.4986,66.2461,23.2709,65.2324
275.2576,66.8980,24.2427,64.7087
273.7559,68.6806,24.3638,63.6697
274.7845,68.1010,24.0015,63.7943
274.6913,67.2179,23.9772,63.1033
274.5169,67.0538,24.1882,63.3490
273.6235,66.2536,25.3264,63.8366
274.4092,66.7138,25.4991,63.6860
274.7159,66.9681,25.2283,63.6519
274.7429,67.2715,24.8382,64.2384
275.2144,64.6771,24.3917,64.8687
277.0432,64.9251,23.9172,65.4050
275.2881,64.5035,23.7455,65.3000
275.0494,65.7463,24.5210,64.7294
274.9962,67.2423,24.5122,63.9070
274.1335,67.7106,24.2345,63.6786
274.0451,66.3718,23.9225,63.2302
274.5067,66.5187,23.8687,63.5341
275.8722,66.8661,24.2823,63.3466
274.9546,67.2202,24.6439,62.6693
276.0743,66.4838,24.6541,63.1461
275.0789,65.8820,24.5029,63.7126
276.2579,63.2495,24.0285,64.4347
276.3353,63.5979,23.9937,64.8735
276.2281,62.5053,24.1478,64.3860
276.8627,64.1557,25.1847,63.9512
275.4901,65.4496,25.5664,63.6056
274.7604,65.0768,25.3681,64.2359
274.6729,62.9953,25.1591,64.0724
274.7656,62.1484,25.3580,64.6712
273.7529,62.2311,25.3096,64.9857
275.8658,62.1286,25.1445,64.2013
275.9703,64.4363,24.8778,64.6119
276.0388,63.0819,24.6115,65.0393
276.1135,61.5133,24.0701,65.6528
276.5441,61.3112,23.7400,66.2161
276.0532,61.6456,24.1986,65.1175
276.4470,63.4448,24.9264,64.0590
275.8620,64.3380,24.9663,63.7887
274.4417,64.6643,24.2444,64.5148
275.7638,63.3066,24.1069,65.4279
274.3144,62.3662,24.3853,65.2558
273.7435,62.9721,24.9327,64.2236
275.5730,64.4763,25.1287,63.6523
274.6276,65.9511,25.0160,64.1814
274.5784,64.5879,25.2686,64.7358
274.2769,64.5302,25.2049,64.6181
275.5312,63.5606,25.0550,63.9166
274.6602,63.8763,25.1860,62.6743
275.6133,64.3288,25.5202,62.1900
274.1451,65.0842,25.3585,63.0538
273.8306,63.3000,24.8621,65.4680
274.4818,61.7456,24.8047,65.2507
274.4341,61.2089,25.6996,65.1357
273.8768,61.4321,26.0553,64.1177
273.9541,62.6723,26.7079,63.3564
273.1262,64.3509,26.3842,64.3430
273.4618,64.2723,25.8349,65.4448
273.8722,63.6277,25.3177,65.9803
274.0909,62.0091,24.9893,64.3626
274.8592,63.5449,25.2312,63.9303
274.8515,64.1106,25.5051,63.1393
273.0183,65.9226,25.5851,63.9858
272.7186,64.9464,25.5886,65.2878
272.2000,63.7352,26.1621,65.1268
272.3174,63.6521,27.0293,63.8067
272.4472,63.8439,26.8885,62.4271
273.8994,65.3861,26.4873,62.4216
272.8569,66.0717,25.7803,64.6301
272.1432,65.5024,25.4294,65.7546
271.9778,64.3164,25.1944,66.0669
272.1044,63.0841,25.3623,64.7127
272.8080,63.0497,25.3346,63.5049
272.1219,66.1995,25.4392,64.4940
271.4080,65.3669,26.0938,66.7707
270.0140,65.5675,26.3254,68.0064
270.2420,62.6308,26.6679,67.3279
270.0155,61.3987,27.3303,64.8308
269.5642,62.7761,27.7467,62.4128
268.2939,64.7955,27.9912,62.1516
268.2580,64.1145,27.4025,62.8032
268.6112,62.2281,26.8447,63.4840
267.9128,62.7271,26.7351,63.8602
268.5299,62.3308,26.7241,63.6684
268.6108,62.8132,27.1410,63.4044
267.7924,63.9178,27.6117,63.6109
266.7047,64.0604,28.0621,64.5530
268.1655,64.7272,27.3079,67.6435
267.8020,62.6162,27.8081,68.1945
268.3746,62.9715,27.8758,66.2504
269.2931,64.6648,27.9921,64.5219
269.4280,68.2390,27.8663,63.8993
268.8401,71.2095,27.6294,63.3091
269.1483,73.8875,26.6232,65.9793
268.9644,74.4651,26.4213,67.8953
269.6972,74.6228,26.5631,68.5012
269.7133,76.6083,26.5243,70.8452
269.4510,74.2028,27.6995,71.0852
265.6121,75.3687,29.3554,71.7790
265.4964,75.1054,29.9617,73.1552
264.6937,72.5960,30.8955,70.8792
263.0081,73.0424,31.7016,70.9100
261.8134,74.1502,32.3295,70.8046
260.4520,75.7256,32.1411,73.9353
259.5844,72.6706,31.9472,76.9159
260.6758,70.4651,31.9163,79.5156
258.7163,68.7979,31.9172,80.9058
260.0031,68.9223,31.8014,82.1780
258.9115,68.3118,32.2902,83.5790
258.6897,68.0273,32.9332,84.2201
259.1041,66.6760,33.0711,84.8852
260.8401,66.7266,32.7560,85.2710
261.2368,67.7478,32.4233,85.7508
261.3956,67.7820,32.8547,85.5416
261.9832,68.6607,33.5175,85.3701
262.3468,68.5264,33.7227,85.3230
263.9964,66.4911,33.8364,85.5669
265.4757,62.7402,33.7770,83.7915
267.1119,63.5554,34.0717,83.5061
268.5602,67.2396,33.9412,84.8580
268.3981,66.3868,34.3361,86.1190
269.9004,66.2046,34.1871,86.3323
272.6458,64.0272,33.6924,87.2512
274.0410,63.1535,33.0711,87.6526
273.7549,65.7652,32.9528,87.9532
272.9998,65.9305,33.5858,86.6995
272.5912,66.1681,34.0618,85.8040
273.8651,66.2280,33.4698,86.7369
273.5362,64.7682,33.6404,87.1454
274.6530,64.4041,33.6332,86.2948
276.2506,65.3887,33.4295,86.3234
276.4346,67.3883,33.3438,86.4700
275.6311,66.6571,33.8383,86.8633
275.9734,64.6256,33.6188,88.0663
277.3139,62.4770,33.9294,87.8368
275.7450,62.3085,34.2147,87.4991
277.1844,62.6695,35.0585,86.2989
277.2029,66.5692,34.9972,86.2155
276.5963,65.8409,35.7663,86.5891
277.0323,64.1582,35.6447,87.2030
276.8592,63.6644,35.9962,87.3316
276.7572,64.3741,36.4125,87.1941
277.4742,65.5381,37.5136,86.8692
277.7748,66.8636,37.6975,86.6931
276.7920,67.6322,38.0589,85.9308
278.8199,67.5597,38.1057,85.7371
279.3948,66.7438,38.4138,85.1194
280.4003,66.8389,39.0187,83.4122
279.3333,68.6060,38.2351,82.6259
280.7544,69.3903,37.9364,82.4165
279.5689,67.6558,37.1373,83.0906
279.4287,66.3729,37.2354,83.2919
280.2311,64.7032,36.8256,83.3089
282.9960,63.8197,37.2415,81.4128
284.8290,65.3980,37.1151,80.7432
283.7830,65.0775,36.8787,81.6791
283.9710,61.4130,36.4156,82.2988
283.3923,58.9355,36.5123,83.3323
284.9073,57.2013,36.8046,82.1913
285.0643,56.0108,37.5752,79.0660
285.2500,57.5635,37.8876,77.1109
283.5639,56.1390,37.8910,76.0202
285.0387,55.9623,37.5292,74.3256
286.3703,56.0171,36.0807,75.3245
287.4903,53.6563,35.0289,74.4793
287.1634,52.6104,34.6284,72.2017
289.8037,54.8881,34.3964,70.8023
286.5827,54.2206,35.6320,68.4803
287.0260,56.5332,35.6880,68.8753
288.3253,56.9421,35.0579,71.4219
288.4312,55.8802,34.4560,70.7950
288.8644,56.4563,34.0784,69.5120
289.9661,57.6617,34.2333,68.3555
288.5681,56.6510,35.5181,66.1903
289.2089,55.2785,34.9002,65.2856
289.1503,57.4695,33.5670,68.1251
290.9473,57.1920,32.2835,69.1000
292.0967,57.2880,31.4079,69.3419
292.6215,57.1129,31.3861,69.4787
292.9265,58.1200,31.8529,70.0483
291.9015,56.7423,32.5688,69.9972
292.2769,58.6538,32.0686,73.1690
292.5649,56.3153,32.0077,73.9591
292.5505,56.9520,31.6165,73.3802
292.7007,57.4803,31.3030,73.0528
292.6499,58.6643,31.2799,74.9533
293.7374,55.1498,31.3279,73.7486
293.2204,56.7262,31.0522,75.0108
294.8545,55.5593,30.2101,76.5685
296.8515,56.2401,29.6919,76.5176
294.2579,57.5372,30.5057,76.1331
294.0898,56.8731,31.0847,75.6266
294.1043,57.2609,31.3512,76.1236
294.2336,58.1960,31.2858,78.6196
295.0282,57.0003,31.4942,80.8073
295.0820,55.9371,31.7514,80.9964
294.9170,59.5667,31.0710,82.5422
294.8046,59.7968,30.7541,85.5679
295.7159,57.6601,30.3720,88.9855
296.3427,54.6700,30.6442,91.1765
294.2339,52.7973,30.9263,90.3674
296.3416,52.9440,30.9867,87.8882
295.9864,57.0427,31.5958,87.5666
295.1159,58.8489,31.0051,90.5910
295.0192,57.0075,30.8888,92.7107
296.1707,54.2376,30.5454,94.2189
295.1641,53.0767,30.3829,93.7105
296.2408,51.6658,31.2701,91.7038
294.8239,53.8929,31.0544,89.8020
296.5898,58.9656,30.2890,92.3307
295.8800,57.7354,30.1004,94.8827
297.6126,55.2034,30.0392,96.9569
297.1530,52.8203,30.4149,96.8277
296.9747,52.7302,30.8376,93.5879
297.7064,56.4040,31.1479,92.2788
297.9634,59.3476,30.6620,94.3322
298.4177,56.0947,30.7420,94.7023
297.4735,55.4245,30.7179,96.0672
298.7406,52.4630,30.5151,96.4402
300.2806,52.5332,29.8847,95.7783
299.2257,53.9225,29.7071,94.5402
298.3607,56.3897,29.9949,95.2253
299.5541,55.0979,29.8194,97.1511
297.6772,52.2827,30.6808,97.9839
299.1294,52.2883,31.1702,95.9886
299.8972,51.1974,31.4458,93.2734
299.2237,54.4360,31.7842,92.3722
299.5676,59.5132,31.0368,95.2303
300.4720,59.0905,30.3303,98.5131
301.7904,54.4934,29.7301,101.1508
302.5441,49.6552,30.6804,99.6960
302.0010,51.1954,31.1102,98.9644
302.8938,54.1335,31.2656,97.5564
301.5178,58.6567,32.2507,98.8774
300.5629,55.4239,33.3492,97.2025
300.3705,53.1330,34.3786,96.5095
299.8448,51.6937,34.1620,95.7167
302.9759,51.2744,34.7610,93.7974
304.2404,53.2255,36.7029,91.2717
300.9005,57.2409,37.0019,92.5735
301.6599,54.1948,37.7998,90.5732
305.2388,56.4287,37.6516,92.7069
304.8547,52.3199,37.1798,92.5337
305.6000,51.8474,36.4820,92.3245
307.0451,57.7473,36.2087,94.4896
306.5388,60.4871,36.0007,98.2572
307.0342,58.7353,36.2182,99.4716
307.9292,56.1977,35.7657,100.7589
308.4829,53.4156,36.1680,100.5628
307.1365,50.1545,36.3808,99.0327
308.1066,51.9717,37.0712,96.7948
307.7763,53.4972,37.3698,96.6133
305.2240,51.6164,38.9806,92.5911
303.6320,47.7248,39.8200,89.3269
304.0770,48.1665,39.8042,87.1715
307.2257,50.2925,39.2033,85.8596
308.5209,56.4873,37.5941,88.9105
308.1148,55.7755,37.0535,91.1086
305.7950,55.9346,37.1429,92.9412
305.9357,56.9694,35.9252,94.7905
307.2272,55.5465,35.4535,96.3709
308.6161,55.8090,35.8863,96.1197
309.3965,53.7698,35.8970,96.0074
308.3329,55.1514,35.8647,96.8739
305.5085,52.8162,37.5782,93.8040
304.7571,50.1171,38.4815,90.9431
304.7259,52.2959,38.7553,89.9988
306.6922,50.7327,37.5798,90.6561
309.1358,56.0944,36.7860,92.7578
309.9538,57.9568,36.3210,95.3469
309.5118,54.4675,36.7349,93.5406
309.6066,50.3821,36.6500,92.3065
309.8023,53.7426,36.2242,93.3553
309.5763,53.0188,36.4156,93.7876
310.9388,50.7482,34.9271,96.7350
309.7652,49.5744,35.6562,94.6796
306.3158,50.5390,37.4970,90.8366
304.5605,50.5389,38.7092,88.0761
306.1070,51.5645,38.5456,87.8382
308.9973,54.3405,36.9079,88.8285
311.0730,60.7986,35.5072,93.2422
309.8476,59.2261,35.6322,95.1708
310.0083,61.5798,34.5034,100.0113
309.3197,57.7181,34.2246,102.7840
308.8207,56.2859,34.5756,104.0608
308.6220,55.6966,35.5698,102.1959
308.9673,52.3759,35.2964,101.9599
308.9941,52.6524,35.6221,99.6283
308.3263,53.0871,36.3949,98.9605
305.0790,52.6385,38.5701,96.1919
302.4592,55.7922,39.7856,95.2295
302.4932,60.3558,38.5417,98.7228
301.9427,63.2292,37.7400,103.3486
297.6634,64.6514,38.2113,106.6994
297.2281,71.8333,36.0265,116.6291
297.6786,65.2975,34.9696,121.9654
298.7375,57.5240,36.9002,119.6306
296.3241,53.2256,37.8735,116.8711
295.1611,55.4780,40.4627,113.0209
293.3790,57.1789,41.5035,112.3582
289.7058,60.6243,40.8360,113.7664
286.1814,61.1276,41.0862,115.5524
285.4885,55.5748,41.8173,113.3769
286.2669,59.0493,41.9192,112.2122
287.0424,61.7692,40.2890,114.3908
286.4355,64.5629,39.3245,118.5550
284.7378,62.6356,40.0813,122.7461
281.8541,57.0506,42.3198,121.3384
282.0026,54.9578,43.4318,118.7434
281.5473,56.9008,44.5980,114.8357
282.8264,60.7403,45.1222,113.1819
278.1996,61.6476,45.5997,113.2328
274.4818,63.1761,47.9460,114.4880
275.0673,64.7504,47.5911,118.1290
273.2366,62.4647,48.5557,118.1941
268.0729,61.5126,50.7618,117.1005
265.9049,69.4477,50.3750,121.6458
266.3521,70.6061,50.2196,126.7176
269.3897,67.7784,50.3472,132.2199
268.4861,64.5010,51.4491,134.1388
266.1497,56.9111,52.5220,131.0950
264.4027,57.0107,55.0539,127.8839
265.7690,66.3570,54.3173,133.5114
265.7500,66.0530,54.4605,136.0102
264.2507,60.5477,54.2702,138.4437
262.4386,57.1968,54.1297,139.3305
261.8624,56.5231,54.0661,137.9999
261.9386,55.4274,54.8282,136.7651
265.5022,58.8763,54.5341,137.8221
268.1878,60.2421,54.2343,139.8307
268.1955,65.5008,54.3446,142.9824
267.2159,65.0475,54.6415,144.1880
262.7458,59.9299,54.1881,144.6198
258.1847,60.1000,53.5851,142.7233
257.4736,64.4330,53.1555,142.5113
255.9017,65.3902,52.7123,142.7897
255.3152,64.6123,53.3971,143.8958
252.5857,61.8569,53.2865,142.0822
254.0418,58.3420,54.1351,140.9657
255.1561,55.0810,56.5803,139.2893
255.6435,55.3010,57.3926,140.2717
256.0079,63.0301,59.9771,141.4070
251.3852,64.5968,63.4382,143.5630
250.3400,60.3889,64.3132,146.0036
249.5167,56.0398,63.6816,145.5148
253.8461,54.1783,60.6921,145.3931
253.3975,56.4227,58.5204,147.3142
253.8955,61.6164,58.1693,147.1886
253.4256,64.2098,57.5867,148.2166
256.4084,61.6379,56.5742,151.0395
255.3900,53.7823,56.7624,150.4682
257.0791,51.4851,58.4463,149.7755
258.4787,53.6194,58.3736,152.6455
256.3737,55.9793,60.9949,152.2964
254.4534,57.9912,62.6628,154.1616
256.3979,56.0717,61.6272,155.4588
253.4136,52.5356,61.0996,154.1303
256.4139,53.1648,60.8433,151.8663
258.4011,55.3505,59.1840,151.5921
258.1371,57.8912,58.0139,153.1852
258.8538,59.7828,58.0296,154.1801
259.1374,58.7853,57.7357,154.9956
257.1412,56.5117,57.2439,155.1272
259.1743,56.0452,58.5190,153.5527
260.7546,53.7686,59.7980,155.9728
263.3908,55.6825,59.6959,157.7423
261.6713,60.4647,62.2949,158.2085
262.8987,58.7808,63.9413,157.7162
261.8713,58.2061,63.6402,156.8692
263.0042,55.3897,63.2619,155.5614
264.4775,55.0459,61.8191,154.6333
265.4846,57.2286,60.2981,154.6845
268.1827,59.6894,61.2058,153.6911
266.9148,59.2473,58.7158,156.1203
266.1890,62.2841,58.4441,157.7429
270.8404,55.9216,58.4754,155.9675
271.0685,57.6519,59.6470,154.4945
275.1234,56.0085,60.9761,151.7069
280.0352,58.3780,60.9240,147.4660
281.7428,60.9224,60.7856,146.8640
279.6628,63.7349,62.6764,148.9994
277.2862,64.9275,63.8942,149.8182
280.3876,60.3003,60.8762,151.2448
278.9926,58.1513,59.2916,151.2317
279.4818,57.7901,60.8354,148.5751
281.8585,60.0023,61.0272,148.6875
282.0756,61.0314,61.7839,149.3873
281.9734,63.0912,62.2270,151.3840
287.2468,56.7560,62.4948,150.7750
289.7730,54.2445,63.1854,149.6076
289.8469,52.6020,64.6689,149.3047
292.0347,54.0234,64.0687,148.4548
289.0727,54.1496,62.0444,151.4404
288.0649,55.7730,61.0307,156.6811
290.6915,52.0822,60.1172,159.8557
290.5348,49.9048,59.3082,159.2830
295.5319,49.6803,58.3024,158.8824
292.3566,49.0849,58.3120,157.3896
295.7257,53.9316,58.9159,157.4859
294.7710,54.6308,58.2062,160.7135
294.4832,53.0304,58.1359,165.8074
293.8018,50.6696,59.9755,161.7740
292.8272,47.8581,62.0335,158.0682
290.5245,50.8490,63.4045,156.1415
295.2543,52.1659,63.6715,156.0279
296.2839,55.0112,64.4960,158.8941
293.6467,53.2205,64.6190,164.0265
292.8874,48.9312,63.3807,169.2727
292.1778,44.9989,63.3548,166.2674
294.8755,44.3801,61.6897,167.6092
293.0860,48.1920,62.1209,165.8354
288.2661,51.9682,63.7605,164.6347
285.5414,52.2670,64.3303,167.0685
285.4561,48.0554,65.7090,172.0338
284.4934,44.3674,68.5873,169.7262
283.3041,40.7212,70.7908,167.4818
283.6967,47.0649,73.1641,164.2631
284.4105,51.7534,74.5639,162.6758
284.8847,52.3291,74.4045,167.7402
286.2302,50.5476,72.3212,174.9908
286.5252,48.2666,69.9163,177.7248
291.3317,44.6465,69.1289,176.5837
290.2417,44.8553,68.4305,176.3761
287.0034,48.2242,68.1368,176.8471
284.6073,50.2346,69.1234,177.5220
283.8758,49.6481,71.1956,179.3981
284.6265,43.9923,71.9657,181.2027
282.7564,41.9932,74.1714,178.4592
284.5118,37.9641,76.5170,176.2624
285.7008,39.0946,79.8627,174.1140
286.8417,45.7686,79.9115,174.4996
285.0699,46.9822,78.8493,180.4712
287.5811,45.3476,75.8330,185.2418
291.3242,43.2224,74.8651,188.0244
287.7373,39.9225,75.4737,187.8583
288.0601,42.0987,77.0497,187.4686
286.3984,45.4392,78.9431,186.2382
283.4886,45.6521,79.0132,188.2354
285.6198,47.3787,80.0900,189.3021
284.6347,46.9544,81.0943,188.1400
280.0112,38.2354,82.6057,187.0762
292.0173,34.6189,83.6907,187.7414
289.5489,43.2709,84.6381,186.6545
286.8541,43.8700,84.8021,188.5911
289.6259,41.6546,84.9374,192.5753
292.0172,38.0521,83.6566,194.5607
298.7863,42.7137,81.9264,195.3041
291.8511,42.5699,82.0138,194.4017
293.7287,40.1962,80.6796,194.8616
296.7080,39.1514,81.1786,192.6150
296.2037,48.3005,82.8819,191.7052
300.9986,45.6856,82.8396,193.4956
301.3919,49.5944,85.1943,191.7002
295.8010,45.2681,86.6603,191.7878
294.7989,47.4796,86.9128,191.5313
295.0357,43.0000,87.9348,193.4370
300.5273,50.2205,89.6432,191.8715
309.7440,43.9963,88.8782,193.8804
311.0190,49.1616,88.3193,193.3818
305.8033,48.1848,84.9110,193.0586
303.4802,51.6181,84.0264,190.8682
300.6055,52.8794,84.1705,188.8741
299.8595,60.3879,88.2799,184.0878
292.0197,61.1238,89.3524,182.0284
303.5948,60.9725,91.0491,180.1765
300.7733,65.1689,93.3291,177.1512
298.4212,63.1490,96.3694,176.2428
298.5699,59.6473,99.6990,176.6992
296.5512,57.1824,99.9506,178.4643
300.3610,54.0583,100.3520,178.6738
300.7071,63.5316,102.4509,177.6000
299.7690,62.0166,102.5109,178.2090
295.8334,61.2461,101.4716,178.3289
283.0885,59.7360,101.3265,179.7697
276.6765,51.3473,98.3494,182.7121
276.8797,48.4466,96.3307,185.2945
277.9992,56.2768,99.3220,183.6883
271.3475,58.1136,99.2732,182.5558
276.3904,58.8244,101.9449,179.6488
274.9883,63.2763,103.3595,177.6878
277.2773,64.1010,106.7005,175.2575
275.8643,57.4059,108.8291,175.9819
280.2945,53.9174,109.8373,177.8523
280.1081,52.4351,110.5166,180.1872
280.6212,53.3724,110.0077,181.9195
277.9120,55.3618,107.8681,182.1200
273.6037,49.7271,104.6385,183.2722
270.9148,56.0338,103.5369,180.5803
264.6225,57.7684,102.1618,177.7560
262.5864,62.3222,101.8693,172.6810
269.1017,64.1980,101.6777,170.8081
275.8521,60.7010,101.3407,170.2294
279.4551,70.8255,102.3479,167.4788
278.6717,68.2782,102.5165,166.1119
297.2888,63.4673,101.8526,170.3949
291.6497,64.0133,105.8400,171.6841
285.3951,53.4490,104.4783,176.2826
303.6807,60.8810,107.7603,174.4973
296.3162,60.7553,112.9514,171.8553
307.0705,61.3467,111.6120,171.6084
302.4978,62.5783,112.3493,171.2471
295.1423,62.1596,115.2307,170.9172
282.6260,67.0130,118.7311,169.0720
272.3818,69.9231,119.9873,168.9622
264.0960,71.4855,121.6714,168.3681
264.3435,72.2294,122.1967,166.7998
278.0284,71.3175,121.1202,166.7091
284.1166,63.8432,118.7013,169.5839
281.3735,67.1077,122.1915,168.1087
286.7528,66.5241,122.6176,169.5003
293.0690,64.7682,121.6378,170.9938
293.8709,65.0867,120.4090,169.4135
295.7085,64.2855,120.0103,168.9069
275.7700,59.3008,115.3121,172.8273
227.9111,59.1021,114.4848,173.4198
211.8023,70.3115,116.2008,169.3647
209.9844,70.3204,116.8419,168.4547
207.6143,58.3573,113.1323,173.0269
210.5422,51.8654,112.8926,175.9168
213.0251,67.9844,114.8970,172.6374
208.1241,70.3802,115.7646,169.3253
211.3347,73.1487,115.1011,167.8940
210.3722,78.0523,119.4535,162.9214
207.9553,80.2666,120.8274,160.9422
212.4100,79.2975,121.9920,158.2554
225.5803,79.4092,125.9514,156.5879
244.0241,81.2184,128.8248,154.9328
256.2187,93.5770,133.3363,148.5264
265.7209,96.9190,132.6157,144.8626
271.0512,94.6165,124.5404,144.4994
266.1278,90.0175,116.3169,146.8886
268.0849,92.1648,111.2352,146.1168
264.4953,97.1270,107.4469,142.5847
261.7398,93.2149,100.5716,143.7125
258.7795,95.5024,97.0954,143.2402
264.7644,100.6452,98.0160,140.2864
269.9254,104.6303,99.4631,136.9736
263.7047,110.6827,101.4021,131.5037
256.8840,114.9313,102.9334,127.1837
257.0951,113.4717,101.4823,125.1643
262.7691,111.9487,97.0931,124.6826
270.7345,110.1755,90.5216,125.8258
277.3851,110.1781,88.2140,126.1076
282.0928,111.4356,87.3674,125.6377
285.4326,108.8994,88.5935,125.3493
290.8578,111.2436,87.7847,124.5627
296.9570,111.9606,83.6804,124.3729
302.5291,110.5406,77.0863,125.4440
305.5274,110.1222,72.1807,123.8087
310.5939,113.0298,69.0736,121.4949
313.4772,115.3067,68.5770,120.2436
312.1073,111.6406,68.5214,121.3556
314.1447,109.2192,65.6058,123.9087
317.4768,111.9684,62.0656,123.7757
320.4721,114.2241,58.3998,121.4006
319.0346,121.5425,58.2309,117.5237
314.4121,123.7244,61.0567,113.1574
310.9075,119.0999,63.5471,111.2518
306.9630,123.5242,64.9267,109.8451
307.2805,126.1944,62.7918,109.5875
301.6640,125.0072,58.2451,110.8568
303.5464,125.5214,56.2861,110.5666
294.9654,125.5431,54.1595,108.7960
292.1405,124.1788,55.0755,108.5521
289.8503,126.1399,56.5480,108.3487
281.0326,122.3043,55.7558,109.8903
278.4432,127.3235,53.6496,109.2069
279.0789,129.4757,50.9865,108.6143
282.0254,132.2696,49.3849,107.2259
280.9277,133.9851,49.3468,104.8093
277.3151,136.6811,51.8261,102.4571
277.4423,136.0751,52.7110,100.7720
276.7727,138.5679,53.3902,98.3371
275.2396,141.3818,50.7864,96.8779
276.2422,143.1086,47.8235,95.5817
279.7962,143.6529,44.5012,95.4285
280.6288,143.5321,42.6343,94.4652
282.2716,141.9928,43.2085,93.3874
282.0930,143.7148,44.3295,92.0857
282.5223,146.4737,43.8435,90.3152
286.7865,147.2171,41.6638,88.6370
290.4218,151.1633,40.6074,86.0331
293.2030,156.3557,39.1984,83.1868
295.3603,157.9347,38.3140,81.4720
296.6109,156.8195,37.2900,80.4964
298.5584,156.7796,37.5147,78.2472
300.6110,159.8166,37.7997,76.6187
301.2833,160.6961,36.6344,75.2989
302.9915,162.4042,34.4662,74.0207
303.8035,162.9675,32.4378,73.0995
304.3357,163.3090,31.1036,72.0512
304.1658,165.0491,31.0163,70.7294
303.9722,163.5340,30.5593,70.5026
303.2816,164.8210,29.2142,69.1845
302.9117,167.9218,28.2170,68.1814
302.4495,170.2597,26.8172,67.3564
300.2693,171.0106,26.1255,65.4800
298.4312,171.0641,26.3164,63.4752
296.5956,171.4975,26.4962,61.9663
294.5028,169.3408,26.0877,61.7267
292.2427,170.8515,25.5672,61.6241
292.1643,171.2298,24.8842,61.1239
290.4723,172.8135,24.6741,59.2089
292.4931,171.8613,24.3740,58.4526
291.2620,172.4907,25.1885,56.5778
292.3754,171.5308,24.9507,54.9708
294.0848,168.3093,24.2300,55.5422
296.6467,167.8654,23.6784,55.6711
296.5595,165.6493,24.1661,55.8587
296.4536,166.2133,24.3063,54.7672
296.8122,167.3635,24.0127,53.6380
296.0306,168.7952,23.6294,51.6011
296.5346,170.3015,22.8716,50.4923
296.2675,169.1724,22.3933,49.3718
295.3578,169.2720,22.0001,47.8937
295.4691,169.3267,21.5466,46.3823
295.2520,168.3527,20.8609,45.2184
296.1498,169.8210,20.5270,44.1806
295.3346,169.0675,20.8536,43.3554
295.6859,167.7460,21.4702,42.3570
295.6174,166.7138,22.0263,41.5814
295.8301,165.6619,22.7622,40.3435
295.4380,165.5615,23.2493,39.1895
293.5315,166.4125,23.2772,38.1845
292.8624,165.4017,23.0194,37.0081
293.9454,161.2989,21.9072,38.1859
294.2588,158.0982,21.0992,39.7712
291.8166,158.8018,20.1429,40.3076
290.7973,161.2185,19.4292,39.7686
288.9308,160.9986,18.6537,39.7630
288.5617,158.3839,17.6749,41.0297
286.6282,157.8297,17.0253,42.2018
285.1648,158.4783,16.2053,42.4913
284.3345,160.9378,15.4793,41.1011
282.8511,163.5175,15.3392,39.6741
280.7775,163.8410,15.8031,38.2687
279.4556,163.6814,15.8541,37.8496
277.0991,161.4744,15.9150,37.9429
274.6017,161.9824,15.9615,38.0964
273.6071,162.3014,15.4605,37.7225
271.6746,162.9969,15.1612,37.0279
270.4809,163.5179,14.6853,36.2476
269.1711,163.0736,14.5191,35.0506
267.1104,163.3652,14.0315,35.3964
265.0489,164.2627,13.7558,35.8458
263.0629,164.6772,13.6449,36.2149
261.5285,164.5946,13.5414,36.4070
258.7195,165.4624,13.8204,36.4747
256.7997,166.5988,14.6822,35.6983
255.7258,166.9704,15.1425,35.3239
254.7852,164.6594,15.2003,35.2452
252.1561,165.1763,15.3766,35.4144
250.3254,164.6019,15.6877,35.2347
247.2323,163.0070,15.9969,34.3905
245.8241,165.0256,15.5080,33.6009
243.7933,164.8461,15.1685,32.6066
242.3216,164.7124,14.5403,32.2654
240.5133,166.3661,13.9225,32.2142
239.0021,166.6833,13.4662,32.7443
235.8184,165.7754,12.9400,33.1918
234.0785,164.8308,13.1115,32.8358
231.6949,165.7513,13.1535,33.0357
229.3945,166.8027,13.1679,32.9865
226.4768,167.2208,13.6784,32.8318
225.7797,165.5808,14.0737,32.7952
223.3575,167.2010,14.4118,33.3157
220.5313,166.9733,14.7773,33.9639
218.0277,167.1095,15.0651,33.9735
214.9724,167.5864,15.0845,33.5691
212.8360,168.2048,14.6919,32.8181
210.9492,169.3212,14.0440,32.1295
209.0352,169.4720,13.8467,31.4327
206.5724,169.8957,13.8315,30.6004
204.7226,169.7055,13.9659,29.7361
202.4879,169.7907,14.0430,29.2211
200.5244,170.2126,13.8468,28.6649
198.7604,170.1719,13.4423,28.2667
196.2633,170.8328,13.3603,27.7219
194.4393,170.4356,13.3605,27.7942
192.6086,170.6737,13.3310,28.2317
190.6472,170.1560,13.7421,28.7880
189.1045,169.7312,14.0540,29.1303
187.5299,169.8724,14.3039,29.4523
185.6328,169.2141,14.6256,29.2520
183.9091,170.0098,14.6653,29.2041
182.6865,170.3142,14.2718,28.9053
180.5143,170.2728,13.7899,28.9127
179.0041,170.4054,13.7300,29.2067
177.0701,170.0041,13.7515,29.3089
176.1813,169.8526,13.5501,29.1821
175.2885,170.4944,13.7247,28.7040
174.0152,170.7986,13.8145,28.4434
173.2145,170.8471,14.4004,27.7354
171.4517,172.1348,14.2036,27.1543
170.6773,172.4551,13.7885,26.9512
169.0528,170.9754,13.3450,27.3241
169.6527,170.8707,12.8580,27.6874
169.4547,170.3440,12.4097,28.2465
169.3583,170.2411,12.1896,28.7826
169.2323,169.2094,11.9143,29.6164
168.2986,169.8576,11.8252,29.6909
166.7198,170.4104,12.0032,29.6373
165.9993,170.2990,12.0903,29.6744
164.9168,170.7273,12.2284,29.3609
164.4797,171.2084,12.4723,29.0914
164.6432,171.0333,12.5183,29.4250
164.6183,171.3891,12.7066,29.4229
164.0598,171.0030,13.0822,29.1561
164.0861,170.2596,13.3386,29.2603
163.7704,170.9492,13.3966,29.2937
163.6958,170.7529,13.3667,29.4970
164.1767,169.5328,13.2707,29.5935
165.0646,169.7504,13.0867,29.7848
165.2050,170.1577,12.7805,29.9241
165.0387,169.9765,12.4276,29.9609
164.9998,169.7536,11.8268,30.4680
164.9384,169.7389,11.3736,30.5899
165.9978,169.2910,11.2726,30.7137
166.6784,169.8434,11.1601,30.7438
166.5909,169.5866,11.1025,30.6190
167.1853,169.6555,11.2730,30.7760
167.5106,169.1084,11.6518,30.8364
167.6215,168.8094,11.7696,30.9925
167.2237,169.0198,11.9115,30.9353
166.6832,169.2280,11.8141,30.8538
166.8571,169.3110,11.8166,30.9595
167.0216,169.5405,11.7939,31.0582
166.9138,169.0529,11.8344,30.9162
166.8162,169.2101,11.8306,30.9019
166.7710,169.1973,11.7832,31.0305
166.8656,169.2463,11.8408,31.0055
167.1821,169.2667,11.9879,31.1779
167.1406,169.0777,12.2106,30.9669
167.3367,169.0941,12.4168,30.6828
166.0363,169.9285,12.3076,30.3590
166.0885,168.8161,12.2445,30.6183
166.6490,168.8158,12.2664,30.6623
167.5040,168.7359,12.3109,30.6314
167.6486,169.0131,12.3441,30.5609
168.0216,169.4315,12.4239,30.5782
168.0793,169.8948,12.6481,30.6175
167.7709,170.1341,13.0138,30.3925
166.9687,171.4394,13.8790,29.4758
167.7657,170.3754,14.0984,29.1224
166.9839,170.6887,14.1249,29.0642
168.5303,171.5022,13.7193,28.7072
169.6326,171.9817,13.5458,28.3842
170.8867,171.8776,13.5710,27.9800
171.9102,172.1127,13.4816,27.7540
172.3838,172.4792,13.1716,27.6553
172.8969,172.4912,13.4063,27.4347
174.4508,171.9668,13.5930,27.4459
175.2822,171.4890,14.1523,27.4131
176.9505,171.3389,14.3613,27.4586
179.3974,171.8082,15.0724,27.1708
181.3915,172.4697,15.5724,26.7120
181.7822,172.7170,16.0173,26.6945
183.7083,172.5448,15.8618,26.8178
184.0996,172.5544,15.2886,26.9671
186.1243,170.9891,15.2291,27.3966
187.9285,171.3382,14.5927,27.5104
190.1668,170.8063,13.8833,27.5248
192.1042,171.2062,13.1086,27.6935
194.2262,170.7278,12.8445,27.8251
196.9596,170.2861,12.7759,28.4468
198.7892,169.2701,13.1831,28.8779
201.0012,168.9337,13.5105,29.0331
203.7132,169.7728,13.6252,28.8648
206.5636,169.4827,13.8885,28.8294
208.0799,170.3888,14.6832,28.6368
209.0788,170.4267,14.9667,28.9652
209.4962,169.9180,14.9113,28.9987
211.5536,170.6009,14.4197,28.8524
214.2139,169.5506,14.1086,29.0210
216.9427,169.2879,13.5693,29.9896
219.3115,167.0176,12.9728,31.3004
223.5250,165.8277,12.1646,33.1357
224.6393,165.7098,11.9528,33.8817
225.4720,164.3524,12.2742,34.2579
229.0325,165.8508,12.8792,34.0122
233.4245,165.7419,13.2194,33.7154
235.3920,166.4261,13.5974,33.6097
237.4952,166.6236,14.1406,33.0927
239.9809,166.5941,14.3616,32.8059
242.8734,166.7949,14.4420,32.3129
245.2313,167.8279,14.0204,32.2233
248.0983,168.0096,13.4920,31.7077
252.4940,168.1570,12.7932,32.0213
254.9377,168.1794,12.4593,32.6508
256.8342,167.7102,12.4373,33.4049
258.6099,166.0777,12.8104,33.7909
262.6019,165.3170,13.0331,33.6912
264.5962,166.0319,13.1898,33.7054
266.8686,166.0062,13.6000,33.2038
272.3324,165.4499,13.4502,33.4902
272.3777,163.6411,14.1760,32.8044
275.2962,163.9015,14.7794,32.2709
278.0000,164.3622,15.6444,31.2763
280.0867,165.5685,16.1327,30.9160
285.5719,166.5459,15.6468,31.6175
289.6638,167.3918,14.9293,32.9754
292.1788,166.8823,14.4101,34.0769
297.2942,164.7198,13.9250,35.5049
299.4589,164.1541,14.1055,36.8946
301.5484,163.1288,14.1059,37.6113
305.5709,162.9072,14.3784,38.3025
309.6272,164.1584,14.3715,38.5949
313.1292,164.8823,14.4797,38.1184
312.3730,162.5651,14.3897,38.5554
312.0782,160.6966,14.2825,39.1048
311.1583,160.3424,14.2317,39.3851
310.8517,159.2381,14.1253,39.8910
2
0
0
0
0
1
343.4927,167.2002,14.4629,33.2837
343.9727,168.7209,16.9757,31.2325
346.2780,168.5273,19.6666,29.3181
347.5889,169.3255,22.2340,28.0232
344.8065,169.8167,24.0159,26.8689
341.1736,169.2855,24.8082,26.3153
338.7460,170.0764,25.6994,25.7477
342.7516,170.6814,27.3748,25.1067
346.9820,171.6788,28.4696,24.6542
351.0562,172.3192,28.8772,24.6387
353.9619,172.9925,28.8824,25.0210
357.0352,172.9766,28.2878,25.4764
360.0314,172.5082,26.7385,26.3495
360.1137,170.8867,25.8719,27.0437
360.6426,170.3422,24.6225,27.7844
364.4912,170.3789,22.5946,29.2657
367.0135,168.9507,20.8707,30.3073
367.7984,168.6695,19.9702,30.6392
368.6665,168.8019,19.1585,31.0386
368.6064,167.5260,18.7658,31.1437
368.7428,166.8905,18.0986,31.6968
368.6887,165.9760,17.1856,32.4644
368.6377,165.6760,16.4030,33.4107
