1
214.1252,140.6385,92.8896,53.2429
212.0192,141.4229,95.5913,52.9308
210.7013,141.6678,98.2298,52.0928
208.9741,142.7209,99.6168,51.6875
206.2445,143.3829,101.4010,50.9834
204.3790,144.6762,103.8990,51.0006
201.0862,144.5816,105.6524,50.4951
198.1804,145.8644,106.7270,50.3027
197.0548,145.9205,107.5394,50.1671
195.5830,146.9688,108.4720,50.2822
191.9751,148.1302,109.7485,50.0099
189.0004,147.7112,111.0035,50.1058
187.3874,149.5100,112.3316,49.9222
184.0095,148.9773,113.4733,49.7698
182.8261,150.5807,115.0009,49.9919
182.0172,150.2592,115.8088,50.3564
180.4178,152.4662,116.4578,50.6445
178.6594,152.5152,117.3799,50.2240
177.1014,153.7830,117.7886,49.7515
177.4932,153.7617,118.2706,49.0322
176.1857,155.5923,118.5911,49.1546
175.6974,157.2650,118.5634,49.2004
175.0491,161.3940,118.3170,49.0947
172.4396,161.9061,118.0248,49.0339
169.9201,162.6474,116.9359,49.0864
168.3344,162.5231,116.3740,49.5733
166.7006,162.0650,115.9938,49.6111
165.3342,162.8577,115.4713,49.7035
163.2744,163.7265,115.4618,49.7247
161.0353,164.9183,115.4353,49.8070
157.5478,166.2699,115.2907,49.8728
155.7269,166.3076,115.1371,49.9181
154.0153,167.0246,114.7348,50.5057
152.8123,168.3347,113.4585,50.9637
152.0428,169.0855,111.2246,51.2075
152.1787,169.3713,108.9929,51.5045
151.5416,170.6858,107.9504,51.8506
152.2650,171.5784,107.5265,51.8574
153.3828,170.2702,107.0384,51.9640
155.1463,169.6232,105.9900,52.1234
154.3980,168.9474,105.0543,53.0358
151.9233,167.7154,104.8004,53.4778
151.8884,166.2974,105.0130,53.7549
151.9606,166.0070,105.3107,54.5023
150.2215,165.5833,105.0016,55.0276
152.0448,164.7226,103.5190,56.2036
153.2274,164.1022,103.0747,56.8561
153.6347,164.1608,102.0801,56.8845
154.3013,164.3090,100.4698,57.1308
154.8397,165.1548,99.8014,57.1645
154.7766,165.4229,98.6107,57.1035
153.4984,165.9910,97.4181,57.4067
155.1277,165.5859,96.3666,58.1168
156.2995,165.4795,95.6728,58.1450
157.8672,165.2279,94.3270,58.1662
158.5271,165.6438,92.9564,58.0034
159.6090,166.1747,91.5932,57.6542
160.6115,165.4990,90.0808,57.1132
161.2323,164.9669,88.8856,56.8562
161.7093,165.5570,88.3299,56.4812
161.5632,165.7062,88.2799,56.4507
162.7516,166.1139,88.0374,56.0484
164.3008,165.8460,87.8369,55.5780
164.6262,166.5943,87.7857,55.4493
165.0528,166.1589,87.6450,55.1962
164.7237,166.3233,86.7205,55.1403
165.6483,166.1882,85.7652,55.4306
164.9544,166.2351,85.0745,55.2698
163.5581,166.0366,84.2884,55.5995
163.8106,164.9354,83.5420,56.2206
161.0856,165.2838,83.5118,56.2628
160.1090,165.3719,83.3346,56.4702
159.0454,164.5993,82.9508,56.7311
157.6274,164.4522,82.9613,56.6944
157.8465,163.9507,82.6911,56.8605
158.3508,164.1385,81.8708,56.8768
157.0873,163.5053,81.0447,57.4363
156.1621,163.8093,79.9507,57.2823
155.7172,163.3653,78.8901,57.1781
151.9854,163.4004,77.4470,56.7504
150.9081,162.2807,76.3106,57.1715
150.5417,162.2108,74.7815,57.1504
149.6190,162.5634,73.1496,56.8652
148.4035,162.4329,71.6186,56.5900
147.2172,162.5626,70.3491,56.4264
146.0513,162.9570,69.2209,56.7612
145.8308,163.1382,67.9835,56.7486
146.4744,162.9917,67.4958,56.7177
146.3436,162.9897,66.8419,56.6148
147.3259,162.3269,66.1434,56.2390
147.0018,163.2320,65.0595,55.9900
146.5233,163.6822,63.8468,55.9820
146.3576,164.0456,61.9140,56.0034
146.5449,163.9551,59.9974,55.7947
146.6536,164.2817,57.9304,55.9850
147.1437,163.6362,56.2606,55.7010
148.5722,164.0226,54.5343,55.5792
148.9669,162.9953,52.3343,55.7695
151.2901,163.0377,49.7952,56.6272
152.1523,162.2413,47.7245,57.1438
153.0619,162.7728,46.1186,57.5784
156.3126,162.7088,45.0043,57.5524
160.0071,163.2251,44.4623,57.5297
162.3052,163.2282,43.7669,58.0048
163.7680,162.2035,43.0959,58.7131
166.1454,162.0788,42.5861,59.2671
166.9618,162.1000,41.8640,59.9651
167.8143,161.4310,40.9845,60.4629
167.5710,161.3560,39.8771,61.4292
166.4591,160.9858,38.3547,62.4748
166.7404,160.9143,36.3811,63.6453
165.8409,159.7898,34.1180,64.8146
165.3085,159.3770,32.2974,65.2488
163.9228,158.8891,31.2915,65.0800
162.4469,157.7670,30.7213,64.5193
162.1076,158.1620,31.1303,65.0128
162.2224,156.8928,31.1939,65.4120
162.1387,155.6154,30.9951,65.9306
162.1161,155.8654,30.9268,66.4221
165.5892,154.2769,30.4537,65.7789
165.1434,154.3351,30.7120,65.8318
168.3143,157.1989,30.8202,66.0748
168.5717,158.5685,31.3634,67.0331
168.9776,158.6298,31.8853,67.9607
166.8974,159.9705,32.3022,69.1922
164.8423,158.4239,32.3561,69.1050
163.5308,159.3152,32.3030,69.3854
164.1200,158.2155,32.6995,68.9244
165.9319,157.9100,32.4386,68.2950
166.3777,158.1765,32.1746,67.6491
167.1278,157.0412,31.9042,66.6991
167.7426,156.8602,31.4651,66.1366
169.3451,156.9355,31.1639,65.9792
169.9193,155.8966,31.7682,64.7790
170.6384,155.2552,32.5318,63.7537
171.7001,156.6396,33.0395,63.1738
172.1692,158.1237,32.9952,63.2586
173.8018,157.7289,32.8246,63.7226
176.2653,157.9731,33.1919,63.9354
176.0921,159.4509,33.6960,63.9980
177.7739,160.0496,34.3890,64.3035
178.9306,160.2367,35.4779,64.5604
178.5212,159.4348,37.0752,64.1312
179.3261,160.3199,38.4639,63.6946
180.0209,160.6498,40.1903,62.7422
181.8465,161.7277,41.3560,61.9828
182.1144,162.1823,42.5439,61.1686
182.8490,161.9306,43.5323,60.6135
180.7432,162.7814,45.1371,59.5133
180.5499,163.4295,46.4337,58.3089
180.5069,163.9282,47.7882,57.5856
179.7246,164.2279,49.3460,56.8181
178.4455,164.8492,50.9311,56.3826
176.8649,166.2457,52.7667,55.6741
176.1280,166.7646,54.6613,55.0420
174.8043,166.9753,56.7878,54.2174
173.5937,168.1885,59.1871,53.7789
171.5996,168.5720,62.1009,52.8635
169.6541,169.1137,64.7079,51.8537
168.5076,168.9606,67.3999,50.7193
168.2886,171.1548,69.3124,49.3232
167.1477,172.1663,71.2069,47.6564
167.9722,172.4088,72.6403,46.2719
169.6110,172.7509,73.9130,45.1893
169.2796,173.5027,75.2843,44.8126
171.5698,173.2404,76.5840,43.9398
174.5093,173.4799,77.2735,43.6806
175.4563,173.8432,78.6623,43.6421
177.6716,173.2663,79.7902,42.9794
179.2751,173.7698,81.0261,42.8098
180.8394,174.7094,82.1551,43.0107
182.7035,176.7409,83.0504,43.1520
183.2438,178.4536,83.4080,43.2589
182.3019,180.6621,84.7185,43.4208
182.5471,182.1411,85.4281,43.3299
182.3241,183.4862,85.4391,43.0046
180.7023,186.7342,87.2671,42.9675
180.9285,186.7348,87.8192,42.6783
180.9993,188.3664,88.7403,42.6210
178.9461,190.8350,90.5787,42.5814
177.6290,193.2239,92.2366,43.2953
177.1697,194.8882,93.2906,43.5828
175.2100,195.7240,94.9249,43.5482
173.8148,197.0057,96.1009,43.1350
172.1207,198.0256,98.0139,42.4777
171.3309,199.4253,98.8941,42.0269
168.9047,200.3419,100.7195,42.1331
170.0406,199.7965,100.8403,42.0947
169.4812,200.2217,101.0864,42.1683
168.9215,199.1441,100.9259,42.0934
169.6244,201.5172,100.9626,42.2540
165.2371,199.3823,100.9885,42.8005
164.6160,198.8042,101.4133,43.2155
161.4192,203.7846,95.7905,46.0287
158.9927,203.5200,92.9801,48.4051
163.4625,202.9551,92.5473,48.6689
163.4626,202.9934,93.3289,49.1217
168.1591,202.6010,94.8152,50.1058
169.6076,200.9782,95.6230,50.5732
169.3570,200.4512,95.3248,51.8655
168.6507,199.9332,95.5924,52.9372
169.3742,199.4104,96.9222,53.7705
170.3491,197.8217,97.3476,54.3043
172.0326,197.0782,97.3640,54.4880
171.4057,197.5497,98.1858,55.2854
170.6198,195.6918,98.6181,55.2115
168.6625,194.1058,99.0193,55.4884
168.2560,199.3617,99.0381,54.7467
169.0587,197.5399,100.3388,54.3853
167.7630,201.0933,100.8085,54.1194
168.3694,201.4931,102.6651,53.3504
168.7825,200.2265,102.6376,53.0732
166.4097,204.0674,101.4271,52.4080
167.4949,204.9223,102.4631,51.1260
166.4566,206.6897,100.4098,50.2136
163.5995,207.9951,98.6513,49.0928
166.0874,209.6849,97.5160,48.2877
166.8805,209.3073,97.1620,47.8239
167.6508,209.4498,96.4957,47.4615
166.1374,210.3244,95.8731,47.1130
166.8854,210.0092,94.7604,47.6341
166.2147,209.2462,93.7862,47.4560
167.2293,208.0618,92.4749,47.6667
167.6770,207.9887,90.1806,47.7538
169.0640,208.3491,88.9070,47.1795
169.1799,210.2180,88.2029,46.6854
168.6962,209.6839,87.4890,46.3302
168.1467,209.5404,85.3172,45.6369
169.9559,209.8067,82.9885,44.4900
170.8261,210.1643,81.0535,43.8495
169.8732,210.1135,79.4886,43.3253
169.6803,211.4486,77.8715,42.5094
169.1941,210.1173,75.4227,42.2549
169.4919,210.2912,72.3753,42.4413
170.0615,209.9776,69.7392,42.6038
170.9545,210.6801,68.0908,42.3927
170.6017,210.8853,66.5172,42.1868
172.5047,210.0956,65.7655,42.1028
170.6644,209.9280,65.6562,42.0211
172.7061,209.0125,65.3494,42.5803
170.8808,208.7181,64.3547,42.9294
169.5489,207.4337,63.4329,43.2362
167.3027,207.3028,63.3617,43.1517
165.5640,208.8398,63.4553,43.1409
164.5946,208.1931,63.6296,43.6536
164.1329,207.1541,63.2538,44.4143
164.6758,207.8332,63.5048,45.2238
167.5308,208.3555,63.3967,45.8251
169.5124,206.9699,63.8911,46.0858
168.3183,207.2066,64.8882,45.9645
169.6404,207.3124,65.5354,45.9478
169.3819,208.2957,64.8104,46.3190
171.9878,206.8569,64.3199,46.6973
174.4927,206.4622,64.0364,46.8019
177.4301,206.5386,64.1723,46.5586
179.7747,205.9296,64.0049,46.5562
182.8586,205.5911,63.4420,46.8913
186.0648,205.4484,62.8658,47.3031
190.7070,205.0899,61.8563,47.7163
193.7315,205.0056,61.1003,47.7302
193.1388,205.2703,61.2617,47.6898
194.2399,204.5996,61.9957,47.7225
192.8575,203.0843,63.7346,47.6286
192.3544,202.1606,66.0106,47.5334
191.7271,200.6154,68.2578,47.4849
191.2513,200.8517,70.1146,47.2198
189.5060,199.3585,72.1106,47.4066
187.6554,199.3622,73.9962,47.4251
186.3865,198.2507,76.6984,47.1157
185.2517,198.6087,78.5940,46.8074
185.0750,198.4835,80.6410,46.4560
184.4385,198.8350,82.8458,46.1130
183.4686,199.3440,85.7023,46.0021
184.3486,198.7680,87.2771,46.2401
184.9779,197.9450,88.1090,46.7411
185.4780,198.1539,88.6960,47.0899
187.4698,197.5374,88.7758,46.9669
191.9095,197.9110,87.3802,46.4341
192.3638,197.3559,87.4544,46.3764
193.4569,198.0180,87.1487,46.4977
195.3068,198.2000,87.2967,46.7637
195.1376,197.1721,88.1163,47.2336
194.1775,196.9774,89.7354,47.2610
190.7573,197.0372,92.7345,46.5067
189.2556,198.3546,95.6178,46.4694
188.4273,197.3713,98.4078,46.2323
186.1376,199.2926,101.4554,46.6296
186.6589,197.7555,103.6784,47.0987
186.7091,198.2277,105.8294,47.3668
185.5765,198.3724,107.6023,47.5684
187.5929,197.0301,107.9687,47.5151
190.3837,196.7505,107.5921,47.3480
194.0964,196.4491,106.7236,47.4985
197.4883,196.4741,105.9560,47.8118
199.3075,196.7147,105.6527,47.7715
202.3524,196.7623,105.6835,47.6495
203.8808,196.9012,105.5904,47.4709
206.6976,196.0979,105.6891,47.3693
209.3316,196.7691,105.4314,47.3518
211.4024,195.8304,105.2076,47.5656
213.6094,194.0857,104.0807,48.1907
215.0327,193.8450,103.2229,47.8746
216.7933,193.3812,102.5999,47.6978
217.9321,191.9173,102.2734,47.5240
219.7069,192.0546,101.9327,47.1645
222.2670,191.6839,101.8895,46.8092
223.9214,191.6077,101.8789,46.8792
225.3135,190.7867,102.0079,46.7434
226.4510,191.3571,102.1830,46.7811
228.3957,191.3466,102.4258,46.8296
231.3009,191.8004,102.4951,46.7370
231.8826,191.1802,102.7615,46.8593
233.0378,191.3164,103.3798,46.3748
237.3126,192.0679,102.5018,45.9352
241.1954,193.3191,100.8074,45.9043
242.1911,194.3606,100.4175,46.0133
244.4289,195.0187,100.2472,46.1461
246.6363,195.5882,99.8451,46.4596
249.8096,195.1220,99.4111,46.6508
252.5610,195.4832,98.9242,47.1064
253.9716,195.8049,98.8082,47.5652
258.4498,195.3293,98.4304,47.7573
260.1156,196.3283,98.0561,48.3363
264.4496,196.2018,97.3322,49.0189
267.2662,196.8128,96.7094,49.6211
270.7068,198.5000,96.3239,49.7134
274.3281,198.3555,96.3372,49.8114
276.6139,198.2418,96.0385,49.7807
277.3445,198.4908,96.1674,49.8017
279.9918,198.9972,96.4744,49.7743
279.7053,199.5112,96.8512,49.4306
281.5381,199.2644,97.2333,48.9967
283.3384,199.1952,97.5140,48.5287
285.7458,198.9103,98.0330,48.0853
286.0825,198.1079,98.8340,47.6161
287.5603,196.4466,99.4742,47.3633
288.6465,193.3951,100.3065,47.1864
288.8221,191.7732,100.4565,47.0687
290.8693,189.8338,100.9467,46.7615
292.3648,187.4065,101.4494,46.2241
294.0131,185.4462,101.4581,45.8610
295.1364,184.6396,101.6686,45.1981
295.2643,184.7340,102.2762,44.4271
297.5654,185.4222,103.2283,43.3543
298.1474,183.6450,103.9908,42.7477
300.1214,182.2168,104.4394,42.4898
302.0740,181.6320,103.9157,42.4332
303.0988,180.4456,103.1264,42.3370
304.9347,179.4446,102.2853,42.4532
306.1273,178.9818,102.1947,42.3909
308.9821,178.8472,101.7832,42.6134
311.0325,178.8965,101.1679,43.0909
311.6872,178.5164,100.4897,43.6840
314.6681,177.3538,99.8812,44.3356
315.4275,176.9366,98.7321,44.6392
315.7417,178.0072,98.4990,44.6389
317.8797,176.9964,99.1632,44.3265
319.2072,175.7760,99.2529,44.3723
319.6200,176.6959,99.6985,44.2618
319.7742,176.1477,100.0737,44.4182
320.5647,175.8694,100.7288,44.7621
320.5893,175.8906,100.9358,45.4142
319.9071,175.0655,100.6002,45.8641
321.1708,174.6974,100.0711,46.0432
320.0903,174.6624,100.8479,46.3684
319.6434,175.3245,101.0248,46.1873
318.0314,174.8581,101.3576,45.9575
316.1330,174.0743,102.1694,46.0224
315.7113,173.8866,102.8993,46.1730
314.6230,175.4909,104.0872,46.1102
315.5080,174.5344,104.8555,46.0836
315.0570,173.7080,105.5149,46.2645
314.7529,174.2570,105.8176,46.5122
315.8826,173.0074,107.2352,46.9315
314.5710,173.9585,107.7955,46.9293
314.5975,173.6570,108.3610,47.1395
314.4452,172.6571,108.5016,47.4126
313.9367,173.4605,108.7029,47.1150
314.1480,172.7819,108.1991,47.1940
313.1536,172.6195,106.7731,47.7616
313.2351,172.2262,105.9679,47.9531
314.4985,172.3094,105.2512,48.0111
315.4605,173.4506,106.0904,47.3955
316.8019,172.8375,106.7800,47.1744
316.1131,175.9642,106.8395,46.7650
316.6421,175.6845,107.0453,46.7215
317.7994,177.6158,107.1210,46.3583
318.1643,177.5401,107.0223,46.3820
321.7307,176.8697,106.7558,46.4232
322.2641,177.2896,105.7567,47.4919
323.1068,179.0397,105.1848,48.3378
323.5331,180.4612,105.4961,48.7438
322.7631,179.6087,106.4387,49.3470
323.6676,178.8958,107.5068,49.8271
325.9292,179.3110,108.9139,50.5769
327.5846,178.9960,108.9399,50.9903
329.8938,180.0445,109.8026,51.3546
332.8595,180.7294,110.5130,51.6970
334.3484,184.8381,110.9897,51.4471
337.2965,183.0906,110.9093,51.7534
340.7578,183.3183,111.5705,51.9649
343.5063,183.1953,113.0457,52.8218
347.3845,182.3153,113.5075,53.2788
351.2166,181.4015,114.1678,53.6720
355.4321,181.7956,115.1466,54.1070
357.3911,181.3976,115.1875,54.3244
362.2490,180.2190,115.1715,54.4251
364.9935,181.6633,113.9072,54.5888
369.3397,180.3430,112.0925,55.3538
370.3197,181.0529,111.7842,55.5458
371.6857,180.4008,111.6617,55.5659
373.4224,180.1891,110.7780,55.0953
375.6974,180.4774,109.8442,54.6802
377.8964,179.8513,108.4690,54.6223
379.5232,179.0424,106.9838,55.0412
377.6212,177.3380,106.9724,55.1082
377.9249,177.2916,106.7069,55.2155
378.0195,175.9380,106.4281,55.5350
376.8777,174.7860,105.5519,55.9236
376.6118,173.8204,104.6440,56.2144
377.0661,173.1475,102.7413,56.1959
378.4307,172.7754,100.8894,56.3884
377.5512,172.0013,99.4202,56.0023
377.2500,171.9195,97.9709,55.6521
375.0980,172.0158,97.1862,55.2323
374.2143,171.3663,96.3733,55.2559
372.3508,171.5876,95.7966,55.2070
372.7473,170.7038,94.9274,55.2195
374.6140,170.7637,93.5139,55.2473
375.7251,170.0363,92.9212,55.0537
377.2201,169.5917,91.7133,55.1289
378.6645,169.6877,90.6657,55.4257
380.2193,170.0750,89.8901,55.8255
382.4238,170.1218,88.5022,56.1552
384.4909,169.9753,87.5427,56.3932
387.9902,169.5865,86.2927,57.0199
389.5871,167.6906,85.8144,57.5998
394.1120,167.9205,84.3397,58.5493
395.5705,166.0208,82.9081,59.4406
399.6154,166.0045,80.7073,59.9484
403.4010,166.3943,78.7362,60.6804
406.6206,165.8030,77.7257,61.2305
409.8608,166.2618,77.1103,61.3442
411.4979,166.0248,76.3413,61.4896
413.3452,166.1926,75.5135,61.8943
413.2558,163.8554,73.9515,61.9570
413.5633,164.1719,72.2817,62.0658
413.2368,163.0086,71.2875,61.7177
411.7258,163.0741,70.1915,61.6022
411.3662,162.6877,68.8853,61.4452
411.4175,161.5543,67.2120,61.4371
410.7802,160.1951,65.6186,61.6166
410.7379,160.5247,63.5020,62.4238
411.9153,160.2592,61.0115,63.2030
413.2614,160.2244,58.4187,64.4744
413.9124,161.1891,56.1812,64.7871
414.1936,157.5202,53.2271,65.9909
415.7850,156.8397,50.5173,66.9444
416.3495,156.2576,48.2350,66.9023
416.4779,154.9330,46.1163,66.5310
415.6899,154.0040,44.0195,66.1089
416.0492,154.0879,41.7369,66.1551
414.7661,154.1779,39.2806,66.5659
412.5599,156.6838,37.3383,67.3551
410.9474,157.4568,35.8545,68.0059
408.9243,158.8449,35.3814,68.3380
407.5277,157.8664,34.8351,68.0287
406.7705,160.1655,34.8084,67.5322
405.8042,159.3007,34.3587,66.9303
404.2396,159.4869,33.4489,66.6098
402.9812,160.1739,33.3108,66.4960
402.2932,158.9692,33.1050,66.0813
401.6045,158.1647,33.0135,65.8843
400.0187,158.7013,32.6197,65.0199
399.7266,160.4964,32.3502,64.3647
399.1551,159.8347,32.4649,64.1188
400.1206,160.7683,32.0657,63.4901
400.4558,159.9860,31.9754,63.4901
401.1338,160.4680,31.8960,62.9028
399.7609,160.9167,32.0748,62.1947
399.7169,161.3486,32.2620,62.1597
401.2840,162.0871,32.0236,61.8162
401.5968,162.4276,31.9065,61.5437
401.2612,162.4353,32.0951,61.1545
401.5724,161.6463,32.2119,60.1170
401.0170,162.3862,32.3574,59.1618
401.1584,163.6864,32.0008,58.1531
402.4536,163.1949,31.6314,57.3898
402.3501,163.8510,31.5309,57.1706
401.4207,164.4055,31.3529,56.7915
401.6582,163.6205,31.4942,56.6912
405.9705,164.6745,31.3334,56.3095
407.3565,164.8907,31.5262,56.0285
406.6965,166.6499,31.7206,56.0121
408.0665,165.8334,31.8479,56.2476
408.6186,164.9896,31.5107,56.5793
408.4965,166.2292,30.9874,56.8795
408.5904,164.9500,30.8175,57.3781
406.0528,164.6352,30.1917,57.9958
404.6361,164.4304,30.3127,58.2269
404.2892,163.6282,30.0924,58.7685
405.3981,163.1356,30.1827,58.6658
404.8921,163.0604,30.0353,59.1715
405.4412,162.7427,30.1339,59.8839
405.9229,163.1156,30.3100,60.2283
407.2623,162.1076,30.5400,60.6121
406.5174,162.4998,30.5708,60.6836
406.7298,160.6222,30.8042,61.2095
406.7209,160.5916,30.9441,60.8805
407.7878,160.7111,31.2261,60.7375
408.7962,158.5440,31.8246,60.2872
406.4930,157.6118,31.8407,60.1758
406.0892,158.7879,31.8293,60.5693
405.9364,158.6132,31.6095,61.2519
406.0001,156.4922,31.9266,61.1086
405.9468,157.5342,33.7220,61.1042
406.4111,157.5772,36.4930,60.7168
405.9915,158.1863,39.2236,60.2196
