1
540.8696,242.2458,42.4362,15.2659
553.4002,242.8265,43.8696,14.9877
555.7059,243.0117,43.7512,15.5158
541.4084,252.2697,42.4325,16.9423
550.8931,254.9968,41.7279,17.8806
548.4928,265.9169,41.0100,18.1143
534.6099,270.3151,43.1988,17.5392
536.0229,274.1140,44.1123,17.4208
537.7192,277.4163,44.5036,17.4379
535.3447,284.0851,45.4449,17.4268
532.6334,284.9130,46.0414,16.7362
536.6252,285.9928,47.6712,16.4991
539.0783,287.7220,48.6466,16.9619
539.8885,293.6711,50.0342,17.0954
560.1829,293.8852,49.4145,18.7168
560.5729,304.4408,49.6799,18.5126
540.0452,308.0231,52.0524,18.6665
540.5281,307.8022,54.3334,19.1082
546.4027,308.5520,54.9350,19.8542
536.4197,312.0078,54.2921,20.9572
533.3098,325.1534,57.0452,20.0889
544.6669,329.6770,59.0972,19.2972
548.9718,334.0240,61.2346,18.9620
542.4388,332.8193,60.8995,20.1531
555.2217,336.3719,58.8069,21.6961
566.2954,345.7325,60.0984,21.4794
553.2978,351.9830,58.6336,21.4601
550.5059,351.7245,56.8561,23.2039
549.9837,354.8638,54.2026,25.5537
546.4089,341.9649,53.9389,29.1111
558.0881,361.5492,53.8576,28.7379
558.3959,361.4816,51.9564,30.1587
548.5297,353.1960,51.1814,31.3493
548.9241,343.1198,52.9733,33.4380
552.3466,364.2729,52.8886,33.0464
556.8904,354.9760,50.5223,34.1648
547.5245,349.7011,51.9976,34.0952
553.4108,341.9563,52.3610,36.1004
560.4032,352.3090,53.6354,36.2030
558.6393,352.5473,55.7551,34.3183
548.5992,337.5184,53.3009,37.6164
544.8774,334.8770,50.7594,40.0462
548.8716,333.4664,49.9088,40.0126
537.9548,333.8510,53.3610,37.8293
545.2435,328.9980,55.9540,36.0884
545.9622,316.4649,58.8396,35.2164
546.6889,307.5376,61.7947,35.4374
543.2641,306.9930,61.0588,36.5266
545.8214,300.8340,62.0426,36.6477
548.0925,306.6785,66.7480,34.2064
519.2434,313.3349,67.9603,31.8769
517.0342,308.9405,69.2861,29.8413
527.2681,304.6371,73.2958,27.7391
524.0144,297.2644,72.0526,30.0835
527.6427,291.6231,67.9442,33.4954
503.8474,306.9598,71.4551,31.1589
513.2984,319.8192,71.5672,30.7924
522.8505,316.2766,69.8392,29.9792
518.1367,315.8643,71.5655,29.2635
514.0306,305.4342,68.9099,33.0458
508.7551,317.6624,73.1386,32.2982
504.5629,331.6160,75.0072,32.0837
523.9915,336.4933,72.4996,32.2426
527.4219,332.8181,70.4951,31.4992
517.9398,326.9574,65.8105,35.3377
526.1376,337.5291,71.4607,36.2402
525.5181,357.0389,76.0463,34.0322
529.8033,361.9908,70.8792,37.7416
523.9424,349.5096,67.3860,40.7270
526.1232,344.3405,64.7140,45.9964
513.7653,369.2433,63.3712,46.5705
2
0
0
0
0
1
532.1573,353.8225,63.1884,12.2015
525.8453,351.4219,61.2875,13.6507
534.5929,339.3620,59.4573,15.3919
536.8304,342.5393,57.2353,16.9229
535.1935,346.3607,57.1374,17.1472
541.1169,353.8441,57.6837,17.9537
548.9067,352.0564,55.8963,19.2305
545.2666,347.3659,57.4398,19.4328
559.2250,346.0350,55.3293,20.9216
543.1738,337.0352,53.5064,22.5433
545.7349,349.5479,54.2470,22.1417
551.2474,358.6400,53.8070,22.7752
566.5994,360.2960,53.8091,23.0064
569.3373,360.5076,51.8888,24.9533
566.4789,363.2077,49.2658,26.7014
565.2297,358.0511,48.2151,28.7332
563.1732,370.6939,49.9241,27.4882
569.1943,379.7619,51.1501,26.2393
579.4258,381.6624,48.7299,28.4525
577.0468,387.2138,48.6681,29.3991
582.3166,395.4278,49.1086,28.8313
592.0404,398.3731,50.3495,27.8085
593.3167,393.2557,49.0149,28.2996
580.9250,386.2777,49.6666,28.9832
591.0789,392.7994,49.0041,29.4460
593.3442,393.2644,50.6025,28.5160
594.7187,388.1794,49.0873,30.0497
593.9633,380.5335,48.1237,31.7322
595.9643,370.3777,46.6235,34.5306
594.5261,376.2608,48.2255,32.9602
592.2292,372.9777,51.5464,30.6165
603.9459,368.9833,51.2137,29.6217
608.6508,355.6806,51.8967,28.4720
618.0296,340.6113,49.4167,31.0636
627.5895,341.4632,50.4433,31.8781
613.2347,347.7650,53.3902,29.5795
621.5685,342.4437,56.1189,28.5844
618.9199,328.4904,56.1514,31.4838
605.5211,322.1400,52.8894,34.6201
607.8709,315.5010,50.9308,36.9335
621.5226,310.8317,55.3513,35.2377
612.2257,312.9058,58.3495,32.5073
615.4168,303.9082,59.0486,30.6746
598.2976,291.8308,55.6170,32.5064
597.9384,284.1322,52.2081,34.1457
607.2961,285.2776,53.7793,33.2075
592.7294,287.7873,57.0678,30.9086
614.4310,284.1443,60.2466,28.6041
595.8311,266.6958,57.5173,31.8333
582.5736,257.5956,56.1826,33.3240
591.3689,249.0693,52.5721,36.3964
599.9875,248.8816,49.2878,39.5624
611.1024,258.5750,52.2059,38.3380
610.8378,251.6015,52.7352,38.0681
586.1655,241.2459,49.3435,41.6757
585.0524,233.8134,45.8414,45.0838
589.6400,234.3147,42.3938,46.9450
591.3031,234.1116,41.8804,47.3513
593.5072,252.2394,44.4951,44.8051
598.5391,248.7598,47.0880,41.9202
589.4637,242.6454,51.2276,38.7367
585.0839,235.5077,48.6806,40.2921
589.7968,236.3806,47.6523,41.3455
604.7330,247.7765,51.3957,38.1628
586.4753,262.9875,54.1546,35.8711
597.9693,262.2777,56.5539,33.0596
591.1001,257.3087,60.4989,30.4060
585.8784,253.3324,62.4712,28.4758
593.3347,256.2614,60.2217,28.2458
604.3329,256.7842,58.7791,28.5705
605.8976,258.3904,58.3594,28.0678
606.4487,265.1435,59.9372,26.6217
601.0507,275.2011,64.0450,25.2335
589.6814,281.9864,63.4536,25.3864
593.4987,283.2559,64.0184,25.5806
590.6020,282.9075,61.5428,27.6555
591.2526,287.8099,58.8626,30.2627
581.6556,298.6032,62.8176,29.4567
580.7333,321.4988,67.5204,27.9706
597.5513,328.8340,69.1932,26.5409
603.7382,329.8721,68.5773,27.4043
578.6454,333.3147,70.0436,27.9007
580.5795,343.4537,73.7070,27.2049
604.6561,357.1428,75.0387,26.1157
593.1558,363.8908,79.4908,24.9851
608.1722,364.1056,78.0479,26.1440
597.8335,369.7917,81.2453,25.8955
608.5278,382.0427,76.1567,29.1035
610.0366,376.2378,71.5233,32.6348
613.4241,365.3151,67.9712,36.7542
601.1783,380.2099,69.6317,37.9497
615.4079,389.5031,69.6599,37.7964
618.7347,383.7689,66.3534,40.8970
621.2411,380.6687,61.3406,45.4204
620.1492,377.8990,61.8476,47.6067
612.0430,391.1237,66.0198,46.9579
616.6136,401.3050,67.5156,44.3236
611.9175,383.0483,66.3973,44.0500
602.7150,376.8935,64.0376,44.2469
617.6937,382.0391,62.9483,44.1446
627.4611,385.2205,66.9335,41.1417
600.4033,388.6356,70.3546,37.6912
598.2686,368.5184,71.2601,37.5585
601.2563,362.2785,66.9777,39.8802
607.1136,369.0577,68.6169,38.0064
602.2009,369.8737,73.4570,34.7127
593.8272,365.1913,75.1213,32.3461
596.1472,347.6028,73.7985,32.6937
587.5776,338.6101,69.5460,35.8693
593.2749,336.9441,66.3451,37.5626
603.1921,337.9651,69.1987,35.5206
587.9078,338.7829,75.3525,32.2574
594.2471,326.2658,74.2961,30.7263
581.7032,314.8996,71.8791,32.4258
577.8133,304.3029,66.7553,35.8768
586.3956,303.8200,62.3737,38.4404
597.3293,304.1637,62.5758,37.7529
590.0071,307.4814,66.2453,34.2532
596.2714,307.0789,67.7791,31.9333
590.1301,301.3541,69.2487,29.4805
584.3828,294.7886,70.0828,27.3823
580.0613,287.6064,66.7450,29.7657
590.5142,292.5527,66.7230,30.3151
585.8546,299.7162,71.5391,27.9963
582.8220,304.4895,69.9565,26.0974
594.1140,305.2178,69.4632,24.6408
592.8289,299.8909,69.1548,23.7801
582.7157,290.6339,65.2538,26.6822
581.8004,297.5602,64.2532,28.4013
586.6972,305.7562,65.9120,26.3248
582.0356,315.3664,63.8855,25.5476
588.7312,318.6844,65.6266,24.4142
577.9689,314.7463,65.0659,24.0083
573.3776,313.2289,61.9637,25.6782
581.2526,312.9331,58.3662,27.6201
580.3812,322.3797,61.4414,27.3790
586.6572,332.6263,65.3628,26.1050
596.5439,332.3544,66.6927,25.2419
577.2073,322.8224,63.0502,28.7901
577.1066,326.8759,63.2515,32.0507
576.2409,342.0746,63.5024,31.2646
604.3112,347.3914,64.7172,30.9256
586.7455,354.0557,68.7159,29.4570
584.1265,349.1975,64.8653,33.1141
584.4801,351.9421,67.2031,35.2380
611.2446,358.5602,67.8529,34.7496
606.7159,374.2040,72.1264,32.1653
597.1600,377.9379,73.5065,31.1453
606.5737,375.1582,70.8186,33.4768
598.7092,387.1157,73.6205,33.8006
593.1357,398.3221,74.7933,32.9983
599.6608,399.4763,71.7347,34.0206
605.2080,382.4871,67.1954,38.5015
608.0798,393.5054,66.3990,41.2016
610.3365,405.2397,68.6172,39.6100
2
0
0
0
0
1
618.8464,377.4182,45.0793,26.5366
622.1686,367.8392,44.0264,28.9197
635.6282,366.7764,46.8146,27.6177
618.3090,372.2624,48.9066,25.9446
616.5841,368.5845,48.8618,25.1467
622.8984,360.1127,50.0384,24.8339
611.3590,347.2244,47.5473,27.3651
619.2101,346.6799,48.2106,28.4540
609.3204,347.9216,50.0312,27.1678
614.6360,344.2550,50.2210,26.0847
622.4547,342.3475,52.3819,25.1535
608.1941,324.8518,49.6495,26.4873
609.4787,314.6575,47.0802,29.1001
616.9695,309.0161,46.3943,30.8526
624.0590,305.7165,49.1597,28.9794
607.5585,315.2219,50.4345,28.2722
619.1888,297.7127,50.4894,28.9310
612.5533,296.9181,48.8908,29.2810
613.0828,296.9813,47.8318,29.1547
616.8151,281.9616,45.1810,31.5151
626.9063,275.9825,45.4496,32.6461
629.8012,290.3170,48.2398,30.9428
625.4672,283.9285,50.7103,28.8458
603.5095,280.5880,52.4328,28.0810
609.5454,282.0134,50.3878,28.9902
593.1116,271.9677,52.2893,29.2634
617.9684,270.8104,52.1616,30.3066
619.9836,280.0156,55.8549,28.6306
604.5715,288.6836,55.1648,29.6779
611.1529,285.7471,57.8533,27.6253
596.5887,285.4725,60.4834,26.8495
612.2913,280.0037,58.7691,29.6896
612.7643,293.8761,61.9454,28.0528
605.4824,305.8202,62.5898,27.8276
602.0696,314.4730,59.6339,30.0848
598.6695,313.4825,62.2534,27.8850
585.5147,311.0923,62.0870,31.2720
578.6713,322.4273,64.1733,30.3528
580.2684,335.4052,65.3729,29.2949
593.7078,341.6965,66.3009,29.8840
595.1309,348.3039,67.9169,28.5678
591.0701,354.3828,67.1134,28.3103
598.3868,359.8310,65.7220,29.1846
577.9137,363.3162,64.1356,29.5475
585.0543,380.2707,67.2540,27.5377
594.8755,381.8173,68.0469,25.9042
596.2466,375.0378,65.3047,29.3703
590.1877,386.7618,67.1755,30.8076
603.0192,399.2910,68.8048,30.0091
608.1645,401.7284,66.1434,31.2377
600.0696,391.0694,64.2283,34.4508
621.8922,396.1212,65.1334,35.1009
618.0984,410.3710,64.9175,34.6934
614.3284,400.2491,63.1545,34.7803
614.7066,381.8344,59.3460,38.0376
615.4087,386.3788,60.9907,39.6195
608.7169,412.4777,66.4969,36.2607
626.9348,413.1464,63.6743,36.5240
632.6930,405.3705,64.6648,34.8785
636.2603,392.1168,60.6302,38.1364
639.4202,389.5686,63.5819,40.1423
625.6732,411.2604,68.3541,37.3335
643.9310,412.1235,64.7654,37.2536
640.0162,407.5331,67.8193,35.2909
648.0894,389.8626,64.5006,38.5628
633.7531,391.9312,67.4108,37.6461
629.2540,416.6877,66.5825,37.2657
657.6360,410.0516,66.4844,35.9666
648.3932,404.9326,67.4206,35.0367
630.3911,395.1867,69.9671,33.8166
631.0991,388.5955,66.9416,35.7332
618.0986,405.6563,70.5688,33.5743
615.1293,415.2888,66.8234,36.9051
630.0858,402.4856,64.3900,38.2647
605.2346,396.6497,65.9883,37.1088
609.5544,377.3829,63.7791,40.2758
599.9318,384.5488,63.4861,40.5976
590.1947,389.4254,66.6686,38.9902
576.3011,397.5039,68.0624,37.6795
553.7618,396.7543,66.9982,39.1787
540.6884,384.9386,69.9378,36.2874
504.0592,378.5937,70.5204,35.7634
480.3655,386.3638,74.9757,33.4332
477.2335,391.6574,76.2130,32.8996
448.7307,394.0401,72.5902,36.5548
438.5460,378.9099,69.2263,39.6913
413.7947,356.1368,64.3481,44.4519
390.7274,363.9057,64.4149,42.5639
363.9187,362.3918,66.0795,42.2399
351.2894,372.6196,69.2973,38.7389
322.3354,373.4550,68.2562,40.4367
286.1788,343.4477,64.1764,44.4296
262.6693,342.6609,61.8013,46.0031
243.7627,326.5447,57.2858,49.4520
215.9187,338.4874,57.5411,47.4038
189.0798,347.1298,60.0457,43.3250
138.0959,359.9476,59.7927,45.2728
2
0
0
