1
229.0356,135.3759,53.2850,74.0764
228.4740,137.0021,52.0758,78.9688
223.9310,136.0812,53.8545,81.5644
220.9921,136.1799,55.4014,84.4806
218.1149,133.6761,56.8170,86.2216
217.3837,131.0708,57.2961,88.0516
214.1315,126.0636,57.8228,89.0289
212.7997,122.2693,57.9233,90.5312
210.4584,114.5810,58.6208,89.5079
208.4225,107.3544,59.4111,87.5868
204.4574,105.3240,60.2904,85.6938
202.7105,100.2070,60.9077,84.1004
200.5820,96.7088,60.5168,83.2850
200.7677,92.4990,60.9435,81.7587
198.0405,88.6889,62.9466,78.3350
192.7388,88.7187,63.7965,75.6682
191.9138,89.1275,63.2137,73.4306
191.8553,88.6415,61.8726,70.8801
191.0195,86.7770,60.9030,68.9360
190.4302,88.4960,59.5755,68.3089
190.6715,89.7179,58.0694,69.5696
192.6253,91.8559,57.2373,70.9414
192.9635,93.5462,56.7587,71.0440
193.6543,96.2575,55.9405,71.0524
196.1346,101.2845,54.7631,70.2910
198.2759,106.3291,54.9894,70.0943
200.0388,108.7766,55.8956,69.5900
203.4014,110.6037,56.6349,68.8107
204.0287,109.6501,56.6310,68.9619
204.9428,110.2140,56.0959,69.8500
206.9083,105.5008,54.8398,70.1156
208.4512,98.7351,53.5630,69.9461
210.5573,92.0525,53.4962,69.4488
210.8715,86.6420,52.7958,70.0556
213.1045,82.0855,52.3881,70.9215
216.2451,77.7485,51.2083,73.2271
215.7125,74.9924,51.4308,75.0505
221.3522,71.9469,50.6075,76.0969
221.8261,72.4741,50.7465,76.7297
224.0728,74.0768,50.4101,77.2880
224.7782,76.9562,49.7284,78.5035
224.6836,79.5402,50.8986,78.6829
223.9834,84.5599,51.9411,79.1528
223.1695,88.9485,52.4999,79.4514
220.4611,94.0267,53.4983,78.9961
221.6189,99.4276,53.6348,78.9419
222.4907,106.5507,54.1451,80.1120
222.6377,113.1549,54.7819,81.7135
223.8891,118.3032,55.7327,82.5718
227.1082,122.0037,56.1871,83.4980
228.4237,123.5800,57.8559,84.0378
228.7440,122.4353,59.9377,82.9464
231.4069,120.2721,61.0664,83.6954
235.5222,113.3519,60.6214,84.5662
237.6320,106.1350,60.0231,85.3877
239.5052,97.9767,57.9670,85.9799
239.7391,88.9109,56.7305,82.7010
238.2377,83.2582,57.5659,76.4252
237.5003,82.0290,57.7116,72.4689
237.5506,84.0356,57.4657,68.3933
237.7705,88.0643,56.8281,66.7294
239.5343,92.8898,56.7061,65.1720
240.4893,96.8186,56.4013,62.8386
241.7848,100.7121,57.0327,62.0226
243.8860,101.6695,58.4097,61.9870
242.6459,104.6960,59.1657,64.3894
244.1464,105.3831,59.2201,66.5769
245.1713,105.0060,59.1554,68.8703
245.7453,106.2661,59.0182,71.9894
247.4249,106.3130,58.5072,73.9139
248.6528,107.4585,57.9232,74.8289
251.7054,110.4898,56.5581,74.8020
251.3934,114.1079,56.2431,75.0489
252.3457,115.4069,58.2972,74.3848
251.3077,115.7216,60.8160,73.9401
251.8174,115.0921,61.7565,74.8049
250.9141,112.2077,62.0616,76.9271
252.3999,106.1225,61.8556,79.8403
253.5525,96.5347,60.3741,80.3106
255.7072,87.1216,59.6159,79.9646
256.6120,75.9458,58.7758,77.9957
257.9677,69.3609,58.0630,77.8113
256.9919,63.8865,58.0649,76.9075
256.4369,62.9334,58.2511,76.8049
258.1070,62.0982,59.0050,75.7920
258.1502,62.9336,60.1088,76.3043
259.1448,63.5200,60.8498,77.1920
259.0430,63.5669,61.3893,76.8958
259.3104,65.4139,61.8776,77.5889
260.2073,68.4065,62.2322,79.4888
259.9853,69.5666,62.8565,80.0715
259.4417,72.9779,63.3718,79.4888
258.3012,76.0063,63.3751,78.9585
260.2382,80.2509,63.8299,78.3661
259.1823,83.9434,63.1180,77.7584
257.7096,87.9935,62.6899,77.0123
254.8936,94.5133,63.3851,77.5913
250.4076,97.5632,65.3241,77.8658
246.5641,100.0278,66.6644,78.4367
242.1093,98.8885,67.2415,79.4356
239.1360,94.3439,66.8575,80.3722
237.4202,84.6792,65.3976,80.0700
238.4047,75.7261,64.4983,80.1185
241.6447,66.7743,64.2618,80.7911
245.9312,58.1606,62.4192,81.6722
245.5191,54.5821,62.3191,82.3335
249.0250,57.7189,63.3040,84.6502
253.0062,65.1531,64.6719,83.4892
255.6805,74.0316,65.2375,82.9220
256.8835,78.5935,65.8732,80.7764
257.4691,84.1252,65.8595,79.2661
256.8239,85.8666,66.2319,78.4766
256.7670,88.6341,66.8468,78.5789
254.6521,90.9256,67.7028,78.4993
254.0589,89.5793,68.0462,79.6423
253.0526,87.9705,67.8991,82.1784
251.3330,86.1344,67.4658,86.0166
249.7574,84.7554,67.5783,88.5957
248.3077,84.2888,66.0750,87.7125
246.3264,88.3875,64.8281,86.0020
239.5751,92.3455,68.6309,84.0552
237.1703,94.2210,70.8593,82.5459
237.1855,94.7760,71.5135,81.1736
238.6256,93.6233,72.3149,81.0947
240.7446,88.5079,72.2123,81.8439
243.8034,81.4779,71.9617,81.6959
248.3017,72.6993,70.8725,82.0510
253.6004,67.6149,68.2529,83.6776
256.3606,65.5946,65.4715,84.9209
261.2938,66.5576,64.6165,85.6580
264.0696,71.1181,66.1531,84.9484
267.0050,79.3149,67.7372,84.6123
268.1114,88.6673,68.3768,82.3541
268.2722,95.6040,69.0438,80.0410
268.5906,99.1805,68.7714,77.6053
268.5652,101.0887,69.3963,74.9184
266.0699,101.2218,69.8202,73.4425
266.8639,103.2435,69.4422,75.6254
264.1288,100.3432,69.0570,77.2228
262.1551,100.1672,66.3461,78.9885
260.0102,102.1984,64.2572,82.3709
257.6266,101.9359,64.1468,83.5124
254.9011,103.8268,66.3117,82.9805
247.8039,107.6870,67.2453,84.6908
242.9702,109.8046,67.2234,85.6504
238.1222,110.7656,66.1431,85.8067
236.2957,108.5317,65.0235,86.8442
238.6077,102.8663,64.3288,87.2380
240.4474,94.0721,64.6396,87.4194
244.1131,86.4082,64.0937,89.2895
247.6663,76.8838,63.6554,89.8223
251.0931,68.6139,63.7278,89.6207
253.4697,65.6516,66.2382,89.4766
256.3825,67.7810,68.8182,87.4773
256.7498,75.9152,72.5037,84.2317
257.3270,84.3161,74.2208,81.6363
257.4732,94.4227,75.8316,80.9511
257.3605,101.0149,76.6671,80.5597
256.2419,105.8308,76.3281,80.6377
255.1767,107.7717,76.8332,80.2606
251.7401,106.9388,75.9789,79.6417
250.8484,103.8651,74.7282,79.2726
248.4312,98.5484,74.0069,79.9693
244.5772,96.3473,72.8490,81.9002
240.3938,94.5830,71.4826,83.3891
238.4238,94.1113,69.5648,84.2186
235.8149,94.9631,68.4298,84.7473
230.6244,97.5469,69.2804,85.2233
227.1560,103.3719,69.6585,85.6929
224.8828,105.3630,69.3451,86.3500
224.7826,103.6804,68.3299,88.1533
227.0589,98.4678,68.1404,90.7621
230.0865,90.2844,67.1872,92.8135
233.0932,81.9467,65.9820,93.5540
233.3784,72.8023,66.5068,94.0505
236.1808,65.8066,67.2476,94.3602
238.8677,62.8283,68.2301,92.7950
241.6230,66.0486,70.2718,90.2223
242.8774,71.9775,72.9847,87.8562
244.0567,80.8524,74.6393,87.1721
244.3074,87.1831,75.8339,86.1152
243.4395,90.8535,76.9680,84.2740
242.7037,94.7865,77.8172,82.9739
239.6770,96.8082,77.9960,81.9088
238.2992,99.0182,78.5530,82.8614
236.7410,98.7215,76.9631,83.7647
235.2000,98.7137,74.3250,84.9651
234.0035,98.6917,71.9717,84.9819
231.6847,101.2877,69.9970,85.8262
232.2425,101.1759,70.0125,85.5027
227.8910,103.5346,70.7609,84.9780
225.3574,103.8651,72.5913,84.1188
222.3098,106.2644,73.2847,83.3982
219.3581,103.6191,73.4471,83.3394
217.6806,100.0451,72.8796,83.6535
216.5408,95.4000,72.2141,84.3702
220.1854,87.0742,71.0783,85.9727
220.5844,76.3199,68.7909,86.3481
220.8058,66.5700,67.4426,86.0721
219.2202,57.3016,66.2435,85.7614
218.1823,51.9517,64.4884,85.4276
216.0915,48.9051,63.2847,85.0922
217.0970,48.1460,63.1771,84.5548
218.5224,47.7920,62.6748,84.1914
218.4371,49.8729,62.3509,83.6847
218.5132,52.8032,62.3431,83.6521
218.7758,56.6911,62.9780,83.9047
218.7556,60.5875,64.0313,84.0048
218.8884,65.5627,64.1758,85.8705
219.3137,71.2089,64.6367,88.0873
217.3479,74.8931,65.3470,88.0619
217.9399,81.5209,65.9438,86.7127
219.8832,88.1619,66.9811,85.4334
218.5252,93.0948,67.9788,84.8128
219.9136,97.9420,68.0011,84.1878
221.3828,103.0492,68.0901,83.4833
224.9187,106.0656,67.8421,83.2639
221.0037,106.4326,69.6471,83.0630
226.0590,104.4976,69.2450,82.9018
228.1747,98.0469,68.1050,83.2174
232.5533,91.5319,66.4261,84.4773
233.8106,83.9874,66.1875,83.5756
234.2244,76.9222,67.0660,82.3326
235.0929,70.4915,66.9745,82.3858
233.5240,63.7166,66.6589,81.9125
234.1965,56.2253,66.2914,80.8143
235.9892,48.8681,66.2081,80.2827
234.5579,41.8002,67.1276,79.6370
237.7416,35.5368,67.0635,78.0038
239.5091,31.3492,68.5313,76.5919
241.6726,28.0535,68.8714,75.2466
242.4870,28.9773,70.1630,74.8421
243.0067,29.9509,70.5284,74.8826
244.0557,30.2751,71.8411,75.0005
244.7139,30.7121,73.3288,73.8245
245.6885,32.7034,75.0139,73.1258
244.8652,36.3040,75.9550,73.5965
247.1294,42.0276,75.9508,76.2137
247.9860,48.5205,77.6034,77.4664
245.6696,55.3242,79.7811,77.9396
244.4166,63.1124,80.0861,78.0956
242.6557,65.3464,80.4364,79.3058
239.6092,63.0945,80.6505,81.1770
234.8298,56.3624,81.8645,81.7332
230.9567,49.1123,82.7265,82.5748
224.9771,41.3558,84.0303,82.3886
219.8554,35.0181,84.7518,81.7982
214.5358,31.7227,85.2676,81.3971
209.7035,32.5038,84.4749,83.3598
206.2390,32.4770,83.4448,85.6543
203.6482,32.3372,82.4634,85.9559
199.5903,34.8840,81.8964,86.6080
196.8688,36.7382,80.9210,86.7996
194.2177,39.4930,80.9343,86.7227
190.5692,42.0123,79.8340,86.2205
187.6239,46.5671,79.0574,86.2712
183.8454,50.0507,77.7673,86.4850
181.5338,52.3951,77.5512,86.0228
177.1897,55.3365,76.7482,85.7866
174.5583,58.5918,76.4323,85.2704
172.1487,63.1552,74.1106,85.4801
171.2656,67.1417,73.7202,86.1290
167.1339,69.9049,75.1976,85.6273
163.0337,73.3976,76.0240,84.3471
161.1489,77.4174,76.2651,82.4734
165.2419,76.5920,76.0876,82.0376
168.8556,71.3751,76.4296,81.4765
173.8101,64.4580,77.1841,80.7623
178.0827,57.8779,77.8670,81.4166
179.6693,49.8128,78.3862,82.9490
184.6630,40.5515,78.2307,83.3904
187.6539,34.5918,77.6963,83.3266
190.8398,32.4148,77.7873,84.4416
192.9926,29.8757,76.6673,85.0417
197.0775,28.4235,75.3673,86.3448
201.7823,26.0378,75.3632,86.5871
206.9613,23.8909,76.2611,86.1105
211.2186,22.3860,75.7138,86.1530
215.8957,20.3680,77.1260,84.2512
219.8095,23.5402,77.8022,83.6014
223.5847,25.9875,78.0380,82.6135
225.1504,29.6922,78.9188,81.9525
226.4073,32.8901,79.8077,81.2859
228.5405,38.3840,80.7681,81.0485
230.2129,46.1459,81.4634,80.4346
231.2360,57.7527,81.5440,81.6596
231.0402,65.4438,81.8511,81.4291
231.2629,73.0974,81.9549,81.3204
226.1667,79.0793,81.1348,83.0835
219.4339,76.0716,80.6099,84.3441
214.1303,64.6489,81.1156,84.0748
230.5926,116.1602,75.1298,88.1179
229.5443,116.6870,73.5805,86.3593
231.5392,109.5075,71.2548,88.2107
225.5384,103.6356,70.6254,88.7171
228.7375,104.1517,68.1526,91.0035
234.1150,106.9055,63.6368,93.9070
229.6932,109.8420,62.8625,91.8341
234.6332,112.6713,60.1490,93.6195
2
0
0
0
0
1
158.8001,47.4226,78.7731,88.4792
155.3821,52.3241,78.1083,89.3730
152.7424,56.2053,76.9948,89.1932
152.1296,62.4758,76.5246,89.6290
153.2785,68.9547,73.9409,88.8798
153.0383,75.3827,71.6934,88.5774
149.3713,75.3858,71.2197,87.2199
150.2484,79.3512,70.4089,87.1661
152.2915,74.2782,70.0264,86.2013
155.3047,64.8343,70.6125,85.7063
158.9697,54.0400,70.6387,86.0462
163.4309,40.4079,70.0909,87.9468
169.6632,31.8034,69.1157,90.1305
173.4866,24.5558,68.6315,91.8070
174.6186,20.4959,68.7573,91.3971
177.3453,18.6369,68.9643,92.0519
179.6935,17.0957,69.0507,91.9683
182.3245,17.3537,69.4401,92.8552
183.6744,16.4244,70.1607,92.9365
187.5967,17.6933,70.1722,93.3949
191.3325,18.6977,69.5570,94.6431
193.8004,19.7114,68.6960,95.7577
193.5084,20.7299,68.2478,95.6936
194.3253,25.1403,68.2356,95.2782
194.2119,27.9301,68.7890,94.4492
194.0467,33.9952,69.3131,93.9252
193.6864,39.4740,70.0865,92.7968
193.4999,47.4200,70.6090,92.0626
193.7352,54.0701,70.9325,91.9428
192.7219,57.3957,70.5787,91.2304
192.3051,59.9598,70.1896,90.5033
191.9719,60.4386,69.6481,90.2522
191.6271,59.0968,69.6226,90.2996
190.3346,53.1068,70.3764,90.2060
190.6906,46.4511,70.7386,90.5228
190.2746,40.2339,71.3263,90.9036
189.6959,35.5493,72.2516,90.9640
189.3831,33.5165,72.3066,90.8410
188.8470,33.2269,72.5462,90.6886
188.3104,33.3592,72.6793,90.6069
186.8063,33.8014,72.9101,90.4201
186.4830,34.2777,72.6516,90.1231
186.3379,35.1777,72.3790,90.0747
185.2028,34.3280,71.7023,90.2888
184.4135,33.9792,71.4776,90.8317
183.4104,33.3740,71.0069,90.0724
182.2605,34.8118,70.5449,88.8553
180.2418,37.0178,69.5049,87.3390
177.4984,41.2765,69.3800,86.4294
173.3086,46.4258,69.2814,86.5310
171.5987,53.8357,69.3241,87.1896
169.5105,63.1850,69.8603,88.0315
165.1028,70.9260,70.6216,86.1502
159.2046,82.2217,69.5306,87.6298
151.1463,88.5880,69.7908,87.2359
146.7477,96.3596,69.7895,87.8199
145.2153,101.6233,70.5373,88.4028
142.1938,105.7857,72.2361,87.8859
139.2636,108.4501,73.8213,87.0813
