1
1099.1041,614.6210,41.6660,48.7352
1094.6085,615.9869,43.5446,46.0033
1055.4191,616.5270,45.7796,44.9230
2
0
0
0
0
1
891.9923,607.7014,49.6375,45.3623
874.9951,606.7073,49.2311,45.8547
862.8648,605.4135,49.5369,45.4480
859.6560,604.9391,49.9726,44.9013
843.1756,588.4278,50.0754,45.0660
836.4273,569.4058,50.0921,45.6657
824.6403,565.5684,51.0524,45.8025
812.7469,566.1992,50.4436,46.0656
807.9836,561.7306,49.3341,47.4057
796.0239,560.6633,47.3560,48.0168
792.1548,559.6745,47.5846,48.4925
790.0925,557.8967,48.6832,49.0221
778.8632,558.3519,51.1392,48.1117
781.6791,559.2208,54.8843,46.3739
784.7516,560.4609,58.2984,43.8937
782.9869,555.0068,61.8279,41.9593
782.4897,550.6580,62.8222,40.8953
782.7354,546.1472,60.7068,41.7959
790.3602,542.8070,58.3157,43.6543
793.8452,536.5099,56.1507,46.6383
790.9972,522.2859,55.3789,47.5975
791.6884,515.8712,53.9964,49.0834
791.5262,503.5969,52.6980,50.9122
790.6196,492.5042,51.2479,51.8869
785.3238,488.8455,50.4705,52.7076
778.5172,489.3210,49.4609,53.3813
771.9634,488.7924,49.6143,52.8192
761.4990,488.2867,51.1879,50.6047
752.0551,483.7296,52.4425,48.4978
738.5474,479.5867,52.4396,47.2478
723.3669,472.4473,52.9831,45.8332
705.0734,466.9368,53.8018,44.4129
686.4592,462.0102,53.9521,43.4518
668.3752,456.6342,53.3594,43.4820
646.6216,451.2248,52.6974,43.6391
624.2466,448.4161,51.9844,43.1949
602.8128,445.6877,51.4308,42.6624
578.8130,441.4810,50.5847,42.1950
553.5999,441.1255,49.9247,41.4462
525.2949,438.7116,49.0404,40.5246
496.8655,437.0412,48.1352,39.6388
466.1526,435.4812,47.4317,38.6169
434.5500,434.6840,47.0311,37.5047
400.6037,434.5214,47.1367,36.5006
365.7141,434.4013,47.2497,35.4263
329.9370,432.7827,47.3779,34.7677
289.2979,432.7913,47.3979,34.7505
248.5073,432.8705,47.7193,34.5920
207.7415,434.0166,47.8478,34.8841
166.9097,436.3251,47.6832,35.4624
2
0
0
