1
446.3122,338.7387,39.6797,36.2164
444.9264,338.9411,40.0616,35.8115
444.7220,338.6064,40.4704,35.2865
443.7041,338.1988,41.3139,34.9094
442.9086,337.6752,41.7055,34.7573
442.6729,337.7132,42.1771,34.6814
442.4173,337.0915,42.6882,34.7157
441.7719,336.9894,42.7617,34.9200
440.9781,336.9330,43.1276,35.0327
438.8875,337.0071,43.6211,34.8844
435.1625,336.3288,43.6647,35.0068
436.5634,335.5592,43.3369,35.3089
433.2532,334.9415,43.7728,35.3075
431.6269,333.2057,43.2947,35.0483
432.6210,327.1005,41.3064,34.9384
428.5023,328.6892,39.9468,35.3599
434.4653,329.5658,39.8744,34.7921
434.5183,330.3602,39.7684,34.3785
426.4099,315.2354,37.3149,36.6225
427.2247,327.5674,38.0140,36.4099
423.1321,327.5144,40.3393,36.5160
420.9532,327.4977,42.2773,36.5494
417.2968,326.7695,43.3873,36.7652
417.5560,326.0583,44.1302,36.9264
416.5291,322.6604,44.9087,37.3462
416.1940,322.5903,45.5790,37.4863
418.4512,321.9510,46.2909,37.4584
422.0337,318.7928,47.0280,37.1896
423.7919,318.5875,47.4838,37.6001
423.6967,318.4920,47.6740,37.7912
427.9216,317.5097,48.6299,38.4120
432.5581,316.4967,48.9354,39.0696
434.3196,312.6610,49.5636,39.8225
439.2727,312.1630,49.4964,40.8186
440.4730,311.2957,49.9371,41.1325
441.1570,311.1082,50.0017,41.5073
442.9985,311.1176,50.6373,41.4887
446.9568,310.6859,51.4148,40.9031
446.9149,312.7172,50.0470,39.7433
441.6418,300.9600,50.7114,39.2590
427.1482,296.2512,51.4190,38.7788
428.3091,295.7155,51.9311,38.4333
439.6780,291.6918,51.8986,37.9660
462.7549,302.3365,50.8946,37.8407
462.5063,302.2766,51.3918,37.9605
465.3627,300.6691,51.2915,38.3692
469.1231,295.1888,50.8124,39.4715
469.0377,294.8033,50.9831,40.2425
469.5918,293.2874,51.3090,40.4062
473.1337,288.0046,51.4342,40.8792
473.2052,284.3430,52.7425,40.9456
472.6664,279.0224,53.8202,41.2794
473.0687,274.5440,54.5099,41.2699
473.6791,274.4225,54.7938,41.5131
473.4353,269.1263,55.2815,41.5143
472.6811,263.6075,55.2693,41.9084
468.0451,258.0255,55.3809,42.3853
467.7206,253.2761,56.0299,42.6667
466.7717,249.0818,56.3770,43.3019
466.7060,248.7894,56.5084,43.8865
464.5780,243.0126,56.0308,44.3949
464.7711,239.3518,55.6445,45.4010
465.6442,234.3694,55.4876,45.8305
467.5853,231.7393,54.7928,46.3096
467.9308,225.8461,54.1019,46.9606
468.1958,225.5340,53.5719,47.5848
467.7411,223.5697,54.4814,46.7365
462.4017,221.1003,54.0103,46.8968
460.6884,218.8540,54.2608,46.6250
459.2549,216.0104,55.5403,45.9619
454.2321,215.1443,56.0057,46.0973
454.9304,214.3381,56.2152,46.1036
454.4732,213.1237,55.5202,46.9231
454.6086,211.2835,55.2493,47.3798
455.1807,211.2801,55.7201,47.3867
460.9977,211.0954,55.4430,47.7561
467.3232,211.0620,55.7845,47.8229
467.9612,211.0467,56.1388,47.8535
480.1961,210.8127,56.2146,48.3214
493.1755,212.8984,56.5768,49.0852
506.6667,214.0492,56.2012,50.1095
522.6468,219.4085,56.0374,51.1054
536.7863,223.5898,56.4348,51.1769
537.5234,223.5060,56.6546,51.3446
550.0981,228.5176,57.0092,51.5229
557.5281,233.6596,57.5269,51.4907
563.4174,239.7178,57.7614,51.3874
563.3116,246.6657,57.9729,51.2367
568.0153,252.2960,57.1606,52.0093
568.1869,252.1757,56.8174,52.2499
574.2608,259.0053,56.6901,52.3284
581.9188,265.9355,56.8226,52.1997
592.7986,271.8327,57.3772,52.4209
598.7514,277.7067,57.5723,52.7736
604.5959,283.7420,58.0445,52.8642
604.4674,283.6475,58.3016,53.0532
607.8192,288.8593,58.6106,53.1485
613.8780,293.9737,58.8092,53.4763
617.9211,296.6278,59.5619,53.4716
620.3947,300.0887,59.9529,53.6674
621.0266,298.1818,55.1119,57.4811
622.8301,296.9963,51.5049,59.8521
617.9833,290.2784,52.4364,59.2686
623.1403,271.2194,50.9140,62.2204
633.1431,302.0272,52.2613,59.3255
632.9929,309.1130,54.3183,57.4486
632.9677,309.7514,56.1285,56.1719
633.2844,310.2318,57.2635,55.2111
633.7115,311.3010,58.1805,54.8439
633.6049,311.3673,58.3937,54.7113
633.1260,311.6880,59.3516,54.0698
634.7468,312.8513,59.6814,53.5290
634.5808,313.2065,60.0133,52.8186
635.4506,313.2679,60.0497,52.6957
639.2543,313.1090,59.5405,53.0136
640.0446,313.3211,59.7317,52.5893
639.8209,313.3925,60.1791,52.4465
639.8190,311.6371,60.1830,52.4121
635.7004,311.0074,59.5597,51.8994
635.7982,311.1530,59.3641,51.6082
630.0862,308.0898,58.5624,50.7486
630.2643,308.4803,58.2061,49.9677
628.7089,308.8342,57.9123,50.9621
627.6564,309.7987,58.3038,50.7468
622.3809,309.8052,56.8407,50.7337
623.7443,309.8435,55.8072,50.6572
619.3018,301.1385,56.3117,47.9537
621.5346,302.5622,56.7680,46.7470
618.6949,309.1375,57.5627,46.6224
617.7104,312.9825,57.8933,47.1246
616.8397,312.4693,57.9829,48.1510
616.7313,312.0645,58.1999,48.9607
615.7985,311.8325,58.3793,49.4247
615.8085,312.5511,58.3594,49.6838
615.1710,313.3977,57.9343,49.6905
610.2171,313.3149,57.6803,49.8561
606.0741,313.3354,57.5045,49.8153
606.1693,313.3334,57.3142,49.8192
603.5585,314.2814,57.4774,49.6092
597.2245,314.2378,58.3485,49.6965
592.6618,314.2832,58.9732,49.6056
586.7575,314.3275,58.8236,49.5170
584.0191,313.5085,59.1867,49.4504
583.8879,313.6586,59.4491,49.1504
578.9662,313.7175,59.0426,49.0325
576.6425,313.8048,58.5896,48.8578
573.2591,313.7975,58.5951,48.8724
569.2624,313.7752,58.1351,48.9171
566.8364,313.8041,57.9343,48.8593
566.8439,313.8365,57.9193,48.7945
564.3200,313.0039,57.9300,48.7806
562.8820,313.2141,57.4482,48.3603
562.1577,313.4660,57.2321,47.8565
557.1343,313.7356,57.3590,47.3172
556.3674,313.5833,57.2464,47.6218
556.3998,313.3581,57.1816,48.0723
551.5226,312.2775,56.9999,48.5775
547.3207,311.0564,57.0973,49.3585
544.7691,308.9592,57.1743,50.2020
539.6473,307.7303,57.2774,50.9699
536.1471,306.7500,57.4620,51.2264
536.1704,305.7245,57.4154,51.5665
533.6461,304.8280,57.3171,51.6439
529.3242,304.0017,57.3843,51.5811
524.1781,302.4392,57.3842,51.2753
521.4829,301.0534,57.6431,50.6259
515.6696,299.3713,57.3408,50.5819
515.7710,298.5660,57.1380,50.4938
509.8329,297.7790,57.1550,50.3737
503.7068,294.6339,57.5595,49.8938
497.5930,290.4477,57.9494,49.8106
490.0265,287.1085,57.8202,49.7059
483.4034,283.6794,57.5295,49.7956
482.6538,282.6921,57.3395,50.0812
475.9849,281.1560,57.1517,49.7719
468.6723,275.3976,56.6315,49.5087
462.1332,273.8119,56.3453,49.3392
455.1027,268.0473,55.4356,49.2246
448.0353,265.4448,54.7431,49.4871
448.3460,265.3901,54.1218,49.5965
440.3105,259.6597,53.8629,49.6265
430.5860,256.9063,53.7591,50.2451
423.3770,251.7489,53.4385,50.7341
414.5421,249.8819,53.0640,51.1874
405.5423,246.5916,53.0051,51.2013
405.5641,246.5723,52.9615,51.2397
398.3933,245.8063,52.5350,51.1310
388.9322,245.0629,51.8673,50.9852
382.9402,242.5135,50.8935,51.2249
376.8609,242.5785,50.1868,51.0948
370.1646,242.6031,49.2246,51.0456
362.8076,243.5653,48.1489,50.7002
363.1553,243.7851,47.4533,50.2606
357.3466,244.7366,46.7615,49.8963
352.3016,246.1673,46.1978,50.0788
347.2851,247.5986,45.6199,50.2480
343.1103,252.8545,44.9137,50.3012
342.5059,258.1517,44.6237,50.1987
342.6132,257.4071,44.4091,50.1953
342.1132,263.0284,43.9199,50.8658
341.6446,268.8788,43.3653,51.0983
342.0136,276.7828,42.6273,51.6405
341.9588,283.5151,42.7370,51.5214
342.0803,291.4618,42.4940,51.9385
342.1576,291.3103,42.3394,52.2415
342.3844,297.1082,41.8857,52.5450
344.4461,304.1683,42.2166,51.7875
345.1934,310.1812,42.2005,51.5894
348.7277,316.3873,42.5077,50.9784
352.1772,321.6645,42.9622,50.7189
351.2729,321.8051,43.2967,50.4378
354.8599,326.4281,43.4981,50.0420
356.5565,330.7340,43.0492,50.2633
358.6397,332.9789,43.2880,50.1787
361.0613,335.2709,42.8575,50.0074
363.5357,336.1406,42.2928,49.7293
363.7379,336.9779,41.8884,49.5027
365.0258,337.8179,42.1886,49.2607
367.1581,338.5756,42.2411,49.1845
368.4589,338.6940,42.5171,48.9477
369.2295,338.1357,42.4154,48.6248
371.3382,338.1850,42.4965,48.5261
371.3634,338.1270,42.4461,48.6421
371.3999,337.4144,42.3732,48.6338
371.4226,336.7872,42.3277,48.4558
373.5738,334.5873,42.3118,48.5689
373.3483,334.7138,42.7629,48.3159
373.2944,333.5411,42.8707,47.7941
373.8996,333.8211,43.0875,47.2341
375.9748,332.3012,43.2031,47.4299
376.7704,329.6102,43.0388,47.1043
376.5713,329.7704,43.4371,46.7839
376.9570,329.2873,44.0863,46.3296
377.1396,324.9983,43.7211,46.3650
377.4040,324.8761,43.1922,46.6094
376.6419,323.4653,43.3025,46.6030
375.0781,323.5560,43.5990,46.4217
374.2133,320.7450,43.9110,46.3738
374.3715,319.2856,43.5946,46.4493
370.0493,317.3712,43.7319,46.0244
370.5841,317.5647,44.0758,45.6375
370.5975,316.9584,44.0490,45.4373
365.8833,313.2351,43.6131,45.8380
366.1266,312.3860,43.1264,46.1276
361.1369,310.5090,43.2682,45.6655
357.6253,309.0406,43.2895,45.8014
357.7530,308.2672,43.0340,45.9453
357.2441,306.7646,42.6506,46.1484
351.5382,304.9382,42.8774,45.6070
350.0842,304.3772,42.9989,45.3356
344.6466,300.2948,42.7463,45.1546
343.5261,300.3161,42.2191,45.1120
343.7072,300.3633,41.8568,45.0176
342.0470,300.4505,42.4415,44.8432
341.9276,300.3721,42.6802,45.0001
338.9230,300.1569,41.7860,45.4304
339.9532,300.0486,41.0989,45.6469
338.5627,300.1093,41.1486,45.5256
337.9235,300.0781,41.0626,45.5880
335.4896,300.0272,40.4739,45.6899
335.7385,300.0225,39.9761,45.6992
335.1085,299.9667,39.8876,45.8107
333.0867,300.6945,39.8850,45.7039
330.0329,300.7194,39.2571,45.6542
330.8543,300.7205,38.9506,45.6519
331.0231,300.8719,38.6130,45.3491
331.0404,301.6982,38.5784,45.0177
331.0172,302.4106,38.6249,44.9084
330.5786,303.2501,38.1875,44.5441
329.3466,303.3488,38.0475,44.3465
329.3707,303.4207,37.9994,44.2028
328.7340,303.4270,37.9792,44.1902
326.4321,303.2441,37.4107,44.5559
327.1342,303.3087,37.2962,44.4267
327.1290,304.3201,37.3064,43.6898
327.3826,304.4497,36.7994,43.4305
327.6117,304.5262,36.3410,43.2775
331.6595,303.5132,34.5088,44.0509
329.6934,303.5665,34.7362,43.9443
329.6294,303.6756,34.8643,43.7261
329.5569,303.8060,35.0092,43.4654
330.2375,303.7516,34.8820,43.5741
330.2871,303.6931,34.7828,43.6911
330.8925,302.9459,34.8060,43.9516
331.4338,302.9923,34.9614,43.8588
332.5676,303.2726,35.1725,43.2982
333.0531,302.8345,35.4356,42.9404
333.6158,302.9817,35.5430,42.6461
334.1866,303.1142,35.6315,42.3809
333.9739,302.0050,36.0568,42.1446
333.1828,298.9688,36.4084,42.0641
332.4458,295.1747,36.6475,42.2424
332.5964,293.7021,36.3463,42.7044
332.5374,291.7856,36.4643,42.8058
332.5439,291.6645,36.4513,43.0480
331.8975,287.3719,36.4932,42.8769
327.5738,282.3663,36.3983,42.8969
325.2286,277.5548,36.0978,42.5383
322.9871,273.3127,35.6315,42.3612
318.7735,268.4755,35.4692,42.2190
318.8392,268.5718,35.3377,42.0264
313.8444,263.8897,35.5897,41.6531
309.7000,258.9441,35.3701,41.8204
305.9694,254.8017,35.5441,41.6034
301.7353,250.5494,35.5145,41.6101
299.3957,247.6840,35.3392,41.2728
298.8444,247.1785,35.2363,41.0781
296.0648,243.5694,34.7908,41.0910
291.9373,241.9621,34.6882,40.7236
288.0306,239.6995,34.1950,40.5023
284.1286,236.7316,33.7721,40.5616
280.2801,234.3093,33.2834,40.7286
280.4055,234.1982,33.0325,40.9508
276.3608,230.7335,32.9780,40.8998
271.1001,229.5011,33.0436,41.0411
265.3355,227.8609,32.9230,40.8266
260.1442,225.5023,32.8678,40.9046
254.5316,224.8409,32.4927,41.0676
254.6039,224.7841,32.3481,41.1811
250.1238,224.5280,32.0613,40.5374
245.9048,225.7787,31.3686,40.3187
242.2061,227.4611,30.8790,40.3340
238.2654,228.0242,30.9275,40.3270
236.1879,232.3628,30.6038,40.6071
236.8593,232.2738,30.3796,40.7852
235.7938,236.1748,30.2751,40.8070
235.9871,239.9592,29.8886,41.0524
235.8314,244.5338,30.2000,40.8131
236.4679,250.2090,30.0422,40.6146
237.4808,254.8804,30.2356,40.1485
237.3744,255.5955,30.4484,39.8239
239.9244,262.4552,30.8693,39.3546
241.3548,270.7958,31.3201,39.2315
246.4663,277.4344,31.0807,39.2660
253.1777,285.8629,30.9293,38.9982
257.4779,292.8685,31.1241,38.1795
257.9512,293.1179,31.2675,37.6807
263.9134,300.9953,31.2740,37.1108
268.1920,304.9905,31.3241,36.6520
271.3146,309.6111,31.4970,35.9681
272.8270,313.7581,31.6578,35.1071
273.9542,317.9344,32.5566,34.1120
273.1674,318.2264,33.0804,33.5280
275.6914,319.0666,33.2771,32.8965
271.1378,319.3867,34.0474,32.2563
260.0204,319.9655,36.4451,31.0988
250.9631,319.4799,38.6170,29.9443
243.7490,318.1091,40.1147,29.4532
243.2538,317.6784,41.1052,29.2222
235.3312,315.6564,42.6041,28.8520
229.8537,313.5641,43.4785,28.5563
223.7634,313.1248,44.3760,28.3066
218.3768,310.9320,44.9108,28.1419
213.8044,306.8401,44.9131,28.3258
213.2898,306.6411,44.7963,28.7239
211.4535,306.4966,45.0162,29.0129
203.4870,304.1108,44.7235,29.1484
192.8770,302.7792,45.1202,29.4979
185.0187,301.0005,45.6446,29.5496
176.8329,300.7581,46.7105,28.8569
176.5913,300.3919,47.1937,28.4076
169.5530,299.2788,47.0941,28.2712
161.6916,297.6073,47.5087,28.0814
155.7785,295.9065,47.5295,27.9414
148.2495,295.3575,47.2674,27.8610
140.5822,294.1373,47.3502,27.9549
139.8906,293.4613,47.5574,28.1310
134.3726,292.8190,47.9547,28.2333
126.8221,292.8837,48.7789,28.1040
121.7045,292.5302,49.4161,27.6114
118.4673,292.5941,49.8864,27.4836
119.1535,296.1490,49.7195,27.6071
119.2085,296.1186,49.6097,27.6680
125.6680,300.7396,48.7370,28.0631
134.7191,305.5974,48.6116,27.9351
150.9574,313.9940,48.3842,27.8637
167.2921,319.0351,47.8402,28.4900
189.7621,328.6343,45.8251,29.5617
191.9006,328.7494,43.9085,30.5117
201.2506,334.7362,45.0512,30.2103
210.3659,342.7495,45.6918,29.5164
219.6592,347.0456,45.9453,29.1668
225.3078,351.8259,46.4028,29.0100
230.3314,354.8807,45.7931,28.7989
230.5590,354.9080,45.3379,28.7442
235.3838,357.8912,44.9628,28.5743
238.8176,360.9096,45.0003,28.2917
242.0065,361.5707,45.5026,28.1162
246.5619,364.4479,45.6016,28.1181
253.4421,365.6063,45.6742,28.1069
261.6882,369.5121,45.3331,28.3706
261.9036,369.3631,44.9022,28.6687
275.1957,371.0464,43.6515,28.7567
288.7174,374.5802,41.5615,29.6288
298.0684,377.7424,39.6170,30.0073
310.0928,381.5136,38.5386,30.1216
319.2310,385.1787,37.5299,30.3462
322.4903,384.5388,36.3483,30.5585
331.0882,387.9753,34.9424,31.0540
339.5371,389.3150,33.6276,31.4914
345.9936,391.9715,33.0189,31.3051
342.0817,394.8643,35.7782,30.5839
347.1346,397.7950,38.2038,29.9440
347.2749,397.9506,40.0656,29.6327
356.8778,398.7878,40.5615,30.1474
364.3624,401.9673,41.1392,30.4514
376.1929,402.0930,39.9636,31.3243
384.6435,404.9782,39.8712,32.2773
389.2612,407.5929,40.8474,32.7211
389.3468,407.4418,41.8329,33.0233
397.8875,409.9726,42.4035,33.8457
406.5075,410.1302,43.1466,34.7292
414.4347,413.5542,44.4366,35.2289
424.2043,414.1581,44.9370,35.2736
434.0498,416.6042,45.4199,35.4248
435.2160,416.5364,45.6289,35.5605
445.9325,417.8386,45.8898,35.5082
455.7567,418.2457,45.4302,35.9733
465.1493,421.4638,45.8416,35.9360
470.2924,421.3492,45.8393,36.1651
476.0252,421.3831,45.9761,36.0975
476.5364,421.4295,46.2439,36.0047
480.1762,421.3210,44.1352,37.5144
495.4144,420.2395,43.2084,38.3927
502.8276,420.2495,43.7960,38.3726
518.4241,419.5963,42.3487,38.3858
534.4966,418.8973,40.7082,38.5128
535.7390,418.9323,39.4709,38.4426
547.1183,417.7917,38.7974,38.2699
560.9702,416.6195,37.7941,38.1871
574.3109,416.1706,37.4367,37.8883
587.5098,415.5553,37.1356,37.9327
600.0839,413.8022,36.8128,37.8924
600.3425,413.7010,36.2955,38.0947
609.1848,413.4853,37.3536,37.3549
617.6018,411.7890,38.1673,37.2179
622.1929,411.2244,39.6693,37.1600
625.7634,407.5701,40.9965,37.2100
625.9970,406.9277,41.7607,37.2636
625.6367,406.2959,42.4813,37.2832
625.1937,405.5880,43.3674,37.4435
624.4928,401.6885,43.4973,37.6119
622.2028,400.6370,42.9714,38.4386
620.5714,397.7502,42.3896,39.0860
618.7570,397.0612,42.1698,39.1810
618.8094,397.0533,42.0652,39.1970
615.2598,395.7741,41.4872,39.1963
610.9776,395.0705,41.1583,39.3330
606.8168,393.7372,40.6074,39.4647
602.6911,392.9941,40.0322,39.6898
598.4501,391.1238,39.7259,39.6641
598.6942,390.4741,39.2377,39.7133
594.0425,389.7657,38.5946,39.8868
589.3332,388.6224,38.1262,39.7016
584.6175,386.8557,37.7529,39.5582
579.7369,385.7189,37.7748,39.3971
575.6509,385.7514,37.4402,39.3320
575.7761,385.2225,37.1899,39.1809
572.3277,385.1334,36.8710,39.3591
569.3121,384.5846,36.9006,39.2565
565.6537,384.0235,37.0223,39.1795
562.5714,383.5523,37.1876,38.9220
559.6945,383.5774,36.9489,38.8717
559.2544,383.0377,36.6350,38.7572
555.6472,382.4579,36.7266,38.7297
553.8010,381.2737,36.8544,38.7216
549.4127,381.4030,37.3004,38.4630
547.6866,380.8105,37.1732,38.4550
545.8504,380.2992,37.2728,38.2866
545.8392,379.7498,37.2952,38.1955
542.7957,379.6414,37.4383,38.4123
538.4775,380.6636,38.9077,38.7569
538.6855,378.0689,38.4917,39.0540
538.8984,377.9022,38.0658,39.3873
537.0974,377.8279,38.0088,39.5361
536.4835,377.7758,38.0156,39.6402
534.6439,378.2742,38.0262,39.8662
534.6479,378.0996,38.0180,40.2155
535.0598,378.7314,38.4262,40.1838
535.4324,379.4796,38.9189,39.9251
539.2722,380.0708,38.6890,39.9845
539.3902,380.0156,38.4530,40.0949
539.9006,380.2170,38.6690,39.6921
543.1285,379.8606,38.3833,40.4049
543.5735,379.4615,38.7339,39.9623
547.0907,379.6794,39.1352,39.5265
550.5483,379.7900,39.6525,39.3054
550.4060,380.6072,39.9372,38.9144
554.8552,380.1916,39.7310,38.5039
559.6544,381.0055,39.9886,38.1081
565.1067,381.0081,40.1521,38.1029
571.2852,381.0898,40.1177,37.9394
577.1489,380.6623,40.6814,37.5653
577.5705,380.8031,41.0702,37.2838
585.0609,379.5250,40.8923,37.3729
589.6833,379.0851,41.5050,37.0205
598.6583,378.7646,42.0968,36.4252
606.3452,378.2424,42.7878,36.2340
612.9999,377.0842,43.1556,36.0637
612.7455,376.4778,43.6644,36.0302
621.3060,375.3334,44.0937,35.8118
627.2964,374.7367,44.6793,35.7485
632.9470,372.8730,44.7599,35.6819
637.7478,371.6892,45.2765,35.5200
641.9674,369.9313,45.7278,35.2257
641.7592,369.9034,46.1444,35.2816
642.8052,367.3658,46.6112,35.2389
646.6121,366.0873,46.7125,35.2241
650.1533,364.1880,47.3530,35.1612
651.3917,360.8564,47.4680,35.3451
653.8924,360.1036,47.6692,35.5500
653.7182,359.4508,48.0176,35.5485
655.7065,358.0344,47.9779,35.7567
657.2062,354.5239,47.6088,36.2019
657.3490,353.8063,47.3234,36.3204
657.2127,352.4371,47.5959,36.4301
655.7141,348.4281,47.9524,36.5260
655.6240,348.4580,48.1326,36.4664
652.7192,347.9630,48.6258,36.1272
650.5652,345.3466,48.9406,36.0359
646.3446,344.8803,49.3758,35.6340
642.9644,342.8757,49.4644,35.6402
639.5372,341.3848,49.6398,35.9503
639.5635,341.2092,49.5873,36.3016
634.1327,339.2258,49.6606,36.2227
630.9374,338.5441,49.3094,36.2377
626.4498,334.4082,48.8819,36.4501
622.1969,333.8800,49.3462,36.1662
619.1118,333.3786,50.1459,35.8264
618.9420,332.7900,50.4853,35.6544
615.5963,332.0998,50.4193,35.6833
615.0217,331.5366,50.2176,35.4587
614.3505,329.0341,50.2158,35.0869
612.9382,328.4452,50.3642,34.9266
612.2119,327.9251,50.4791,34.6291
612.1075,328.0038,50.6879,34.4718
611.5387,327.3535,50.4905,34.4372
611.9939,327.4037,50.9116,34.3370
613.3994,327.3758,50.7730,34.3928
616.1113,327.3144,50.6890,34.5156
617.6704,327.2449,50.2423,34.6544
617.9321,327.1612,49.7190,34.8219
619.0584,327.1948,50.1186,34.7547
621.6080,327.2062,50.3439,34.7320
624.8800,327.1524,50.4705,34.8395
626.1902,327.1490,50.5257,34.8462
627.3892,326.4890,50.8053,34.8275
627.3036,326.4714,50.9763,34.8628
627.1773,326.4753,51.2290,34.8550
629.0163,325.9432,51.5996,34.5696
628.8304,323.8857,51.9714,34.6337
627.4345,322.5093,52.0491,34.6723
627.4340,319.1586,52.0501,34.5797
627.4634,319.1878,51.9912,34.5213
627.3460,318.4598,52.2261,34.6218
626.6335,315.7623,52.2904,34.5742
625.3909,314.5464,52.0540,34.2843
