1
397.5608,185.4837,31.2462,29.6334
397.2263,186.2902,31.5545,29.8093
397.1494,186.8652,31.5823,30.1124
397.5105,186.9749,31.8878,30.1586
398.9251,186.9174,31.1329,30.9392
399.8342,185.4002,29.9102,32.2582
400.8520,184.3489,29.5184,32.9890
401.2817,183.5271,29.3135,33.8337
402.3181,183.6254,28.3691,35.4129
402.4176,183.2944,28.6769,35.1585
402.6429,184.6804,28.6572,35.1873
402.8251,184.3496,28.6931,34.9395
402.8114,184.1367,29.2305,34.9366
403.0320,183.8041,29.1675,35.1875
401.9662,184.4989,29.4855,35.4978
402.3763,183.0989,29.9132,35.4748
402.3034,183.2922,29.8981,35.5481
402.0816,181.4876,30.1236,35.6873
401.1801,180.9377,30.2003,35.7110
400.4586,181.6311,30.2264,35.6187
400.1246,181.2741,30.2176,35.6436
399.9279,180.5859,30.1466,35.5026
400.2740,180.7793,30.8502,34.6468
400.0174,181.3185,30.6925,34.4413
400.6396,181.9353,30.9918,33.9701
400.1163,182.2064,31.5908,33.3002
400.2062,183.3959,31.6344,33.1914
401.3533,184.0257,32.6685,32.0453
400.9936,183.2777,32.5729,32.0941
400.5252,183.4354,33.2400,31.0914
401.0189,184.1895,33.9076,30.5900
400.6249,184.9987,34.0720,30.4184
400.7434,185.5280,34.4164,30.3685
401.3650,185.7053,34.7647,30.6973
400.4639,185.3545,34.7153,31.2324
401.1588,186.5714,35.2067,31.8906
402.0909,185.0642,36.4893,31.8863
401.8143,186.2193,37.0932,32.2974
401.2547,186.5812,37.7466,32.8003
399.2604,188.3969,37.2197,34.3693
399.6556,187.5244,36.5645,34.9169
399.4381,188.4841,35.9944,35.4948
398.4452,187.2249,35.6910,35.8312
397.5468,187.1043,35.7794,35.6572
397.5642,187.8069,35.7555,36.1354
396.9948,187.9114,35.9730,36.1159
396.5736,187.6736,35.8716,36.0979
395.4856,187.3821,36.2378,35.6962
394.8880,187.2078,36.3706,35.6177
395.1628,187.5449,35.9470,35.8913
394.3708,186.5356,36.0041,35.9529
394.8774,186.0649,36.0963,35.8844
394.8515,186.5091,35.5494,36.5248
395.0628,186.0774,35.3229,36.3336
395.8853,186.0387,34.8719,36.5101
395.3194,186.5304,34.4641,36.8974
394.6985,185.9916,34.4057,36.8819
394.6033,187.0734,34.4024,37.3612
394.6601,187.7084,34.7991,37.7358
393.5674,187.7066,35.2042,37.5636
393.2926,188.2305,35.9311,37.7048
392.8495,188.6940,36.2444,37.9170
392.6117,188.2151,37.0679,37.6273
391.4039,188.1613,37.5821,37.7874
391.6172,189.2594,37.8713,37.9332
390.6880,187.9778,38.3863,37.6185
389.6642,188.5404,38.5025,38.3446
388.6969,188.0624,38.8345,38.2847
387.8525,187.9126,39.1513,38.2429
387.5309,187.8693,39.3733,38.4099
385.9777,187.3853,39.4947,38.5475
385.1145,188.4869,39.6954,39.2905
384.3695,189.1055,39.8157,40.0246
383.8320,188.6287,39.7810,40.7226
383.3589,189.5666,39.8271,41.5079
382.4244,189.4053,39.9427,41.6545
381.5837,188.5534,39.9645,41.6091
380.8303,188.1195,40.1414,41.5043
380.1506,187.9996,40.3984,41.2505
378.2791,187.6158,40.3767,41.2571
377.6613,187.2134,40.2490,41.1406
376.7985,187.1174,39.9993,41.3240
375.7810,187.0676,40.0868,41.4093
374.6219,189.5635,39.9216,41.7465
373.0149,189.4638,40.2896,42.4251
370.8334,190.2987,40.9075,43.3394
369.9159,190.3597,41.7664,43.5974
367.7116,190.8647,42.6317,43.4378
367.0737,190.9644,43.0870,43.5179
365.9293,191.7668,43.3924,44.4231
364.5767,192.0340,43.7501,45.3017
364.0699,190.4240,44.0467,46.2100
361.9732,190.2573,44.4114,47.2914
360.7405,190.3844,44.7865,47.8701
359.6010,189.6549,45.1863,48.1974
359.0584,188.9823,45.3895,48.5679
356.4788,189.9341,45.9435,48.0094
355.0373,190.2273,46.6505,47.6958
353.3791,190.6052,47.3720,47.4080
351.1827,191.3872,47.8469,47.4925
350.4489,192.0836,48.0310,47.7411
349.2554,191.7644,48.3592,47.3305
347.9687,192.0504,48.7370,47.0441
346.2449,192.1891,49.0019,46.7831
344.4849,192.7229,49.0705,46.9417
342.7263,193.2144,49.3475,47.2473
341.0110,193.5440,49.4683,47.3756
339.7622,192.5194,49.7333,47.7703
338.9084,193.2663,49.8513,48.2391
335.9553,194.3673,51.1095,48.3463
334.7119,195.0877,52.2101,48.4706
333.8227,194.9452,52.6136,49.0159
330.6232,194.7195,54.0179,48.2581
329.1733,196.0836,54.8871,48.7161
327.6472,195.7619,55.3751,49.0230
325.4601,194.7933,55.9183,49.6968
323.7715,194.4691,56.6120,49.9549
321.9101,194.0452,57.0672,50.4554
321.8146,195.7375,56.5707,51.1380
319.2024,195.5228,56.9524,51.2924
318.4477,196.6969,56.8079,51.3579
317.2655,197.0155,56.8024,51.1001
315.2377,196.8279,56.5879,51.2231
314.3317,197.1788,57.0761,51.5699
312.7335,197.8337,57.3063,51.4099
308.7719,196.4614,58.9566,51.3485
308.0642,197.4182,59.9857,51.2290
304.9503,196.9636,61.1590,51.1684
302.0902,196.3091,62.2190,51.1646
301.9094,196.7632,62.6613,51.6040
299.8746,196.4787,62.5274,52.0670
296.8653,196.4615,62.9239,52.4006
296.1760,196.3101,63.0206,52.4837
293.7169,196.6259,63.5369,52.4597
292.5587,197.0037,63.9360,52.3925
289.9501,198.5448,64.2419,52.5540
289.3134,198.3458,64.6366,52.7327
286.6925,197.9865,65.0872,52.8378
285.4416,198.4610,65.8394,53.1425
280.7161,198.9140,67.0212,52.8622
282.6320,197.9232,66.8252,53.3195
279.3592,195.4912,66.9566,54.6953
278.0540,195.9019,67.5268,54.4549
272.6244,193.2438,68.0295,54.9914
272.2666,194.8286,69.0529,55.4619
273.8422,195.5004,68.6415,55.6352
273.1151,196.7536,68.0919,55.3343
270.8198,196.6304,68.5893,55.8644
269.1945,198.3270,68.7323,55.5722
265.3026,197.5434,69.9833,55.2333
263.1683,198.8396,71.0519,55.1681
260.1733,199.5352,71.6890,55.1177
252.0688,197.3621,73.6952,56.2637
253.2323,198.0169,74.0666,57.2133
251.3772,198.0989,73.7673,58.3858
249.6747,196.4970,73.1422,59.0465
248.4592,196.5934,72.0722,59.4426
245.3443,196.4596,72.0166,59.7655
244.3430,196.9243,71.7557,59.6610
239.8813,197.3043,72.5383,59.9449
238.7336,196.7551,72.8090,60.1069
237.0792,197.0056,73.1208,59.9334
234.1819,197.9072,73.6899,59.5710
231.5301,197.8056,74.5680,59.5804
229.2261,197.8600,74.5352,59.5749
227.8034,196.0090,74.5757,60.4396
226.4492,196.6356,73.6069,61.5388
223.0901,194.6321,73.7657,60.9667
223.2796,193.4774,72.8233,60.3953
221.3712,196.4245,72.1129,60.9979
218.9238,198.5032,72.5688,61.1508
219.3887,197.0020,72.6694,61.3613
219.1985,198.4411,72.8169,60.7882
217.0854,199.0313,74.2055,60.3014
212.7165,199.6775,76.5164,60.2560
209.5818,199.8168,78.8180,59.7415
207.2933,199.9314,80.7124,59.4662
205.1070,199.8938,81.8932,59.0302
203.8607,200.8219,83.4489,59.2303
199.1514,199.3275,84.5456,59.3581
199.1858,200.2018,84.3972,59.1785
191.9858,200.0068,85.0004,58.8220
195.9396,200.6767,82.5269,59.2623
191.3530,200.0008,82.2030,59.1052
189.4152,198.4454,80.6140,59.9185
184.0457,199.3111,80.5266,60.4516
176.3028,201.1183,82.7324,60.9905
173.1019,201.4479,84.4290,60.9530
170.1458,201.9696,85.7146,61.6377
171.3145,202.5835,85.7827,61.9644
161.3355,204.1611,85.0493,62.5980
156.6166,204.8743,85.0191,62.7284
155.8868,205.0293,84.7912,62.7704
150.6167,206.9755,84.9793,62.8565
146.2014,206.7441,85.3068,63.2067
147.1928,208.2814,84.1672,63.4727
141.8109,209.3281,85.3473,63.2588
140.6249,209.5442,86.5625,63.1450
133.5680,208.2866,87.5833,63.1412
133.3445,207.9662,89.0125,62.7364
131.0633,207.9750,89.7892,62.6104
130.7001,208.1229,90.0257,63.0042
125.9624,207.6084,92.3575,63.1435
121.9836,207.2292,93.9744,63.8000
116.6987,207.2396,96.2646,64.2485
112.4615,206.8870,96.9219,64.3666
110.8850,206.4185,98.6146,62.9513
109.4216,207.8679,99.3008,62.7884
103.7524,209.5635,99.7791,63.1592
98.3216,211.4606,99.6876,62.5610
98.3164,209.3502,97.9669,64.0216
95.3247,208.9711,98.2336,64.6918
94.6668,207.8531,97.0729,65.7536
88.1299,206.7850,96.7767,66.4257
86.1468,205.6765,96.3233,65.7170
84.8773,205.4203,96.5750,65.7766
82.7880,206.0510,97.0980,65.4879
80.5824,205.7830,98.5013,64.8870
80.1729,206.1674,98.7214,64.7000
77.8188,207.0365,98.6559,64.1197
77.0479,207.1543,98.8438,63.9613
73.2630,207.3340,99.5740,64.2273
66.7646,207.6724,102.7389,63.7773
62.1904,208.5709,103.8093,63.3408
62.0154,208.7364,104.2626,62.9461
60.1168,209.8194,105.1994,63.4540
65.0172,208.2675,104.3449,64.2418
59.1025,208.4732,103.6494,64.1708
52.7906,208.6570,103.4026,64.0807
56.1605,208.4485,100.2510,65.3199
53.3086,206.9122,99.6687,64.8294
51.2765,208.5030,99.3518,64.8119
47.4676,209.1385,100.0139,64.3048
44.1067,209.3815,100.8672,64.6883
44.0106,210.8363,101.0682,66.2555
34.8146,210.7356,102.8518,66.5843
34.2514,209.1209,104.1319,67.4801
33.4457,209.6460,103.4582,68.8178
28.3598,207.6937,103.4592,70.7226
24.8833,206.7650,103.6734,71.3782
23.8543,206.4415,103.3983,72.1899
21.8083,205.9925,103.5416,71.7895
17.2198,207.1661,103.7859,72.0734
14.7799,206.0415,103.4088,71.5228
13.9308,208.0948,103.1155,70.6553
12.8157,208.8443,103.3358,70.3751
10.2786,209.7460,104.2974,70.1649
7.5638,210.8306,103.9666,70.6583
4.8757,209.7921,103.9201,70.5976
4.3152,209.5194,102.0646,70.5155
