1
387.0327,473.1172,62.0747,62.8956
393.7281,467.1778,64.4281,62.9663
401.4482,460.1890,67.0434,62.9006
401.1477,460.1782,69.6904,62.9222
395.5816,460.2712,72.4719,62.7361
386.1298,461.2630,74.3524,62.8806
378.1562,466.7262,75.1847,62.7504
367.9079,475.9048,76.1514,61.7531
368.6859,495.6972,74.5955,65.5436
377.0367,504.1696,73.3341,66.2450
385.8625,506.0702,73.2617,64.6411
397.0666,497.4220,74.7305,64.5724
392.8269,502.1095,74.4407,63.9667
2
0
0
0
0
1
915.8165,387.0534,77.6186,42.9112
972.8058,380.8472,81.9747,42.1754
1032.6342,373.9832,83.8981,42.3945
1092.1310,363.6034,88.4996,41.5739
1140.9191,356.4864,89.6487,41.7044
1195.2699,345.4334,90.7729,41.4384
1245.5403,334.8816,90.4619,40.0415
1295.6880,328.1898,90.9897,39.3096
1343.0017,320.1211,90.8887,39.3575
1383.2906,310.9701,88.7238,39.5642
1420.8542,302.7733,86.9622,40.0951
1459.5404,292.7225,86.2863,38.5642
1495.6721,285.8548,83.4995,38.7904
1492.0787,289.0179,85.0061,38.1442
1493.0106,293.8411,88.8542,36.1136
1511.0894,294.0447,87.3230,35.7064
1494.6233,303.4916,91.8398,33.8619
1538.4448,299.9942,96.6541,33.1518
1552.6835,311.9845,91.9618,34.9385
1566.0022,327.3370,86.7451,39.2856
1578.0667,330.7727,82.1087,44.1097
1587.5487,327.5602,78.8647,48.5696
1595.8503,320.8629,76.2098,52.0012
1598.3760,312.5885,73.1685,54.4794
1601.6152,306.2747,72.7046,55.0783
1601.6385,298.3754,72.6579,54.8166
1600.3176,290.9259,73.2972,53.6951
1599.8578,284.3306,74.2169,52.9285
1600.5797,278.3360,76.7636,50.9507
1598.7312,272.8593,80.4606,47.8974
1593.4421,266.4232,85.0235,44.7293
1592.2837,260.6374,89.3589,42.1708
1591.0033,253.6574,89.8821,41.8667
1591.1687,246.4779,89.5513,41.9454
1590.4404,237.9643,86.9344,42.6797
1587.6166,230.2854,84.5373,43.9591
1582.5748,223.3994,82.6318,45.7420
1577.9668,221.1153,79.8440,46.3089
1573.6646,214.6294,76.6342,47.4665
1567.8563,212.5940,74.6652,49.5965
1561.7983,208.4913,73.1527,51.9613
1557.1442,202.7121,72.6451,53.7036
1556.8555,197.3897,73.2225,54.4275
1550.5397,197.0503,73.8253,55.1063
1545.0088,197.1698,74.7617,54.8674
1545.8840,197.5468,75.0466,54.1134
1539.3788,199.2251,75.8932,52.7842
1530.8807,202.0211,78.7616,51.2285
1513.5831,203.2092,78.7521,50.8880
1489.5948,205.6780,80.0443,52.0395
1449.9174,204.8262,78.7342,53.7433
1392.7711,213.3171,80.8710,53.3770
1334.1877,224.8797,82.3712,53.3851
1280.0116,234.8821,82.3138,52.5115
1226.7612,248.1489,83.3034,51.3006
1175.7472,259.6373,82.2003,51.4756
1130.4219,274.5889,80.8389,50.8490
1079.8934,283.1733,82.9995,50.1629
1031.9851,292.2144,83.0882,50.8102
983.8846,304.5935,82.9991,51.1710
935.2556,319.7986,83.7492,52.2309
891.6440,332.8079,83.7657,53.8632
841.7308,348.6412,84.4825,54.5148
795.4761,363.2608,85.5923,55.7422
745.9594,380.8989,87.2408,55.8788
700.6067,399.8421,88.3348,56.0772
656.0930,418.2924,89.2233,57.5962
610.2109,436.4214,91.3393,58.1169
566.3508,453.6327,92.5144,58.7802
520.7938,472.4232,93.6544,59.0830
473.2756,495.0469,95.4861,59.2428
435.4547,518.0834,93.6911,61.5680
426.1374,515.1644,92.8703,60.1102
412.8932,520.6622,90.6151,63.4864
407.4607,521.7117,86.9759,68.6396
407.5643,529.6219,84.3224,72.3901
405.1832,539.7808,81.6863,74.2675
405.3519,548.6218,78.8936,76.2276
400.5570,554.9711,76.2695,78.1856
397.1396,555.2988,73.3750,79.9625
390.4213,555.2900,72.3265,79.9801
379.5133,556.9102,74.9603,79.1375
370.1694,556.8429,76.6624,79.2721
367.7622,552.6332,76.5658,80.3248
376.5497,543.8483,76.2846,80.6009
387.0476,539.2416,77.5223,79.9326
398.7737,538.6696,78.8655,78.5970
400.5948,529.5729,82.6623,76.9528
399.3782,520.9017,87.6088,74.1892
403.4250,525.4175,89.6985,72.7951
403.2439,529.5403,90.0606,72.2159
398.1244,528.4742,92.6447,71.7966
399.9457,527.1282,94.1709,71.9042
395.3825,525.8414,98.0783,71.8682
388.1054,523.0334,101.9591,72.1475
379.6884,521.8557,105.1343,71.7713
377.2030,520.4373,107.3316,71.8345
376.6076,517.0823,108.5224,72.9291
370.9617,514.9470,108.4393,74.3561
373.0814,516.6703,109.9321,73.7755
371.1710,518.9296,110.8740,72.1360
381.7653,521.1545,109.7465,70.5519
380.5797,520.8778,106.4725,71.1054
386.1132,520.6198,100.9708,74.4041
390.5140,517.0190,94.9230,78.8518
400.0015,516.6824,89.6164,82.2587
403.6022,501.2995,87.8272,83.2576
410.2375,491.1909,88.0266,81.9228
421.3631,487.5021,89.8588,78.5965
439.8944,477.0161,92.5665,75.7065
490.8925,449.2008,93.7894,73.1110
561.2382,430.2436,97.3797,69.0525
641.4258,413.6353,101.5273,65.7085
715.2373,404.6823,103.1582,62.6665
795.4908,395.4288,105.9392,60.4385
864.8612,387.8019,104.7606,57.5238
933.8634,379.0519,105.8210,54.7962
1003.7098,370.0177,105.9764,52.8862
1072.5540,361.1774,106.4177,50.8340
1140.3130,353.5074,109.8327,49.1122
1206.7854,345.6956,107.1078,47.5367
1271.3008,339.4480,104.7338,45.6935
1333.9489,327.3069,102.5498,44.4240
1395.6675,318.9207,99.3614,43.0457
1445.4735,310.6591,98.6754,41.9820
1502.7488,295.1033,96.9455,42.7189
1560.2250,283.5716,94.1881,44.2063
1591.6923,286.3030,93.4183,43.0307
1595.6659,281.4664,89.6947,44.2565
1595.6914,272.6400,85.4860,47.3570
1598.0903,275.0969,84.8288,46.5839
1619.8749,279.8038,88.3513,45.3600
1645.5208,274.7000,91.0953,45.1760
1644.2327,277.9194,93.6717,45.0832
1641.3383,284.7135,97.3091,44.4032
1637.4672,287.0335,100.6663,44.1481
1630.5183,293.6405,103.3805,44.3543
1626.0613,286.8965,103.1761,46.4442
1622.7377,282.5787,102.8827,48.1392
1617.1990,277.3863,102.2657,49.1686
2
0
0
0
0
1
1546.2666,241.9372,59.4436,30.9182
1547.8322,232.9729,60.5280,33.3899
1550.3384,226.9156,61.3697,36.7235
1548.2861,226.9851,62.4090,39.6495
1545.9211,226.7409,63.9446,41.7351
1528.4819,241.8170,62.4122,44.6836
1524.7118,243.9821,59.8680,47.0765
1520.9700,250.0207,58.9458,48.4484
1516.4043,254.1263,57.9419,48.6833
1507.7271,260.8718,58.5209,48.6128
1496.1666,268.7072,61.4177,48.1100
1467.8339,273.9340,66.4333,46.2649
1482.5798,300.4472,70.5268,42.7327
2
0
0
0
0
1
1071.3059,353.3763,80.4015,48.6353
1022.9493,366.4864,82.3334,48.6311
976.6466,375.0013,82.9009,47.9634
929.6315,385.3330,82.9801,47.7243
885.5447,395.9129,83.4539,46.9597
845.5515,405.4610,84.1317,46.1655
804.6766,414.4142,84.6802,46.5294
757.3682,425.8853,87.3016,46.0750
716.8497,434.3199,87.4067,45.8072
672.8507,444.7364,88.3752,45.6955
633.6460,452.8603,89.6606,46.1232
598.3534,461.0593,88.4831,46.6105
557.8017,468.1280,89.7198,47.1854
518.7791,476.9443,91.0916,46.5913
483.6169,485.4888,90.8049,46.6202
445.9689,493.8410,91.3398,47.0040
413.8946,499.8618,93.1243,45.7148
383.8028,501.3539,92.9864,44.8852
353.2136,502.2558,94.3032,45.2191
323.8663,507.6811,94.5982,45.1833
304.4099,499.1852,94.5118,47.0087
304.5121,497.8942,94.3075,49.5908
295.1571,493.8567,95.1087,50.9499
286.9981,493.8009,97.7844,51.0616
275.5027,495.1882,99.9403,50.6018
267.2253,494.9805,100.1243,51.0173
265.3681,500.1371,99.1416,52.4469
264.5800,506.2968,96.0005,56.6386
241.9011,512.4033,96.0678,58.7279
239.3916,511.9538,96.2469,59.6269
239.4125,513.8655,98.6430,58.2413
248.7701,515.8784,101.9781,59.1155
251.8506,515.7067,103.3603,61.9733
273.0301,536.5671,97.1662,66.7501
276.7870,552.7440,92.2227,72.9498
285.7909,564.4815,89.7950,78.0385
292.7705,575.9446,89.0430,78.8850
300.2281,580.6306,89.9877,77.4431
314.3482,581.3775,90.7308,75.9493
329.5236,578.2930,91.8477,74.2513
356.3556,566.2758,95.6491,74.7774
407.3736,547.2893,98.0880,75.2464
489.7954,531.0416,104.8403,72.3332
562.8719,523.5150,105.9407,67.9377
634.7417,515.8437,106.4589,64.2275
705.1491,510.9371,107.0124,60.7040
776.2504,504.6366,108.6849,57.6096
846.9443,504.5205,109.6230,55.2541
916.6238,497.9230,108.5558,53.0832
984.0389,498.6811,106.6357,51.5671
1047.3186,491.3288,102.7442,51.5515
1113.2656,489.2567,100.2442,50.9033
1174.9791,491.2262,98.9317,49.3127
1236.0697,483.8810,98.7370,47.8918
1291.8448,482.2731,96.3456,46.5592
1348.9823,483.0799,95.0899,44.9456
1399.4220,478.6201,94.0142,43.0169
1451.5377,476.7196,91.5564,42.5774
1502.5153,473.0609,91.3663,41.5874
1555.0072,487.3616,97.4466,43.8373
1567.5394,485.6504,96.4121,47.2597
1564.2887,488.9910,96.2259,49.4952
1575.4906,491.5494,91.9431,51.1738
