1
757.2106,243.9878,151.0537,90.5727
752.7751,247.4049,152.3744,87.5137
753.2217,250.1940,151.4810,85.6787
759.6471,252.6312,149.7264,84.5028
761.0379,255.1125,150.5976,83.1931
762.6538,255.3215,151.0090,82.7750
762.0402,255.6925,152.2363,82.0329
765.1725,255.8757,153.2668,81.6667
771.6681,255.5677,154.9019,82.2825
767.4667,255.2565,155.9222,82.9051
777.7562,255.1681,157.6445,83.0819
779.3510,255.0661,158.2001,83.2857
779.2115,253.4344,158.4790,82.7923
781.2313,253.1548,158.1920,83.3515
781.0038,251.3468,158.6470,83.2095
784.7305,249.5784,158.7180,82.9842
787.6304,249.2786,156.6773,83.5838
792.3945,246.9485,154.6284,84.5044
796.8552,244.9513,153.1575,84.7736
795.3741,244.7558,152.4116,85.1647
799.5290,239.0150,151.5092,85.5350
799.9526,239.1275,150.6620,85.3102
799.7792,237.9065,151.0086,84.0719
800.5073,237.9908,149.5526,83.9033
805.2466,235.8254,147.3538,84.5941
809.0444,234.1306,146.9964,84.3645
810.0205,234.2644,145.0443,84.0969
812.9872,233.7662,142.6873,85.0933
816.0347,232.7866,140.1506,87.0526
819.2175,231.4383,137.3386,89.7492
825.8079,229.1750,134.8272,94.2757
828.4951,227.3020,133.0467,98.0218
831.0135,225.5652,131.6383,101.4954
833.7912,223.7565,129.7465,105.1127
836.0463,223.0561,128.9299,106.5135
836.2977,223.4170,128.4270,105.7918
836.4959,223.9604,128.0306,104.7049
836.6152,224.6661,127.7920,103.2936
837.0817,225.5612,126.8591,101.5032
839.6351,224.5157,125.3429,100.0037
842.9443,225.0734,122.2678,98.8881
845.8572,222.4457,119.9199,97.1878
846.9928,223.1499,117.6486,95.7794
849.6951,222.3879,115.6006,93.9468
850.2832,222.9649,114.4245,92.7928
852.3815,222.5370,110.2279,93.6486
854.4373,222.4209,106.1162,93.8807
856.1537,222.2878,102.6834,94.1469
845.9718,247.8820,101.3546,92.5420
840.2523,272.2143,106.6883,86.6151
838.9042,272.0532,109.3843,83.8973
836.6539,281.8019,113.8848,79.5858
833.3248,283.3213,117.5084,76.5471
2
0
0
0
0
1
891.9062,203.5170,76.0235,87.3061
893.7220,201.4734,72.3918,91.3934
895.1329,199.5316,69.5701,95.2769
895.8539,198.2771,68.1281,97.7859
896.6966,198.0479,66.4427,100.8467
897.2145,196.5613,65.4067,101.1994
897.8103,199.5432,64.2153,103.0611
898.6705,202.6340,62.4950,104.7290
899.2684,203.2297,61.2990,106.1500
901.0004,200.5646,60.4483,106.2536
901.2430,203.4966,59.9630,105.5903
901.4645,203.3463,59.5201,105.8909
901.6946,202.1352,59.0598,105.7338
901.9151,202.3726,58.6189,105.2591
902.0883,204.3631,58.2726,103.8327
901.9771,204.3174,58.4949,101.3965
901.5878,203.2895,59.2736,98.4619
901.3030,203.3851,59.8430,95.8060
901.0397,204.5473,60.3697,93.4815
900.9562,206.4751,60.5367,92.0348
900.7607,206.8617,60.9278,91.2614
898.7790,206.0823,62.5064,90.4355
898.1066,205.0958,63.8512,90.0100
897.7573,203.7528,64.5497,90.2818
897.6049,203.3898,64.8546,91.0079
897.5406,202.9554,64.9831,91.8767
897.3549,203.6755,65.3546,92.8976
897.5334,203.3954,64.9975,93.4578
897.7615,202.0869,64.5414,93.5894
897.9031,200.4915,64.2581,94.3005
897.9874,200.2684,64.0895,94.7467
898.0139,199.9879,64.0365,95.3077
897.5453,200.4363,64.9737,94.4110
897.3127,201.8740,65.4390,94.0349
897.0556,202.0408,65.9531,93.7012
896.7779,202.0332,66.5086,93.7165
896.5112,201.9031,67.0419,93.9767
894.9148,204.1475,67.7079,94.5414
894.7292,203.9059,68.0790,95.0248
894.5488,200.7336,68.4398,96.2498
894.4962,197.5757,68.5451,97.3969
894.3420,197.1613,68.8535,98.2257
894.2145,196.1807,69.1085,97.5661
893.7866,196.4051,69.9643,97.1171
893.8247,198.9149,69.8880,97.3426
893.9058,200.2619,69.7259,97.2733
893.8207,201.9282,69.8962,96.5615
893.9643,201.2449,69.6089,95.3154
894.1598,201.0553,69.2180,95.6945
894.2184,202.2271,69.1007,95.9394
894.3275,202.2971,68.8825,95.7996
894.1722,202.4133,69.1932,95.5670
894.2317,202.5011,69.0741,95.3915
894.0209,202.3995,69.4958,95.5947
893.9603,202.0794,69.6169,96.2349
893.6351,203.4399,70.2674,96.1173
893.4786,206.2204,70.5803,95.7809
893.3228,207.2915,70.8919,96.2511
893.2613,208.6533,71.0149,96.1522
893.2056,209.9267,71.1263,96.2303
892.9609,210.0798,71.6157,95.9241
894.5009,211.1405,71.1673,96.4342
893.0251,212.4343,71.4870,96.4786
893.0792,211.8256,71.3787,97.6960
893.1496,211.0517,71.2379,99.2438
893.1873,210.3453,71.1626,100.6566
893.2147,210.0057,71.1078,101.3357
891.7853,205.6100,71.2613,102.0116
889.7343,205.1935,72.6454,102.8447
888.6740,205.3184,74.7661,102.5949
886.1174,205.6516,77.0947,101.9283
884.0147,205.6452,78.4876,101.9412
883.4408,207.4790,79.6355,101.1089
881.3126,207.7647,81.0504,100.5375
882.2737,207.7281,81.9838,100.6108
880.4938,207.8798,82.6719,100.3074
880.2191,207.7210,83.2212,100.6250
883.3542,207.3236,82.7349,101.4198
882.1364,206.8347,82.2743,102.3975
882.3127,206.5876,81.9215,102.8918
882.4454,204.9073,81.6563,103.3465
882.3492,204.8174,81.8486,103.5263
882.4750,204.9160,81.5970,103.3292
882.5244,204.8291,81.4982,103.5031
882.4338,203.3920,81.6794,103.4689
882.6909,203.6456,81.1653,102.9617
882.6406,205.0994,81.2658,102.9487
880.5750,205.3913,82.5011,102.3649
883.5946,204.6746,82.2759,103.7983
881.3409,203.3107,83.8579,103.6008
880.7293,203.1158,85.0812,103.9906
882.2068,203.8578,85.0999,105.4803
880.2213,203.4963,86.0740,106.2034
878.3770,202.9719,86.7388,107.2522
877.7546,201.3298,87.9837,107.4856
877.3214,199.3805,88.8501,108.3097
875.0976,200.3247,90.1964,109.5224
874.6412,199.7233,91.1093,110.7254
875.8231,200.8901,91.9202,111.5664
872.0655,200.1835,93.0339,112.9796
869.7049,201.2589,94.5145,114.0693
868.9994,200.6005,95.9256,115.3861
866.6321,200.0361,97.3360,116.5149
863.8501,199.4963,99.5356,117.5945
860.7391,197.5121,102.3412,118.1465
858.1280,197.4478,104.0935,118.2751
854.0303,195.3658,105.2885,118.9389
852.6758,197.4069,107.9975,118.3864
851.6072,199.5236,110.1349,117.7171
846.7851,202.8661,112.6035,114.6198
839.7385,206.6590,115.9619,110.6123
837.8749,211.6919,119.6892,107.6821
834.1965,216.4130,123.4665,105.3989
832.7097,218.7957,126.4401,104.2348
829.9135,219.0990,128.4040,103.6281
829.0701,219.3741,130.0907,103.0780
828.2379,219.5998,131.7552,102.6265
827.8133,219.6662,132.6044,102.4938
827.8890,222.8073,132.4531,103.6011
827.7172,222.6994,132.7966,103.8168
827.5249,222.6807,133.1813,103.8542
826.8971,221.3994,134.4368,102.6911
821.9647,222.1238,136.8499,101.2423
818.0190,222.2768,137.2633,100.9363
819.8612,222.2979,137.3190,100.8941
808.5837,224.5216,141.1719,100.1872
813.7444,224.4173,142.2122,100.3957
839.3561,222.7044,132.8590,103.8216
838.6686,222.0109,126.7937,105.2086
839.1884,221.5166,122.1043,106.1972
847.1624,221.0847,116.9357,107.0609
849.0135,221.0678,113.2336,107.0948
848.0582,221.2650,111.6747,106.7003
851.6199,221.3013,111.4289,106.6278
850.1896,221.9418,110.8556,105.3467
850.7207,222.2501,109.7935,104.7302
850.4055,222.9780,110.4240,103.2743
850.1788,223.5820,110.8772,102.0663
848.8124,222.9841,113.6100,99.9095
847.8491,222.0471,115.5367,98.4227
844.6126,224.3093,118.6429,97.2650
840.4906,223.8723,123.4909,94.7430
836.5736,226.5687,127.8956,92.7796
830.5673,227.4561,132.9799,91.0046
827.0069,228.3567,136.5889,89.2035
825.5972,229.0388,139.4084,87.8394
826.6363,229.5182,140.8858,86.8805
823.8423,229.8439,142.9122,86.2291
820.6506,229.9954,145.7146,85.9262
817.5321,229.9510,148.3344,86.0150
813.7001,230.2424,152.3405,85.4322
807.7108,230.4603,156.9047,84.9963
800.0284,232.8117,160.9680,84.0607
799.7516,233.0754,165.3325,83.5333
796.2018,233.2090,168.5664,83.2660
792.4178,233.2717,172.2257,83.1406
795.5947,233.1650,173.7916,83.3540
792.5737,234.9775,175.8473,83.7155
792.0310,236.4548,176.9326,84.7835
788.9821,238.5477,178.9733,84.6550
785.1600,238.5645,182.5329,84.6213
789.6752,240.3984,185.9103,85.0894
779.4407,242.9512,189.6064,84.1771
778.9816,244.9843,190.5246,84.3418
776.5026,244.7329,191.2354,84.8446
771.8423,244.7851,192.0235,84.7401
771.5322,244.6339,188.3678,85.0427
766.0416,238.3751,186.6646,84.8759
772.8331,240.7667,185.6832,84.2932
779.1365,245.4185,185.6041,83.3415
774.6306,244.0467,186.2998,81.9269
784.0921,243.8238,183.9500,82.3727
772.9916,235.8024,185.5657,81.9472
767.6966,248.9258,187.8895,80.4986
762.1451,247.2069,190.7104,79.7953
719.5865,226.6450,196.6079,79.2246
748.7816,236.9056,197.6388,79.9251
718.6805,231.6814,198.0373,81.8301
757.0378,236.9554,198.9267,84.2162
748.8781,231.7753,202.1465,85.8433
759.0609,218.9410,203.9902,89.3027
753.9208,217.2830,205.2111,92.6187
707.3761,209.2413,201.5812,94.8851
753.4944,215.0338,205.7880,97.0778
752.0748,238.9942,203.9352,100.7700
752.7161,227.9668,202.6527,103.9078
755.0625,236.4997,202.7245,105.9008
2
0
0
0
0
1
426.0753,197.7966,123.5153,95.8225
426.0466,200.9653,127.0198,92.9325
422.9516,201.9452,129.7565,90.9727
423.6444,202.6588,131.8334,89.5455
424.4688,203.0535,133.6550,88.7560
420.2759,203.2396,135.0715,88.3838
422.8294,203.0090,136.9640,88.8451
420.3438,203.0931,138.3994,88.6768
419.9546,203.3740,139.1779,88.1150
415.8859,205.2848,140.2017,87.8502
420.4876,207.0774,141.7012,87.8327
421.9845,208.9950,142.2971,87.5872
418.4533,209.0486,142.1704,87.4800
416.1872,209.7603,143.1119,86.0567
406.6508,212.1456,144.2802,84.8668
398.2649,212.9722,146.7394,83.2136
399.6675,217.5643,147.5208,81.2027
399.2521,219.6423,151.9155,80.6105
399.5720,219.8835,154.8942,80.1282
399.8484,223.5765,157.9955,80.0501
404.4708,220.0402,159.8451,79.7264
407.3620,218.3243,161.5021,79.4385
406.9818,218.0586,162.2625,79.9700
404.1503,217.9160,164.1663,80.2552
399.6884,215.3453,165.5060,81.6045
395.2495,214.4834,166.7139,83.3284
393.0411,212.1620,167.2480,84.0885
394.3932,211.6528,168.4474,85.1069
392.9271,212.9945,167.4408,86.3623
393.0078,210.9256,167.2794,86.5546
394.4273,208.9072,164.4404,86.6447
392.7063,208.6989,160.0697,87.0614
396.0584,208.8225,157.2146,86.8141
395.5309,209.0964,154.4669,86.2664
394.4379,214.1407,152.8999,87.4362
393.5393,211.2034,150.9477,89.5613
394.6052,210.1442,148.8159,91.6797
395.1077,209.3098,147.8109,93.3484
395.4785,209.5474,147.0694,92.8733
396.1938,211.1638,145.6386,93.3951
395.5436,211.6972,143.1972,92.3283
394.5308,214.0159,141.5355,91.3782
395.1306,216.0274,140.3360,91.0017
393.9178,217.6870,139.1392,91.3049
389.6526,223.5978,136.8411,93.9211
389.0476,223.0291,134.4328,95.0585
390.3120,222.6911,131.9041,95.7344
389.3019,223.8007,130.3508,97.0889
384.6916,228.4754,128.8550,98.4558
385.2189,224.2437,127.8005,99.7758
385.9322,221.5715,126.3739,101.5432
385.7782,222.5329,126.6818,99.6204
383.6128,223.1982,127.4552,98.2897
383.4798,223.8995,127.7211,96.8871
380.5771,224.3258,126.4690,96.0347
381.2965,225.9692,125.0301,96.2435
379.7852,228.1027,124.5755,95.4537
379.6126,228.3618,124.9208,94.9357
377.5508,230.3767,125.5901,94.3601
377.3617,230.5364,125.9684,94.0406
375.7167,231.2655,125.8027,92.5824
375.4493,231.7413,126.3374,91.6309
375.7138,230.0206,125.8085,91.6505
374.5293,229.7080,124.7636,92.2758
374.8629,229.3456,124.0963,93.0006
372.9073,229.7047,124.5976,92.2824
372.5228,228.3586,125.3664,91.5686
370.8626,227.8231,125.2810,92.6397
371.2126,227.4388,124.5809,93.4082
371.5032,227.1383,123.9998,94.0093
371.8386,230.7087,123.3290,97.1437
371.8389,226.7349,123.3283,98.1594
371.9213,226.2433,123.1636,99.1428
372.0582,224.9301,122.8897,101.7691
372.2770,222.2907,122.4521,103.5139
373.6696,220.0171,126.7778,100.9503
369.3154,226.6641,131.9056,98.3978
369.1582,223.9134,135.8372,96.6649
365.0397,226.5755,140.4258,94.9890
359.7018,224.7340,143.7215,94.9821
355.6732,228.1917,144.2999,95.5456
353.2118,227.8849,145.4652,96.1592
350.7301,226.2929,146.6432,95.5580
350.5252,228.0510,147.0530,95.8346
350.3360,227.9765,147.4315,95.9836
348.3122,224.8358,147.6673,94.6413
348.0887,225.5985,148.1143,93.1160
349.4354,225.7338,145.4209,92.8454
351.2523,224.7343,145.5163,91.1150
351.0938,223.8170,145.8333,89.2479
355.1840,224.2277,145.0033,88.4264
353.7451,222.9966,144.2320,87.2398
353.3470,218.2785,145.0282,85.8234
352.6978,219.1862,146.3266,84.0079
352.6025,219.5180,146.5173,83.3444
344.2536,221.8152,148.8730,82.3355
345.7586,221.9866,149.4661,81.9928
341.1071,222.0983,151.5570,81.7693
341.8806,222.1333,153.6431,81.6992
335.2060,222.1074,156.0044,81.7511
334.9073,220.0578,156.6018,82.1521
333.3637,219.5280,155.9751,83.2117
334.9393,216.0603,156.5468,82.7013
328.4167,214.5251,158.4242,82.0491
329.4287,214.7120,160.1392,81.6753
332.2664,212.8915,161.9792,81.5586
333.4450,212.6600,163.4045,82.0217
331.3406,212.8494,163.8018,81.6429
327.3469,218.4682,164.1677,81.8376
321.1359,218.2095,165.1313,82.3549
328.5326,217.2866,161.8656,84.2007
323.4749,217.9679,164.3280,82.8382
320.6354,222.1010,166.1677,82.2502
318.2995,222.3978,166.9838,81.6565
314.0762,224.3529,167.7153,81.6039
307.0912,227.6187,166.2160,82.8069
303.5300,228.7782,165.6059,84.3542
300.0156,228.6917,164.8668,84.5271
294.7934,229.8839,163.6827,86.0190
291.5522,230.0319,162.3960,85.7229
287.4450,229.7504,159.0289,86.2860
283.4089,230.5961,155.6397,88.4150
283.9344,229.0756,154.5885,87.6493
281.2578,229.4573,152.3855,86.8859
284.9142,229.2467,148.8053,87.3071
276.8286,227.4624,146.5434,87.1891
275.7193,222.2260,145.1109,86.7087
272.6283,219.8259,147.6712,84.2657
271.8156,222.3878,149.2968,82.7602
270.0676,222.8244,149.1760,81.8869
261.7438,212.4664,147.8235,81.0028
266.1223,218.0415,146.1963,80.5475
267.6694,213.7966,146.6354,78.4379
270.9772,222.2861,143.5234,78.9766
262.1482,218.0895,147.3138,76.9692
265.1287,222.1940,148.3294,75.7369
257.0079,219.4552,150.6430,74.2504
261.4628,221.8084,152.2038,73.0342
262.6388,224.1371,153.3436,71.8687
253.4184,226.1409,154.3437,71.3493
245.7863,227.1129,152.1398,72.8989
247.5077,228.5500,152.1855,73.5131
244.0420,228.5237,152.1171,73.5658
243.4899,229.1901,149.7214,75.7328
246.4725,228.7149,147.2586,76.6833
241.2506,249.5421,140.2894,83.7850
237.9496,253.1161,132.8893,90.6394
241.3288,248.3081,126.1308,96.7509
242.5936,245.7744,120.0989,101.8184
237.0959,245.2844,113.6353,106.2902
243.3814,245.3809,107.9900,109.5601
252.2219,244.0074,104.0130,112.3070
250.5242,243.2011,100.5963,113.9196
246.8109,242.3989,97.8933,115.5240
250.7848,242.5837,96.6615,115.1544
250.3441,244.1488,94.2103,115.3567
253.2790,243.5969,91.6367,116.4604
253.9829,243.2249,90.2289,117.2046
253.0416,244.7905,88.8517,117.3331
256.2708,243.3225,88.8718,117.0298
253.6255,243.5314,87.6924,116.6119
251.8537,243.0675,84.8174,117.5399
252.6238,244.9967,83.2773,116.8578
253.2553,245.1821,82.0143,116.4869
252.2416,245.5741,80.9275,115.7029
251.3565,246.1104,79.6132,114.6304
252.1097,247.9974,78.1068,113.9028
252.7954,248.2518,76.7355,113.3940
254.6040,250.0593,76.0984,112.7592
256.3323,250.1480,75.6020,112.5818
258.3440,250.0800,74.5277,112.7179
257.3889,250.1670,73.5046,112.5438
259.3906,250.1267,72.4149,112.6245
258.4116,250.3079,71.4761,112.2621
255.5402,247.5566,71.4676,112.0133
249.5997,247.9593,71.8616,111.2081
252.5145,249.3502,71.7646,111.2925
251.2505,250.7971,71.4267,111.2646
252.5255,250.9319,71.7365,110.9950
259.4716,251.1967,72.1494,110.4653
258.1626,252.9299,71.9074,109.8589
253.9604,254.3983,71.7712,109.7690
256.7660,254.5266,71.8466,109.5124
256.7862,253.0361,71.8062,109.6528
256.5731,253.0275,72.2323,109.6700
256.5092,252.8548,72.3601,110.0153
256.3421,252.7911,72.6943,110.1428
256.0850,252.5935,73.2086,110.5380
252.9447,252.3281,73.7319,111.0688
253.6791,252.5218,75.1584,110.6814
253.0484,252.7502,76.4198,110.2245
254.1201,252.8780,77.2036,109.9690
251.7942,252.7049,75.9827,110.3151
252.1605,252.6581,75.2501,110.4087
253.8306,252.7538,74.8205,110.2174
252.8716,252.7879,73.8380,110.1491
253.3227,252.8573,72.9358,110.0104
253.6593,252.8536,72.2627,110.0178
252.4290,252.9344,71.8681,109.8562
258.1236,253.3477,71.8633,109.0296
260.8477,255.1855,72.0825,108.1876
257.8888,254.1170,72.3509,107.4999
257.6552,255.7122,72.8181,107.1282
256.3315,255.7715,72.6447,107.0097
250.8632,252.8005,72.3164,107.3193
256.4788,254.2423,72.3469,107.2511
257.7079,252.8041,72.7036,107.3127
256.1921,252.9100,72.9134,107.1007
2
0
0
0
0
1
78.8383,238.2825,155.0450,97.8100
77.8195,238.2929,153.1263,97.7891
76.3600,238.4103,152.1179,97.5543
74.8095,238.4001,151.3107,97.5747
74.8678,238.8409,151.1940,96.6931
74.9855,239.2900,150.9588,95.7949
72.7763,239.4809,151.5155,95.4132
71.5809,240.0804,153.9064,94.2141
70.1275,240.9280,156.8130,92.5189
65.7532,241.3877,161.6681,91.5995
61.7327,241.7158,165.7590,90.9434
57.6375,241.7167,169.9499,90.9416
51.0470,242.2650,175.0085,89.8451
45.4738,242.7041,177.9217,88.9668
39.8181,243.2334,180.9447,87.9082
36.2908,243.5056,183.8292,87.3638
33.0017,243.4674,186.2048,87.4402
28.0258,241.6558,187.6793,86.8248
23.3874,241.6550,188.4574,86.8263
27.0441,241.4919,189.6654,87.1525
22.1970,239.1469,190.7916,87.5586
17.8752,238.6842,190.8204,88.4839
20.0002,235.9047,190.8944,89.7190
27.2449,235.0660,189.4452,91.3964
25.4693,234.4364,188.6417,92.6556
23.3258,231.8119,188.5637,93.5395
23.2342,231.2342,188.7468,94.6950
21.2755,230.5383,188.2625,96.0867
19.3228,229.7955,187.7492,97.5725
19.3227,229.0119,187.7494,99.1396
21.5877,228.4441,187.6832,100.2753
21.5963,227.9051,187.6658,101.3532
21.4772,227.9176,187.9041,101.3281
21.5777,227.8536,187.7031,101.4561
21.7394,227.7400,187.3798,101.6834
22.4539,227.5287,185.9507,102.1061
27.8705,227.2229,184.0935,102.7175
30.6772,227.0536,182.9511,103.0563
28.5332,227.0350,182.7792,103.0933
27.9950,227.3776,183.8556,102.4081
24.9111,228.1025,185.5611,100.9583
32.1161,228.5539,184.5392,100.0557
24.4534,229.0168,186.5682,99.1298
19.6063,229.2522,187.3700,98.6590
18.7692,229.4887,189.0441,98.1860
22.8789,231.8610,189.7575,97.9078
20.5210,232.0789,190.0013,97.4720
18.6156,231.8268,189.3440,97.9763
21.5344,231.3295,187.9735,98.9708
26.7224,230.7330,186.5257,100.1638
27.9292,229.6506,184.1122,102.3287
31.7311,228.8651,180.9729,103.8997
33.4150,228.4327,177.6052,104.7645
35.1570,228.2182,174.1213,105.1933
36.2633,227.7745,171.9086,106.0809
37.0713,227.6462,170.2927,106.3374
37.5764,227.5401,169.2824,106.5496
37.6275,227.5114,169.1803,106.6071
37.6713,227.5385,169.0927,106.5528
37.5460,227.4934,169.3432,106.6430
39.6889,227.6709,169.3756,106.2880
39.4602,227.8118,169.8330,106.0062
37.5720,227.7014,169.2946,106.2271
35.8436,227.3539,168.4409,106.9219
37.9957,227.5756,168.4461,106.4785
38.2010,227.3576,168.0355,106.9146
38.5115,227.2411,167.4145,107.1477
36.6128,224.6217,166.9142,108.0886
37.0462,224.9077,166.0473,107.5167
37.2621,224.9137,165.6156,107.5047
37.0725,224.8294,165.9949,107.6734
36.7492,224.6705,166.6414,107.9911
38.7273,224.1643,166.9853,109.0034
40.9359,223.9537,166.8905,109.4248
39.0934,223.3551,166.2476,110.6218
39.3833,222.7076,165.6678,111.9170
39.7039,221.9524,165.0266,113.4273
40.0566,219.1148,164.3211,114.7363
38.1930,218.6084,163.6711,115.7491
38.1450,217.9019,163.7672,117.1619
38.1615,216.8003,163.7342,119.3652
37.8925,215.9027,164.2722,121.1605
37.7885,215.1643,164.4801,122.6373
35.2953,211.8597,164.9570,124.7369
34.7922,211.2175,165.9632,126.0214
31.7337,210.7382,167.4929,126.9799
33.9060,210.2924,167.7745,127.8715
33.2960,209.8555,168.9946,128.7454
32.7150,206.7467,170.1567,130.2848
29.9065,205.8860,171.0526,132.0063
29.5481,205.5126,171.7694,132.7530
29.4872,205.2127,171.8912,133.3529
32.9951,209.8280,169.6728,128.9196
36.6665,214.6969,167.0214,123.8732
40.8909,219.4725,163.1409,118.8903
45.1157,223.6950,159.1190,114.8731
47.3336,227.2120,154.6833,112.1398
51.8416,228.2599,149.8558,110.0439
53.4950,229.1817,146.5491,108.2004
54.6703,229.9568,144.1985,106.6501
56.0084,230.6307,141.5223,105.3025
59.6976,231.0605,138.0205,104.4428
62.7252,231.3774,135.7744,103.8090
63.8236,231.8341,133.5775,102.8956
63.0073,231.8763,131.4940,102.8112
62.5175,231.7988,128.7906,102.9662
62.1690,230.0390,125.8436,102.8418
62.0044,228.0896,122.5760,103.1438
63.2801,228.2765,120.0246,102.7700
64.4552,228.3453,117.6744,102.6325
65.4429,228.5892,115.6991,102.1446
66.5128,228.7908,113.5592,101.7415
67.4748,228.5924,111.6352,102.1382
69.5484,226.8945,110.8537,102.1683
71.1172,226.7526,111.0701,102.4521
71.8241,226.5337,113.0181,102.8900
76.6462,226.4158,116.9708,103.1256
74.7968,228.0208,120.6695,103.3802
73.0824,229.3301,124.0984,104.2872
71.5781,229.2656,127.1070,104.4163
70.5812,227.6787,129.1007,103.9483
69.5515,227.8551,131.1601,103.5954
68.8343,227.8524,132.5945,103.6010
67.9468,228.2475,134.3695,102.8106
65.3694,228.6242,135.7974,102.0574
62.6662,229.0213,137.4677,101.2631
61.3728,229.5314,140.0544,100.2429
62.0024,230.0101,142.5664,99.2855
60.8539,232.1019,144.8634,98.8953
59.4198,232.2382,147.7315,98.6228
58.5483,232.5802,149.4747,97.9388
60.1387,232.5408,150.1688,98.0175
61.3832,232.8315,151.5666,97.4362
69.2174,235.3396,155.3886,96.3181
68.8230,236.1281,160.1139,94.7411
71.3892,238.5690,162.9422,93.8395
72.6512,239.0849,164.4252,92.8076
72.1423,239.8503,165.4429,91.2769
73.6863,240.0210,166.3554,90.9356
74.1054,240.5315,165.5172,89.9146
76.2784,240.7439,165.1494,89.4897
76.9138,240.6350,163.8787,89.7075
79.0260,240.7762,163.6048,89.4251
81.7455,240.9018,162.1075,89.1740
81.6208,241.0669,162.3569,88.8438
81.5953,241.2468,162.4079,88.4840
82.0285,241.3949,161.5414,88.1877
82.0055,241.5540,161.5876,87.8695
83.8274,241.7316,161.8291,87.5144
82.0405,241.8094,161.5201,87.3587
83.8728,241.9085,161.7310,87.1605
83.8674,241.8902,161.7419,87.1971
83.7891,241.9489,161.8984,87.0797
83.8659,242.0101,161.7448,86.9573
83.7825,242.0608,161.9116,86.8559
85.7381,242.1856,161.8732,86.6064
85.7590,242.4396,161.8315,86.0984
85.7367,242.3092,161.8760,86.3592
87.9611,240.9971,165.1547,85.1195
86.2665,241.1789,164.6532,84.7559
86.4185,241.3535,164.3492,84.4068
86.5094,241.5737,164.1675,83.9665
84.3851,241.7906,164.5598,83.5327
86.9799,241.7112,163.2247,83.6913
84.5448,241.8807,164.2573,83.3524
84.0712,242.1890,165.2043,82.7359
81.3950,242.6548,166.7066,81.8042
81.2857,243.0856,166.9252,80.9425
80.3507,243.7033,168.7952,79.7072
81.0843,246.1954,171.1781,78.5730
88.5937,246.4431,171.6189,78.0776
79.6453,246.7615,174.0652,77.4409
84.5488,246.6675,175.9191,77.6289
89.4813,246.6511,177.8055,77.6616
88.8846,246.4513,178.9989,78.0612
84.0922,246.1462,180.6450,78.6715
89.7372,245.9250,181.3669,79.1138
80.4741,247.6497,183.8041,79.6867
74.1343,247.0054,184.2807,80.9752
72.2315,248.1369,183.9890,82.8095
76.7288,248.2693,187.3704,82.5449
66.1311,248.5960,191.8869,81.8913
68.1621,249.0941,196.2721,80.8952
39.1934,249.7609,202.9784,79.5617
86.8583,251.8861,203.1734,79.6533
101.7839,251.2158,199.4010,80.9938
99.7138,251.0884,199.2251,81.2486
103.4327,251.0764,200.4235,81.2727
103.1549,251.1270,200.9791,81.1714
101.9009,251.2346,203.4871,80.9563
101.2774,251.1506,204.7341,81.1243
100.7489,250.9886,205.7912,81.4482
97.7206,250.4695,207.4315,82.4865
97.2925,252.5804,208.2876,82.7230
31.9075,254.6516,213.7599,83.0555
31.0846,254.7321,219.9651,82.8946
33.8797,254.7081,223.6665,82.9425
34.5005,254.6024,227.1245,83.1540
34.8620,252.5430,231.1544,82.5197
35.7457,252.5578,234.1861,82.4902
37.3852,252.2652,235.7491,83.0755
39.5782,249.7146,236.2379,83.3018
44.9440,249.2625,235.2779,84.2059
47.0187,248.9098,236.0172,84.9115
77.2776,248.2115,234.4427,86.3080
49.3160,248.0805,236.3046,86.5700
48.3248,247.9719,238.2868,86.7872
49.6781,247.7173,240.5587,87.2964
57.6248,247.0509,239.7254,88.6292
72.7866,244.0529,239.5950,89.5930
57.2108,243.5737,240.4605,90.5513
67.2841,243.2037,240.6233,91.2914
57.0833,242.9037,240.6528,91.8914
66.6871,242.6080,241.8621,92.4827
55.4417,239.9627,243.8240,92.6412
75.7768,239.7118,244.4597,93.1430
76.1602,239.5486,243.6928,93.4693
72.4815,237.3299,245.8740,92.7306
76.9684,237.2191,247.2887,92.9522
62.2156,236.9554,250.7017,93.4795
60.2953,236.2530,249.2654,94.8844
53.7630,235.8484,246.4853,95.6936
60.2709,235.8500,243.9820,95.6904
81.3839,235.5435,238.2971,96.3034
83.9868,235.3708,233.0914,96.6488
88.8858,235.1140,228.3737,97.1624
99.5682,234.8027,222.0729,97.7849
104.5318,234.4996,217.0870,98.3912
108.9408,234.1821,213.1485,99.0261
115.6196,234.0353,209.4575,99.3197
117.7403,233.7565,205.2160,99.8774
122.2757,233.6583,200.8777,100.0738
126.3150,233.4590,197.4716,100.4723
130.2217,233.3698,194.2876,100.6508
133.3190,233.3060,192.6788,100.7784
135.9840,233.1051,191.9132,101.1802
139.1468,232.7696,190.1476,101.8512
140.8224,232.9420,191.3419,101.5063
142.4733,233.0244,192.5975,101.3417
142.7141,233.3217,196.6887,100.7471
142.6148,233.3600,201.5099,100.6703
141.0143,231.4203,204.7109,99.8577
141.4916,231.8946,208.4812,98.9090
147.1947,232.4095,211.3648,97.8793
148.9387,230.7166,217.4514,96.4777
149.3124,230.9369,221.5551,96.0373
146.6996,230.8970,226.7807,96.1169
146.4219,231.0401,232.3159,95.8309
149.4840,231.1843,236.3011,95.5425
153.4043,231.2001,238.6745,95.5108
146.6828,231.0742,241.8364,95.7625
159.6806,230.8179,241.7937,96.2752
164.4113,230.4520,242.7306,97.0071
186.8345,229.5716,244.9156,98.7679
195.2419,228.5017,243.9666,100.9076
229.4096,226.7076,239.3870,104.4959
239.9349,225.1984,234.2673,107.5142
248.1886,220.5829,228.3379,111.4562
245.5749,217.3838,228.2940,112.5831
244.1265,216.6661,225.9007,114.0184
253.0617,215.8509,223.8705,115.6489
248.0178,216.0536,223.4013,115.2434
236.4549,216.8529,225.4690,113.6448
230.3673,217.6054,227.1097,112.1399
234.6203,218.6004,229.1340,110.1498
228.6671,219.1482,230.5200,109.0543
238.6149,219.9762,231.6700,107.3983
230.2392,220.5533,232.6737,106.2441
242.2801,221.0300,234.8101,105.2906
252.0828,221.3663,236.2363,104.6181
246.9116,221.4779,236.0451,104.3948
256.6899,221.8768,237.5288,103.5970
239.6144,221.8035,240.0746,103.7436
230.0001,221.4613,243.3824,104.4280
240.4398,218.6245,243.9708,104.7348
237.2055,217.9740,245.0585,106.0358
248.0604,217.8512,245.0270,106.2813
243.0439,217.6429,244.2130,106.6980
235.3677,217.1968,243.3084,107.5901
232.5513,217.4075,243.5194,107.1688
244.2186,217.1071,241.8540,107.7694
236.8552,217.0417,240.3698,107.9002
251.0854,217.0928,238.8316,107.7980
249.4757,216.9999,236.6907,107.9840
250.5306,216.5557,234.5809,108.8723
244.7563,216.1476,235.4948,109.6886
253.9189,215.8623,233.2045,110.2590
251.6392,215.2696,232.4423,111.4446
263.9857,214.4635,229.0735,113.0567
259.3983,214.3133,227.6287,113.3571
257.4763,213.5954,226.1787,114.7929
254.9763,213.0809,225.8812,115.8219
252.1506,212.4436,226.2216,117.0965
258.0484,212.0757,225.1018,117.8324
252.3352,212.0481,225.8601,117.8875
260.1916,211.6722,226.1858,118.6393
251.4949,211.4549,227.4874,119.0740
259.4249,211.2435,227.7989,119.4966
254.3013,211.1336,227.2415,119.7165
254.2847,210.7720,227.2746,120.4398
248.0837,210.5281,228.8551,120.9274
244.5599,210.7347,230.4602,120.5143
243.7764,211.2749,232.0273,119.4340
257.3688,211.3538,232.1592,119.2761
248.8042,211.1818,232.9007,119.6200
248.3946,210.8049,233.7200,120.3738
256.7211,210.1777,233.5801,121.6283
248.0717,209.5009,234.3071,122.9818
245.7056,209.2267,233.4813,123.5303
260.7231,208.3735,231.2224,125.2367
248.5542,208.3016,233.3554,125.3805
252.2944,207.6344,231.4601,126.7150
249.2534,204.8783,231.9622,126.6471
246.2064,205.0378,232.4699,126.3282
254.9739,204.8886,231.6997,126.6266
252.4637,204.6111,231.1380,127.1815
249.5731,204.5346,231.3362,127.3345
245.6246,205.2381,233.6444,125.9277
257.2694,205.1548,232.7495,126.0941
254.1025,205.2910,233.4951,125.8217
245.0033,205.4018,234.9093,125.6001
244.5499,205.7652,235.8163,124.8735
253.3155,205.6442,235.1227,125.1153
250.9424,205.6732,234.2625,125.0573
251.5501,205.4832,233.0471,125.4373
249.3994,205.2865,231.7670,125.8307
249.6425,205.2899,231.2807,125.8239
246.5348,205.5242,231.9342,125.3553
248.8083,208.5917,232.9509,124.7841
238.7359,209.1983,236.3891,123.5707
246.1746,206.8101,238.3075,122.7486
237.3448,206.9147,239.1292,122.5393
239.1035,204.2417,241.2327,122.2643
231.9393,204.0465,244.2668,122.6548
245.7724,203.7852,245.0926,123.1774
244.3614,201.3484,247.9145,122.3313
238.3941,203.9184,248.3568,122.9376
236.9803,204.2540,251.1844,122.2664
250.7730,204.5443,252.5633,121.6857
238.4046,207.4301,254.0885,121.7172
226.8674,206.7332,253.8602,123.1108
225.0049,203.9246,257.5852,122.8815
214.6987,203.7599,260.5067,123.2109
233.2598,203.0345,259.0562,124.6617
234.0300,198.6999,257.5160,127.3814
235.6025,194.4295,254.3708,129.9481
237.2349,189.9596,251.1061,132.9155
245.0338,188.2702,247.4594,136.2942
246.5096,186.7508,244.5078,139.3330
254.5068,185.3498,240.4889,142.1350
255.4953,184.1415,238.5119,144.5517
256.6269,183.2311,236.2486,146.3725
257.7143,182.4478,234.0739,147.9391
258.4402,181.8425,232.6221,149.1498
256.0031,180.8294,231.5201,151.1759
256.8877,179.7196,229.7509,153.3955
258.5966,178.5563,226.3332,155.7222
255.7705,177.7775,225.9944,157.2796
252.8076,177.3159,225.9088,158.2029
253.6070,173.8194,224.3098,159.1703
257.2938,174.0527,222.9536,158.7037
253.6122,174.3270,224.3277,158.1553
257.0544,174.9978,223.4441,156.8136
256.7291,174.9854,224.0947,156.8385
256.1533,175.0577,225.2463,156.6938
252.9544,174.7999,225.6536,157.2093
256.4126,174.5348,224.7424,157.7397
256.4053,174.4692,224.7570,157.8708
253.1997,174.5925,225.1656,157.6243
252.9329,174.7091,225.6992,157.3910
256.1813,174.6373,225.2113,157.5347
256.9632,174.5500,223.6476,157.7092
260.5776,174.1588,222.4018,158.4915
257.5129,176.9029,222.5541,158.9805
257.0216,176.7035,223.5367,159.3793
256.6898,176.3532,224.2002,160.0800
256.4272,176.0435,224.7255,160.6994
253.5136,175.7242,224.5039,161.3380
254.2082,175.6002,223.1148,161.5860
257.8337,175.3937,221.9026,161.9989
254.1709,178.4077,223.2010,161.9982
250.5939,178.9893,224.3080,160.8350
253.6698,179.0587,224.2008,160.6962
253.7791,176.4803,223.9823,159.8124
256.9238,176.4529,223.7156,159.8671
256.9707,176.2702,223.6218,160.2325
257.0046,176.1033,223.5542,160.5663
253.4571,176.2899,224.6203,160.1932
253.4306,176.0630,224.6733,160.6469
256.3382,176.2600,224.9051,160.2530
253.2783,176.6104,224.9810,159.5521
253.4707,176.8616,224.5961,159.0496
254.0588,176.7077,223.4198,159.3575
257.5523,176.5603,222.4397,159.6524
254.9425,176.7882,221.6625,159.1966
257.6820,176.9922,222.1611,158.7885
254.5156,177.4051,222.5155,157.9628
254.0620,177.6080,223.4227,157.5568
253.3030,177.8922,224.9406,156.9884
252.8148,177.7943,225.9170,157.1844
255.5389,177.4258,226.4776,157.9214
253.1742,177.5532,225.1775,157.6665
252.9346,177.2309,225.6568,158.3111
253.3308,176.9401,224.8644,158.8927
253.4819,176.6279,224.5621,159.5171
252.8764,176.2923,225.7733,160.1882
253.2043,175.8235,225.1174,161.1260
252.3196,175.6582,226.8868,161.4566
248.8859,178.5676,227.6602,161.7317
245.5865,178.7645,228.1491,161.3379
244.4662,178.5044,230.3895,161.8581
247.5074,178.7332,230.4607,161.4005
247.4331,179.3782,230.6093,160.1104
248.1471,179.4702,229.1813,159.9265
252.0759,179.6159,227.4271,159.6351
252.6500,179.4582,226.2788,159.9503
253.7615,179.9277,224.0559,159.0114
253.4754,179.8284,224.6280,159.2101
256.6171,179.8410,224.3673,159.1849
252.8610,179.8975,225.8611,159.0718
252.8165,179.7724,225.9502,159.3219
252.6900,180.1147,226.2033,158.6374
252.9178,180.1452,225.7477,158.5764
259.2458,180.6037,225.1500,157.6595
258.7956,181.9838,226.0504,154.8992
261.0734,183.6593,227.4678,151.5482
260.3940,187.5467,228.8265,149.7123
259.9283,188.7777,229.7581,147.2503
265.2637,190.0188,230.8901,144.7679
261.2618,191.4618,233.0170,141.8820
261.2315,192.3583,233.0776,140.0890
264.4907,193.2225,232.3901,138.3605
264.6614,193.6856,232.0488,137.4344
265.1389,193.8177,231.0938,137.1702
264.9465,194.0181,231.4785,136.7695
265.0843,194.3757,231.2029,136.0542
265.0460,194.8407,231.2796,135.1242
267.8985,195.1930,231.2948,134.4195
270.2261,196.2470,232.3482,132.3116
268.6650,200.5215,235.4704,129.4510
269.9064,205.0045,238.6733,126.1707
274.4640,206.3096,240.9119,123.5607
279.0388,207.4617,243.0921,121.2563
275.6239,208.4399,244.2649,119.2999
274.6418,209.5487,246.2290,117.0825
271.1505,210.1940,247.5813,115.7918
270.4275,210.9592,249.0273,114.2614
266.5958,211.6997,251.0690,112.7804
268.9854,211.9333,251.9151,112.3132
287.0408,208.4702,249.5818,113.6098
284.7735,211.4528,248.4979,113.2630
279.2330,211.4682,248.3857,113.2323
276.7660,211.2972,247.7251,113.5742
280.1515,214.0696,246.5452,113.6203
283.1652,214.0317,246.0922,113.6961
285.6377,216.8015,246.7163,113.7258
291.2361,217.1649,246.6773,112.9990
293.7472,217.4660,247.2205,112.3968
298.9472,217.8445,247.9463,111.6397
298.9377,218.1568,247.9652,111.0152
317.3175,215.4770,250.0517,110.8253
313.2336,215.5286,252.6433,110.7221
315.2595,215.4914,254.2036,110.7965
314.3926,215.4879,255.9373,110.8036
326.3673,215.4656,254.6329,110.8481
333.9077,215.5177,250.8384,110.7439
338.6783,215.4606,246.8836,110.8581
342.2672,210.2533,245.2367,110.2108
346.2956,210.3963,242.6756,109.9247
350.3316,208.0098,240.0571,109.2442
353.3008,208.4408,239.5222,108.3823
358.8927,208.5550,239.0997,108.1539
356.1737,208.7224,239.1673,107.8191
356.5963,208.7109,238.3221,107.8421
357.6831,208.6952,236.1484,107.8736
362.4534,213.4133,231.9305,109.0826
367.3512,215.1761,227.4174,110.8395
379.7506,213.9125,223.6073,113.3667
389.6025,215.0989,219.6091,116.2291
399.1861,216.5286,216.1192,118.5954
420.7424,228.7772,209.5108,120.1726
440.8591,230.7715,205.2851,121.3279
449.6743,219.9930,202.9573,122.4815
455.4692,187.5259,201.5389,126.3874
458.1925,186.7109,201.2224,128.0174
458.3440,179.1249,200.9196,127.7311
526.0384,190.8534,199.2596,129.9913
572.1295,214.3194,194.7344,134.6221
552.5999,197.9836,192.4729,136.3033
561.5253,201.6066,190.0982,139.3746
577.2834,210.8923,189.6208,141.4957
582.2294,213.0609,190.1300,142.3594
583.9238,212.9329,191.9637,142.6153
585.1360,215.6581,194.7941,142.4195
586.9643,217.8356,196.4318,143.3589
596.9486,220.1198,197.8020,144.1252
596.3397,216.9486,199.0198,145.0996
597.4258,223.9043,196.8475,147.3957
554.4195,200.5877,196.3458,150.7718
540.5573,191.7436,196.7970,152.0960
592.0170,221.0145,198.0564,153.8682
620.9058,231.6091,195.5906,154.8038
611.8744,215.1189,197.1275,154.7322
605.2789,217.9924,199.2563,154.5163
596.2462,217.4998,200.6417,155.5015
591.8311,211.5972,203.8745,156.1121
594.2013,212.3203,210.4473,154.6659
588.2974,212.1918,216.5220,154.9228
567.7874,206.2093,222.5659,155.2292
553.8302,202.4737,226.7767,156.7746
592.6263,215.3694,233.3942,155.0431
574.8729,212.4420,238.4713,154.8118
535.5431,193.6791,243.2314,155.3878
536.1583,195.1213,242.0009,158.7428
539.7908,196.9647,241.0127,161.3327
537.0078,196.0439,240.2737,163.1742
540.2275,198.1300,240.1587,165.3265
543.6723,200.3626,239.6275,167.2196
543.6749,196.5390,239.6222,168.4853
537.9207,195.3352,238.3259,170.8929
538.1722,194.9205,237.8228,171.7221
537.4662,194.7416,239.2347,172.0800
537.7390,194.0209,238.6893,173.5214
537.6514,193.5387,238.8645,174.4858
538.0638,192.9266,238.0396,175.7101
538.2820,192.4074,237.6032,176.7484
538.9590,191.4809,236.2491,178.6014
539.9399,190.7739,234.2873,180.0154
539.9438,190.6547,234.2795,180.2538
540.1547,190.4183,233.8579,180.7267
540.6047,190.1782,232.9577,181.2068
540.8267,189.5192,232.5139,182.5247
