1
333.1733,113.5237,78.4515,13.6223
320.8876,115.4336,82.7434,12.9987
311.1684,116.5684,84.7869,12.6546
302.5487,117.1194,84.9658,13.0762
295.2343,116.6155,84.0930,13.7801
289.4917,115.7812,83.0659,14.7102
287.6965,114.5666,81.4428,17.7569
285.4355,107.8150,74.6557,23.9660
282.6577,102.2270,68.4907,30.1012
275.7786,94.0073,62.4888,37.7135
272.3715,83.8594,56.0378,46.1691
272.5289,72.4136,49.2337,54.9461
272.5954,62.4515,43.3400,63.2534
272.3605,53.3775,38.8876,69.7319
276.1704,46.4367,35.4953,75.8313
276.3513,33.5980,31.9667,80.2390
275.7995,25.8438,28.7355,83.9596
276.7394,18.4818,26.2000,86.9371
276.9885,17.3753,25.2027,88.7208
277.3065,17.6706,24.7497,90.8915
277.2880,15.9876,24.3437,92.7506
279.3019,13.1210,23.6738,93.8616
282.7291,11.6165,25.3845,91.4328
282.6448,12.6679,29.0456,88.0801
279.8745,10.8760,34.5177,84.0327
279.8878,8.9644,41.0688,78.4804
278.2517,10.3589,47.0451,73.2509
274.7563,12.3724,51.8479,69.2380
268.1932,13.6569,55.1960,67.1781
266.7971,13.0855,56.2596,65.1049
275.7301,13.1124,52.3837,67.5655
284.8253,15.3331,48.2351,72.7332
287.8139,16.8883,47.2858,77.5093
284.7569,14.3224,49.9750,78.4840
281.7191,13.7318,53.3365,77.6068
278.9840,14.7518,55.9437,77.4562
275.3224,22.0929,59.4394,75.7058
269.7253,27.7626,60.5664,72.3103
267.4704,25.8758,62.2235,66.1061
267.9350,32.1455,64.1812,61.6155
265.1294,37.5675,64.3145,60.8581
260.7025,40.7286,62.0532,63.4642
256.5275,43.4358,58.9672,67.5767
252.4203,46.6750,56.5764,71.4775
249.0227,51.6430,55.1231,74.3048
245.8510,56.4026,54.2895,76.1368
243.3040,61.9460,53.8616,77.5081
241.0055,64.4554,53.5990,79.0587
237.7942,69.2443,53.3681,80.4682
235.5373,73.5622,53.1978,81.6328
232.8027,77.4707,53.3554,82.5065
229.3396,78.1198,53.6166,81.8057
225.1286,75.9544,54.3704,80.8938
221.8192,83.4970,57.1395,75.5534
223.4013,89.7192,60.3592,70.4706
225.4691,98.0503,63.4795,64.6663
225.2849,108.6589,66.6020,59.2599
222.7577,119.5955,70.1847,55.8998
221.6148,127.7188,66.3444,57.5914
219.9471,127.8642,61.2739,63.2915
216.5719,128.1007,54.1345,70.9385
213.7074,129.9959,47.5042,78.3599
211.2214,136.3172,43.4405,83.2586
208.7900,142.5961,41.7623,85.3779
212.5037,148.1350,39.0551,87.4812
214.2190,151.5342,37.3952,88.1538
213.3731,150.8825,36.9961,88.0306
212.8363,153.6708,37.9695,87.8577
213.2856,157.9431,39.8231,86.1603
217.7875,161.8452,39.0829,86.1720
221.1363,168.3008,36.5264,89.8420
223.3057,176.1518,34.0558,92.5007
223.6251,188.5924,32.5977,93.8116
225.1399,194.9739,31.7095,92.9765
226.4955,203.7251,31.1804,91.7853
228.7684,210.7388,30.7859,90.7629
230.8128,220.0536,31.0636,89.1374
233.9003,226.6156,32.1750,87.2972
236.5879,233.4308,34.5479,85.5762
238.1303,238.1576,37.4119,84.8525
238.7096,244.3544,39.9781,84.1214
239.9259,250.9509,41.3683,84.2429
240.7245,255.5649,41.6377,84.5364
241.5755,259.8669,41.0745,84.8494
243.9655,265.5912,39.8768,84.8760
247.9514,267.8034,37.9283,86.4420
251.9394,272.1505,35.1705,88.6297
255.2883,276.5905,32.7902,90.6864
257.7960,281.0256,31.3717,91.4681
260.3995,286.5785,30.6341,91.3566
261.8334,291.2701,29.7063,91.7441
263.3127,293.9496,28.3818,93.5871
264.0093,297.6927,27.2891,94.4010
262.5167,303.6713,28.1213,92.1176
262.6024,312.0898,28.9519,90.8491
263.3735,317.6085,29.0277,92.4086
263.3057,323.7389,29.4458,94.0610
261.5941,332.3647,29.9307,94.5088
258.0319,340.0961,30.4819,93.0591
255.3930,347.4592,31.8232,92.7565
253.5163,356.5128,33.7602,92.2321
250.4205,365.1044,35.0549,91.4207
248.8994,371.8087,35.1262,91.0964
247.4499,377.2926,34.1344,92.0945
242.4118,382.1488,33.4852,92.5299
243.2833,384.9013,32.8426,92.1317
243.4141,387.8343,32.1523,91.7556
242.5004,390.6037,31.4531,91.2646
242.0591,392.1307,30.5285,91.3518
241.9572,393.9478,29.7353,91.5781
241.5559,397.5464,29.1853,91.2115
240.2265,401.2279,28.9583,90.1745
239.5213,404.4949,28.7192,89.2325
238.9307,406.8847,28.5121,88.5886
238.7778,409.3246,28.1350,88.1354
240.8292,409.6304,27.2052,90.1994
242.7218,418.0245,27.1546,91.2283
242.7405,424.4056,26.4109,91.5845
242.1085,434.4819,25.6246,93.3072
242.8387,444.6157,25.6222,91.9036
244.3936,454.7465,27.2415,89.0178
246.3278,461.5757,29.3920,88.7867
246.7466,468.7721,31.9147,88.8174
248.2774,474.9743,34.2029,88.0265
248.8206,480.7273,34.8054,88.8871
249.3851,484.8825,33.9415,89.6080
251.8919,489.3647,32.2606,91.2462
254.6972,491.3722,31.2673,92.2137
256.3860,496.7586,30.0024,93.3531
258.1619,502.1555,29.4112,93.4573
259.1386,506.7910,28.8837,92.6917
258.7918,511.6283,28.6067,91.6283
257.9853,517.8837,28.4066,90.7284
257.2535,522.4371,28.4011,89.5997
256.6957,526.9741,28.2476,89.1196
255.2335,531.1337,28.3908,88.3890
254.1164,535.1608,28.5094,87.7908
255.6471,537.5688,27.6097,88.5986
257.0146,547.9418,27.5822,89.1528
255.3672,555.3867,27.8446,89.7436
256.6607,566.9150,28.6501,89.0540
262.0164,574.9752,36.4935,79.9709
265.7774,584.3536,44.8580,72.2216
283.1937,575.4471,52.6507,67.1118
290.6348,566.1634,60.0237,61.6808
307.9770,555.1487,65.9388,58.5949
327.0939,543.5648,69.2164,57.5337
339.2607,533.5204,72.3217,55.9323
351.3897,524.3181,74.5497,54.8229
360.8010,516.7220,76.3081,54.6423
370.0545,508.9826,78.3888,54.6906
378.7267,501.5794,80.1995,54.6549
392.6974,498.4370,82.1609,52.3481
409.0629,495.6145,81.1967,50.5785
416.1624,491.9475,80.6627,49.1241
430.0166,490.3048,78.4245,51.8735
441.6056,491.1554,74.3899,56.8045
443.8462,497.2073,69.9478,60.6937
454.2418,498.1632,63.9569,64.8359
467.1682,496.5345,55.3738,70.3314
473.7908,497.3427,47.7274,75.4861
473.7935,500.2694,43.1327,79.4709
479.1573,501.0531,38.9957,83.7841
481.0194,508.7746,37.3097,86.2895
479.6794,514.0757,37.9291,85.8757
478.1057,518.3992,38.2514,85.9487
476.5603,523.3492,38.1594,86.2514
474.4418,526.7125,37.7772,87.1524
477.7086,536.4025,37.3144,85.3765
476.0859,542.2662,38.2173,84.6330
476.2818,554.2663,40.9125,83.7954
478.9113,565.5948,43.1759,83.4451
483.7425,575.0561,44.8720,83.9704
488.2635,583.6947,46.3400,84.8998
492.4000,591.9694,48.0223,84.2291
497.4153,600.1988,49.0803,82.7801
504.7007,607.0612,55.2595,75.1015
500.3213,611.8079,57.3179,69.9400
508.0644,605.5847,52.0499,75.4649
523.4175,590.5504,45.9390,82.4648
527.0416,565.9147,44.5856,85.5003
538.2581,543.7850,41.0034,89.0648
550.4879,526.0173,37.7426,91.3300
554.4737,509.9695,37.1646,92.1024
567.3424,501.6364,40.4788,87.0151
574.2573,489.9373,45.5993,80.2123
578.5160,490.4796,53.1000,72.4396
597.8278,495.8521,57.8066,70.2725
611.6382,511.3042,62.2950,67.5054
624.8796,522.9158,65.4354,66.3324
641.1190,532.3901,65.8734,66.8508
652.2055,541.9573,67.5798,67.0906
663.9899,552.0500,69.2722,66.9255
674.3293,560.9227,70.8996,66.4898
684.7775,568.7169,71.8269,66.5419
691.9370,576.9219,73.7549,66.7562
700.1309,584.4732,75.2881,66.8255
707.6972,591.8027,76.4872,66.7509
715.5615,597.9774,77.0559,66.7782
721.0161,603.4298,77.6772,67.0365
728.0946,606.7391,78.4458,65.0160
737.3144,605.8618,77.8200,61.7634
739.3181,619.7891,79.0732,54.9266
742.2623,627.0004,81.4531,48.6531
749.1042,628.3488,81.5712,45.6399
755.9402,627.7698,80.2488,46.9430
763.8948,625.7087,78.8719,48.9616
769.8317,621.8109,78.9194,50.1756
773.3466,616.7202,79.2584,50.5242
776.0810,611.5414,80.3688,49.7440
779.2105,609.0278,81.8004,49.0685
785.6918,607.0355,81.8130,48.7211
795.5124,610.2415,81.9230,48.2245
805.5819,605.8178,85.3007,41.2354
811.9396,607.6051,89.5720,34.7822
823.3844,610.6340,92.8190,29.5480
830.2430,614.0659,95.9807,25.6352
838.7527,616.7900,97.2575,22.9229
846.8167,618.8533,96.8634,21.3964
854.1807,618.8923,96.3903,21.2963
864.1860,618.3279,93.4789,22.8770
873.8738,618.4739,90.7397,24.8354
884.8221,617.4379,88.9379,24.9234
892.5447,615.6287,89.9611,23.5726
903.2736,613.4724,88.2462,24.4055
912.3828,611.2955,86.7758,26.0126
920.8826,608.7619,86.0248,27.2297
929.9599,606.4577,85.0945,27.3332
936.0801,604.0732,84.7590,27.5186
942.4921,602.8438,84.3570,28.0642
947.9908,600.9612,83.9996,28.5014
953.6108,599.7312,83.7136,28.9566
962.1828,601.7800,82.8930,28.2373
971.2131,601.4827,84.2868,26.0875
975.4884,600.5844,87.6536,24.1520
984.5751,601.3199,89.0376,23.5468
992.2304,603.2148,89.0784,23.8799
999.5193,605.4273,88.0839,25.1292
1009.3541,607.1951,87.1760,26.7170
1018.3597,607.6083,86.6265,27.7534
1025.0513,609.8434,86.9426,27.3080
1030.0071,613.2500,87.4445,25.8903
1033.0880,614.9583,87.8487,24.7140
1044.0300,615.9886,86.2620,25.0574
1051.6871,614.0988,85.5858,27.2200
1062.4778,610.9381,85.1809,30.3576
1070.9803,609.7835,84.8792,32.4702
1084.4751,605.5821,83.0934,33.7952
1084.3584,604.0891,85.2600,33.1297
1077.7114,604.3572,88.1051,33.4474
1069.6572,602.2789,93.2632,33.2005
1045.2064,596.7529,93.5476,33.4669
2
0
0
0
0
1
1208.2151,662.8276,20.3081,55.4318
1212.5292,678.1310,20.4640,57.5797
1217.3232,693.9831,21.4216,58.2693
1221.3478,707.2583,22.3378,58.9544
1216.9567,701.2708,21.6942,58.6614
1216.3198,700.5823,21.7158,58.6366
2
0
0
0
0
1
1420.7609,637.8615,32.2326,37.5076
1430.7297,623.7653,32.4791,35.9144
1449.4761,602.2618,33.4524,33.7556
1469.1583,585.3149,33.5175,32.5029
1485.1915,569.4538,33.2349,31.8507
1504.7437,552.0728,32.0014,32.2292
2
0
0
0
0
1
1494.0831,411.2159,31.8895,37.1545
1489.5623,401.8354,30.6025,38.4057
1486.0691,392.4643,28.5841,40.3114
1481.7725,384.7146,27.8380,40.7703
1473.2722,372.3625,28.4263,40.2065
1469.1128,365.5567,29.4171,38.6793
1462.3018,355.6216,30.3489,37.3264
2
0
0
0
0
1
1160.0516,354.4929,88.4787,12.8432
1131.4341,354.7882,96.1134,12.0816
1108.7046,354.9771,100.0707,11.7424
1089.8634,355.0162,101.3526,11.7190
1070.9027,354.9150,102.9786,11.7165
1051.2371,354.5082,106.2478,12.1505
1038.0403,354.7350,106.0441,12.5353
1023.4602,354.9153,106.9972,12.6991
1009.5881,355.3098,107.3668,12.7565
997.4690,355.6262,106.9094,12.8951
985.3516,355.7513,106.7268,13.0077
973.8074,355.8311,106.1188,13.1824
963.4310,355.6820,102.5137,16.1471
959.2260,356.4191,95.4300,21.0733
955.8372,352.4017,86.8334,28.5870
961.9011,356.7625,79.3231,36.1366
971.2991,362.8264,75.5099,41.0795
978.7386,365.1339,73.9635,44.2401
986.4869,368.7920,73.9159,46.3816
993.3188,372.3512,73.9207,47.7082
992.7413,382.4023,70.8736,50.9508
1006.9195,380.8344,62.7128,57.0978
1013.9867,380.9538,55.4336,64.0152
1009.8757,377.2654,54.0033,65.2403
1008.8770,389.6176,57.7704,58.3847
993.4229,387.4760,61.8793,56.7341
969.4520,376.7229,67.0090,54.9115
950.5780,366.3869,74.2252,50.3902
919.9063,361.5705,80.1693,45.5695
901.5091,354.4911,85.7695,38.6862
876.6511,352.2757,91.0092,34.5472
852.0748,349.8155,93.0483,33.1747
833.2907,343.4751,95.7362,29.9088
812.3384,342.9179,100.1108,26.4500
796.7296,337.4084,100.2155,24.4335
783.6708,333.9854,98.9745,26.0531
773.6428,326.2537,94.7597,31.1775
760.3793,322.3456,88.9073,37.2877
745.1796,316.7820,86.6331,34.3806
730.4913,316.9323,91.5305,29.4316
703.5787,316.8480,97.1873,26.2550
684.1331,316.1031,98.7249,24.7405
667.7186,315.2689,99.4183,22.8774
650.8270,311.4975,100.5620,23.3391
634.3939,306.4525,98.9578,26.0165
621.4593,300.7837,96.1390,29.1606
610.1360,295.1250,94.9734,31.7342
597.7360,290.5102,94.9319,33.1114
584.6796,287.4592,94.5312,33.4203
574.3845,284.7538,94.2572,31.6056
563.7157,279.5547,94.0836,28.6196
552.9715,278.3652,94.1342,26.5133
542.8538,276.2074,93.7691,25.1965
533.3637,274.6274,91.7568,24.6700
525.0909,273.6147,89.1780,24.3640
517.9531,271.4229,87.3080,24.4480
509.5280,272.5848,85.1496,25.1253
491.7678,270.7874,85.6728,27.3569
458.1461,279.4617,89.4678,25.9362
426.8014,287.8339,95.1281,24.0212
402.6829,290.7126,96.8690,23.8067
380.4591,294.1298,98.7369,23.0942
358.0482,301.6196,99.0257,21.8537
340.6848,304.0727,99.2783,21.1358
319.2331,301.5626,94.6908,23.8433
312.0071,293.3884,86.7148,31.0202
299.7293,283.2846,79.1213,39.7301
286.5023,267.5834,71.1257,50.0577
282.2031,250.1434,63.3254,60.9969
279.5247,234.9487,56.7442,70.5068
275.5501,220.4638,51.8319,78.4169
271.3072,206.7914,47.5523,84.5924
267.3056,193.5202,44.2750,89.1686
263.9057,182.1215,42.2892,92.5891
262.1556,171.7426,40.6877,95.4979
259.7080,161.7300,39.9412,96.9154
256.1167,153.3102,39.8792,98.5519
252.8282,143.7936,39.2773,99.8394
254.1960,132.1926,41.1752,93.7258
250.5847,132.9194,45.0391,86.6778
248.7451,129.2561,51.9138,78.8325
252.7358,119.2127,59.5175,69.8628
257.0262,118.5383,68.5339,60.6151
266.6956,118.8400,76.3608,52.7020
274.3289,117.1503,81.9130,46.9817
280.3814,115.4033,86.5093,42.2014
286.7986,112.5551,89.6325,38.5961
294.7431,110.8685,92.3756,35.4848
303.0170,108.9947,94.1238,33.0576
309.4616,106.6700,95.1278,31.2769
315.4529,104.8300,95.8151,29.8111
322.8313,103.3601,96.0583,28.7548
327.3057,104.0710,95.8526,27.9049
341.3120,103.9721,92.2490,28.5684
350.2869,102.3961,90.3306,30.2441
363.3440,100.2177,87.1635,33.4819
377.2372,98.5643,83.9745,37.2146
386.4799,101.8873,83.2673,38.6492
393.5038,107.1853,84.2752,38.4417
399.4370,111.2399,85.7535,37.4419
407.6518,114.3889,85.9337,36.9952
414.8654,117.3167,85.5725,37.1108
422.2959,119.4080,84.7291,37.7096
428.8038,122.0692,84.4227,38.3512
