1
291.7155,154.0314,88.8791,196.0648
289.8083,150.9670,88.2862,197.7865
288.3827,147.1351,86.7155,201.0284
286.2102,146.9551,86.6194,201.3884
284.3585,152.3172,85.8783,203.9981
284.5829,148.9131,85.4296,206.3372
282.2479,141.0922,85.6044,208.4937
282.5420,138.2863,85.0161,209.5762
287.0370,128.7514,85.0949,210.5085
284.8495,104.8187,84.9208,212.8816
327.0434,145.4031,87.5584,209.5777
328.3145,150.0100,89.5958,209.5233
279.5703,128.3331,90.1710,211.3428
277.2782,127.2785,90.1040,213.4519
281.9253,126.8813,90.1710,214.2464
265.7094,140.8607,89.7493,214.4477
331.2135,144.8801,90.0275,215.7867
323.3075,142.8115,91.7003,215.2107
312.9471,136.9578,93.4836,217.4493
327.2143,133.7909,93.7390,218.9848
336.6045,128.7313,94.2586,219.4540
333.7274,126.2371,95.1717,219.6015
343.1447,123.4910,95.7744,220.2343
342.9273,120.9485,96.2091,220.4403
339.6383,121.0700,97.8974,220.1972
306.0861,126.9592,101.0948,218.2507
307.4642,128.3046,103.2822,215.5599
301.3759,129.2095,105.5734,213.7501
295.3164,133.1074,107.7803,210.9103
295.1292,134.9584,108.1547,207.2083
291.8981,134.0386,109.7122,204.1432
299.6220,132.0304,108.9235,203.2733
297.1956,133.1910,108.9163,200.9521
298.4395,130.8931,106.4285,200.7222
299.1635,131.3134,104.9805,199.8816
297.9676,125.8602,102.6298,201.3031
296.2947,133.8413,101.2527,199.5094
296.8232,131.6848,100.1958,199.1496
295.0860,133.5570,99.0209,195.4053
296.6088,132.2760,100.5493,188.8190
297.5821,132.5508,98.6029,188.2694
298.8128,129.7700,96.1413,189.3689
299.6636,134.1502,94.4398,189.4803
291.4485,137.9155,93.2375,186.3578
289.8115,136.6987,92.1700,184.4498
284.5251,141.9076,89.8572,182.6223
287.1414,138.0344,88.8530,181.9120
290.0908,138.2872,87.1547,181.4064
300.4874,135.6618,87.1800,178.3298
286.5561,136.7581,86.2083,176.1373
286.8022,135.5099,85.7159,174.5634
281.8728,139.8138,83.4585,174.0330
282.8627,140.7424,81.4788,172.1759
283.8748,141.3672,79.4545,170.9261
286.7353,141.4654,77.6103,170.7297
283.9847,137.1035,75.4284,171.7705
280.9386,137.5379,73.8841,170.9018
321.3166,137.8064,76.2539,166.5863
282.0413,136.0468,75.8964,166.3480
280.3770,136.0347,75.4771,166.3721
288.4471,134.2183,74.3001,166.2643
278.9629,133.9926,74.6758,166.7156
288.6871,135.6572,73.8859,167.1182
290.5185,136.0362,73.9468,166.3601
303.8117,136.7307,73.3565,164.9711
306.3431,136.2527,71.9769,165.9271
301.2852,139.9980,71.0745,165.7821
326.5759,142.6099,71.6592,164.2130
344.3896,141.6189,72.4551,162.5527
352.7240,143.0740,73.9476,159.6425
345.3310,143.6808,74.2689,158.4288
343.6107,142.0888,74.1055,158.0087
349.1061,136.5564,73.9001,158.2880
348.1534,137.9162,72.2098,159.1640
348.9646,135.0597,70.5874,161.2983
349.7084,134.2706,69.0998,162.8764
351.9585,132.0284,68.1774,163.7832
354.1640,134.2143,67.3410,162.9859
353.0157,132.4810,66.0894,162.9043
361.6376,135.7378,66.4691,159.9154
358.0772,134.7312,66.6132,158.4403
358.2995,135.3528,66.1685,157.1971
370.2524,137.3096,69.8130,153.2835
360.1297,135.9254,69.3506,152.6006
359.2585,135.9149,67.6597,152.6216
356.6719,136.7265,66.0251,150.9983
360.4572,136.9528,65.1576,150.5457
379.4286,136.7008,67.1712,147.7200
338.8070,138.5040,65.3106,150.7619
350.0446,134.8647,62.8487,154.7050
355.8612,132.4884,61.2619,156.1088
359.3648,135.9849,60.9361,155.7971
367.9275,134.8049,60.4627,154.8269
368.1315,135.2951,60.0546,153.8463
371.4976,137.6673,59.8957,152.3885
368.3025,139.8119,59.7603,151.3621
362.2578,139.4782,58.8673,152.0295
377.8102,138.1594,60.1545,151.4280
374.0161,142.1918,61.2355,149.8703
382.0003,137.6939,61.5191,149.1149
378.6845,134.3823,61.6616,149.2489
386.1085,127.5607,63.0589,149.8961
382.7849,134.5012,63.1396,149.1478
385.7165,127.6969,63.8240,149.6610
385.2079,130.6774,64.8412,150.2868
385.1470,130.4814,64.9630,150.6787
382.8409,136.0527,66.2470,149.5206
379.5684,130.9469,66.1239,149.7301
382.7607,138.5043,66.4093,151.2900
374.5322,131.6409,66.0533,151.5666
373.3165,130.6652,65.1245,153.5180
378.5227,127.1160,64.8284,153.8722
375.1548,135.6106,64.8202,153.7429
373.4758,130.7085,64.8084,153.4372
372.1883,136.5516,64.0180,155.2123
370.4381,129.4834,64.1414,155.8410
368.5486,135.9410,64.5322,156.4786
373.7980,126.7196,64.2465,157.8997
356.5067,136.7509,64.6314,158.3556
366.8321,126.0524,64.5798,159.1534
375.7364,116.4394,63.9900,161.1607
372.3289,110.2859,63.8808,163.0811
370.4378,114.8481,64.1750,164.4202
368.5627,122.0999,64.4131,163.9658
366.2475,133.8255,65.5332,165.0850
363.9436,138.8693,66.5948,165.6361
360.0658,137.2395,67.2044,165.3226
356.8283,134.7530,66.5205,166.7162
362.2592,128.4932,66.4207,168.4738
372.8444,126.3293,66.9149,169.1909
357.8335,133.9282,67.8972,172.1429
355.8600,128.7556,68.1544,175.1080
361.4409,120.5619,68.2040,176.5467
339.0048,135.4103,67.9713,176.9199
348.0442,128.5734,68.6922,179.3139
340.8010,133.2235,67.9496,181.4353
351.7600,131.5228,68.9775,181.0125
347.6330,129.2578,69.5580,181.7057
338.1472,127.5501,69.2439,185.1211
337.9897,133.4821,69.5591,184.9586
329.7870,131.2440,70.3492,185.5310
335.6702,130.0364,70.3615,187.9462
330.0308,128.8449,69.7571,190.3291
331.4890,129.0464,70.8250,189.9261
327.5017,129.7113,70.8041,192.5941
329.6271,129.8727,70.5889,192.2712
335.3048,130.4495,71.3148,191.1176
337.0117,130.1427,71.9248,191.7314
336.7034,132.2704,72.5413,191.5194
349.6577,133.1175,74.9934,189.8251
358.3945,130.9090,77.8757,190.1710
355.3963,129.3822,79.7445,189.0970
360.4933,129.8766,81.9862,188.1082
359.9840,130.5839,83.0048,186.6936
370.6657,134.0186,82.4815,183.9922
363.9285,132.8057,83.5971,182.2984
353.3333,129.0036,84.2147,181.6735
351.4742,128.9502,83.8166,181.7804
350.0781,129.3982,82.4978,180.8843
346.5493,129.6936,81.4057,180.2934
346.2691,132.8383,81.9663,178.0511
345.9615,131.9310,82.5815,175.8414
345.4950,134.7811,83.5145,174.1441
345.8674,133.7862,82.7697,172.1395
346.0727,133.6151,82.3590,172.4817
348.3322,132.0737,81.7899,171.6145
346.6791,132.3041,81.1689,171.1538
347.0767,131.1721,80.3736,169.5079
345.6202,133.5983,79.4145,168.5276
345.8145,134.3694,79.0260,166.9852
344.1014,135.1698,78.6404,165.3844
342.1077,135.1688,78.8461,165.3865
343.0554,129.4246,76.9506,169.3042
343.3884,129.9553,76.2846,172.0520
343.0763,135.4859,76.9089,172.5031
350.4409,135.0081,77.5995,169.6038
349.3360,130.6659,75.9843,170.6382
345.3751,143.5288,76.2828,167.7823
338.3483,145.0218,79.0102,161.0209
339.1461,142.4532,77.4144,162.4337
298.8472,143.5289,76.2309,163.9995
293.9307,145.1436,74.9054,164.4896
298.3324,145.9157,73.5089,162.9455
330.0674,144.4463,75.8558,158.5712
312.4666,140.2172,74.7188,163.3956
314.8335,148.9711,73.6693,164.3090
317.3384,142.6175,72.3385,165.9790
317.6804,140.0588,71.6545,167.4164
314.4157,141.7714,70.8066,167.6798
314.5195,139.1596,70.5991,169.2260
316.0450,142.5732,71.2442,169.7910
316.2272,142.4827,70.8798,169.9720
316.7327,142.3187,69.8687,170.3000
316.6533,142.3847,70.0276,170.1680
316.4673,138.1820,70.3996,171.1744
316.3317,135.5752,70.6708,172.6674
315.8540,134.8754,71.6261,174.0669
316.7794,139.9641,73.5596,175.2421
318.0311,137.8743,74.8915,175.5862
317.1914,137.9111,76.5710,175.5125
315.1280,138.0566,76.8052,175.2216
317.5235,136.0787,75.9067,175.2848
316.0232,140.0612,75.0297,171.1974
319.5592,139.5844,75.5637,172.1511
322.6830,140.2648,76.9683,174.6164
322.7129,139.9409,76.9086,175.2641
324.0143,140.9797,78.2006,177.0816
323.7041,138.6901,78.8211,177.7167
325.1475,140.3568,79.8985,178.3474
326.8756,137.9354,80.4346,179.1979
325.8472,137.6597,82.4913,179.7494
325.5581,137.4128,83.0696,180.2431
326.9596,136.8572,84.3421,181.3544
328.1052,136.5809,86.1646,181.9069
331.3286,134.3184,88.0254,182.2782
332.4478,132.2091,89.9786,182.3053
338.0966,129.7241,91.3584,183.0495
337.6282,131.8470,92.2953,183.0644
339.4910,129.6814,92.8468,183.1184
341.9418,127.5164,92.2325,183.1611
344.3315,127.4685,91.7307,183.2568
343.7482,127.5196,92.8971,183.1546
344.3202,129.6868,91.7532,183.1089
347.6182,128.9754,89.4256,184.5318
355.1005,128.0771,87.2074,186.3284
355.9831,127.7635,85.4421,186.9556
356.8593,133.3790,83.6898,184.1537
358.3929,134.9133,80.6226,181.0851
360.8617,132.3712,79.7298,182.1247
363.5237,131.9268,78.4499,183.0134
366.2754,129.3282,76.9808,184.1763
367.7992,129.7251,73.9331,183.3825
370.1501,128.2086,73.1910,186.4155
370.6003,132.8140,72.2905,189.1745
370.7902,130.0576,71.9108,190.6737
372.7144,126.7475,72.0904,193.2659
372.7057,123.8776,72.1077,194.9373
372.7333,123.2969,72.0526,196.0987
374.5386,125.2455,72.5504,196.3099
374.4133,123.4930,72.8008,195.6944
374.3274,123.8598,72.9727,194.9609
374.2827,125.9278,73.0620,194.9336
374.2552,123.1309,73.1172,196.4174
374.5473,129.4134,72.5330,196.2488
374.2974,126.6772,73.0327,197.6021
372.2713,126.2081,72.9374,198.5403
372.3892,126.1964,72.7016,198.5636
368.1538,125.3919,72.8617,200.1727
366.2728,125.0303,72.4424,200.8958
366.6434,126.8865,71.7012,201.3674
369.0533,126.2734,71.0587,202.5937
369.4909,129.3312,70.1834,200.6612
371.8748,128.2232,69.5553,198.7375
372.1901,126.8411,68.9249,197.4010
372.3039,125.4807,68.6971,196.0515
372.6346,125.3666,68.0359,196.2797
366.4793,125.7547,68.2321,195.5034
368.6693,123.7263,67.8826,195.5296
370.9081,130.6630,67.4297,193.7301
375.3755,128.2402,66.4763,194.5850
373.2721,128.7011,66.6975,193.6631
371.8048,128.2301,65.6557,194.6051
373.2944,128.6300,66.6474,193.8054
374.6263,139.0508,67.9612,188.8739
374.4078,140.4035,68.3982,186.1686
377.7501,139.3644,69.5139,184.3466
382.2246,139.8405,72.2476,183.3942
379.6200,142.9729,73.5272,181.0591
388.1470,139.7908,76.0672,179.5857
365.0837,143.7068,74.8819,179.6390
370.9633,144.6915,74.8899,177.6697
381.9707,142.3125,76.2399,178.5334
395.5118,134.6724,76.6711,182.0222
395.3430,143.3984,77.0087,184.5130
397.3571,127.5045,77.0109,188.0871
409.4532,121.7889,77.3117,191.3541
404.5561,125.2460,78.8368,192.7090
406.0073,123.3341,80.1156,192.3515
401.3784,122.3575,80.9756,194.3049
394.5966,125.4305,81.8124,196.6434
394.1366,123.3380,82.7324,196.5375
393.2581,122.0912,84.4893,194.7254
375.1467,119.7203,86.2277,195.1565
374.3382,119.4067,87.8447,195.7839
369.5912,119.2481,88.5687,196.1010
365.3195,118.9118,88.3077,196.7736
360.8373,118.8562,88.4570,196.8847
354.3198,121.1209,88.2569,196.7671
348.1390,120.3798,87.3990,198.2494
344.0672,124.2016,86.7168,199.4315
344.1607,120.8077,86.5297,201.8013
344.2354,122.3427,86.3805,203.1803
333.1311,121.2739,86.2575,205.3180
328.3346,120.1320,86.8605,207.6019
321.0922,123.8258,87.7291,209.2915
321.1866,123.3992,87.5403,210.1448
319.0610,122.3053,87.2040,212.3326
319.7549,121.1745,85.8163,214.5941
333.8070,122.9865,85.4377,210.9701
320.8505,119.8477,83.9787,212.6858
316.7787,119.2064,83.0010,213.9684
317.1125,118.8376,82.3333,214.7059
314.8740,118.9123,82.2503,214.5565
310.8008,113.6312,81.2835,216.0057
308.6866,113.6287,80.9519,216.0107
311.1370,118.1366,80.6053,216.1031
309.2426,115.0612,79.8448,217.7046
309.7451,115.0230,78.8399,217.7811
310.0422,112.3710,78.2457,218.5438
309.6664,118.9620,78.9973,218.9860
309.6553,119.4421,79.0195,218.0258
307.0966,117.8064,79.5890,216.7491
307.4149,115.0240,78.9523,217.7739
307.7010,112.0941,78.3800,219.0906
305.6553,108.9098,77.9198,220.9075
305.5998,107.8901,78.0309,222.9469
303.3556,113.8920,77.9189,224.7442
303.2889,110.4121,78.0522,227.0802
300.7357,108.8211,78.4988,230.2622
305.6017,107.7336,78.1934,232.4370
314.3734,113.8211,79.6045,229.7394
301.9192,89.8478,80.8833,230.4265
303.9588,101.0235,81.5630,231.8702
261.2886,110.6247,85.4400,227.0436
296.7532,93.8395,86.4062,227.0630
294.2732,89.0126,86.5555,227.0953
297.0760,88.4370,85.7637,228.2465
292.0342,92.6454,86.2150,229.4619
293.8516,107.0228,87.4220,229.7570
288.1153,102.4318,89.1595,229.2038
256.5862,116.7751,88.6369,229.8622
242.0345,124.6447,88.3949,228.7957
275.4211,116.6882,89.8192,230.0949
265.8054,112.0522,89.3887,234.4516
254.2123,112.9793,87.7236,237.5676
261.8893,106.0098,87.3244,241.5366
262.3770,106.5209,86.3491,245.5491
260.2663,107.7549,85.4962,248.1551
270.7048,100.8220,85.0027,251.8293
270.3326,99.2205,85.7470,255.0323
270.3348,98.4666,85.7428,256.5401
272.4324,95.0002,86.7673,258.2530
277.1257,86.2928,87.9067,259.8790
282.0933,77.7859,88.5852,260.9720
284.3727,88.8705,89.3613,260.1425
284.1793,89.2753,89.7481,259.3329
287.0372,98.3379,89.3650,257.2057
290.9839,77.4678,86.7670,256.5829
301.2171,98.8222,87.2571,255.7872
301.1215,99.3654,87.4483,254.7008
303.9728,101.7163,86.9704,255.2237
304.3980,97.7404,86.1201,257.9520
307.0324,100.5445,86.0982,257.5906
307.2049,97.3135,85.7532,258.8114
309.9811,104.6423,85.4530,259.9109
312.8606,100.8906,84.9565,262.1517
310.2038,100.4289,84.9849,263.0752
307.5204,104.6190,85.0527,265.2926
307.1269,103.2520,85.8398,268.0266
304.5562,98.3792,85.5964,272.3873
298.8268,94.5932,86.1705,274.5170
298.0849,92.2964,87.6543,273.6275
294.3876,99.4623,89.5511,270.2914
296.1241,97.2173,91.5633,269.2961
292.6486,95.1815,93.0065,267.8600
