1
1102.4647,611.8013,40.0569,51.8737
1096.2296,600.7378,40.9144,52.2531
1059.9297,612.3915,45.0565,50.5678
2
0
0
0
0
1
895.0314,612.2587,50.7702,45.0501
879.2210,603.6412,51.5398,47.0534
869.2130,601.8516,53.6366,47.6083
858.7047,595.2651,50.6589,51.3018
838.4985,580.3292,52.6586,51.2947
835.1250,567.3818,52.7182,51.8385
823.6329,562.7310,53.3313,51.1237
814.9147,563.8951,52.4602,50.8021
808.9438,562.9895,52.3467,50.2143
797.9371,557.5117,50.5364,50.6343
792.1420,554.3375,51.8521,50.0850
784.2229,557.7316,54.2364,49.3441
776.7194,553.7393,56.9107,48.1118
774.6891,557.9109,58.9661,46.1111
779.2158,552.9599,60.7021,46.3830
786.3748,555.5436,64.0015,43.1481
787.6111,557.0812,64.4304,40.8710
788.1988,546.3312,59.5043,43.9337
791.3267,540.5512,58.3514,43.9205
793.8342,531.0834,55.8551,45.4691
789.2007,521.1672,54.8852,47.0739
791.4309,512.3550,52.3280,50.9382
787.1521,499.6326,50.4551,54.7222
791.0493,492.4364,47.8542,55.8682
785.2090,491.0865,48.6954,54.1760
778.1125,491.3407,48.5496,53.5031
764.8898,486.7329,50.9001,50.3338
758.4022,489.7145,52.2598,47.3849
751.2975,489.0363,53.2523,44.4120
735.6917,488.0504,52.8187,43.4676
724.2339,480.1037,51.6890,43.3315
708.6444,469.1955,50.6113,42.2159
689.7990,460.9461,50.0854,41.0725
670.6656,461.5763,50.4568,39.3403
650.5004,460.5681,51.4571,37.6178
629.7502,458.8943,52.5507,36.4254
603.2897,455.7144,51.3466,35.6281
582.8023,446.2423,51.0382,35.4374
555.6823,446.0953,50.7280,34.3475
527.2367,444.7836,51.7228,33.0580
499.2302,443.7041,52.0032,32.0535
469.0891,442.6456,52.8409,31.3729
437.7559,441.9078,54.0721,30.4928
406.2994,440.5354,55.2187,30.3297
365.7142,438.3965,54.4474,30.7204
333.3405,437.2133,55.4285,30.5430
291.9624,437.2993,55.2546,31.1677
251.5925,437.4552,54.5347,31.8814
210.4685,437.3586,54.1820,32.4393
169.9827,437.5561,54.1702,33.3809
127.4768,439.4753,54.3946,34.2584
83.4964,440.0178,56.2032,33.9785
2
