1
327.9059,237.8477,227.0624,156.3413
331.8516,236.2910,225.1831,159.4547
332.2172,237.9268,224.4520,162.2182
335.6241,234.0734,223.7077,163.8555
332.9627,230.1852,222.9453,165.5468
333.3068,229.6266,222.2572,166.6640
333.4671,226.2766,221.9366,167.2549
333.6518,225.6157,221.5672,168.5767
333.9888,225.4675,220.8931,168.8731
337.2730,222.2447,220.4491,169.1943
337.3448,221.9493,220.3056,169.7851
334.4766,221.8934,219.9116,169.8970
337.3780,219.0674,220.2349,169.4228
337.4753,218.5251,220.0403,170.5074
337.4741,218.1151,220.0427,171.3274
337.6541,217.7469,219.6827,172.0638
337.5637,214.4635,219.8635,172.4728
334.5484,214.0803,219.7270,173.2393
337.8535,210.8432,219.2944,173.5359
338.0323,210.5514,218.9368,174.1194
337.8902,210.4145,219.2208,174.3932
337.8680,210.3148,219.2653,174.5927
340.9995,210.3654,219.1949,174.4915
340.7829,213.3571,219.6280,174.6977
340.7303,216.2642,219.7333,175.0835
340.9479,219.0653,219.2979,175.6888
341.0735,231.6001,219.0468,175.4623
341.0974,231.6901,218.9991,175.2824
341.0889,234.7783,219.0161,175.3055
341.0397,238.1279,219.1144,174.8066
340.8412,241.5029,219.5114,174.2502
337.3221,239.2403,220.3588,172.5846
343.6897,239.0366,219.9769,172.9922
337.7493,236.2476,219.5029,172.3928
312.9151,235.6610,219.8879,173.5658
309.3875,235.7090,220.7578,173.4698
321.9051,232.8042,220.5110,173.0824
334.6454,232.8531,219.7787,172.9846
331.1671,236.1745,220.5610,172.5159
327.9193,233.4833,220.8779,171.7199
324.7939,236.4787,220.9583,171.8995
324.7884,233.5545,220.9692,171.5733
325.1164,233.6589,220.3134,171.3645
322.1609,233.8544,220.0681,170.9734
319.0949,234.0222,220.0542,170.6378
325.0626,234.3870,220.3995,169.9083
321.9793,234.7816,220.4323,169.1191
315.9389,234.7474,220.2705,169.1875
312.7659,231.4318,220.4965,169.6987
306.9405,227.8095,219.8837,170.8115
304.1956,230.6180,219.2329,171.3350
298.1038,230.2736,219.1384,172.0238
294.9383,230.6921,219.3205,171.1869
291.8036,230.3736,219.4518,171.8238
288.7300,230.7123,219.4487,171.1464
282.7217,230.7558,219.1866,171.0594
279.4477,228.0389,219.6008,170.3593
276.8197,227.4973,218.7279,171.4425
274.0388,227.8501,218.1565,170.7368
270.9411,225.0568,218.2390,170.2107
267.5426,225.4803,218.9304,169.3636
264.6956,219.2278,218.5219,169.6639
258.7124,218.5722,218.2863,170.9750
261.6853,214.8799,218.4593,172.2408
264.8779,214.1884,218.2160,173.6239
264.2841,210.6788,219.4035,174.4824
273.7385,210.4298,219.0734,174.9804
273.6189,210.0457,219.3125,175.7485
273.4986,209.6805,219.5532,176.4790
273.3522,209.6075,219.8459,176.6249
273.1653,209.5649,220.2197,176.7102
269.9104,209.7066,220.4881,176.4267
269.8842,209.8715,220.5405,176.0969
266.5756,210.0003,220.9213,175.8394
266.4313,210.1399,221.2097,175.5601
265.7460,207.4776,222.5804,174.6467
265.5718,211.0948,222.9289,173.6565
262.5614,204.7875,222.7162,173.8043
256.4958,201.6201,222.3823,173.9066
257.0347,201.1298,221.3045,174.8872
260.4180,194.8893,220.7665,174.9112
257.5582,194.8087,220.2654,175.0723
260.5279,182.3927,220.5417,175.0420
260.8046,182.4482,219.9882,174.9308
260.8122,182.4980,219.9731,174.8313
260.7371,182.6703,220.1234,174.4866
261.0595,179.6274,219.4784,174.3687
270.9936,179.8479,218.1867,173.9276
280.2016,176.8446,218.2663,173.7689
280.3166,174.0429,218.0363,173.2085
277.9570,173.9460,216.6042,173.4024
281.0674,171.1794,216.5159,172.8032
278.5759,170.8603,215.3776,173.4413
281.8399,171.0466,214.9637,173.0687
281.9657,173.8591,214.7121,173.5457
285.0426,177.0054,214.6640,173.3586
285.4437,179.6420,213.8618,174.1874
297.6014,182.9318,213.9585,173.7109
294.2255,201.1361,214.6136,173.8830
294.1249,210.6657,214.8147,173.1527
294.2066,216.7150,214.6514,173.2560
294.3488,222.9868,214.3668,172.9126
297.5293,242.0446,214.0961,171.3378
292.1332,242.4025,212.7672,170.6221
301.5875,245.2628,211.9442,170.9299
304.5724,248.4521,211.9952,170.5722
304.8512,261.2727,211.4377,168.9943
305.1279,264.3350,210.8842,168.8516
305.6487,263.9251,209.8428,169.6713
311.2445,266.5109,210.5875,170.4680
310.8021,272.2527,211.4722,170.9694
313.9518,274.8151,211.1871,171.8589
316.4929,277.6177,212.1292,172.2780
319.4730,280.3605,212.2146,172.8378
324.9740,282.9639,213.3243,173.6870
334.2093,285.7943,213.1137,174.1129
334.3933,289.1424,212.7457,173.5070
340.7895,288.9632,212.1031,173.8653
341.4392,288.9840,210.8036,173.8237
341.3799,289.0557,210.9221,173.6803
341.4484,289.0324,210.7853,173.7269
341.7580,292.2415,210.1661,173.3571
344.8930,289.7608,209.9289,172.2856
344.8260,289.9953,210.0629,171.8167
341.2789,290.2027,211.1507,171.4018
341.6441,290.6084,210.4203,170.5905
338.1281,290.7458,211.4603,170.3157
338.2630,290.9094,211.1906,169.9885
334.6847,291.0771,212.3531,169.6529
330.7851,287.9838,214.1458,169.8331
336.1923,288.0991,215.4052,169.6027
335.7513,288.5771,216.2872,168.6465
335.4687,289.1689,216.8524,167.4630
342.2778,291.7896,215.3135,168.2614
340.0515,295.0930,213.7370,167.6837
339.7647,298.1588,214.3106,167.5477
334.7063,298.4938,212.4230,166.8777
331.7120,298.2555,212.4491,167.3544
334.4761,294.9159,212.8915,168.0629
342.7676,294.9268,214.2751,168.0412
336.9807,294.8762,213.8295,168.1423
334.4461,294.8220,212.8942,168.2508
335.0607,291.5728,211.6650,168.7572
335.9102,291.2043,209.9660,169.4941
336.4402,290.9998,208.9060,169.9032
340.1724,284.4763,207.3991,171.0351
342.6180,284.3764,208.4605,171.2347
342.7892,281.0527,208.1182,171.9099
347.7959,280.7353,210.0607,172.5447
353.7391,286.5070,210.2103,173.0373
359.3802,293.3857,210.9847,171.3367
362.4115,303.3575,210.9348,169.4312
362.4811,303.5856,210.7956,168.9748
364.9579,304.4313,211.8136,167.2834
361.7030,305.6892,212.3636,164.7676
357.9618,309.7130,213.9188,162.6472
357.5504,310.5237,214.7416,161.0260
348.6436,310.5432,214.8478,160.9871
357.5318,310.9786,214.7818,160.1162
366.5757,311.0666,214.3586,159.9403
366.3684,311.3336,214.7730,159.4061
360.7066,311.4506,214.3438,159.1721
362.6784,311.5531,216.2663,158.9671
350.2964,308.1493,217.4627,159.8828
343.5124,307.9742,219.1803,160.2331
343.0034,307.9136,220.1983,160.3542
354.5485,304.8433,221.0058,160.5204
356.7636,304.5138,222.5649,161.1795
350.6559,301.0844,222.7325,162.0143
335.3287,288.4159,223.1864,163.1909
329.7504,285.0042,222.2104,163.9481
330.0981,269.6780,221.5151,164.2809
329.3641,267.2352,222.9830,163.1077
323.2636,267.0464,223.0602,163.4853
322.6553,270.0002,224.2769,163.6470
325.5500,269.9857,224.5778,163.6760
325.4879,258.3435,224.7020,162.5787
337.4702,240.6346,225.0544,161.5210
340.1503,216.7421,225.7614,160.7683
343.0132,192.9575,226.1012,159.8133
349.3851,171.8908,225.4673,159.5620
352.6728,151.1697,224.9331,158.7159
358.8871,127.0402,224.5427,158.8214
359.0345,124.1808,224.2481,158.5252
359.3068,133.6743,223.7035,157.5552
366.6047,133.6337,221.0704,157.6365
388.0588,118.8254,219.7628,157.5383
382.9491,100.8123,218.1393,158.0353
363.3686,88.9168,215.9648,158.2061
355.7816,71.2305,213.5140,158.3294
357.0962,65.4876,210.8849,158.1359
363.7809,45.5264,209.1085,157.4829
366.6979,42.7293,209.0331,157.3183
367.3194,43.2159,207.7903,156.3452
353.2941,52.3243,207.2403,155.2887
350.8197,69.6985,206.4948,154.7068
353.5133,66.9433,206.7812,154.5436
353.6770,63.8549,206.4537,155.0452
353.8129,58.3061,206.1819,154.7858
351.7742,61.5700,204.5892,153.9283
354.9619,61.9002,203.8456,153.2678
358.0956,70.8294,203.1881,152.2385
360.9766,82.3005,203.0089,151.6278
366.6198,104.1341,202.8628,152.5219
369.6480,123.4446,202.3889,152.9788
378.0433,145.4410,202.3466,153.6483
380.6107,164.9977,202.8050,153.6867
375.0315,181.6635,202.7620,153.9592
380.7694,200.9998,202.4951,154.5180
397.6896,200.9836,202.3120,154.5506
394.9688,198.1971,202.1463,154.5163
378.1812,195.2575,202.0963,154.7911
361.5340,195.2752,201.7432,154.7557
359.1378,198.0513,200.9337,154.8056
365.1467,197.8056,200.0967,155.2969
370.7359,194.8837,200.0896,155.5552
361.9771,197.7236,200.8380,155.4651
351.2806,211.5281,199.8323,155.8544
351.6482,211.0483,199.0970,156.8140
346.4598,213.5594,198.2838,157.3868
338.5226,229.4206,197.3828,159.2156
338.7839,231.8985,196.8602,159.8674
336.4883,239.9630,195.8411,160.5690
339.3971,242.4148,195.6294,161.2713
342.7957,244.8278,194.4462,162.0592
349.0453,246.9998,193.1639,163.3237
354.7213,244.0827,193.0300,163.5488
357.6718,240.5048,192.7396,165.0941
357.9262,240.2594,192.2308,165.5849
357.9562,240.1668,192.1709,165.7702
358.1266,246.0059,191.8301,165.3580
360.7585,251.8274,192.1874,164.9572
363.4154,259.9799,192.4938,165.5128
365.5103,262.6510,193.9378,165.8046
365.5251,267.4973,193.9084,167.4338
356.6622,269.9955,194.5742,168.1240
351.0323,272.0779,194.4181,169.6672
353.3405,277.9561,195.5321,169.3715
358.0913,287.5535,197.5160,167.4051
357.7498,287.5238,198.1990,167.4645
360.2639,290.8681,198.9242,166.5293
357.7749,293.7828,198.1527,166.4493
358.2415,296.8465,197.2196,166.0583
361.8375,299.4521,195.7432,166.5629
362.0574,302.4270,195.3034,166.3139
364.8557,302.7066,195.3970,165.7549
367.5866,303.1219,195.6177,164.9243
370.7903,303.0013,194.8831,165.1654
370.2919,300.7690,195.8799,163.9648
370.2439,304.0942,195.9760,162.9756
371.1538,301.2250,194.1561,163.0673
374.4048,304.3385,193.2742,162.4604
374.1163,307.9768,193.8513,160.7806
374.5302,302.4923,193.0235,160.5924
363.9093,302.4586,192.0138,160.6597
359.1902,299.5744,190.3550,160.8797
359.8549,290.9711,189.0257,161.5072
363.1447,276.9568,187.9620,161.9561
363.1303,271.2890,187.9908,162.2783
355.6089,266.1838,186.4967,161.4639
352.3905,264.4021,187.4574,159.5513
355.1701,245.9079,187.3584,158.3176
355.3501,243.8423,186.9985,157.0099
355.7350,230.3682,186.2286,156.8966
356.4698,228.0082,184.7590,156.2180
357.0125,223.4761,183.6737,154.5522
359.8724,219.1447,183.2753,152.5721
357.7460,209.3770,182.2446,150.9737
361.1019,204.8490,180.7746,149.5464
361.6693,202.8584,179.6398,148.3314
364.4388,198.4445,179.2599,146.8412
369.4224,202.4253,179.5509,144.0087
369.4784,200.6469,179.4388,142.4779
369.3799,199.0629,179.6359,140.5845
369.3653,202.4271,179.6651,138.8896
371.5532,206.0673,180.2955,136.6156
371.8529,209.8902,179.6962,133.9486
372.7796,215.7114,177.8427,132.1584
370.9342,213.7809,176.6649,131.1508
371.7005,214.3468,175.1323,130.0190
369.5920,212.8869,174.5569,128.1465
360.6410,216.0915,173.4472,126.4903
356.2910,214.3942,172.7293,125.1759
351.5219,219.9247,172.9146,123.4678
349.1394,216.2656,173.0284,121.4837
346.8505,224.1667,172.9860,119.5421
342.5679,220.3835,172.3762,117.9335
336.0321,218.7811,171.7929,116.5866
336.7475,214.1799,170.3620,116.7478
325.0216,219.6056,171.3055,114.8998
325.9921,214.7034,169.3646,115.7338
321.8947,221.8099,168.6196,114.9302
322.6696,221.6839,167.0698,115.1823
316.6476,217.4409,165.8356,114.8160
315.0246,222.2440,164.6801,114.0127
309.2695,220.3268,163.0782,113.4765
305.3558,227.1131,162.2304,112.9168
302.1170,222.4221,160.0768,113.6676
304.5166,222.7415,159.5730,113.0286
313.5748,226.8178,158.5657,113.4307
319.7317,229.7133,159.0578,111.9083
322.5178,229.5607,157.7366,112.2134
329.2900,225.4427,156.9002,111.9774
330.3856,224.8187,154.7091,113.2254
326.8975,227.4023,153.2717,112.2650
319.7456,224.9716,150.8988,112.9572
320.5084,224.6559,149.3731,113.5887
314.6863,225.0226,148.6228,112.8553
311.3912,225.2199,146.9968,112.4606
306.1649,222.7064,145.2187,113.4108
306.7695,220.3881,144.0094,113.9821
304.8234,221.0786,143.8457,112.6012
305.4897,216.8805,142.5130,112.9353
311.7547,216.9966,142.0312,112.7032
314.1052,215.5858,141.3352,111.5198
315.4091,213.0904,138.7274,112.5354
318.2812,209.0411,136.9348,112.7311
320.3375,209.0859,136.7492,112.6415
326.6797,206.7792,135.8333,113.3321
333.1260,204.9198,134.7003,113.1310
339.5013,204.9536,133.6472,113.0634
343.6336,204.8756,133.1462,113.2193
345.7830,205.0365,132.7240,112.8976
360.7889,202.0108,129.7665,115.0840
364.4995,202.4006,130.0538,114.3044
366.9662,202.0894,128.9664,114.9268
371.2438,199.9908,128.0897,115.2849
373.5348,201.9324,127.3391,115.2330
374.9787,196.7334,124.4514,117.9933
371.3571,194.4426,124.0592,118.7573
367.9100,192.1024,123.3060,119.6139
365.9007,190.1776,123.4992,119.6381
363.9060,192.3034,123.6599,119.2153
363.9008,192.7419,123.6701,118.3384
364.0406,190.7029,123.3906,118.6055
361.9504,191.2642,123.7602,117.4829
361.9217,189.1815,123.8177,117.8495
358.2976,186.8807,123.4548,118.6456
356.3656,184.9616,123.5064,118.6714
354.4478,183.2523,123.5283,118.2763
354.1973,183.4643,124.0294,117.8522
352.7140,183.1363,123.1873,118.5082
350.5992,181.3276,123.6107,118.3196
350.7475,184.7783,123.3141,119.0377
345.5349,179.8161,122.2900,121.3292
345.0941,182.3075,123.1718,120.1829
345.1860,186.1986,122.9879,120.0654
339.7334,182.4104,122.4104,119.9867
339.6570,183.3205,122.5632,121.9837
338.8983,192.7244,124.0806,118.5803
335.3225,190.1869,123.5898,119.8342
331.5929,190.4680,123.3823,119.2721
330.0907,186.9271,122.5655,122.5326
328.4104,186.1348,122.0663,124.1172
324.6949,184.4960,121.7436,127.3947
324.9053,183.3607,121.3228,129.6654
317.4516,180.0067,120.4221,132.4214
317.3545,183.3496,120.6163,133.6969
308.9441,181.9858,121.4227,132.4209
311.1464,178.3145,121.0148,135.7669
311.4100,188.1838,120.4876,136.2390
309.7663,184.7077,119.7339,139.1502
310.1345,190.8974,118.9974,138.9929
308.1910,190.3315,118.8247,140.1247
308.6680,190.2655,117.8707,140.2566
303.1865,189.6419,116.6501,141.5039
305.5667,195.9170,115.9505,141.1359
299.4355,197.0084,116.0816,138.9530
301.8699,198.5208,115.2251,139.9406
302.0750,201.3027,114.8150,138.3903
300.4669,201.3862,114.0479,138.2233
300.8042,208.3356,113.3734,136.2290
299.5216,212.0704,112.0119,136.6128
297.9419,218.8137,111.2609,134.8579
292.6687,218.6140,110.1929,135.2572
297.1545,225.0819,108.9419,133.9024
293.8846,227.3731,107.8433,133.1393
296.2061,237.2054,106.9899,132.4236
292.8485,236.6349,106.1752,129.7995
295.3699,240.8689,104.8440,128.7545
297.4863,239.6905,104.2850,127.4373
297.8700,249.5897,103.5175,125.8621
296.8405,255.0979,101.9686,122.0616
297.4571,257.1801,100.7354,121.4218
303.0776,259.6707,99.9787,119.9352
293.4778,257.5876,98.4204,120.6419
292.5263,266.8982,96.8779,119.2475
279.5358,265.4302,95.6671,118.7845
277.1072,274.6870,93.7796,117.1324
269.6105,269.0040,92.1914,115.2328
270.4736,279.4981,90.4651,113.8135
261.2917,282.5594,89.5587,110.9026
255.8969,283.1973,87.7385,109.6269
259.1378,285.4126,87.4635,108.2996
250.5927,283.6697,86.0825,108.7069
255.3448,293.8920,85.7655,106.6365
250.0057,288.7989,84.3417,107.7463
251.8004,297.1244,83.7717,106.1922
246.0974,289.5657,83.2324,106.3778
247.8735,300.1215,82.6606,106.1292
249.8188,295.9321,81.7374,105.6059
251.7338,303.6391,80.8515,104.9134
253.2420,305.0237,80.7544,102.1444
253.8036,303.4242,79.6313,102.4679
257.9412,309.1491,79.9422,99.6043
258.6226,305.1007,78.5795,102.0545
261.6129,314.3542,78.2761,100.5794
261.9063,309.2422,77.6893,102.3700
262.1665,317.4112,77.1689,103.0054
260.6013,305.4038,77.4691,104.3795
262.3788,316.8314,76.7700,104.3715
269.5181,293.7043,76.7132,107.9607
268.0283,325.4708,76.7950,105.2821
269.1197,304.5817,77.4707,107.0403
265.2212,306.0166,76.5787,107.0668
271.9574,338.7561,77.5167,102.1113
265.3013,308.3449,76.7180,103.6685
268.1301,307.7471,76.7261,104.8641
266.7133,329.0481,76.7086,102.1775
266.8896,327.7015,76.3559,102.0607
268.7378,310.3953,75.4621,103.0442
269.9868,312.4632,75.7666,101.7112
271.6944,313.8279,75.1390,101.7692
274.2643,315.4653,75.5552,101.2724
285.1355,311.4443,76.0313,100.9825
280.0970,317.3200,74.9855,100.3539
286.3466,308.1700,73.5025,102.1296
287.9954,324.8999,72.9616,101.7499
290.9474,315.0336,72.5415,102.2884
294.1638,315.5924,71.5952,101.1708
295.8844,315.6656,70.8648,101.0243
296.9042,315.2611,68.8252,101.8334
293.5854,315.5160,67.4381,101.3237
295.2972,318.7942,66.6586,100.0557
293.0061,314.4958,66.0164,98.2036
298.3198,308.8497,65.6838,96.6273
295.2608,314.1259,64.1685,96.2526
294.5497,306.4313,63.0771,96.5600
295.2574,311.6005,61.6615,96.2221
294.0046,299.6862,61.6957,95.3364
294.2730,302.5085,61.1589,94.6093
294.1223,295.3653,61.4604,94.2625
288.7913,288.6732,59.9289,95.4532
285.4479,286.8961,59.3229,94.1455
288.7830,281.1404,59.8564,93.6508
285.6034,282.8950,59.0075,92.5445
288.3056,283.4919,58.3470,91.3506
286.4890,285.3494,57.2940,89.9788
284.6490,273.9005,56.3643,89.8272
285.6596,281.3563,56.6301,88.6381
287.9326,274.9090,56.6315,87.8902
289.4598,270.2196,55.8397,88.2186
282.0845,272.2156,57.0647,86.4809
280.2332,273.6118,56.2700,85.9373
278.0008,274.0025,56.2802,85.1558
284.5170,270.2955,56.5422,85.9227
282.6635,273.0094,55.7860,84.9580
281.8715,267.6554,55.1654,84.6435
282.4576,271.1721,53.9933,84.1785
281.6381,265.8115,53.4693,84.0851
282.4988,268.5351,53.9008,82.9434
285.8653,263.5140,53.5964,82.2712
289.4321,284.3571,52.8457,83.1390
284.3105,265.7174,52.4480,82.1115
285.2264,284.3560,52.7224,82.7447
286.3173,265.8566,52.6609,81.5799
287.5722,264.2502,52.2528,80.5891
288.4502,279.5114,52.5769,81.2680
289.5757,260.4076,52.4214,79.6580
283.4284,257.2325,52.3026,77.7326
282.4212,258.8538,52.2791,76.5281
276.1856,254.4934,52.6336,75.1516
271.2489,256.1209,52.4843,73.9011
273.3937,250.7490,52.1610,72.7460
273.5892,250.5557,51.7700,71.1722
274.1200,248.5784,52.6384,69.3366
274.1698,249.9398,52.5389,68.5302
276.2698,245.6101,52.1438,67.6774
276.4258,247.9513,51.8318,66.7610
276.6732,245.5135,51.3369,66.0448
277.2387,243.0167,52.0509,65.5038
279.0462,243.3536,52.1324,64.8299
279.2159,239.7130,51.7929,64.7543
281.0670,239.8329,51.7559,64.5145
285.9620,236.4721,51.1071,63.9230
288.8115,237.7076,50.8342,63.2606
293.1818,235.1375,51.0642,63.0187
297.9079,235.3181,50.5825,62.6575
300.7975,232.5209,50.1457,62.9094
305.2410,233.5377,50.1464,62.6535
306.1457,230.2201,50.1107,62.1941
309.0918,228.8683,51.2826,61.3655
314.8219,228.1711,50.4556,60.9877
315.8568,225.4007,50.1388,61.2694
321.3271,228.3062,49.7117,60.7152
323.2139,226.7927,49.4120,60.2686
330.2847,230.6102,49.0715,59.5341
332.7780,229.5741,49.2098,59.8979
338.1316,232.4022,48.7997,59.3903
340.8541,232.4633,48.4598,59.2681
345.3412,233.7547,47.9574,58.3797
349.1771,235.5504,46.9760,58.1335
349.3273,233.8613,46.6757,58.2057
353.7886,238.2907,45.9989,57.5928
355.7223,237.0196,45.3891,56.8775
358.6036,239.5777,44.4503,56.5850
358.5517,238.1789,44.5542,56.2063
358.8116,239.9897,44.0344,55.7529
358.9650,239.0893,43.7276,55.9850
358.3324,239.2946,43.4254,55.5742
357.6122,239.4019,43.3097,55.3597
357.4021,239.7898,43.7300,54.5838
357.8908,242.1434,42.7525,54.5144
359.9039,242.1551,41.7843,54.4909
361.0551,247.8024,40.9947,53.7864
363.6050,248.1916,40.3625,53.0080
365.3849,248.4290,39.7369,52.5331
367.7942,247.1687,39.2669,52.1546
369.5150,249.4487,38.6977,51.9029
370.3289,249.5670,38.4928,51.6663
371.8571,250.6184,38.2684,50.9795
373.5011,250.8225,37.7842,50.5714
372.0582,247.7334,37.8945,49.8108
372.1971,247.9617,37.6166,49.3540
372.2943,245.9939,37.4225,49.1902
375.0223,247.5685,37.4096,48.7627
373.9836,243.8329,36.7790,48.1093
374.2148,245.2551,36.3165,47.9325
376.5804,242.7187,35.5562,47.7109
378.1090,243.6491,35.1144,47.1579
378.9969,241.0548,34.6307,47.1779
379.8235,241.2423,34.2621,46.8029
382.0477,239.4538,33.6322,46.5616
384.7604,240.3883,33.2419,45.9513
385.5108,238.6244,32.9842,45.7498
386.1860,236.2615,32.8695,45.5323
387.5225,237.7383,32.6578,45.0400
388.9786,235.4221,32.1850,44.7936
389.7481,237.3940,31.8542,44.4743
388.7350,233.2055,31.4848,44.4660
388.3901,234.5346,30.9826,44.1911
388.2060,233.2629,30.1717,44.3762
384.7470,237.5412,30.0777,44.0000
380.9283,237.0163,29.5853,43.8884
376.4561,237.2184,29.3173,43.4842
373.1834,237.7986,29.0163,43.4649
369.2967,237.3861,28.8395,43.1540
365.4747,238.5717,28.5864,43.0390
362.4725,238.0001,27.8576,43.0601
359.8513,239.7356,27.5481,42.9203
358.9854,238.7764,27.0738,42.6325
356.3866,239.3894,26.8168,42.4973
357.0530,238.3993,26.5686,42.3084
355.9474,240.0396,26.6247,42.2606
355.9755,241.1482,26.5685,42.1989
356.4322,242.2611,26.7310,42.1249
356.9281,243.4763,26.8169,41.8497
357.9658,243.5867,26.8912,41.6289
359.4918,244.8889,27.0575,41.1701
359.5303,243.9176,26.9805,40.9752
361.2372,246.6232,26.7601,40.8865
364.0114,246.7770,26.5091,40.5789
364.6789,242.9464,26.2249,40.8854
368.4558,241.6107,26.0247,40.4052
369.0629,241.7559,25.8506,40.1147
370.2725,238.6919,25.4969,40.0463
371.3753,230.6222,25.3428,39.7730
372.4439,225.2973,25.2438,39.2122
375.6797,221.8999,24.8267,38.9436
378.8718,220.6536,24.4310,38.4418
382.4587,220.9268,24.1449,37.8954
385.5301,217.6463,23.8282,37.6595
390.0357,215.1068,23.4765,36.9654
392.5685,213.2877,23.1403,36.8202
396.0150,211.4721,22.8140,36.6989
402.2064,211.3681,22.5317,35.9762
405.3968,210.6865,22.5579,35.5088
409.0130,210.4901,22.5954,34.9929
412.9777,209.3242,22.7806,34.6197
416.6268,209.1415,22.6755,34.0861
417.8403,210.8992,22.9166,33.2387
421.1993,210.8154,23.2433,32.5257
422.9677,210.6071,23.2073,32.0670
422.9863,210.8804,23.1701,31.5204
422.9253,211.1168,23.2921,31.0477
422.8960,211.8531,23.3507,30.4287
422.1203,209.8360,23.2118,30.2375
421.7128,210.4800,23.1870,29.7894
422.0974,211.0884,23.2505,29.4052
422.5981,211.2862,23.0769,29.0095
421.8987,211.8440,22.8377,28.7129
421.9476,210.3895,22.7400,28.3800
422.0041,210.1042,22.6270,28.1467
422.4887,208.1746,22.4563,28.0139
422.9375,210.3795,22.3522,27.5721
423.3521,207.6968,22.3081,27.4416
426.1958,207.7900,22.0977,27.2551
427.0846,205.9938,21.8724,26.9668
429.9803,202.8280,21.4574,27.1539
430.3997,202.4090,21.3829,27.2276
434.6405,202.1782,21.3067,26.9251
437.8083,198.7924,21.0372,26.8722
440.5476,195.4498,20.8302,26.7798
444.8893,192.8833,20.3783,26.6747
447.2449,191.4904,20.1029,26.5030
450.5542,190.1845,20.0744,26.1859
452.5038,188.4354,19.8097,26.0497
457.5804,182.0899,19.7438,25.7713
461.6351,179.5770,19.5016,25.7908
448.8729,174.6554,19.4105,25.6721
441.1286,172.3251,19.3175,25.3750
443.6573,169.5946,19.1755,25.2185
444.4158,167.2409,19.0535,25.0435
442.6742,167.0243,19.0726,24.7837
437.9441,166.0102,18.8841,24.7443
432.5151,165.6475,18.7741,24.7843
425.1084,162.9406,18.5322,24.7234
419.6911,163.0446,18.4958,24.5154
413.9954,163.1515,18.4006,24.3017
413.3949,159.8081,18.2598,24.2797
406.0979,157.5223,18.1526,24.1738
397.7955,157.6679,18.1356,23.8826
389.8854,157.1329,18.1122,23.6323
382.0229,157.6072,18.0943,23.3396
374.1940,156.4196,18.1235,23.1101
374.5167,155.2310,18.1261,22.8945
384.5625,156.2919,18.0267,22.7074
389.6997,153.8045,17.9990,22.5590
397.9201,153.6268,18.1383,22.2766
415.0912,155.2843,18.1195,22.1397
417.9071,155.7391,18.1866,21.8634
405.8620,155.6454,18.3352,21.4207
2
0
0
0
0
1
369.3000,155.0455,17.8020,17.1610
378.0555,153.0950,17.9094,17.2079
388.3107,152.5101,17.8601,17.2716
393.2605,152.2126,17.9186,17.3135
399.0911,150.1930,17.9086,17.4689
398.2153,150.2014,17.9888,17.4522
392.6271,149.3471,18.0030,17.4863
386.1419,149.4014,18.1193,17.3779
379.7049,148.2613,18.1369,17.4221
373.5402,147.4542,18.1473,17.3564
368.7956,148.3011,18.1322,17.3400
363.1917,147.7492,18.1682,17.3264
358.7104,147.7488,18.1880,17.3274
351.9556,149.9941,18.2755,17.3107
347.1074,150.0285,18.4458,17.2420
343.1739,149.9439,18.4457,17.4112
337.9572,151.5809,18.7160,17.5248
341.6310,151.5491,18.7867,17.5884
342.9972,151.8378,18.9180,17.5839
345.2296,152.4006,19.0513,17.6077
347.1532,152.4461,19.2445,17.5167
350.0138,151.8573,19.3107,17.5368
353.9466,151.3265,19.5667,17.4381
358.2333,146.9561,19.7308,17.4413
363.6209,146.1673,20.0728,17.2635
368.7059,145.6379,20.4787,17.1472
374.8184,145.0278,20.6849,17.1836
380.8474,144.6668,20.5413,17.3097
384.6359,143.7141,20.7062,17.4286
387.7842,143.7763,21.0094,17.3042
390.3914,143.8295,21.2191,17.1979
392.7544,144.7813,21.3263,17.1067
396.8859,143.0499,21.5240,16.9435
401.0572,143.3884,21.6473,16.8713
402.2009,143.7439,21.7817,16.7655
407.2520,144.9872,21.9774,16.7021
410.5676,145.0304,22.0308,16.6156
410.2934,144.4246,21.9721,16.6131
410.3679,144.3987,21.8231,16.6648
408.2563,144.3569,21.8131,16.7484
407.6479,141.9273,21.8180,16.7599
405.3458,141.9568,22.1787,16.7011
402.6054,139.8021,22.1626,16.7351
400.3848,140.1125,22.3263,16.7253
399.3531,140.0945,22.5495,16.7614
396.9528,139.9787,22.4110,16.9929
396.3857,138.6567,22.3071,17.1607
395.4872,138.0425,22.2434,17.1486
394.3948,136.6920,21.9521,17.3734
394.5617,137.4795,21.6183,17.6533
393.4826,137.3815,21.3059,17.8493
391.0344,137.4408,21.2741,17.7306
388.9443,137.7252,21.1589,17.7754
386.3273,138.0049,20.8800,17.8285
384.1994,140.0228,20.8719,18.0567
383.4196,139.8840,20.5936,18.3340
381.4349,141.9079,20.2736,18.5758
379.2331,143.5307,20.3957,18.3884
376.8125,145.3735,20.3522,18.3663
375.9152,146.5711,20.3183,18.4093
373.5064,147.1366,20.2582,18.4977
372.1263,147.0593,19.9677,18.6522
368.7166,148.9629,20.0979,18.4936
363.7894,149.8968,20.2305,18.4486
359.4399,148.1153,20.4041,18.3579
354.5447,147.7633,20.4311,18.4517
352.1369,148.1027,20.3497,18.3851
349.6692,147.8178,20.4067,18.3451
347.4772,149.4317,20.5203,18.1674
