1
52.9099,578.8357,47.5866,44.7832
77.2447,589.3594,48.3692,44.0985
102.6578,596.3383,48.4958,44.6988
126.0832,607.1831,51.5342,43.5516
150.3284,614.9614,53.9109,42.9560
174.8564,622.6331,56.6377,42.8430
199.7414,629.7054,58.4418,42.7638
227.1379,635.1633,59.2639,42.9712
253.9257,640.4731,58.6494,43.5857
286.5153,646.6242,57.6954,44.1286
318.6741,652.6760,57.3764,44.8246
351.7105,657.2258,57.1671,45.3635
383.6526,659.8212,56.1500,46.6207
417.6566,659.5627,54.4266,48.7544
451.1679,659.5165,53.9996,50.4711
483.9407,657.6060,52.6079,52.6471
516.9781,655.8056,51.1781,54.5903
548.3392,649.8633,50.0765,56.4824
579.6862,644.2969,49.4440,57.5512
610.1229,637.9726,49.1857,58.4136
638.0849,631.5974,49.1281,59.3136
663.5461,625.1895,49.3815,60.1883
688.0231,618.0163,50.4063,60.7474
707.5574,612.3702,51.5546,61.5482
726.9730,607.8075,51.8703,61.7766
745.8003,603.1264,51.7639,62.1988
765.2947,598.6185,52.2169,62.2504
785.5264,595.9222,53.1743,62.2405
802.8658,590.5898,53.0024,62.0083
818.2775,590.0414,52.9457,61.2954
833.7226,584.3411,52.6193,60.1108
854.7096,583.9118,51.4541,59.1951
872.9734,581.6861,51.4966,58.4223
887.4897,578.4183,50.1464,59.7673
906.9635,576.1409,49.2428,62.5928
917.1413,574.7093,48.2257,63.6980
930.7328,570.2026,47.4182,63.9195
945.2921,569.3646,46.2760,63.8471
959.5361,567.2388,45.4470,66.3700
968.2542,566.1808,43.7894,68.4859
975.1626,561.9689,44.0317,69.8802
986.0073,556.9482,45.5123,67.4455
1000.2504,552.1147,47.1240,64.7193
1004.3405,545.9734,47.7230,62.9549
1011.7492,546.3081,46.8163,62.2857
1018.9926,541.6623,46.0399,63.0082
1022.2117,534.5704,44.7381,63.4951
1028.2365,528.2731,44.5748,62.5055
1039.4342,518.0339,44.0245,62.8194
1044.3390,501.2906,44.2712,62.7848
1055.3707,494.0843,45.7221,60.4012
1057.5714,489.0152,46.3225,58.8687
1058.9294,484.7495,46.9135,57.4787
1059.8583,474.0238,46.6979,55.9438
1061.6713,464.0166,46.3013,54.9664
1071.9922,455.2838,47.9659,53.3124
1070.7418,453.9352,48.8722,52.8207
1066.8641,459.6955,48.6217,52.5082
2
0
0
0
0
1
1074.2567,403.7958,27.7344,12.8399
1073.3397,398.4865,27.6841,12.7807
1073.4591,393.4921,27.4453,12.7480
1072.6825,385.7290,27.1315,12.7168
1072.5510,378.5925,26.7774,12.7946
1072.1077,371.8505,26.4373,12.7842
1070.7426,364.8878,26.1264,12.7202
1068.7749,358.9124,25.8437,12.6194
1067.7378,354.4292,25.5310,12.6352
1065.4614,351.5373,25.3445,12.4951
1064.0972,349.2273,25.1369,12.4172
1063.0479,346.6104,24.9040,12.4051
1062.5776,342.8616,24.6859,12.3726
1062.4089,340.0239,24.4479,12.2932
1061.9528,337.4758,24.2189,12.2536
1062.0470,335.5327,24.0304,12.1736
1063.0050,335.5713,23.8018,12.0965
1064.7767,335.6013,23.6049,12.0365
1066.2800,336.1545,23.3676,12.0378
1068.8597,338.0653,23.1616,12.0688
1071.1262,340.0015,23.0117,12.0316
1073.9589,343.5769,22.7969,11.9665
1078.3828,345.7650,22.6015,11.9165
1082.2261,347.1335,22.4336,11.8647
1087.3694,345.2665,22.2868,11.8629
1091.9552,345.5299,22.1505,11.8677
1095.7521,347.3624,21.9705,11.9097
1099.7913,347.3242,21.8068,11.9861
1104.8414,343.8724,21.7104,12.0449
1109.3568,339.6293,21.6233,12.1134
1114.3705,335.6473,21.5897,12.1876
1118.2815,331.4136,21.6689,12.2270
1121.1475,327.4461,21.7514,12.2331
1122.6995,324.5431,21.8269,12.2102
1124.4843,322.4621,21.9719,12.1269
1124.4113,320.1399,22.1179,11.9890
1123.8278,317.0178,22.2225,11.8594
1122.7418,316.8009,22.2725,11.7627
1120.5613,315.5550,22.3972,11.6067
1118.1022,316.4210,22.5570,11.4608
1115.7013,316.4944,22.6019,11.3139
1112.4835,317.3988,22.7174,11.0851
1110.0800,317.4840,22.8052,10.9147
1107.9725,317.0401,22.8384,10.7571
1105.5792,316.6028,22.9409,10.5908
1103.2383,316.4021,22.9516,10.4732
1102.6807,314.6809,23.0327,10.2958
1100.8452,313.4785,23.0972,10.1245
1100.5908,313.0392,23.0930,9.9771
1100.3127,314.1337,23.1385,9.8298
1100.0751,314.6812,23.1055,9.7519
1100.0865,315.2115,23.0824,9.7046
1101.8759,315.4762,23.0423,9.6806
1103.6893,315.9819,22.9466,9.6781
1105.2468,317.9821,22.8497,9.7019
1107.7887,321.7440,22.7866,9.7091
1109.6473,323.9460,22.5783,9.8167
1112.7255,324.1265,22.4240,9.9558
1115.8462,321.7836,22.1871,10.1381
1118.8960,320.2172,22.0892,10.2702
1120.9633,317.8903,21.9628,10.4148
1123.4705,314.8703,21.9656,10.4342
1124.9628,312.3377,21.9936,10.4785
1125.6952,310.0316,22.0385,10.5613
1125.9585,307.9457,22.0172,10.6902
1126.1947,305.6498,22.0520,10.7163
1125.8887,303.6107,22.1558,10.7284
1124.5820,303.3288,22.2191,10.7823
1122.9976,302.4866,22.3172,10.9310
1120.6501,304.2667,22.3691,10.9820
1119.1453,304.2238,22.2740,11.0678
1116.3143,304.4756,22.2423,11.0817
1114.2274,303.6754,22.2769,11.1300
1111.1635,302.5608,22.1803,11.2843
1108.6172,301.4377,22.0731,11.4506
1106.0414,302.1570,22.0121,11.5757
1104.0081,303.6873,21.8987,11.6503
1100.9750,301.7807,21.6993,11.8086
1098.4197,299.3418,21.5907,11.9892
1096.6068,297.4617,21.5529,12.0858
1093.7589,295.3433,21.4793,12.1268
1090.4133,295.0498,21.3573,12.1897
