1
53.5473,577.8336,46.3117,45.3382
78.9079,588.0831,46.1055,45.0452
102.6813,595.1867,45.9277,45.1922
128.0931,604.9490,45.3271,45.7568
154.0459,613.1880,46.4938,45.0570
178.7966,621.0760,47.4519,45.1397
203.6289,627.7064,48.8181,45.0011
232.1366,633.0535,50.8892,44.6470
259.2511,638.7391,52.2974,45.3056
289.3247,645.3975,53.5929,45.8134
321.4859,651.3058,54.9691,46.5109
353.2686,656.7178,56.8693,46.8637
384.1637,659.1005,57.0834,48.6253
417.1869,660.8338,57.5718,50.1487
449.8438,660.9785,58.3779,51.5546
482.6216,658.2689,58.5769,53.5132
515.1931,655.6814,58.7297,55.1587
547.2194,650.3749,59.2358,56.8051
578.9661,643.0609,59.6984,58.6419
607.6446,636.5468,60.1133,60.4884
635.9442,628.9703,60.4914,62.3469
661.8699,622.5146,60.8688,63.6518
684.0443,615.2735,61.6193,64.4082
705.7328,609.7429,61.9025,65.5466
724.1642,604.1515,61.1632,66.6950
742.4010,601.7307,60.9245,67.5106
764.8044,594.4513,60.6001,67.9158
786.4674,591.3022,61.7813,68.1448
801.8353,588.4202,61.7276,67.7726
818.4017,582.8417,61.2159,66.6965
828.6219,583.5663,62.9284,65.2474
853.8307,581.0471,62.9717,64.2304
872.5301,579.8212,61.6297,64.6791
887.3316,575.1613,59.8722,66.0430
904.9091,576.5684,60.3991,65.2112
911.2781,575.7451,59.5276,66.8579
930.4435,568.3942,58.9970,67.6332
947.5099,567.4503,58.7456,69.5210
955.5515,565.6790,56.7895,73.0634
969.2097,563.8878,56.0049,74.6051
969.1729,561.3657,54.0269,77.5976
982.4241,553.6362,54.3630,76.5405
998.4049,541.8854,55.2664,75.3934
1006.1392,536.2450,54.1585,76.4166
1014.3384,533.1638,52.1016,78.4813
1020.8599,527.0847,51.3342,78.3642
1026.1302,514.9803,50.9504,78.1964
1029.8563,507.3831,51.5880,77.2111
1041.0293,494.2534,51.4432,77.2330
1042.6305,486.1980,52.2730,75.1980
2
0
0
0
0
1
1071.4728,453.7018,33.1545,21.1893
1072.4564,444.7628,32.8884,21.2048
1071.6680,439.7053,32.7715,21.1572
1071.7218,432.5710,32.6639,21.0720
1071.4611,425.4932,32.3441,20.9256
1072.0638,418.9461,31.9726,20.6748
1073.2018,412.0041,31.3452,20.5457
1073.3702,404.0570,31.0082,20.1849
1073.5208,397.8305,30.7073,19.8111
1073.0251,393.5975,30.1168,19.5771
1073.3036,388.2997,29.5598,19.2782
1072.0653,381.8892,28.9771,19.0971
1071.9817,374.1168,28.3912,18.8275
1071.5118,367.5807,27.8515,18.5837
1071.6787,360.4469,27.5177,18.2991
1069.3927,354.8056,27.0646,18.0959
1068.8816,351.0417,26.6715,17.8392
1066.1652,347.3976,26.5242,17.4551
1063.8879,344.7851,26.2565,17.1688
1062.7244,342.5083,25.8633,16.9617
1062.5457,339.9047,25.5499,16.8028
1062.7239,336.6641,25.1935,16.6500
1062.4923,334.1301,25.0011,16.4738
1062.9033,331.9438,24.8286,16.2987
1063.3130,331.6759,24.6536,16.1903
1065.3793,332.3843,24.3595,16.0530
1066.4819,334.0323,24.0533,15.9222
1068.7786,335.3409,23.8441,15.8101
1071.0488,337.2693,23.6523,15.6809
1074.3123,339.7402,23.2877,15.6690
1079.0455,342.8241,22.9795,15.6066
1082.5129,343.1580,22.6984,15.5437
1088.5448,342.9545,22.6266,15.3512
1093.0635,342.7003,22.5189,15.2641
1097.0098,344.2377,22.3258,15.1507
1101.4885,343.9937,22.1805,15.0513
1106.1171,340.8704,22.2613,14.8780
1110.4790,336.5871,22.2671,14.7149
1114.5449,333.7537,22.2462,14.5882
1118.7950,329.2275,22.3998,14.4097
1121.8615,326.1526,22.6058,14.2208
1123.7762,323.0566,22.8095,14.0748
1125.0856,320.2649,23.0746,13.8905
1124.9608,317.7537,23.3241,13.7143
1124.5747,315.5208,23.5180,13.5532
1122.8258,314.1195,23.5448,13.4634
1121.0623,313.8699,23.6076,13.3852
1119.0360,314.1938,23.6213,13.3145
1115.9091,315.0626,23.5394,13.3048
1112.6697,315.1292,23.6976,13.1714
1110.0118,315.1616,23.8413,13.1068
1107.9185,314.8960,23.9981,13.0622
1106.1232,314.6282,24.1254,13.0206
1103.5355,313.9869,24.0950,13.1465
1102.6584,312.8452,24.1088,13.1093
1101.7753,311.1134,24.1362,13.0949
1101.2219,311.0780,24.0833,13.1656
1100.6421,312.2482,24.0823,13.1464
1101.2888,312.8094,23.9486,13.1838
1100.9700,313.1000,24.0078,13.1811
1102.9941,313.9209,24.0153,13.2777
1104.4896,314.1836,23.9303,13.3333
1106.5255,315.8865,23.9247,13.4128
1108.5695,319.5997,23.9116,13.5541
1110.3767,321.8906,23.8033,13.6472
1113.3501,321.2673,23.6996,13.7251
1115.4995,319.1718,23.4897,13.8273
1118.3992,317.4441,23.5175,13.7864
1120.4030,315.4313,23.5872,13.7349
1122.6482,313.1579,23.7574,13.6208
1124.6069,311.1606,23.9225,13.5329
1125.6715,308.8608,24.1298,13.4594
1125.3524,306.2310,24.1821,13.4453
1126.7528,303.6106,24.3138,13.4077
1125.5480,302.7449,24.3721,13.3757
1124.3065,302.1854,24.5027,13.3185
1122.4872,301.8890,24.6069,13.3222
1120.6893,302.4788,24.6588,13.3239
1119.2280,302.7550,24.6240,13.3631
1115.9946,303.6283,24.5830,13.3913
1114.2150,303.3135,24.5935,13.4293
1111.6256,300.9202,24.4416,13.4776
1108.4052,300.5668,24.3828,13.5935
1105.8213,302.2816,24.2225,13.7160
1103.9885,302.2696,24.3379,13.7398
1101.0504,300.7322,24.2759,13.8455
1097.9735,298.3345,24.4829,13.8834
1096.3737,296.2160,24.6907,13.9317
1093.6140,294.9451,24.7893,14.0643
1090.0166,293.3333,24.7119,14.2579
