1
535.2972,200.7512,23.7433,21.5560
533.1637,207.9077,24.8200,21.2802
530.6436,216.0567,25.6749,21.0315
528.9933,223.1986,26.0279,21.1754
526.7097,228.6594,25.9698,21.1859
525.6528,237.1799,26.2191,21.4001
525.3429,242.8356,26.2090,21.5213
526.4830,248.2580,26.0919,21.7276
528.5139,252.6219,25.8478,22.0519
532.1603,256.5038,25.7831,22.1304
537.1506,258.4767,25.3801,22.1469
545.3464,260.0233,25.1937,22.1810
553.7010,262.5524,24.6551,21.9009
561.9386,264.5196,24.0272,21.6325
573.1984,267.6981,23.7827,21.5548
584.2700,269.1855,23.3723,21.1101
595.0865,270.0161,23.1450,20.4759
606.0577,271.5992,22.9274,19.9057
616.9972,275.0907,23.1103,19.4335
624.7644,277.0630,23.0500,18.4467
635.4763,280.9323,23.5933,17.2833
640.9211,282.4387,23.7204,16.1856
649.1725,285.6288,24.2802,15.1322
654.9072,287.9825,24.2239,14.9241
659.7868,286.9745,23.5991,14.8823
663.5687,285.9916,23.1833,15.1273
666.2307,285.5860,23.0654,15.6156
673.3526,289.0527,23.0479,14.8767
680.6935,289.3201,23.2940,14.2900
685.1311,289.5521,23.2767,14.0388
688.0834,288.3677,23.0914,13.9503
692.6897,286.6460,23.3179,13.8937
695.3939,285.2630,23.1735,13.6681
698.3653,283.1737,23.2952,13.6881
703.0507,280.0141,23.3058,13.7848
707.1284,277.4433,23.0617,13.6311
711.2667,274.4147,21.6616,14.3352
717.2203,269.4026,20.9952,14.2785
725.0980,263.2195,20.9687,14.1086
734.8986,258.9028,21.1121,14.0376
743.7740,255.4616,21.5049,13.9377
754.1075,249.8660,21.6182,14.0027
766.9792,245.6354,21.0856,14.3133
779.4309,239.6649,20.8885,14.7832
794.5364,235.2147,20.6468,15.3121
809.6817,231.1609,20.8414,15.4391
824.8542,226.2488,21.0076,15.4230
840.1113,222.0015,20.9878,15.7013
855.5795,219.2414,21.2303,15.7888
870.9909,214.9027,21.6322,15.5092
885.8294,212.0186,22.3172,14.8311
901.2150,207.3079,22.6748,14.7660
917.3825,201.8170,22.1523,14.7983
933.6318,196.7085,21.6662,15.1263
946.8175,191.5217,21.6675,15.0674
960.7527,184.1860,21.2764,15.1514
974.7073,176.5762,20.5716,15.2760
987.8567,171.1399,19.5064,15.5079
998.9365,166.8491,18.9273,15.6119
1009.9272,163.2935,18.7935,15.7238
1022.9393,161.5789,18.4737,15.7347
1033.4861,160.2417,18.1016,15.8298
1041.9299,160.7486,18.1254,15.8057
1052.1665,166.9487,18.0665,15.6616
1059.5607,171.7510,17.9481,15.7231
1065.5956,172.3513,17.6766,15.7266
1071.3822,168.2054,16.9242,15.8858
1075.4041,160.7486,16.2852,16.1632
1078.4259,153.0460,15.6085,16.5624
1081.9065,145.5341,15.2772,16.7508
1083.7263,138.1558,15.0184,16.8535
1085.9297,133.3753,15.1318,16.6562
1088.1665,128.2716,14.9190,16.7292
1089.7305,123.0434,14.9280,16.5873
1090.5490,119.8114,15.3139,16.1884
1094.0537,117.2771,15.6119,16.1024
1094.0546,115.7833,15.8940,15.6153
1094.4530,111.5763,15.6024,15.7580
1094.7749,108.4489,15.2468,16.2275
2
0
0
0
0
1
1127.6926,56.0568,12.1308,11.5510
1133.1337,54.0427,12.0964,11.5789
1138.0098,51.1601,11.7499,11.7879
1144.4003,46.8964,11.5041,11.9549
1151.3312,46.1764,11.5203,11.5504
1156.7992,46.0820,11.6750,11.3399
1162.2201,44.8580,11.8540,11.2997
1167.8235,42.0813,11.5832,11.1240
1173.2876,40.4183,11.4923,11.0444
1180.2864,40.8559,11.4679,11.0103
1186.8542,43.1544,11.8341,10.7515
1192.3003,46.9112,11.8116,10.4321
1200.3499,50.8490,11.6943,10.4050
1206.1848,56.5241,11.7136,10.4535
1214.3176,66.7396,11.9779,10.7446
1223.1553,78.3188,12.3212,10.6484
2
0
0
0
0
1
1254.2534,189.2503,16.3780,10.0000
2
0
0
0
0
1
1257.9971,300.9078,21.5697,10.0000
1256.2014,306.6018,21.4933,10.0000
1254.0276,308.9024,21.3522,10.1283
1250.1591,312.3607,22.2083,10.0000
1247.0132,315.6104,21.8918,10.0000
1241.2012,318.6845,22.4302,10.0000
1235.3712,322.5900,22.5992,10.0000
1227.8057,328.6369,22.4609,10.2370
1220.3138,336.7352,22.4592,10.4405
1211.8318,344.7022,22.7079,10.5661
1203.4104,354.3816,22.7541,10.5777
1195.1166,364.2785,22.6417,10.7543
1186.5739,374.0009,22.6259,10.8210
1177.6379,381.6438,22.9316,10.7854
1168.2559,391.1302,23.1320,10.7993
1160.0746,401.3953,23.0753,10.9176
1149.5764,413.6206,22.8974,11.1628
1139.7760,426.2630,22.4650,11.4711
1131.8356,436.7569,22.2046,11.5520
1125.2316,441.5758,21.8411,11.9745
1121.2032,445.8684,22.3686,11.9856
1114.8579,450.7844,22.3736,12.5116
1109.6050,455.5272,22.1758,13.0532
1105.3038,458.5698,22.1246,13.3139
1100.6920,463.7178,22.1159,13.3653
1096.9318,467.0135,22.5516,13.7429
1093.7209,468.3957,23.0357,13.5979
1092.0715,466.8067,22.7982,14.0171
1090.5997,463.6129,22.7106,14.1055
1088.4601,459.7369,22.7319,14.1965
1087.3158,457.4172,22.3483,14.2295
1086.2294,452.0244,21.8101,14.5882
1083.8257,449.9033,21.4672,14.9744
1081.1294,448.7045,22.2569,14.9561
1076.5358,448.8338,23.6404,14.4654
1070.3667,446.6276,23.2255,14.5498
1065.3817,444.3569,23.4004,14.7113
1058.9603,443.4345,22.8098,15.7452
1055.8956,444.9326,23.1193,15.7600
1046.7776,445.5430,23.7508,15.6542
1040.3970,443.7441,23.2559,16.2614
1033.7676,441.5268,23.5435,16.1697
1030.4490,438.0002,23.6741,16.4241
1022.6004,437.5284,24.9139,15.7844
1019.4458,432.8617,25.0683,15.8749
1015.6025,430.5547,24.7748,15.5893
1010.5946,428.0407,24.1558,15.7084
1006.9004,422.9882,24.1081,16.2286
1001.0629,420.8421,24.6533,16.1802
994.8383,417.8956,24.7913,16.1259
991.9926,416.1968,24.9606,16.2856
987.3950,415.9961,24.9706,16.3855
983.2505,416.0892,25.0962,16.4395
976.4860,415.6295,25.1553,17.0526
972.8052,416.5239,25.0145,16.7765
966.9103,416.2115,25.7950,16.8462
964.0444,414.8496,26.0532,16.9803
961.0839,413.5760,26.3493,17.0679
959.1002,410.9306,26.0944,16.8014
955.5203,405.6129,26.4685,16.4752
950.0505,402.8932,26.9066,16.1087
947.5344,399.8729,27.2617,16.2460
945.4952,395.1855,28.5609,15.6045
943.4647,390.1878,28.0584,16.2670
938.9719,384.2250,28.4928,16.4049
939.5131,378.0462,28.0728,16.7428
940.4124,370.1275,28.2374,16.2959
940.5514,365.1186,28.8384,15.8404
939.6061,361.7566,30.0929,14.9800
933.2696,358.9643,31.0708,14.3836
932.1993,354.2565,31.3528,13.8980
930.3161,351.2233,32.4981,13.2681
922.4485,350.9311,33.3624,12.9070
919.3514,351.2633,33.8769,12.4884
912.5423,349.8034,33.1686,12.4806
911.1555,346.9567,33.4127,12.3222
906.4541,342.7323,32.7659,12.5895
904.6777,338.0359,31.9587,13.0188
901.4309,334.1624,32.7437,12.8761
896.7175,331.3155,32.4042,12.8544
892.6885,328.9823,32.1994,13.1827
889.2995,326.8208,32.7098,12.9521
880.5330,326.4101,32.9460,12.7946
872.6508,325.2436,33.3001,12.5487
866.0898,326.7389,34.2052,12.1619
858.6846,327.9384,33.8223,12.5622
850.7156,329.2443,33.0006,12.8622
845.5984,330.2171,31.9645,12.8081
839.0811,329.6935,31.4139,12.9045
831.7971,329.0141,30.6171,12.6307
824.9324,327.5089,29.8868,12.5208
818.3563,325.7134,29.7813,12.4082
810.7132,328.7884,28.8344,12.5648
802.6477,332.3900,28.6620,12.3342
795.4160,336.0891,28.6262,12.2995
788.1761,339.1874,28.1870,12.0701
781.8444,339.7705,27.6801,12.2648
775.2472,339.4294,27.3035,12.2562
769.7568,338.6762,26.9230,12.1769
765.9013,333.5933,25.5386,13.3466
760.3337,330.9903,24.9322,13.7957
754.9489,327.2116,25.1592,13.6765
749.3133,324.6040,25.6986,13.0114
745.4673,319.3389,26.5725,11.9303
739.4611,312.9720,25.9585,11.9782
733.7042,305.1881,26.2915,11.4634
729.0373,298.1167,25.9179,11.6292
724.9668,290.6212,25.8425,12.0290
718.6845,282.1228,25.8620,12.1095
714.8829,277.1322,25.0781,12.4926
710.3812,269.9821,24.6730,12.9566
706.3038,265.0738,24.1274,13.5724
703.2949,258.8750,23.4400,14.7275
698.8789,254.3362,22.7194,15.7183
696.8630,250.9730,22.2502,16.4587
693.6272,246.7056,21.6606,16.9047
691.1775,243.7939,21.5847,17.5092
687.6127,239.8726,21.5921,17.9697
683.5627,237.7291,21.7146,18.4411
680.4995,234.8087,22.0897,19.0920
676.5927,233.4008,22.0264,19.3139
673.0438,231.3664,21.9555,20.0413
670.2686,228.5845,22.2418,20.0380
666.8767,225.3042,22.6354,20.1080
663.5675,223.2857,22.9353,19.8644
655.7078,220.6525,23.6720,19.6248
650.4141,219.9448,23.4453,19.5304
645.1041,217.8546,23.5062,19.6555
639.3309,216.6291,23.2827,19.7353
631.8710,215.2080,24.8863,18.6417
624.9301,215.3093,24.9441,18.5857
620.6804,217.1789,25.0480,18.6209
610.5577,217.6406,25.5505,18.1441
603.4413,215.3439,26.5403,18.1186
598.2410,215.2517,27.4953,17.6194
591.0102,215.0810,28.1609,18.0780
588.8981,212.2362,28.8082,18.1131
584.0642,206.6060,30.4127,17.4551
2
0
0
0
0
1
524.6318,211.3342,20.2836,19.7434
518.7209,212.8794,20.5202,19.7824
514.9252,212.5586,20.5003,19.5730
510.4123,212.6517,20.6809,20.1696
503.4379,214.7837,20.6675,20.2419
501.6077,214.7615,20.0661,19.9958
500.1413,215.5698,19.8935,19.9627
491.4572,215.9943,19.8865,20.5130
490.3195,216.4948,19.4401,21.0888
487.9306,217.9009,18.5649,21.6916
484.2805,220.3097,17.6762,22.4078
481.9780,223.6615,17.8991,22.0853
481.3760,226.2130,19.2702,21.2028
476.0656,229.5207,19.2222,21.6182
473.4937,232.7872,19.3027,21.2133
469.4373,236.1773,19.1463,21.1339
467.0609,240.1157,19.2488,21.2084
465.3735,243.1351,19.5288,21.5158
463.4234,247.4620,19.0931,21.6209
462.5580,251.4994,19.3038,21.4812
460.6917,255.5412,19.6074,21.2619
460.2352,258.4465,20.2951,20.5307
458.8416,260.8477,20.4196,20.7025
458.3345,262.5336,20.6301,20.7020
457.3327,264.3579,20.8360,20.7007
457.6417,268.4736,20.8599,20.5077
457.3752,272.1158,21.2201,20.6803
459.3844,272.1348,21.4001,20.8300
458.9850,277.0071,21.4097,20.5011
459.9602,281.5188,21.6090,20.2972
461.3477,286.1112,21.9611,19.4619
463.6141,288.7673,21.9602,19.0123
464.4698,291.4516,22.6252,18.3366
465.9091,294.2815,22.5132,17.7923
467.2515,295.6056,22.3728,17.6334
470.4347,299.4299,22.0374,17.4572
472.7348,302.2559,22.1479,16.7350
474.4223,304.3993,22.1864,16.2434
473.7758,304.7923,21.7913,16.0219
475.0187,307.6341,22.1014,16.0551
474.8564,311.0110,22.7433,15.5421
474.7417,314.5784,22.7294,15.4263
473.9160,319.1901,23.1586,15.2461
474.7266,320.7107,23.3713,15.6181
472.7193,327.0877,23.7410,16.0352
477.1044,322.7199,23.6069,16.6966
465.4442,319.2475,24.2910,17.3069
462.7860,318.6060,24.2742,18.2435
459.1429,315.3383,23.6879,18.6639
460.3248,319.1343,23.3553,19.5339
459.3238,317.8795,23.4541,19.9144
455.0070,317.3280,23.2194,20.2843
452.1201,319.3975,23.6395,20.3785
451.2011,320.1302,23.1841,20.4496
447.1718,319.9135,23.9367,20.1311
445.5862,322.1743,23.2692,20.5772
444.5891,324.2773,22.7345,19.9951
442.3181,323.8887,22.8823,19.7698
438.3871,324.1973,23.9479,19.5282
439.9358,324.8156,22.9655,20.0354
439.3198,327.1996,22.5901,19.3985
438.6627,327.3904,22.3805,18.9354
438.4486,327.7213,22.2811,18.4816
439.0785,328.2202,22.3530,17.7400
440.1800,329.1483,21.7939,17.5739
441.8069,329.3062,21.8194,17.0865
444.3856,332.0270,21.3139,16.9679
447.0599,331.5693,20.9346,16.4663
446.8909,331.9594,20.7799,16.2591
447.3367,332.1066,20.8035,16.2068
448.1880,332.4286,20.2899,16.1857
448.3137,333.3072,20.2098,16.0110
446.3725,335.9467,19.9674,16.0268
445.6877,338.3034,19.8463,15.8522
442.5622,338.4553,19.2286,15.3406
437.4460,337.3735,19.2623,15.0569
432.4254,338.3534,19.0703,14.5804
427.7516,337.5713,19.4218,14.1249
422.4167,338.2686,18.9068,14.3014
416.4893,338.7130,18.7297,14.0813
411.1258,336.3257,18.3695,13.9181
405.8824,334.9308,18.6225,13.8602
400.3719,330.3283,18.1878,14.0725
394.1723,327.2014,18.6489,13.8859
388.6751,322.9687,18.2519,13.7734
383.8599,319.8628,17.9921,13.7988
377.2844,317.1506,18.2049,13.5646
372.6236,314.4747,18.2118,13.1210
368.1172,311.3808,17.8242,12.9520
365.4706,308.8377,17.6653,12.8560
362.9512,305.6253,17.5211,12.8135
360.9408,302.1249,16.9545,12.9681
359.8162,299.9616,16.7046,12.7540
358.2043,296.2132,16.5104,12.7313
356.0252,294.0883,16.3639,12.6268
353.4068,291.8280,16.0049,12.6556
