1
141.6158,30.3110,34.3125,121.6728
140.0586,28.1732,36.1881,120.1771
138.6935,28.7976,36.9542,119.2838
138.9880,29.7024,37.7751,118.8556
138.4135,30.2724,37.7705,118.4976
137.9526,29.9767,37.7661,118.5983
137.2389,31.6794,38.6278,118.0777
136.1386,30.5057,38.5453,118.3629
136.5536,31.2086,38.6126,117.9718
135.7492,32.0139,38.6823,117.6959
134.7840,33.4975,38.7744,117.5919
134.0419,32.6163,38.5307,118.2775
134.6874,33.5436,38.7493,118.1056
134.1604,36.2564,39.2072,116.6691
132.7571,35.7018,39.2357,116.6915
132.3373,36.2391,39.2537,116.8071
131.8046,36.2345,38.5211,117.4247
132.0163,36.1840,38.2520,117.4259
130.7761,35.5404,37.9797,117.6633
132.4286,34.9033,38.5068,117.2169
132.1785,33.2853,38.3512,116.6715
133.1187,33.3583,38.4275,116.6743
133.9141,32.4398,38.3803,117.1814
133.3391,32.3721,37.9184,117.4360
133.9537,33.2880,38.0258,117.3840
134.9140,35.2151,38.3251,117.0662
134.3499,33.0693,38.2302,117.3881
134.8990,34.3403,38.4910,117.6193
135.9933,34.9884,38.7519,117.7739
136.2536,34.1853,38.4201,117.7901
137.1003,35.1810,38.6588,117.2996
137.5141,35.3394,38.4566,117.5237
137.3270,35.8091,38.4345,117.4745
136.5422,36.2159,38.5912,117.1673
136.5272,36.9199,38.6119,117.1367
135.9312,37.8536,38.6173,117.0035
134.6020,36.9301,38.6461,117.4027
134.8072,36.9504,38.5077,117.6699
134.5733,37.7141,38.8515,117.2524
133.1528,38.1028,38.5928,117.3086
133.1875,36.4294,38.5888,117.4718
133.4696,37.2771,38.4844,117.9921
132.7360,37.0657,38.7289,117.7569
132.3646,37.6088,38.2724,117.7043
132.5179,37.7088,38.3976,117.7557
132.7346,37.5811,38.3528,118.0792
133.3667,38.5603,38.4077,118.2377
133.2722,39.0322,38.1038,117.8801
133.9301,38.9644,38.5025,117.8022
133.1039,39.8439,38.4538,117.8661
133.2726,40.8049,38.0795,117.2089
132.3557,39.3231,37.9054,117.5098
132.5597,39.8201,37.8390,117.0808
133.1161,40.4452,37.8007,117.7621
131.3892,39.1721,37.9173,118.0082
132.0391,39.2052,38.1745,118.2852
131.5786,40.1233,37.7812,117.1908
132.1529,40.0368,38.1067,117.5656
132.4770,39.7217,38.1041,117.3634
133.1354,39.3303,38.3745,116.8143
134.2216,39.6002,38.8633,116.3820
134.2147,39.5318,38.4467,116.1036
134.8165,39.5516,38.6158,115.8942
134.8298,40.8619,38.2871,115.3774
136.5314,42.2376,38.7495,113.2979
137.4865,43.3718,38.5893,112.6867
137.7402,42.6242,38.6833,112.1508
137.2842,42.1560,38.3845,111.5397
137.8219,44.2890,38.0540,109.8117
138.7711,42.9887,38.2544,109.5142
139.5198,43.6501,38.5851,108.2449
138.5222,44.6449,38.0988,108.0226
137.4778,45.5230,38.3470,107.2538
135.9742,46.3406,38.7642,106.8005
134.6651,46.1158,39.6331,106.1862
131.8145,46.3642,40.5727,105.6955
126.1715,44.2141,41.5502,104.8585
123.3228,44.3127,42.2599,103.7902
118.0970,45.7280,42.5532,102.0233
110.9202,45.6445,43.0843,101.2382
107.3629,42.6018,43.1917,101.8331
102.7660,39.7629,43.4133,103.3101
98.7535,38.2803,44.1051,103.7067
96.8455,40.2858,44.8600,102.9715
94.5601,43.0788,46.1795,99.3927
91.8400,46.0238,47.7534,95.3207
89.8542,48.5398,49.4551,92.4363
89.4443,51.4927,51.1058,89.0462
91.8423,51.9377,54.3745,86.5110
91.4608,52.3163,58.3397,84.4537
90.4257,53.2985,63.2514,82.3749
88.7703,53.3167,67.4981,80.9751
89.3021,51.8530,70.2210,81.6550
89.2294,49.5761,72.6856,82.6443
107.7867,45.6906,68.0617,87.4625
118.7539,42.2684,65.4882,91.3155
123.1162,37.4716,61.5093,95.1813
121.5153,30.8030,61.2967,99.0635
120.5081,30.3475,61.7699,100.3405
119.0362,30.3988,62.5019,99.1603
114.4579,32.5395,61.9488,99.1294
112.3296,33.4065,61.8963,98.6173
114.3998,36.2138,61.2044,98.6334
120.4900,37.9970,56.2872,101.1422
118.1568,37.7313,54.1718,103.3101
119.7423,38.9673,52.3666,103.5578
119.9322,37.4978,52.2837,99.3498
119.1737,40.3697,53.3062,95.9981
115.8883,44.1904,55.3174,93.9050
114.6586,44.8766,57.7121,92.3835
115.1386,42.5489,59.8514,92.3713
118.6672,40.4775,60.4017,92.9476
126.5155,40.8445,56.6200,96.7374
130.2105,37.4724,51.9862,103.6450
130.2590,38.6022,49.5814,108.0760
129.6261,37.6021,49.1511,109.3619
124.5158,37.9379,50.0308,109.1056
119.0223,38.4103,52.8762,108.7581
125.6503,38.5886,51.1617,109.7527
129.2049,38.9868,49.7414,112.3580
131.9755,41.8024,46.7406,116.7868
133.6320,41.7633,44.9962,117.9735
133.0095,41.4161,45.0674,115.9964
128.5183,47.2065,50.0199,111.4835
127.4276,45.0847,54.3619,107.5936
131.9397,36.8345,55.3891,107.0599
135.4178,42.4804,53.3008,104.6282
134.8682,45.4924,51.2557,103.0984
135.9759,45.0855,49.8499,102.2643
137.0369,50.8742,49.6527,101.8826
137.0840,58.2812,49.2426,101.5808
137.2467,60.3072,48.6160,100.9398
137.4592,67.8133,47.8668,101.4460
138.5921,72.3516,46.6835,102.1600
139.1434,73.3496,45.8594,102.5424
138.8731,75.0753,46.2282,101.7446
130.9438,76.9433,48.9218,99.3911
125.9576,74.0785,53.5563,94.7582
121.7712,66.0140,62.1243,86.2742
121.5789,55.7747,74.2759,74.9922
115.9231,56.2115,86.3191,64.7235
101.5890,48.4998,94.7238,59.1364
104.7330,34.7880,92.9407,64.4300
111.2582,23.9012,85.5408,73.2955
124.8725,19.1029,75.9085,83.0338
136.4741,23.9579,67.8126,93.1318
141.9796,27.7224,61.5340,101.0745
147.1051,34.6256,55.6538,103.9614
155.2361,51.5121,58.0901,97.0710
160.2472,60.0892,65.3006,87.9584
157.6766,66.8688,75.9031,78.1115
145.6348,77.4267,82.9203,68.9120
143.2149,89.1630,86.5397,62.6712
143.7104,100.7640,82.2890,66.0868
142.7906,98.2757,75.6267,71.2049
147.9107,93.6785,68.9183,76.3726
152.9278,90.1874,61.2409,82.1131
154.2987,83.0362,55.0793,88.0235
152.7337,78.1929,51.7200,92.2413
144.4840,73.4363,50.9359,97.1432
134.6138,65.0181,54.1640,96.5482
127.1436,63.7388,59.1069,91.8035
116.7360,51.3234,67.4941,81.8656
106.1132,44.5610,75.8166,73.3036
96.9719,42.4858,84.3871,65.5550
101.4183,41.1331,87.5794,60.4945
102.2721,32.1817,88.1060,62.1351
102.8105,29.4606,87.4364,64.2921
102.9477,31.1541,84.8576,66.8007
116.9314,25.9714,77.1141,72.8912
129.1014,17.9886,67.8190,80.5433
136.9484,23.2457,61.0532,81.8785
145.0128,19.1113,55.1407,84.1845
148.6837,27.6833,53.4059,79.9618
150.8167,32.4587,55.9019,73.4811
154.0274,36.1137,60.9456,66.6032
158.3450,36.9184,63.5358,61.6541
160.2708,53.6581,69.4221,53.5249
163.0453,61.6649,73.2076,47.9934
160.5591,66.8686,73.1322,45.9571
156.1002,68.5123,67.1111,51.2865
155.9777,72.7460,58.9396,60.0743
160.1635,71.1924,51.7045,68.5459
159.2662,73.6884,46.2289,72.1648
159.4821,74.3678,44.2429,72.4482
156.3616,73.5102,43.6260,71.4959
156.8042,73.7582,42.6727,70.6026
158.2676,70.2003,41.1124,70.1170
160.4522,70.7938,39.4124,69.8641
161.5616,67.8519,37.4985,70.1204
161.6783,67.2369,36.1143,69.2224
162.5712,65.9582,35.0699,68.8263
164.6816,64.3904,35.1936,68.0197
166.3552,64.2580,35.3899,67.2013
166.1679,63.6910,36.0846,66.5729
167.6311,63.7827,37.2322,65.8213
168.0484,63.1273,38.2506,65.1870
166.9071,65.0896,39.4035,64.5224
167.5547,65.0180,40.2935,63.7619
168.5837,65.8032,40.9220,63.0211
167.4484,66.2990,41.5906,62.0284
166.3868,66.6272,41.8949,61.5602
164.5452,66.8638,41.8597,61.5723
163.2776,67.5658,42.6951,60.7170
161.1417,67.6488,43.7320,60.4815
159.7856,67.5202,44.8308,60.5636
157.8922,67.2066,45.2498,60.9312
155.0442,65.8115,45.7061,61.5825
155.1874,63.3988,46.1656,62.3384
156.5184,63.0636,46.6216,62.9213
156.7071,62.3400,47.1703,63.7656
157.1712,60.1275,47.6386,65.2603
159.2918,59.8814,47.8548,66.6458
161.3310,58.1553,47.3845,68.3551
164.3816,56.4950,46.5672,69.6699
166.9724,54.2222,45.7484,71.3295
171.8624,51.3065,44.0145,73.5709
175.3368,47.6045,43.0614,75.6305
176.6341,47.3494,42.2404,77.2023
178.6168,46.3495,41.8332,78.4703
180.2580,46.7885,40.4924,80.2676
181.1067,46.0199,39.5735,81.4834
182.2722,46.5972,39.4278,82.3814
182.4625,47.8263,39.1337,83.5766
182.1672,48.5319,38.1777,85.0035
184.4779,49.5949,37.7492,85.9807
185.2706,49.7651,37.3401,86.5737
186.3104,49.4088,37.2141,86.7502
185.8256,50.7040,36.7997,87.0504
185.7925,50.0225,36.1480,87.3078
186.1914,49.9953,35.5216,87.6924
187.3065,49.7636,35.3768,87.7798
187.5981,49.4233,35.1903,87.7867
187.4969,49.6480,34.8962,88.2412
188.0155,48.3565,34.4819,88.0608
189.0177,49.0842,34.3099,88.2153
188.5511,48.9190,33.9260,88.2331
188.8547,49.8647,33.6835,88.2469
189.6984,50.3175,33.3100,88.0905
190.3282,50.9340,32.9917,87.9910
189.8774,50.4083,32.8117,87.7782
190.3156,50.6664,32.8749,87.6149
190.9831,50.8765,32.8313,87.5450
191.6665,50.8128,32.4454,87.7279
191.6834,50.4814,32.3372,87.6276
192.2207,51.3752,32.1898,87.6520
192.0265,50.8714,32.0784,87.7739
192.2478,51.7815,32.0181,87.8509
192.4269,51.4898,32.0051,87.9580
192.9086,50.8368,31.9355,87.9894
193.4919,51.6000,31.9093,88.0331
192.6862,51.3790,32.2154,87.7127
192.6143,50.9569,32.2309,87.7199
192.9953,51.4800,32.3744,87.7670
193.5517,51.0674,32.1696,87.7410
193.5502,52.4125,31.5368,87.5723
194.1811,51.9357,30.5461,87.2271
193.6797,53.5360,29.7698,86.3479
192.6925,54.3629,29.5613,84.9905
191.4741,55.5629,28.9763,83.4351
190.0687,55.5740,28.2694,82.6556
189.5206,56.8650,27.9071,81.4660
189.3303,56.0187,27.5610,81.2103
188.4292,57.1964,27.3128,80.3738
187.7025,56.6997,26.8406,80.0951
186.2508,57.7075,26.8521,79.7069
186.6906,56.9988,26.4856,79.7812
186.1211,57.3218,26.6341,79.7769
186.2262,57.4622,26.6997,79.9349
185.0941,57.8033,26.5182,79.8454
187.1111,57.4014,25.8964,80.3045
185.5278,57.2392,25.6763,80.2168
187.3836,58.3259,25.4033,80.5415
187.5281,57.8769,25.0585,80.7376
187.9636,59.2871,25.0429,80.9633
188.3966,59.4653,24.9125,80.9710
187.4380,58.8753,24.5109,81.1357
188.7102,60.7750,24.3551,81.2774
188.5817,60.7134,24.2724,81.0489
188.2764,60.7583,24.1968,80.7162
188.8000,61.7119,24.1615,80.6481
188.7238,61.8462,23.9366,80.1806
188.9098,62.0893,23.7428,79.7563
190.0342,63.3498,23.6749,79.5006
189.3643,62.5296,23.3884,79.3052
189.6870,62.5005,23.4530,78.8157
190.4818,63.6987,23.3565,78.9788
190.2952,63.2723,23.3601,78.6576
191.1796,62.7131,23.2452,78.7301
190.8022,63.4055,23.2162,78.2990
191.8130,63.0827,23.2109,78.3963
191.8545,61.6654,23.2655,78.7161
193.1698,61.9112,23.1243,78.6560
192.5515,62.1224,23.1065,78.1397
193.2265,60.4519,23.1416,78.6385
193.6917,62.0372,23.2894,78.0832
193.7205,60.9911,23.3656,78.1957
194.1359,61.4077,23.3628,78.3482
193.7802,61.1419,23.5688,78.1736
193.4657,62.1606,23.6966,77.9690
194.1935,60.2872,23.4642,78.4364
193.5511,58.6021,23.3716,78.7628
194.1448,60.5766,23.2950,78.3935
193.6111,57.6758,22.8017,79.1181
193.6361,58.1746,22.4141,79.5511
193.6500,57.3054,22.2027,79.7931
193.9626,56.4088,21.9023,80.8117
194.3530,57.2798,21.7186,80.9680
194.2012,57.7889,21.5741,80.2772
194.5715,59.1245,21.3001,79.8843
194.2656,58.5673,21.1479,79.5248
193.8947,59.8678,20.9449,78.9211
193.2439,59.5398,21.1005,78.2947
192.0187,60.1161,21.4600,77.3287
192.4382,63.7198,22.1700,75.5815
189.4993,63.9298,23.0219,74.1583
187.6072,64.7410,24.0912,72.7894
187.2639,64.1974,24.8875,71.7804
186.3699,66.7483,26.1121,70.4184
185.0582,69.6866,27.8931,67.7635
182.5234,71.1102,29.6369,65.7964
181.5169,73.6217,32.8536,63.2261
178.3624,77.8678,36.3131,60.0666
175.4894,79.4165,38.8618,57.6844
174.3830,80.5108,40.9204,56.1679
172.9161,79.4291,42.5919,55.9508
171.8972,80.0694,44.0457,56.1209
167.1951,76.8643,43.8793,56.9023
163.7597,75.5595,42.3993,58.0060
161.0721,74.7186,40.6076,59.1564
159.7385,74.8051,38.5977,59.8560
158.7937,74.4215,37.2949,60.2288
159.3614,73.7391,36.7865,59.2801
159.6397,73.4752,36.3697,58.7313
157.8199,72.9246,36.9988,57.7908
156.3974,72.4647,37.9398,57.2039
152.0613,70.7803,39.4829,56.6050
151.0576,70.6832,41.2602,56.0147
149.7175,70.0650,41.6450,55.5573
148.0025,70.0849,39.2046,55.5791
148.2303,72.1116,35.9578,56.7432
148.0967,72.2413,32.7566,58.2392
150.0179,71.8972,30.5201,58.7238
148.9664,70.1898,30.2044,58.1410
149.8775,69.7601,30.2629,58.0644
153.7680,68.1698,29.9637,58.8851
155.9053,67.6179,29.8976,60.0530
157.6896,67.2584,29.3964,61.5652
157.4608,64.8141,29.3884,62.8020
156.5531,60.5753,28.3728,64.2620
156.9767,58.0101,27.9840,65.2145
159.6086,54.4184,28.1003,66.1038
162.3108,54.5234,28.2930,66.9388
163.5750,53.1199,28.4750,68.0580
164.1670,49.4344,28.6655,69.2898
165.2769,47.2086,28.6407,70.0252
165.5768,47.2302,28.9462,70.0686
166.8423,47.0646,28.6979,70.2508
169.1054,46.9064,29.0942,69.6229
171.3139,50.3150,29.7908,67.8055
171.1086,57.2773,31.4307,63.8073
172.9277,62.0884,32.5352,60.0251
173.6949,65.5840,32.9353,56.8902
175.0640,70.2964,32.7444,54.6707
176.5397,74.2041,32.5500,52.1001
177.8118,77.8327,31.7091,50.2150
181.4657,80.4674,32.0784,47.6997
185.5802,83.9677,33.9012,45.9427
185.5807,85.0736,36.3169,44.1897
183.4034,87.8780,37.8592,42.1801
186.4511,87.7760,37.5978,40.9223
188.4758,84.4613,37.3677,40.2076
190.0936,76.5888,36.9426,41.1588
188.5654,70.3231,35.6208,44.2784
188.2435,66.9366,33.2723,47.9959
189.9130,64.6953,30.9247,50.7528
192.9967,62.3731,29.8748,53.2407
193.3386,54.2208,28.2992,57.7847
189.5075,51.2471,28.2661,60.3306
187.6429,53.0320,31.5073,58.3516
188.9244,61.1950,34.8679,54.7150
187.8014,65.3307,37.9517,48.6666
189.9792,68.9518,39.7726,44.4280
188.3281,71.9004,39.8351,43.0564
187.9210,68.9682,37.8289,44.7804
189.6488,57.6079,33.8305,50.6716
190.6029,50.2798,30.1376,56.4230
192.1510,46.6286,26.3405,60.8113
191.2702,39.7122,25.1345,61.6815
189.4988,34.7496,25.9969,61.9924
189.2103,37.2554,28.3503,59.6711
187.6290,36.3213,32.5117,56.7373
186.7064,36.3089,36.4376,52.9919
188.7747,37.6897,41.0759,47.9035
181.5469,23.9618,38.0982,49.0464
173.4257,23.6933,40.3289,45.9571
168.5261,22.2820,41.1226,44.8226
170.6381,22.4175,41.0000,45.5205
168.8423,25.1672,41.3277,45.9835
168.9117,27.3423,40.8769,47.1229
170.8948,24.9366,39.4092,49.7753
168.9403,24.1028,37.3637,52.5257
167.7235,18.2887,33.4434,56.1466
165.6569,18.5744,30.7349,58.6524
165.8490,20.2787,29.2071,60.8105
164.2345,22.7516,28.5525,61.2090
161.9540,27.2988,28.5336,60.5654
158.4325,34.3695,30.3129,57.5782
158.3792,40.9710,31.4004,54.4092
158.7513,47.9024,32.2420,51.0603
161.2143,53.2493,31.0905,50.7904
163.9422,56.6195,29.1343,51.7447
166.4179,58.3727,27.4936,53.7067
168.6035,58.7056,26.1692,55.4262
168.3697,68.2340,25.0423,56.2819
169.6383,70.7262,23.6283,56.2589
171.0390,70.5103,22.6923,56.1433
169.8940,66.4105,22.2866,56.9674
166.8011,65.5781,24.8727,54.0534
165.3756,65.9442,27.1391,50.8287
165.3592,67.3659,30.4083,46.6312
157.2263,61.6046,35.3855,42.2400
152.6071,58.9147,39.6048,38.0784
153.1810,55.4779,40.0368,37.5683
158.3894,52.1198,38.5463,38.6863
159.5254,51.7633,37.0811,39.8989
158.1870,48.7564,33.9646,43.5642
157.0079,51.7967,30.9673,46.9068
153.9074,54.5843,29.2579,48.0689
147.5587,58.6758,29.8075,46.8363
142.9208,64.5030,32.5515,43.4493
141.7753,64.2771,34.2842,41.5232
140.0814,65.4768,36.2943,39.2445
140.1909,68.9347,39.1949,38.5924
141.2802,71.2989,41.9196,37.9493
141.5293,76.1973,43.5311,36.8596
139.2637,77.5713,42.6679,36.9472
137.7542,75.0805,39.8786,38.2067
137.1750,70.8308,36.8898,40.2736
138.1469,67.1387,33.5857,42.4626
141.6929,67.5990,31.6273,43.1099
143.2662,64.7044,30.2431,43.4948
146.0190,65.3220,29.4325,43.7368
146.2418,64.0862,28.7685,44.0294
146.6360,64.7228,27.7903,44.3907
148.7782,65.3224,26.4891,44.5613
149.2923,66.0960,25.3732,44.4276
151.6888,66.2452,24.3125,44.7351
151.9324,67.8100,23.9704,44.3192
152.9307,69.7787,23.8003,43.6283
153.4541,69.4922,24.0908,43.5816
152.7821,70.0946,24.1418,43.2005
153.2689,70.4642,24.3813,43.0529
152.4936,70.8617,23.9567,43.3421
153.6259,70.8881,23.8593,43.4467
153.4841,71.0613,23.7829,43.4887
153.8318,71.8980,23.8225,43.4088
154.8148,71.3849,23.4531,43.7177
154.1603,71.8322,22.8207,43.6478
154.7592,71.3026,22.2441,43.7378
154.3960,71.4768,21.5854,43.6898
155.1707,71.3926,21.2491,43.8804
154.8622,70.4567,20.7643,44.4456
154.7697,68.8925,20.2975,44.9466
154.2162,69.6818,20.0979,45.1791
155.0520,67.8934,20.2226,46.2784
154.9611,66.3507,20.2702,47.1139
154.8486,65.9003,20.4422,47.6252
155.3723,65.6147,19.8477,48.2272
156.4380,65.7684,19.5446,48.6784
156.2101,64.1967,18.7907,49.5852
157.1114,63.0978,18.0474,50.6598
157.6207,61.5482,17.2443,52.5305
158.0548,61.6671,16.8008,53.4730
158.5540,59.5999,16.6768,54.9215
158.8942,61.9828,16.8653,54.8793
159.0687,61.4993,17.1853,55.2428
158.2965,61.2998,18.1078,54.7713
156.8943,63.3326,19.5651,54.0244
155.8171,63.8676,21.1285,53.2842
153.9023,65.5772,23.3085,52.2188
151.8691,66.1555,25.8014,51.5126
151.0966,65.6022,26.9584,52.0897
152.2462,66.9049,27.8892,52.1688
155.3325,68.4013,27.3941,52.0959
157.6371,68.2064,25.7215,52.7535
158.5405,66.1750,23.7646,54.2815
158.6904,69.6280,22.9140,53.7789
158.1508,65.7705,21.6104,55.3987
158.3622,67.2402,20.3593,56.5231
158.5953,66.3646,19.4070,58.1739
158.9792,67.8018,19.0528,58.5251
158.1755,67.3465,19.1413,59.0686
159.5654,69.0715,19.5624,58.5837
158.5096,69.3405,19.8924,58.0455
158.3897,67.7265,19.9124,58.5331
158.3361,68.8264,20.2254,59.0097
157.4485,68.3367,20.7584,59.3466
156.0876,68.3840,21.9579,59.4696
153.5878,69.6479,23.3365,59.1272
150.8812,70.2512,24.9238,58.3798
146.6160,72.5515,27.7879,56.9825
141.9906,72.9955,31.4794,56.0093
138.2173,75.2074,35.2788,54.4681
135.2152,78.2798,37.9623,52.8314
135.4223,74.8809,38.8394,54.1951
135.6443,76.3174,39.6523,54.4899
134.3061,77.3048,40.1427,54.0547
135.0412,78.2638,40.1980,54.0009
135.0838,78.0171,39.7507,54.1731
136.1059,77.5969,39.9024,54.4935
135.5776,76.8800,39.9365,54.5278
134.8604,76.3178,39.4506,54.6276
136.1237,73.7137,38.3790,55.6593
138.1192,73.0831,38.2746,55.6803
138.0930,73.8780,38.6210,55.4305
138.2231,72.1950,38.7669,56.1161
138.5368,72.2754,39.2118,56.0572
137.6871,71.7956,38.6656,56.1908
138.7068,68.4356,35.8734,58.1004
140.2475,65.9500,32.5364,60.8802
141.6481,65.1175,29.9725,62.6609
143.6930,63.9575,27.7218,64.2027
144.5888,63.1229,26.0906,64.5471
146.0245,62.6127,24.9425,64.8385
145.5317,61.8631,24.0835,65.5744
144.5943,62.9310,23.7755,66.6767
144.9523,62.6330,24.1715,67.5938
144.2080,64.4529,24.4127,68.1621
143.9106,63.1445,24.8133,68.6260
143.2633,63.4179,25.0886,69.0893
143.3216,64.2307,25.3710,69.5430
142.4156,62.7832,25.5481,70.1281
142.0772,62.7828,25.6508,70.5635
142.0990,63.0726,25.8675,70.8284
141.3679,64.8538,26.2194,70.5260
141.6142,64.3499,26.0286,71.2500
140.9128,64.8957,25.9991,71.5107
142.0749,64.0989,26.2014,71.9761
141.2643,64.1991,25.9723,71.5141
142.1253,64.0584,26.0294,71.8103
142.9536,62.9785,25.9153,72.2354
143.7480,63.6340,26.2214,71.8330
143.6075,63.7596,25.9508,71.5681
144.4846,64.9088,26.2490,71.0071
144.6593,64.0377,26.0941,71.0691
145.0708,64.6693,26.3469,70.6618
144.4049,63.1571,26.1177,70.7116
145.1539,64.0629,26.2606,70.4349
144.8841,64.2321,25.9901,70.1110
145.8657,62.9400,25.7847,70.7005
144.9374,62.7001,25.1463,70.5618
144.6892,62.4885,24.9547,70.4311
144.2012,63.3318,24.9876,70.2773
145.2924,62.7701,24.6623,70.7499
144.0095,64.2021,25.1379,69.9470
143.6947,65.1185,25.4837,69.6217
142.5894,67.1431,25.9345,68.9212
142.3955,66.8139,26.1063,69.2970
142.2310,67.5866,26.6882,69.1734
140.0864,66.3104,27.3086,69.3700
139.0787,68.5210,29.0860,68.6600
138.8788,68.1159,29.9575,69.0608
138.9019,67.3303,30.4942,68.7152
140.0811,67.1773,31.2791,68.8948
139.9535,67.6828,30.6422,69.4394
