1
196.1032,26.5683,72.8113,79.4078
198.6260,27.8649,70.1623,79.2111
199.4395,28.2047,68.5353,78.5315
199.7211,29.9743,67.9721,77.3071
200.0705,30.2872,67.2732,76.6812
200.7327,29.4129,65.9489,76.1640
199.6842,30.8292,65.8094,75.5680
199.9301,31.1661,65.3176,74.8943
199.8621,31.6715,65.4535,73.8834
198.5635,33.3533,65.8574,72.7131
197.3762,35.1801,66.0504,71.2410
197.2702,37.9491,66.2626,70.0263
195.1188,40.3347,66.2731,69.5473
193.5517,42.2266,67.2685,67.9022
193.3919,42.5737,67.5882,67.2082
192.8736,43.0069,66.5021,68.4644
194.2476,44.4362,63.7540,71.9821
193.9737,42.8384,62.1653,75.1777
193.4025,43.9002,61.1471,77.3749
193.7874,44.6888,60.3773,77.9755
192.9990,46.5571,59.7799,78.5876
193.5486,49.6064,58.6807,79.0110
194.6525,50.3029,56.4729,79.7805
195.5527,51.0079,54.6724,80.5084
195.7124,51.6867,54.3529,79.1506
195.2781,52.7395,53.1283,79.1385
195.2650,52.1589,53.1545,78.2268
194.7865,51.2651,54.1114,77.9548
195.8515,51.6429,54.0527,77.1992
197.2130,52.1843,53.3886,78.1753
198.2531,52.4028,53.3711,77.7383
199.6577,52.4698,52.6177,77.6044
200.7811,52.4868,52.4123,77.5704
205.8363,51.9813,50.4512,78.5813
207.4765,51.2017,49.1907,80.1405
213.1030,50.8102,48.0482,80.9236
213.7516,51.3343,46.7509,81.8898
216.0382,49.8623,46.1914,82.8269
217.7684,47.9410,46.7534,82.6471
219.6521,49.5891,47.0222,81.3689
220.5212,48.8400,47.2878,80.8635
222.6832,49.0579,46.9654,80.4276
221.5991,48.3135,49.1335,77.9388
222.0752,49.9679,50.1695,76.6184
222.9918,47.3862,50.3221,75.8245
222.6899,49.0312,50.9259,74.5107
223.6859,50.1796,50.9005,74.1806
222.4624,45.7232,51.3862,73.2872
222.4974,47.6237,51.3163,73.3977
222.3433,48.4426,51.6244,73.7163
222.2069,48.0205,51.8972,74.5605
218.7468,45.1634,52.8670,74.3243
215.2194,42.8462,51.9385,76.9628
210.8596,42.5338,50.5562,79.6079
209.8878,40.3565,48.4259,81.9256
207.8891,41.1321,46.3160,84.4459
208.5503,41.2128,44.9936,86.3217
208.1214,43.5555,43.8092,87.7629
204.2214,43.3050,43.4375,88.2640
203.3033,45.2822,43.2299,88.3971
203.5746,43.3994,42.6874,90.1205
203.5515,39.7427,42.7337,91.2604
203.0481,39.3923,43.7403,89.8859
202.1499,41.5761,43.4640,89.6639
199.2015,43.6553,43.1668,89.6350
192.8741,49.1282,43.4668,88.9847
192.0009,49.5829,43.1585,88.0752
188.2263,51.0415,42.5629,87.1943
187.0670,54.3921,42.8686,86.5320
181.1915,60.5638,44.5766,86.2401
177.6655,61.3071,47.5609,84.7534
168.8527,61.8037,50.7455,83.7602
163.2123,59.9067,53.6175,83.3498
159.2403,59.9827,55.1289,83.1980
157.2909,59.8617,56.8605,83.4400
154.6120,62.9721,57.8193,83.8177
152.7025,65.4042,59.4172,83.3956
150.9682,65.0663,60.6447,84.0714
145.7598,66.1335,61.9754,84.2086
142.3027,68.4514,64.2987,84.1637
137.9012,69.0976,66.1036,85.2040
130.7155,70.1440,68.5847,85.4893
127.1022,71.2866,70.9658,85.6269
120.7382,72.6428,73.8406,85.3778
116.7059,73.6684,76.8937,85.8321
112.1857,68.9345,78.2491,90.1767
108.4102,68.2983,77.8481,94.0999
107.5334,68.3198,76.8968,96.7616
106.2784,64.2687,73.9462,102.1336
106.5108,59.3601,70.7174,106.4228
105.0754,51.1365,68.0374,108.9930
104.0009,75.3314,67.4173,107.6790
102.8057,81.4923,67.0685,106.3137
99.1937,85.2180,71.5796,98.8623
93.5411,95.9988,77.5338,90.6783
90.1691,99.1559,81.6309,84.3641
86.6914,105.5560,83.3581,79.4058
84.3889,109.9498,85.4001,75.7443
82.3635,113.6490,86.9145,73.4189
80.3070,116.0392,88.5047,71.1612
78.5130,117.9668,89.5820,69.8168
77.1166,119.4577,89.8695,69.3404
77.2251,123.4554,89.6525,68.8510
81.2179,123.6909,84.1576,73.3616
91.0896,123.1040,79.2891,77.0145
93.1654,122.9289,75.1376,79.8261
98.6181,124.0816,73.9924,79.9608
100.2668,123.8196,73.1190,80.4849
105.9319,123.2058,71.4619,81.7124
112.9532,120.1754,69.4736,82.9516
117.5931,116.1299,67.3880,83.8484
121.8289,115.9413,66.0507,84.2257
125.5529,116.2946,65.6895,83.5191
132.3002,110.4025,63.9225,83.5755
132.9571,111.1955,62.6087,84.3070
135.5291,109.9197,62.0793,84.5513
142.5831,109.5243,61.7854,83.0398
146.5998,103.5013,60.5758,83.7131
153.7537,107.0630,62.1226,81.1196
161.2740,95.2056,60.5870,82.3261
162.0977,88.5893,58.9395,84.3383
169.8636,88.8992,56.8925,85.9660
171.4528,80.6365,55.9522,86.8250
179.5624,73.5667,57.6152,85.3177
186.1546,67.6353,57.8728,85.9788
190.2532,65.5711,56.4391,87.8527
192.3496,58.4389,54.5051,90.8230
200.3488,56.1057,52.1310,93.2187
201.2272,55.2615,50.3742,94.9071
202.1114,54.0580,50.8666,95.0533
202.2961,49.0764,50.4972,95.9306
204.6429,57.9620,50.3596,96.3837
213.5822,60.1535,50.7397,96.5653
223.8971,55.0807,50.7337,97.5449
225.1572,55.1478,50.5192,99.7165
224.3728,58.0391,49.7540,103.2698
225.6669,57.2989,49.5385,107.1229
227.7802,58.6797,50.1622,109.2114
231.8933,64.5212,51.8015,109.8604
230.2153,66.4699,52.6530,110.9719
228.7066,67.5001,53.1348,111.4469
231.0113,71.6842,53.6271,110.7315
230.7308,69.0494,54.1880,110.9030
230.5040,68.8070,54.6417,111.3879
230.1164,71.4901,55.4169,111.1739
227.8767,72.0496,54.7233,112.6414
223.3943,73.9957,53.3046,113.9410
225.0075,78.9800,52.6683,114.3330
224.2228,80.0302,51.6529,114.8175
217.8322,82.2560,51.5643,115.5137
216.2761,90.0786,52.0940,115.3636
216.4374,93.8014,51.7713,115.6870
215.2406,97.5416,51.5763,115.9726
211.8930,98.0446,50.5033,117.5560
211.9375,116.4313,50.4144,119.6837
210.6558,116.6994,50.3551,119.1475
210.3602,117.9723,50.9464,116.6017
209.7085,119.1484,52.2498,114.2494
209.0857,119.4646,53.4953,111.0409
208.8365,121.1062,53.9937,107.7576
209.9541,124.1496,54.2703,106.6946
209.8994,131.4332,54.3798,104.6326
209.6522,130.0347,54.8742,102.4843
208.8979,131.6226,56.3828,99.3084
208.4513,131.5714,57.2760,96.9824
208.4346,136.4870,57.3095,94.3785
208.6131,135.2308,56.9524,94.5199
208.8479,134.9016,56.4828,95.1782
209.0332,134.8771,56.1121,95.2273
210.3757,135.0101,55.7904,94.9613
210.6617,134.8853,55.2185,95.2108
210.4671,134.8716,55.6077,95.2383
210.4162,134.8684,55.7095,95.2447
207.6100,135.5279,56.6083,93.9257
206.6778,140.8100,58.4728,90.4184
203.9330,140.1147,59.3000,89.4779
198.3522,132.8599,61.1380,87.6714
197.0782,135.0707,63.6861,85.5839
195.2445,134.1755,65.0091,85.0299
191.0881,127.7293,63.8916,86.1346
191.1758,125.0341,63.7163,86.8127
189.2527,123.1896,62.8354,88.1382
190.8378,128.7649,62.0342,88.8335
179.3110,113.1815,61.4232,89.2359
176.8107,110.4807,59.3364,89.9127
177.1098,111.7796,58.7382,89.6528
176.7948,109.1088,57.0441,90.3462
177.7986,104.8020,55.0365,92.0410
175.5360,98.3994,52.6682,93.3574
177.2291,94.7546,51.5593,93.8154
170.8421,90.1455,53.0080,91.7083
165.3167,90.5018,55.0246,88.7371
159.5208,88.0169,57.6231,84.7136
157.7013,81.4609,56.7994,84.4374
151.7538,71.9018,55.4132,85.8474
152.3147,66.5406,54.2914,87.7233
147.1598,64.6026,55.7175,87.1575
105.0165,43.7443,55.0232,88.6200
101.6106,42.9833,52.8487,90.1419
124.6861,50.9992,55.8147,89.7382
119.9448,52.1342,58.4678,89.7448
116.1820,55.8922,61.3513,89.1920
107.3341,52.5465,64.8835,88.8016
104.9879,52.3858,67.1630,89.1229
102.9898,49.3707,66.2489,90.2430
100.9459,47.1333,65.4224,92.2606
95.1786,41.0397,64.5860,94.5509
94.2624,36.3305,66.4185,93.9896
92.1932,34.8208,68.0401,94.4921
90.2947,31.8400,66.7349,97.9026
89.3130,30.2987,66.1172,100.9853
89.3083,28.9166,66.1266,103.7495
83.8667,22.4311,66.3748,103.4266
81.0171,24.5903,69.4159,99.1083
71.7902,28.9636,74.6517,93.0053
68.3357,32.5420,78.9243,88.4847
66.3211,35.8859,82.9536,84.4323
61.6433,39.1739,87.0373,80.4923
55.3270,41.3502,91.7565,76.1396
53.9459,44.2487,94.5187,72.9838
49.6935,47.1856,97.7588,69.7423
47.9391,48.8097,101.2675,66.4941
42.5181,51.4798,104.2265,63.7818
43.8434,56.5891,106.8290,61.4428
44.0997,57.5854,108.9422,59.4502
44.6534,59.0949,107.8347,59.0543
45.0048,60.4129,107.1320,59.0182
46.3130,63.2913,107.1046,58.4393
48.6313,64.9266,107.6253,57.7474
53.4424,66.1729,108.3011,57.8294
60.5417,64.0228,107.0319,59.5437
60.7898,63.4660,106.5356,60.6572
62.7573,65.3703,105.2086,62.0648
69.0567,64.2177,103.0588,64.3700
72.3883,62.6100,99.0146,67.5854
76.4725,66.8862,93.4581,72.0926
80.1378,63.2993,88.7293,76.6646
81.9270,60.2715,85.1509,80.1175
85.1313,53.4546,81.3446,83.3418
87.9052,53.2591,78.3903,86.3263
90.4075,51.7025,75.9787,89.4396
94.1675,51.4857,73.6645,92.4759
97.0084,49.7389,73.2072,93.3574
97.3486,51.0105,72.5267,93.4323
97.4018,51.2430,72.4204,92.9675
98.4087,49.4449,73.0061,93.9642
100.7129,50.5843,73.6462,94.3096
100.4921,51.6941,74.0878,94.7299
101.1168,48.7721,75.4919,95.2668
101.8808,47.8417,76.6486,97.1276
103.8872,54.0161,78.0995,98.4381
109.8389,58.7869,80.0736,99.9985
100.0688,46.0354,79.7937,100.0186
98.1450,39.6532,77.9869,98.6470
99.3069,41.2255,75.6631,98.2792
100.6988,42.2479,72.8794,98.9679
100.6978,42.1706,70.1830,99.1225
101.1012,42.4665,69.3761,98.5307
101.4939,42.9137,68.5908,97.6364
102.9392,43.4689,68.3078,96.5259
101.7154,42.9448,68.1691,97.5741
103.1537,39.9128,67.8923,98.4384
103.4788,40.7346,67.2421,99.4031
103.9066,41.6048,66.3867,100.2749
103.9015,42.7187,66.3969,100.6581
102.3561,39.9909,66.8706,100.8797
102.3883,41.3928,66.8064,100.7041
102.4394,41.3990,66.7040,100.6917
102.4304,40.0834,66.7221,100.7005
102.6182,41.2484,66.3465,100.9934
102.6422,41.1967,66.2985,101.0968
2
0
0
0
0
1
202.5475,128.3127,88.7471,60.3906
206.6199,126.8877,85.2783,63.2407
212.7161,132.1050,84.7480,64.4683
216.4650,132.8410,84.2836,65.3407
219.3513,130.9536,83.2140,66.7639
223.7752,127.3715,81.4412,69.2115
230.0676,126.5014,80.7091,70.9516
232.2949,124.9987,78.6416,73.9571
229.5417,114.6904,76.9393,75.3509
232.9651,112.4193,77.2872,75.0966
227.1674,104.0838,76.8843,74.9699
221.4265,95.0140,76.4092,76.3699
216.1978,84.6873,74.8368,77.7755
232.4520,86.3009,73.5704,79.3548
228.9680,81.1525,73.3150,80.0203
224.6368,77.0416,72.3208,80.9996
224.1416,71.3087,70.8976,82.8114
214.2418,62.5197,68.9280,83.4578
209.4981,51.8781,66.4301,85.5646
207.4515,48.0160,63.3568,88.5109
199.5049,58.4786,62.5661,89.0365
204.9566,64.6396,63.5545,88.6061
201.3644,62.5884,63.5744,87.9324
192.1738,66.0984,65.3081,85.6688
185.9860,66.0365,65.8230,83.4203
189.0600,56.7196,64.3673,85.6308
185.4417,59.5818,64.5351,84.6188
177.9328,70.2143,65.4916,82.1023
175.8132,69.2336,67.4102,79.4224
175.7879,71.6404,69.7713,76.9192
173.2698,69.2302,70.1887,77.1207
174.9032,73.5906,71.5603,75.3576
173.5128,74.2226,72.0275,74.0936
171.6430,75.3938,73.4661,71.7511
173.4757,75.1506,72.0875,72.2375
176.4883,77.5918,70.6081,71.9007
175.6770,79.6500,69.9864,70.0285
190.5791,78.6384,66.6416,72.0517
177.7202,80.0456,66.1548,71.4211
175.7196,78.0924,65.8237,70.9952
145.5833,36.0826,63.6232,73.1535
142.5800,30.2232,63.1717,71.9564
140.8484,37.0888,64.5082,68.8597
137.6276,35.9306,64.6497,66.9759
133.3049,36.6793,65.0042,65.4787
129.9166,39.5463,67.6710,61.7994
129.0586,44.2150,69.3869,60.6157
129.0575,45.7375,71.4353,59.6166
