1
267.1628,85.5820,30.4473,48.2304
267.4275,84.7257,29.9179,48.7120
263.6388,85.0267,30.1190,49.3394
266.3389,84.7742,29.6873,49.8443
266.9790,83.4967,28.4070,51.1571
264.1321,79.9899,27.9003,53.2102
263.8209,76.4656,28.5228,52.6887
262.6105,77.8858,28.4142,52.3777
263.0094,73.7941,27.6163,53.0116
262.9858,75.2468,27.6635,53.8677
261.2347,74.4083,28.6312,54.2775
260.0048,69.8370,29.8011,54.3906
255.2960,73.2218,31.3489,54.1792
254.2819,72.5191,32.0422,54.2498
249.1596,73.3291,31.5058,55.3250
246.3447,74.1846,30.3631,56.3230
242.1884,75.5480,29.2274,57.6455
242.4315,75.3315,28.7413,59.4282
237.8776,79.0557,28.2780,58.8163
236.2816,74.7267,28.7693,59.3723
237.7106,76.2101,28.6452,60.5066
237.8594,78.2347,28.3476,61.9827
237.7393,78.4793,28.5879,62.8912
238.1869,78.2494,29.1078,63.3510
237.5668,76.8361,30.3480,63.3159
236.6318,75.9767,32.2179,63.5827
238.8731,77.2553,32.2003,62.5137
244.3420,75.4564,31.5688,63.1669
243.4290,74.7701,30.4527,64.5395
244.0269,70.5251,29.2570,65.6713
243.4503,70.2252,28.9430,66.2711
241.9397,70.6424,29.0236,66.9069
237.5638,67.2023,30.3704,66.3824
230.9210,67.0414,31.6797,65.2071
226.1125,68.0333,32.2802,64.7260
225.4621,69.1208,32.0748,65.5633
225.2891,68.3931,30.9060,67.0188
220.6773,69.6507,31.0355,67.5348
221.4898,68.1102,32.4613,67.5649
222.5570,70.4729,33.4286,67.4919
223.2271,71.3316,33.6547,67.3410
224.3313,74.0872,33.0147,66.5345
224.5710,79.1703,32.5353,68.7307
224.4488,79.6813,32.7796,69.2779
225.0633,84.2176,33.1318,69.6932
225.4020,83.1724,34.0480,70.1900
227.0922,79.1517,35.5176,70.1479
227.4312,81.4311,34.8398,72.1552
232.2057,82.2099,33.5865,73.9160
233.6306,83.2991,32.3994,75.0633
235.4118,84.6154,32.1543,74.0894
235.6154,85.2289,33.3874,72.8624
232.1547,86.1453,35.3765,72.6738
229.6376,82.3794,35.3827,71.8253
223.7537,83.9787,35.5041,70.2904
218.6456,83.8891,34.2165,72.1131
217.8308,84.7776,32.5508,73.6314
214.9201,85.6900,31.8099,75.0876
214.5005,83.9994,32.6491,75.1719
213.4886,73.1089,34.6731,75.3126
213.5804,71.9463,34.4893,75.9357
215.9284,72.4829,33.2096,78.2785
216.2883,75.6736,32.4898,80.4946
222.6928,76.8682,31.8514,79.8440
221.9527,76.8665,33.3316,78.1295
222.6934,75.6972,35.2891,77.0292
226.5728,80.4183,36.2202,76.2768
226.3272,79.9802,36.7115,75.4098
226.1654,77.1441,35.2960,75.8644
222.2948,82.1581,34.4314,77.8846
220.7507,87.5227,35.7841,77.5675
225.0145,90.9486,37.7834,74.2246
225.8428,87.7464,39.6076,71.9269
226.6163,86.8539,38.0607,73.7120
227.4827,84.5702,36.3278,76.5416
232.0513,85.7898,34.1867,79.3496
239.1691,84.2532,33.9693,80.6706
240.5685,86.5366,36.4730,79.6388
242.2603,87.0162,38.4794,78.6796
243.6932,85.0442,39.2489,78.9882
243.9811,83.7266,38.6731,79.7878
245.3408,85.4743,39.6281,78.1296
246.1058,89.3187,38.0982,81.4180
246.0292,87.0047,38.2513,82.3440
248.2720,93.2746,41.2342,79.1398
243.7477,87.9118,42.7948,80.5054
255.3577,83.5734,42.6015,81.5067
255.5902,77.4021,40.2063,82.2673
248.3072,73.8927,41.4717,79.7859
227.5876,77.2285,41.4281,80.6566
227.7418,77.7934,41.1198,83.3221
228.0784,75.3982,44.3092,82.3185
234.9613,68.9085,46.3157,83.4684
234.9195,72.0955,48.4221,85.1858
235.2064,77.7459,47.8485,88.4733
243.8334,76.2913,47.5771,91.3825
243.9444,76.2491,49.5161,91.4669
247.7109,77.6417,52.9606,88.6816
247.7874,77.6256,55.0204,88.7138
256.3443,76.3155,53.6420,91.3341
254.2194,75.9151,53.3645,94.3985
255.4134,75.4079,53.2808,95.4130
254.9910,74.2856,51.8075,95.3396
255.1410,70.7288,51.5076,90.9943
247.0317,69.8141,52.1689,88.3787
239.2796,67.1192,50.1138,89.3786
231.6533,66.3326,47.9675,90.9519
221.9607,66.5608,47.9004,90.4955
213.5716,65.3838,47.4505,90.6960
208.9993,67.3882,50.1489,86.6872
202.8795,65.7790,53.8461,83.4988
204.3929,64.7139,57.2703,81.3283
210.9506,57.6494,55.0269,82.4109
212.5356,60.7290,51.8568,84.8661
213.9774,62.6132,48.9732,87.5098
221.5290,67.1217,46.6370,89.1319
222.7138,70.2205,46.3790,89.2696
229.5863,67.5841,47.3995,86.1049
234.2344,67.2364,48.5043,84.7201
242.5101,68.6916,46.5028,83.8883
246.7790,70.1245,44.0616,85.0869
255.5727,70.8454,42.5384,87.6611
257.5256,74.7756,42.6712,89.8975
263.1075,73.1208,45.8875,87.0441
264.1797,74.4307,47.8795,84.4245
271.5502,71.5684,47.5835,81.8949
278.2338,73.9150,44.3215,83.2647
285.4991,71.9778,41.7052,85.1535
286.9174,74.4771,40.8368,86.0596
294.3452,74.4746,39.7459,86.0647
295.5690,77.4999,39.2457,83.9088
303.6791,73.9753,38.2838,83.3289
305.9069,79.0784,37.5922,82.5329
307.5515,84.9476,38.0198,81.9446
309.2811,81.9021,38.2751,80.6064
309.1439,84.8468,38.5495,80.2438
306.3344,89.1959,38.6434,77.0707
304.7929,85.0615,38.1324,76.3546
298.6719,83.2595,37.9309,76.4034
297.4689,82.6287,36.7872,77.6650
291.8287,79.8119,35.6535,79.7518
287.4394,79.9527,33.7285,81.2541
288.0278,77.5815,32.5518,80.6815
284.8451,74.0099,31.9474,79.1124
282.6830,69.5277,32.8533,77.8222
276.7791,69.5886,34.4217,75.9938
275.3611,73.6062,35.5500,74.7896
275.1176,77.4717,34.3270,73.8984
275.1092,83.4831,32.6682,73.6047
273.4154,80.8990,32.7713,72.2040
273.3163,85.2365,32.9694,70.0240
273.5777,83.5945,34.0422,66.9260
278.1367,82.3155,34.3372,66.3463
278.5255,77.8554,33.5596,69.0049
285.0106,85.5164,31.7257,71.1827
289.8536,80.6089,29.9924,73.0450
291.5374,78.5656,31.3852,70.7844
286.8367,80.9982,34.4715,67.4978
287.7256,79.0881,37.4476,64.9797
293.3866,79.7057,37.3143,63.7445
293.9814,77.0511,36.1246,64.3201
296.8000,80.6895,33.6197,68.0065
296.8152,78.2405,32.0121,68.1724
295.2489,84.3592,33.5928,66.7976
294.5439,79.8143,35.0028,64.9731
295.8831,79.5960,35.4377,63.8531
292.5150,77.5726,35.9838,64.8048
292.9929,82.7833,35.0280,66.9507
293.1779,80.8040,34.6580,69.3231
287.1340,82.6715,35.4436,68.8172
287.3415,82.8209,36.6494,66.8978
290.9418,84.2577,39.1278,64.0242
301.3871,84.1566,40.8133,62.6138
304.8318,88.4840,42.0223,60.4378
300.5075,82.4129,41.0289,61.3308
298.5357,86.1386,40.1605,63.5037
303.9498,88.3265,40.6871,62.3720
309.9594,87.8342,41.5797,60.1288
314.9121,81.5635,41.2444,59.9098
313.4068,87.1190,41.0827,59.9021
312.2209,82.5523,41.8711,61.1186
332.0256,71.2139,42.6314,61.1883
322.9952,80.6110,39.5228,65.1919
328.4927,72.8180,39.9841,66.0483
332.6996,68.0280,39.8560,67.3428
322.7991,80.8698,42.9147,63.4242
329.0130,82.0167,42.1545,62.7973
328.9189,78.4955,40.6981,63.2606
326.4254,84.7375,39.1751,63.7962
325.7534,81.2312,38.9092,64.3690
325.2904,85.6401,39.8352,62.0073
330.2257,83.6362,39.5302,61.2324
332.2885,77.1064,36.9824,63.2487
338.1088,79.8594,34.7306,65.5671
339.0704,80.3513,32.8074,70.8260
339.8187,77.4378,31.3109,75.0488
340.2678,82.0671,32.0519,75.6252
339.3775,60.4661,33.8325,75.6508
338.5250,60.0845,35.5374,73.0291
342.1895,63.8326,36.6287,72.2691
349.0825,79.9509,36.3771,73.8686
348.6907,74.3335,35.4498,76.5491
342.0005,78.5654,36.6934,76.7545
347.1755,91.3216,36.8946,74.1026
344.6296,92.8843,36.8166,70.9773
339.8762,89.8469,37.9430,68.6716
336.4337,89.5147,38.1821,67.6745
315.1796,77.1890,41.0716,67.5643
2
0
0
0
0
1
334.7235,93.2982,20.8829,44.4435
334.9474,97.2272,20.4353,45.6925
334.7363,97.7603,20.8574,45.6485
338.5185,94.0027,21.5249,46.9899
342.5519,94.7501,21.9395,47.6154
344.4527,95.3662,22.4441,47.4597
344.9132,96.3123,22.6061,47.7336
344.7672,96.1898,22.8981,47.9786
345.9026,96.5957,22.8244,48.2654
350.5461,97.5703,22.3492,48.5192
353.8425,97.5813,22.3373,47.4004
353.5021,97.1346,23.0181,46.1330
353.6008,98.1483,22.8209,46.2530
353.8094,99.1963,22.4035,46.3010
354.1493,98.9116,21.7237,46.8703
354.3024,100.3727,21.4175,47.1340
354.3432,100.6906,21.3360,47.5586
350.7967,100.3924,22.0383,48.1549
350.1271,97.9773,23.3774,47.5546
348.8387,99.3333,23.7527,47.0439
348.9421,101.6034,23.5460,46.9027
349.7615,101.1710,23.0014,46.6733
353.7386,100.9564,22.6160,47.1027
357.6276,99.1731,22.4042,46.3457
360.4581,99.5720,22.0739,45.5479
360.2377,101.2283,22.5146,44.3329
363.3705,102.5969,22.4808,43.6729
364.7019,104.6654,21.8746,43.6491
368.2312,106.5361,20.9212,43.9779
368.8816,106.4613,20.6262,44.1274
371.0493,107.0152,21.3049,44.0225
374.2100,103.4137,22.0752,44.1337
373.8036,103.6315,22.8879,43.6982
371.2355,103.3530,23.8814,43.2194
367.6438,103.7637,23.7449,43.4437
367.2327,104.7997,23.5204,43.4649
367.6207,104.4609,22.7444,44.1425
370.9474,102.0351,22.3296,43.7954
370.2360,102.2459,22.7251,43.3737
369.1942,102.0201,22.7522,42.7972
369.1662,101.9880,22.8083,42.8613
368.9403,102.6596,22.2380,43.5623
365.7840,102.8385,21.3929,44.2270
365.5569,102.5937,20.8294,44.7167
362.6072,102.3113,20.6392,45.2815
362.0477,99.6239,20.7384,45.5571
359.0358,97.2893,21.6345,45.0984
356.6097,96.9871,22.3484,44.6683
352.4406,96.9601,22.3616,44.7222
350.2531,95.9854,21.5281,45.6299
350.1257,95.3606,20.7425,45.8391
349.7813,95.9938,20.4015,45.6026
349.7308,95.5405,20.5025,45.4888
349.4250,93.3251,21.1142,44.8174
348.5999,93.3018,21.7429,43.8426
347.8212,93.5888,22.2823,43.2686
351.6727,95.8222,21.7121,43.8967
351.9834,98.4120,21.0909,44.8271
352.1944,101.1309,20.6688,45.5160
354.9919,104.5187,20.1925,45.9068
356.7853,103.8069,20.6899,45.2882
359.4121,104.3037,21.5613,44.2947
359.0480,104.7780,22.2895,43.3460
359.5262,104.9889,22.3532,42.9241
361.4597,105.9167,21.5317,44.1140
362.3834,108.2760,20.7027,44.4874
362.8504,108.2191,20.7781,44.6011
364.9590,107.0330,20.6103,44.9487
365.7357,104.9058,21.0860,44.1307
365.9021,104.7871,21.7640,43.3572
365.6717,108.3061,22.2248,43.3985
369.0343,109.4382,22.6388,43.1740
368.9195,110.3762,22.8685,43.3456
372.9499,108.7054,22.0191,44.6269
378.7994,109.0085,21.6979,44.0207
383.0150,105.5664,21.4258,43.7654
390.3743,105.1769,21.8791,42.5215
394.3029,105.0105,22.0304,41.8533
