1
119.6250,47.9551,107.6160,102.8655
117.9010,49.8716,111.0960,100.3405
114.2031,44.4146,111.5390,99.1566
112.1811,37.9988,110.1427,99.1055
104.7032,29.1806,111.3991,98.8980
108.8651,26.7335,109.8871,100.4485
114.6490,18.3630,107.4891,101.3866
121.7185,14.5558,106.3755,104.4777
130.0157,9.4422,106.0136,108.6442
135.6105,7.8963,106.1093,109.7648
143.4696,5.9976,104.3983,111.7616
149.5356,6.5765,101.3993,114.1924
159.2310,7.6331,100.9500,114.0013
169.8642,16.6567,101.0835,114.2432
179.4827,22.1353,99.5356,115.0847
186.2784,30.6358,104.1534,113.1346
180.9686,37.2413,107.4101,110.9245
177.4810,43.4723,110.9508,109.0316
196.4326,49.7128,114.6801,105.7931
194.1742,44.6156,115.9434,105.4202
196.1000,61.6478,119.6836,101.3064
197.2160,55.9592,119.7832,101.4738
196.2674,72.4024,120.9285,100.5290
198.1257,77.9588,120.9846,100.6612
200.2150,68.4120,121.2532,102.2789
187.6091,76.3302,118.8978,104.7150
192.5089,77.0875,116.9256,108.0064
182.2985,80.1466,115.8982,110.7658
171.9192,63.9752,113.5387,114.3256
185.2877,72.0324,109.0119,124.3667
196.3106,44.1208,108.6717,129.1509
211.1145,33.9545,100.6908,141.0624
194.5125,28.0841,99.1383,143.5967
200.5729,22.1490,93.9921,149.1158
203.9672,-2.5071,95.2602,146.7008
186.1894,10.9045,92.7634,150.4478
196.3117,-6.1269,94.3576,146.1468
180.0273,0.0765,94.4368,144.7977
2
0
0
0
0
1
196.8600,146.8569,58.7754,57.7839
200.3920,154.8301,58.6772,58.8258
203.2267,162.5350,59.5657,59.7748
203.3358,170.6837,59.8403,61.1027
206.7062,180.3207,61.8732,61.3890
208.3881,187.7896,62.9589,61.1138
210.4378,195.8118,64.7589,60.8886
214.4791,202.8531,65.6039,60.8025
217.7307,209.6213,66.3921,60.4951
222.2253,216.9920,66.6271,60.0708
227.3241,223.4692,66.9065,60.0704
231.9711,229.3850,67.0550,60.2871
237.6873,236.1668,69.2090,59.6298
243.3125,239.4943,70.1445,59.4614
249.4895,244.3687,71.6674,60.5312
256.9249,244.6749,72.2281,61.9358
264.7309,244.6863,72.8266,63.2751
276.1631,241.4055,72.2885,66.1475
286.2812,236.5321,72.0663,69.8834
295.2191,228.2183,71.1363,73.5416
303.1585,221.1444,70.4413,75.9382
308.5739,211.8178,69.2960,77.9598
315.2505,200.0902,68.6683,79.4754
324.0127,180.4424,69.3520,80.3114
328.7023,161.4562,69.4049,80.0730
329.9057,146.1856,67.0702,81.6748
343.1539,129.5056,65.9526,82.2239
357.8748,115.2621,64.7647,83.4345
360.4914,103.7474,68.2584,80.8817
365.8647,91.2002,68.3635,81.0969
372.7094,63.1990,67.8955,82.9550
375.3658,54.7722,71.7038,81.3445
381.7123,56.9918,73.4560,79.8290
385.5117,36.4838,70.3031,84.4127
387.0770,15.2257,67.5053,89.3147
387.6440,5.2932,67.4241,89.8208
407.0546,14.6786,67.3817,90.6206
411.7623,8.1436,70.2651,88.9522
400.2152,3.5168,71.1922,88.4909
388.6833,10.9532,70.3140,90.4039
378.3907,11.9907,70.1386,91.6930
366.9797,13.7117,70.5924,92.5903
357.5442,13.8274,72.0650,92.4171
347.4979,17.7992,73.4717,91.9159
338.9489,21.4402,75.3857,91.1231
349.8111,23.8690,73.8952,94.2067
337.3567,27.6753,73.1098,96.3562
326.3406,32.0584,72.1330,98.4320
311.2962,34.1950,72.0670,99.2159
295.0728,43.4517,72.7820,100.1848
283.8279,49.6685,73.6809,100.5340
265.7613,58.0042,77.6832,98.3171
263.5787,54.6655,81.7386,96.6846
245.1815,52.3322,85.9303,94.3980
248.7430,51.9771,88.6907,93.3524
234.3627,63.5245,94.4810,89.3925
236.3460,56.1512,96.6055,88.8670
225.3926,66.2319,98.8486,86.9872
228.9570,58.5839,101.3954,86.2042
217.1925,51.6393,102.3343,86.4898
211.2637,62.2445,103.6350,85.8991
175.6901,53.5823,102.1512,87.0525
169.4596,51.5859,101.1062,88.4161
158.7465,56.7200,99.1767,90.7984
145.3994,61.5937,99.3029,91.8275
155.0620,60.4507,99.4798,91.9914
157.1359,64.1168,100.1965,91.3969
139.5496,83.4056,99.4656,92.9330
126.7140,80.7579,98.3627,94.4682
113.6969,84.8853,96.9424,98.5322
125.1764,96.3168,89.8542,106.7561
124.7073,103.4365,86.9091,110.5301
114.4329,104.9454,87.2946,111.3293
89.9465,118.5590,90.7783,109.7897
86.9230,110.9884,93.5041,108.4813
75.3897,120.3836,97.2488,107.2273
78.9050,120.2368,92.6453,111.2430
78.0994,130.7659,90.3180,113.3174
75.9330,137.2634,88.7379,112.9656
68.8253,149.3313,91.9197,105.2705
74.0362,146.7698,91.7602,99.4275
74.9165,143.0918,91.4941,93.5583
82.3602,136.7349,88.7602,88.6059
91.2711,130.6024,87.5544,82.8286
103.1009,119.7311,85.5573,80.7977
114.2734,116.7834,82.4504,77.5339
127.3804,111.3720,78.9533,76.5075
139.6174,105.8199,75.2817,75.2585
151.8501,97.9986,72.0003,74.4087
163.9227,93.5429,68.8567,73.6441
176.0812,90.7021,66.2870,73.2269
186.3193,90.3219,63.2487,73.2478
196.7242,93.2521,60.0845,74.1123
202.8014,97.0205,56.3150,73.3438
205.7071,102.1936,53.5114,70.4749
207.8991,109.1619,51.0175,68.1368
211.9669,117.2923,48.0711,66.4500
215.1713,126.1764,46.3071,63.6481
218.5749,134.1627,45.3184,60.5061
218.7155,140.7127,44.1769,57.4294
216.9791,143.6985,43.3536,55.6855
214.8428,145.4699,42.1598,55.2153
214.5130,150.9506,41.6499,54.3314
215.1713,155.8039,41.4212,54.0346
217.3304,161.8917,41.6064,53.8156
219.7938,166.3936,41.9052,53.9672
221.4842,171.1751,42.0844,54.0256
221.8169,175.3844,42.0681,53.8755
221.2428,178.1534,41.8724,54.0750
218.7002,180.9411,42.3808,53.9080
221.4774,183.3740,42.6573,53.6836
221.9263,183.2838,43.0868,54.2409
227.2550,188.7224,45.0839,54.1182
231.2010,192.0923,45.3991,54.1557
231.5698,188.6422,45.5895,54.2735
230.5631,186.4668,46.7101,54.0915
230.0932,184.6610,47.2207,54.0256
230.5591,183.1003,47.9588,53.4626
232.2317,181.8436,49.0587,52.4863
