1
140.4019,32.2447,32.8768,121.6584
139.4476,30.1678,34.1410,121.1970
138.7336,28.6744,35.1310,120.6380
138.3172,30.8704,35.6621,119.5029
137.4716,30.2783,35.6486,119.3031
137.2413,32.8594,35.8000,118.3451
136.5010,31.9863,35.8542,118.3552
135.7639,32.3055,35.7923,117.8419
135.0680,32.8507,35.6484,118.0680
134.6053,33.3058,35.7124,118.2468
134.3292,34.4610,35.6975,117.8439
133.7730,34.4169,35.5279,118.4017
133.5136,35.5538,35.5606,118.0407
133.2542,35.8916,35.6583,117.9908
132.6802,35.5553,35.7269,118.0438
131.4601,35.9557,35.6847,118.3246
131.0985,37.2387,35.6115,117.8645
131.1214,37.2329,35.5366,118.1914
131.4022,37.8495,35.7332,118.3960
131.5594,36.3398,35.9811,118.7093
131.5141,34.7941,36.1124,118.6563
132.6698,37.1949,35.9274,117.8286
133.3872,36.6717,35.9075,117.8668
133.3672,36.2766,35.7710,117.7402
133.4344,36.3728,35.6119,118.2605
134.3155,37.2603,35.5916,118.1390
134.5214,35.8806,35.7448,118.5073
134.8042,36.8778,35.9160,118.4019
135.3456,37.6900,36.0796,118.0168
136.1850,37.9298,36.0041,117.9981
136.3621,37.8113,35.9480,118.1146
136.6548,38.9328,35.8466,118.3304
136.7579,38.2667,36.0621,117.8439
137.0266,38.1241,36.0573,117.7375
134.7089,39.3101,35.7653,118.1742
135.6893,40.8227,35.6518,117.8901
133.4011,40.2986,35.7268,118.1135
133.9741,40.9753,35.6423,117.8802
133.4920,39.0279,35.5342,117.4883
132.9079,39.8260,35.5481,116.9011
132.9796,39.5258,35.5949,117.2225
132.7652,39.4506,35.5416,116.8826
132.7331,39.2661,35.4999,117.2321
132.9745,40.6266,35.4815,117.2687
132.4761,39.8234,35.5531,117.1390
132.5157,42.3640,35.3413,116.9295
132.9018,41.5219,35.3535,117.2483
132.8899,40.6536,35.4133,118.1142
132.5606,39.8269,35.4142,118.4446
133.2332,42.1363,35.3633,117.8466
133.1591,42.5437,35.5163,117.3917
132.5623,41.8430,35.5964,117.4763
132.0715,42.5291,35.5236,116.9897
132.1472,42.6737,35.4726,117.0826
131.9653,42.5483,35.4388,117.0321
131.6786,40.9328,35.3080,117.1664
132.0124,42.7654,35.0905,116.5885
131.6400,42.4016,35.1722,116.4727
132.6817,41.6326,35.0162,117.0272
132.3935,41.8694,35.2958,116.8046
132.6326,42.0318,35.2550,117.0620
133.8437,40.0807,35.4409,118.0799
133.5250,39.6132,35.2866,118.0831
135.2035,40.2465,35.4524,118.3760
135.6258,43.1342,35.4739,118.2002
136.6391,40.6145,36.0825,117.3712
134.7528,41.5667,36.6810,116.8832
137.3105,40.1009,37.3711,114.6594
135.7521,40.8481,37.7209,114.0209
135.1076,40.6996,37.8475,113.2709
134.9269,40.7964,38.3054,112.4417
135.1770,42.1772,38.9265,111.2127
135.2052,43.6515,39.1965,110.2284
134.6107,42.8079,39.6468,110.6062
134.5483,43.2228,40.7102,110.5807
132.1259,42.3880,42.5192,110.1118
126.5660,41.3962,43.4329,110.2308
123.6510,40.4046,44.5775,108.6714
117.4120,38.6142,44.9541,108.9678
110.8400,38.2506,45.3410,108.7373
106.2942,35.6095,45.4520,109.1224
101.3577,36.1406,45.8153,109.1131
98.1894,36.7390,46.2105,108.4544
96.2323,40.3861,46.5679,106.0111
93.9868,44.6907,47.4957,101.5937
91.6125,47.2231,48.2359,97.9061
90.8906,49.2587,48.8488,94.9904
91.0521,51.1547,51.1187,91.8080
90.8968,53.1002,55.5095,88.6475
88.8816,55.5953,59.8627,85.5990
89.9082,55.6635,64.8867,84.1075
88.6836,53.6682,69.2186,83.4003
87.8647,49.6863,72.3670,85.4133
88.6179,48.6049,74.9574,87.2340
102.8208,46.5373,75.3446,89.7856
107.9457,44.9282,73.8122,92.4598
112.0220,39.7193,69.4423,95.5398
116.0879,33.5299,66.1003,98.7902
119.6218,32.9048,63.8103,100.8690
120.2533,32.1032,62.3289,101.1396
113.7652,33.5194,61.1300,101.0532
114.5055,36.0878,61.6269,99.5679
113.5024,39.4006,61.6039,99.7184
111.1399,39.9988,60.4497,100.6844
110.0653,41.0648,59.6315,102.2885
110.5148,41.2178,57.7326,103.5018
111.1664,44.4871,58.6560,103.3678
111.4584,44.2820,58.8100,104.1610
111.0486,45.7648,60.3182,102.3081
112.1260,44.6941,62.2514,99.7585
112.9101,41.9052,63.8455,98.9396
115.9654,38.9363,63.7766,98.9568
116.9683,37.5468,62.3807,99.7368
118.5790,36.9436,60.1374,103.0793
118.8059,39.2110,56.9174,107.4862
119.5979,38.7683,55.4811,108.4966
118.3360,40.4535,55.1846,109.0061
116.0910,38.9763,56.0329,109.6475
116.2017,41.1569,56.6178,111.2020
126.2616,40.6337,54.7316,113.4231
126.9815,40.7172,51.0427,116.8664
127.2886,42.9297,48.9040,117.3248
126.4394,45.7374,47.9381,116.7692
127.8990,44.6018,50.4283,114.7937
130.7466,38.6277,55.6071,112.6171
131.2997,36.2225,58.1773,111.4986
131.6305,40.2038,57.3074,109.4047
130.9513,43.8901,55.6950,106.3775
132.0381,45.8180,54.1918,104.2050
134.7506,51.0051,52.6562,103.3509
135.3769,57.9055,51.4699,101.6438
136.4665,59.6788,50.9922,101.0331
136.3838,64.6332,50.9995,101.7004
136.8715,70.1390,51.2866,102.6873
137.0852,72.7675,50.0161,103.6856
136.0072,73.6908,51.3517,102.3209
129.3654,73.0174,54.2082,101.7132
124.9379,70.7445,59.6373,97.2571
110.9690,68.2194,65.8861,91.2495
109.0911,58.5498,75.0323,81.1087
109.9578,57.9423,85.3761,71.7464
100.8730,42.2786,91.7649,65.6359
107.7990,31.5424,90.7544,71.0049
117.5994,23.9463,85.1308,78.3682
132.3796,18.6546,75.8773,88.2210
138.1436,19.1788,67.6776,97.2767
138.7177,20.7438,62.1784,102.9754
138.1691,32.4792,57.8457,108.5891
145.9445,42.0640,58.9148,104.6422
145.4832,46.5260,60.9581,100.0277
155.5637,59.1307,71.1399,88.7843
149.0679,72.9223,79.0190,78.9162
143.5217,89.5917,84.6920,73.3917
140.2210,97.2979,84.0704,74.9384
141.8423,96.0169,76.9776,78.4307
145.2143,93.7553,70.1817,81.8607
149.5742,88.9230,62.8940,86.7646
152.7375,83.2648,57.0031,90.4824
152.2259,79.0673,53.0292,94.4930
142.3980,75.8056,51.5749,98.6415
130.5868,68.8760,51.4483,99.2228
124.2244,66.4233,53.7169,96.4131
111.4027,55.8294,60.1421,91.1710
105.5026,40.8033,69.5195,79.7943
97.3873,41.4952,79.6724,69.7253
97.0172,31.9950,85.1725,66.6720
102.6183,30.8136,87.7892,67.0376
102.9834,29.1628,88.8955,68.4286
103.4182,31.1744,87.1857,70.3793
115.0220,23.0620,79.0818,76.1931
127.4133,16.6056,69.7929,83.6429
124.2946,19.5435,65.5250,85.2929
126.3381,20.8452,63.5575,84.5359
139.8822,21.8301,59.4910,82.9144
144.4519,22.7298,59.7377,78.1798
146.4419,32.1299,64.2645,70.5689
150.3451,39.1444,66.7555,64.6412
150.7879,48.5947,72.4821,57.5476
153.4936,68.9693,75.8418,53.6811
159.6708,69.4582,75.9082,53.6787
156.8026,67.4202,70.6565,57.3838
156.7982,68.5449,62.9203,64.4680
160.4592,67.9682,56.8532,71.1349
160.0973,69.4626,51.3757,74.1573
157.4487,71.4683,48.8613,74.1261
156.6176,72.3343,47.5715,72.8222
155.0168,71.1785,46.6079,71.3081
153.8014,68.3330,45.8045,69.8997
158.6841,69.3237,43.5032,69.5360
155.7319,67.5080,43.1416,68.3653
153.8491,66.0474,43.3767,67.2176
158.6688,65.8279,42.3153,66.8659
157.7326,64.6589,43.0715,65.9896
158.3674,64.1300,42.7778,65.3433
159.3256,63.8395,42.2741,64.9572
161.3289,65.1526,42.0392,64.2686
167.3587,65.0550,41.2952,64.3626
166.9557,65.8557,40.8251,63.9159
167.5786,65.8092,40.9217,62.9371
167.5590,67.1854,40.8689,62.4533
168.1319,66.6087,40.5198,62.0857
166.7706,67.3137,40.2042,61.4501
164.1029,67.5091,40.5607,61.2202
163.2848,67.8336,40.3714,61.0411
161.5169,68.9372,41.0910,60.6387
160.4329,68.8284,41.6825,60.7175
158.6761,68.0342,42.0328,60.8049
157.1834,67.1251,42.3190,61.2444
156.1938,65.2619,42.1881,61.7821
160.9692,63.5219,41.4739,63.6183
159.3265,64.3800,42.4772,63.9264
162.6956,62.8038,43.1336,64.6136
161.3436,60.9270,43.9595,65.6988
161.3932,59.0373,43.8940,66.6242
167.1790,57.3116,42.5024,67.6410
167.7548,55.9793,41.6190,68.9218
168.7470,54.2031,40.4049,70.3577
175.1556,53.9887,38.6852,71.1167
177.7144,51.9611,37.2947,71.6041
177.0202,52.9084,35.6079,72.5543
176.5984,51.3137,34.9557,73.7599
180.8264,51.7368,33.7030,73.9580
179.9458,50.7189,33.4406,74.3501
183.9805,52.8483,33.4823,73.9011
182.4381,54.4461,32.9046,75.3003
185.1892,56.7669,32.1170,76.0625
186.9496,58.9284,30.9574,77.5885
188.0885,57.8515,30.3349,78.8352
188.3277,57.2550,30.1902,79.5690
190.1087,56.7722,30.0282,80.3111
189.7651,56.2890,29.7240,81.3033
190.3575,55.4539,29.4240,81.9874
191.7659,56.8666,29.0219,81.8532
191.8063,56.5993,28.6350,82.3989
192.7348,56.5813,28.4175,82.2598
194.0729,55.3708,28.5139,82.6558
193.3918,55.1235,28.3209,82.8038
194.0094,56.0318,28.2872,83.0819
194.6839,55.9394,28.3609,82.9191
194.2970,56.2361,28.1150,82.7386
194.8258,56.5226,28.2529,82.7602
195.6927,56.7655,28.3192,82.9046
195.7010,55.3710,28.0635,83.3443
195.4349,55.8740,27.8882,83.3199
195.8405,56.1959,27.9033,83.2689
196.4130,56.6959,27.8299,83.3812
196.1827,55.9914,27.6145,83.5455
196.8301,56.8243,27.7190,83.5706
196.9579,56.5391,27.5035,83.5288
197.2514,56.4586,27.3051,83.2766
196.8560,56.9651,27.2885,83.0890
197.2073,56.5969,27.3829,83.0411
196.7056,56.6152,27.4081,82.9359
196.6503,55.4007,27.6854,83.1683
196.8651,56.1654,27.9042,83.3104
196.4131,57.6712,27.5775,83.2295
196.3535,58.5886,27.3824,82.8942
195.9330,58.2047,27.4892,82.1973
195.3955,60.3731,27.4954,80.9010
194.0513,61.3181,27.3266,79.4332
190.6514,60.3252,27.0467,78.7185
191.6988,62.0492,27.0708,77.6982
188.4811,61.6967,26.9309,77.0969
190.5390,63.2812,26.7421,75.9461
187.6764,63.1532,26.5505,75.3877
188.7302,63.2148,26.6293,75.0414
188.1236,64.4204,26.4035,74.4477
188.7126,64.7665,26.3699,74.0759
188.2451,64.6825,25.8238,74.1508
188.0936,64.6441,25.3873,74.2163
188.3347,65.3789,25.2820,74.2066
188.8010,64.5864,24.8439,74.8261
188.2973,64.4580,24.3836,75.0514
189.2659,64.2661,24.1042,75.6588
186.8108,64.6563,23.9952,75.3641
189.1642,66.0697,23.6004,75.5752
189.7908,66.6915,23.3943,75.8693
189.7037,67.4095,23.3022,75.6428
190.1541,66.8042,23.2934,75.9046
190.1091,67.8960,23.2306,75.6500
187.8764,67.0276,23.0786,75.9112
190.1118,67.8308,22.9894,76.0042
190.7319,67.3339,23.0940,75.9876
188.3062,66.5179,23.0946,76.0115
190.8101,67.5176,23.0799,75.9235
190.8742,67.4969,23.0215,75.6804
191.5478,67.5717,23.0363,75.7813
191.5716,67.7676,22.9472,75.7264
191.8802,66.8623,22.7904,75.9179
192.2030,66.3146,22.8476,75.9806
191.9272,67.3293,22.8240,75.7577
193.5280,67.0703,22.9997,75.7531
193.4869,66.5645,22.9092,75.3799
194.1133,66.2013,23.0534,75.4248
193.9480,65.6842,22.9821,75.4066
194.4019,65.5398,22.9979,75.2033
194.9176,64.5953,22.8103,75.3138
194.6102,65.8631,22.6609,75.3116
195.1427,67.3127,22.5473,74.5025
195.0492,67.8140,22.5048,74.0173
195.1194,67.3438,22.6736,73.7342
195.3494,65.8395,23.0284,74.1284
195.0672,65.4344,22.9870,74.3141
194.5925,64.5780,22.7677,74.6853
194.2083,63.5276,22.7468,75.0068
193.8934,62.3576,22.5494,75.5488
193.4630,61.4078,22.5405,76.2710
193.3501,60.7862,22.5611,76.6279
193.5955,60.6360,22.6974,76.6403
193.9393,62.3464,22.7128,76.6269
193.3996,62.4455,22.7707,76.3062
193.0530,61.8661,22.6065,76.8108
192.3386,62.0758,22.8386,76.6808
191.8539,62.3412,23.3338,75.3272
190.2785,64.0737,23.7692,73.9930
189.4392,66.4666,24.4444,72.8151
188.0584,66.8517,25.2731,71.4179
187.5359,67.1735,26.0168,70.1556
186.2887,69.4949,27.0390,69.1168
184.4117,70.8081,28.6065,67.3193
182.8477,72.9563,30.0464,65.7932
180.3958,73.6589,31.7794,63.8427
177.2858,75.9784,33.6206,61.3373
175.6051,75.4438,34.7575,59.3860
173.6686,78.4116,35.7085,57.9380
169.7536,77.4170,35.4399,57.7062
169.0726,76.7921,35.9409,57.6490
166.2613,75.9981,35.4411,57.8008
163.8685,75.0990,33.8534,58.1570
162.2714,74.1572,32.4672,58.9322
160.9384,74.0901,32.6654,58.4715
161.0834,75.2877,32.8297,58.8311
159.6803,73.4149,33.4515,58.0428
159.7721,73.5911,34.2851,57.5582
158.4156,72.2905,35.4422,57.2155
157.3590,71.8043,37.0368,56.7466
152.7158,71.5787,39.5088,56.4135
150.7273,69.8480,41.2540,56.9924
151.2395,70.4858,42.0270,56.8901
149.2106,71.3393,40.3966,57.6773
146.6446,70.7434,37.3944,58.2242
148.9787,70.7050,35.4883,58.9924
148.4058,70.6094,32.5028,59.6301
148.5989,71.4127,31.8149,59.3548
149.5437,71.1359,32.1133,59.2152
154.0386,69.6617,32.4307,60.6170
156.6550,67.4450,33.0663,61.9622
155.9154,65.9723,32.8565,63.7104
155.4769,62.9250,33.1074,64.2358
153.3774,59.9563,33.0422,64.8735
151.3428,54.0931,33.2520,65.9560
155.1744,52.2143,33.4597,67.9110
158.3535,49.8478,34.1402,69.8577
159.4828,52.1115,34.4925,71.0252
160.4229,47.1435,34.0288,71.5948
162.2790,48.2624,34.1102,72.0245
162.3232,47.3772,33.9086,72.1776
164.1075,49.0868,33.5773,72.0043
166.3219,48.5760,33.7827,70.9037
167.7163,51.7173,33.5931,68.9396
168.0607,57.1596,34.5082,64.8526
169.2260,60.9065,35.1424,61.5807
171.0530,64.9612,34.6874,58.5660
173.2387,69.3208,33.7334,56.3441
175.9684,74.8262,32.9757,53.5078
177.4896,77.2933,32.0972,50.9533
181.4305,80.2729,32.3563,48.2386
185.8813,84.7729,34.5513,46.1847
184.8393,85.1311,37.1085,44.1228
183.9411,87.7705,38.3324,42.7324
183.3044,87.1160,38.2676,41.6059
187.4983,84.5691,38.1220,41.4913
189.7899,77.3382,37.2712,42.9698
189.1921,69.7919,36.3060,45.0437
187.6106,67.6230,34.1159,48.8893
189.1898,65.5294,31.6998,51.7168
191.7209,62.6579,30.7164,54.5718
192.2444,56.4497,29.4325,58.7856
187.5629,51.8939,30.0066,59.2680
186.6379,53.5639,33.1762,58.9322
187.1348,61.7336,36.9509,56.2048
185.2527,65.1142,40.2416,50.8552
187.2224,66.7452,42.1588,47.0761
186.8367,69.8015,41.1142,45.5188
187.4707,67.8372,39.1331,46.8041
188.5899,56.0165,34.5797,52.4996
189.6851,50.8114,29.8675,58.4007
188.4489,46.6098,26.9252,62.6709
189.7536,40.6461,26.4724,62.4723
188.9850,36.2612,27.0666,61.6288
188.0184,38.3435,29.1863,59.7898
189.4669,37.1338,33.0133,57.0688
187.1612,35.7979,37.2290,52.9529
182.5913,24.0231,37.6783,52.2599
177.9684,15.5350,36.5708,52.9773
175.0793,15.8735,37.8901,51.5741
168.9522,19.4345,39.7256,49.8128
171.3654,20.0725,40.0611,49.2709
171.6884,21.3583,39.9283,49.7630
169.5464,23.1045,39.9870,49.7134
168.1759,19.2052,38.9394,51.8562
165.8872,18.7519,37.2264,54.3386
163.3027,17.4603,34.0132,57.5968
162.7966,17.8329,31.6003,60.5373
162.6788,17.1955,30.8056,60.6264
161.6424,15.5424,30.7225,60.5210
160.6765,18.5864,30.5848,60.2707
158.1284,26.1722,31.8037,58.2508
161.9836,35.5252,31.2865,58.0026
162.0403,39.4814,30.4323,57.4430
162.4722,43.6864,30.3930,55.4866
160.4020,54.0570,30.0669,54.9297
165.0923,56.1488,29.2904,55.3787
164.5337,58.4470,29.0449,55.3207
163.1976,65.4568,27.7424,57.3612
165.4553,65.1565,25.8105,59.4652
166.1577,62.5751,24.5876,62.0084
165.8228,62.2601,24.9587,62.0895
165.6604,60.4516,26.6991,59.1850
163.9413,60.7237,28.7635,56.1846
165.0903,56.3041,31.3403,54.3429
159.7976,50.4162,35.3252,50.4058
152.9574,49.4885,38.5376,46.7504
157.0068,47.0564,37.8949,45.8974
157.6434,48.1802,37.4587,45.4377
157.7554,49.2234,36.8987,45.5458
154.7864,49.2426,34.0312,48.3523
152.4994,48.4507,31.3270,51.5809
150.9455,52.1425,30.1458,51.9601
148.8979,53.0447,29.0431,51.6093
144.1458,56.0382,31.3971,49.0389
143.4047,58.3017,32.9901,46.9770
139.6748,61.9754,35.7605,43.5400
139.9444,65.3716,38.2259,42.1508
137.1408,66.4322,38.2446,42.7135
138.3099,70.9438,36.5576,44.0823
137.9253,71.0124,34.4174,44.6935
139.5638,71.0237,32.9165,44.5700
139.3928,70.6313,32.5484,43.4057
139.6183,66.7008,30.6557,44.2093
140.0992,68.1214,28.8713,44.3337
140.7130,65.2928,27.3528,44.7443
145.0737,64.5113,26.7722,44.9031
146.7653,65.1896,26.6392,44.7346
146.6014,65.9201,26.4338,44.5690
147.8733,66.8096,26.2214,44.1038
149.4044,67.1611,25.7560,43.9587
150.4841,66.6396,25.0294,44.0198
151.0862,68.2195,24.5619,44.0565
151.1678,68.8982,24.5019,43.9137
152.5460,70.7597,24.7147,43.8443
152.2145,70.8293,24.6978,43.8404
151.7414,70.9508,24.7349,43.8393
151.5240,71.4159,24.6581,43.9737
152.2665,71.4210,24.3925,43.9561
153.2432,72.2390,24.3571,43.9957
153.6167,72.0516,24.3198,44.0458
153.9214,71.3613,24.1218,44.0965
154.0437,72.8116,23.8506,43.7820
155.0336,73.0841,23.3328,43.4979
154.2475,72.5528,22.7212,43.2769
153.9345,72.6973,22.1583,43.3828
153.9351,71.3289,21.6908,44.0241
154.5043,70.4452,21.1638,44.6119
153.3375,70.0525,21.2292,45.0468
153.4882,68.5261,21.0827,45.6518
152.3378,66.6909,20.9303,46.5890
151.6517,65.9431,21.2336,47.2902
153.8038,65.9915,20.7312,48.0168
152.9706,66.1047,20.7221,48.6116
155.2298,64.9826,19.5572,49.5791
154.0776,63.5691,18.7756,50.6227
156.9394,62.3522,17.9956,51.7121
155.9359,62.0577,17.8509,52.4211
157.2607,63.1615,17.6390,52.6342
156.2504,62.1483,17.9166,53.4136
158.0461,61.4043,18.0368,53.9030
156.9443,62.3328,18.4939,53.7329
156.6581,64.1575,19.9106,53.1548
154.8845,62.9648,21.1549,52.9869
153.8563,65.4224,23.1041,53.0904
152.1088,66.9877,25.2101,52.1898
152.9507,66.0764,25.4454,53.2195
154.7421,66.6284,24.8871,53.6099
153.8102,66.6019,24.7355,53.9805
156.8312,66.3182,23.6192,54.6637
155.0524,67.0582,23.3986,54.9702
157.3690,68.0504,22.5881,55.3115
155.1250,67.2559,22.1147,56.0930
157.5574,67.5554,21.4600,57.3627
155.2840,66.7521,21.3120,58.6976
157.0804,66.5304,21.3848,58.8575
156.8562,69.0091,21.0031,58.5917
157.8536,68.7649,20.7869,58.8627
157.1418,68.5040,20.7486,58.9109
156.3081,68.0871,20.7064,59.1239
157.0018,69.9194,20.6279,59.2182
156.6979,69.8098,20.7080,59.3265
154.4560,68.7813,21.8234,59.6608
153.1859,69.9201,23.3666,59.5907
151.2757,70.5946,24.6985,59.3036
148.7825,72.7384,26.5845,58.4040
144.3973,72.1369,29.6908,57.9325
141.8063,72.3107,32.4459,57.5472
139.7810,73.8363,34.9307,57.1464
136.0363,74.7868,36.9905,56.9142
134.5534,75.2356,38.5148,56.5113
134.6471,73.6690,39.3446,56.8389
134.8670,73.9543,40.0817,57.3537
134.4563,73.6189,40.4693,57.9790
135.5860,74.0647,40.7284,58.5374
135.9534,75.3236,41.1454,58.2255
135.6889,75.7743,41.3367,58.0934
137.3011,72.9988,40.2702,58.2491
139.1400,72.1676,40.2138,58.1286
138.8331,72.3035,40.2704,58.3906
137.9880,72.1399,40.4801,58.8813
137.1741,69.8377,40.6174,59.3294
136.2498,69.3044,40.0893,59.8657
135.7748,67.1656,38.4473,60.7049
136.0493,64.6078,35.7782,62.1576
136.4519,64.2440,33.7406,62.9574
137.1101,62.2532,32.4985,64.2560
142.1102,61.2130,29.8884,64.8317
142.1835,61.0813,28.5013,64.6347
142.2141,62.7747,27.8189,64.9360
142.2305,62.9690,27.5825,64.9336
142.1548,63.5796,27.5232,65.2671
142.1854,65.2732,27.3969,65.3102
142.2336,65.5035,27.2387,66.3844
142.0732,65.1295,27.4200,67.2785
142.0320,65.4569,27.4071,67.7676
142.1082,64.9045,27.7129,68.4064
141.2340,64.4767,27.7592,68.2839
140.7705,64.9119,27.7046,68.8047
141.3478,66.4667,27.8774,69.1654
139.9684,66.4895,27.7338,69.6159
139.6953,66.0422,27.6895,69.8843
139.4046,64.8649,27.6105,70.1419
138.8566,66.4002,27.3201,70.0089
137.7864,66.0658,26.9638,70.3603
141.3819,64.9160,26.6474,70.2928
140.3717,64.6190,26.6166,70.2547
139.6366,65.7123,26.6903,70.3958
143.4534,65.5263,26.4816,70.1940
142.2681,63.9971,26.2381,69.9683
140.8673,65.4712,26.1916,70.3674
144.2820,64.0519,25.6539,70.0212
143.0949,63.1866,25.4856,70.6687
144.7207,64.4838,25.2425,70.0975
143.5517,62.4610,24.6768,70.4639
141.7620,63.2078,24.6528,70.5688
140.7496,62.9260,24.7669,70.7629
144.0377,63.7750,24.3812,70.6936
142.8900,64.0936,24.0596,70.8729
144.7750,64.9396,23.8333,70.3713
144.3309,65.3192,23.8645,70.3725
144.0415,66.4253,23.6775,70.0689
143.3713,67.9590,23.7319,69.6611
141.6375,68.5851,24.3163,69.1805
139.6262,67.6876,25.5150,69.2136
138.9911,69.3161,26.8795,69.0649
138.5784,68.3081,27.9625,69.0367
139.3892,67.2103,28.4758,70.0899
139.9676,68.2008,29.3104,70.0517
139.7679,68.3146,29.6059,69.7110
