1
388.8805,473.1261,59.7384,64.4410
395.0705,466.9845,60.8227,66.1507
403.4605,459.7749,61.6032,68.3426
404.9831,455.5738,63.7191,68.7494
400.6244,459.3857,63.7666,68.8356
389.6796,463.2566,65.3607,68.2358
379.5859,468.4083,67.5292,67.6499
369.9488,476.4937,69.8041,68.7641
372.8832,488.5557,68.3526,69.5982
380.4945,497.9251,65.4276,69.3107
388.7574,501.1544,63.0481,69.0458
397.8162,497.7187,63.1154,68.8659
436.8378,483.7842,66.4000,65.7832
2
0
0
0
0
1
921.7497,386.2775,75.1003,43.0235
981.5034,377.6620,77.5865,42.7389
1031.5146,374.7991,79.3174,42.6469
1094.8406,361.1683,79.3036,42.7460
1144.9564,356.5871,81.3569,42.5873
1198.0609,344.5036,82.9878,41.7274
1247.6334,333.9312,83.7904,40.9512
1295.9031,325.1321,83.9569,41.2132
1343.9905,316.5858,84.0468,41.8916
1380.5046,306.7274,84.8811,41.6539
1416.4175,302.9502,85.6792,41.3943
1454.3392,291.5596,87.0284,40.6538
1490.0365,287.1693,84.9150,41.5480
1486.7927,289.7903,83.3992,39.4608
1489.1334,292.4430,81.8697,37.4273
1507.3104,294.2290,79.5601,37.4135
1518.7218,299.3193,83.1428,33.8224
1544.7389,302.5210,81.8010,32.6914
1555.8136,307.8486,76.7139,36.6077
1568.6416,314.2758,70.9272,42.3696
1581.5504,318.5284,66.9734,47.5613
1593.6382,318.9375,64.4535,52.9105
1599.1414,317.9790,64.8186,55.3302
1599.9547,312.3060,64.1966,56.9154
1601.0739,303.4754,65.0831,57.8586
1598.6801,294.1305,66.6390,59.0640
1595.9270,282.8005,66.2449,59.0635
1602.4142,278.1238,68.7818,57.9018
1595.8387,273.7844,69.1881,55.6853
1592.8105,266.0222,72.7893,50.7710
1589.6185,258.4157,75.5749,46.9737
1585.2339,250.6873,76.7622,44.4237
1590.8456,244.0702,76.3998,43.9246
1593.1919,243.2273,77.5276,42.9397
1593.4999,239.7077,77.7076,43.9091
1587.1515,229.5558,75.1741,45.2152
1581.9860,224.8474,70.6692,48.4455
1575.5170,219.6924,67.1656,50.5327
1570.8727,213.7215,64.1279,51.4726
1567.0806,210.1721,62.3765,51.8912
1562.6432,204.5107,61.1081,50.9539
1558.2643,200.4976,61.2501,49.4104
1554.7316,196.5317,62.2469,47.6777
1548.2491,192.7474,63.3234,45.4958
1544.3104,194.3284,63.5397,42.7870
1538.9049,189.1034,62.9192,41.0843
1536.7898,196.5528,62.1580,39.1819
1530.4626,202.5589,61.5258,37.8344
1512.4275,206.9317,64.1541,34.3154
1496.5361,206.5697,64.3391,34.8928
1462.8568,199.8144,62.8233,35.1971
1416.9998,235.9471,61.2572,36.5296
1358.8694,233.7480,57.4462,40.0845
1300.7288,242.0942,53.7323,44.4989
1248.8793,255.1295,53.8108,45.1595
1197.4792,264.6349,53.5035,47.5215
1144.2712,277.1429,54.6056,48.3260
1102.7090,287.5197,55.1162,49.1079
1046.2452,295.4195,58.5402,50.0051
1002.4360,306.1720,58.8340,51.6511
955.5663,319.6636,60.4641,52.9301
908.2523,332.8029,61.0963,53.6408
858.9036,349.0603,62.7584,53.7277
809.3755,365.2860,63.8597,54.9031
757.6201,382.3388,66.3158,55.2027
705.2177,402.6938,69.8970,56.2328
661.3844,414.9516,72.9122,56.6260
620.6983,435.8306,74.9658,58.7872
570.6532,449.4406,77.2913,60.2992
525.9238,471.0816,80.5977,61.3497
473.9762,496.1054,82.6615,62.8601
435.8103,511.7470,83.6842,63.6750
428.5818,512.6089,83.9852,63.2961
416.7903,518.4799,82.0472,67.4296
410.5318,513.0947,79.7652,69.7788
412.9704,528.1088,76.8069,72.8760
411.4850,538.2949,73.0330,76.4159
408.1385,547.2551,68.6241,79.6617
402.9249,553.1809,66.1865,80.3818
401.3563,549.7587,63.1544,81.0331
392.8041,549.6581,61.2016,81.3205
381.5180,548.4020,61.3183,81.8949
375.4354,548.5485,63.3705,80.1565
372.3842,541.7856,65.3749,77.5695
383.5393,537.5501,66.1565,75.4233
386.8307,535.7810,67.6706,77.0177
389.2095,523.7427,72.4689,73.5093
393.2250,524.2575,76.9050,72.8382
397.5455,521.9600,81.2646,71.7591
404.4260,522.5167,83.5566,72.1373
403.4898,523.5349,83.4970,73.3940
389.9514,518.0050,84.7505,74.7662
375.5735,510.9961,82.5072,77.6284
378.9850,509.3993,82.0361,78.3584
356.3184,509.8569,87.3509,77.2901
358.1049,510.0699,92.5149,76.1422
346.1225,510.0467,93.2628,79.1723
357.3636,508.9315,96.8354,80.1518
363.8546,508.6938,101.3988,80.8677
341.9441,493.9303,102.9262,81.1775
318.6709,498.6257,99.9220,88.0724
319.4979,508.4600,96.6707,96.4000
324.1708,522.4200,98.4331,99.9604
329.3924,527.9865,102.4944,101.6336
335.7188,527.2367,106.5696,103.3623
342.2452,522.7556,111.9421,105.8264
348.6968,504.4405,117.8384,108.0123
347.2830,488.7331,127.1811,108.7232
342.8465,493.7212,134.4172,111.1358
320.8908,471.0927,142.2907,111.8285
2
0
0
0
0
1
943.3880,387.4321,85.7601,43.2670
1010.8907,372.2054,86.4263,43.4495
1079.7292,361.9333,86.0010,43.2908
1146.8837,352.9287,87.0729,43.3101
1213.8872,348.6808,87.2612,43.2297
1267.4105,338.3127,88.2851,42.6351
1336.2029,327.6024,87.5756,41.8114
1388.2029,317.0878,87.5340,40.5267
1452.4625,308.1472,87.4213,40.3946
1502.9506,297.8237,86.5899,40.8958
1557.0470,284.2344,85.9713,42.1520
1589.2891,282.9581,86.1520,40.9830
1592.2853,282.3131,81.9137,43.7786
1593.6376,277.1290,78.5153,46.3138
1603.2931,275.8196,78.1010,46.4288
1611.7538,271.1388,77.0542,48.0346
1613.7157,264.9798,77.6739,50.0251
1604.2761,262.7688,79.2197,49.2669
1596.2772,261.4279,79.0472,48.4717
1589.6450,259.7507,78.6593,47.2139
1583.9679,263.0272,77.9560,45.2348
1578.1072,259.4879,77.1251,44.0671
1572.2095,250.4149,75.9114,42.3129
1577.6768,254.6223,77.5103,39.5978
1573.5667,255.3113,77.7765,38.2614
1568.9561,256.4515,78.5531,36.6168
1564.8627,254.9463,80.3386,35.0031
1564.3995,254.0975,81.0330,35.5064
1554.8918,252.7538,81.2797,36.0374
1546.3531,248.9707,83.2399,36.7904
1540.5157,236.2127,79.0309,40.1395
1541.3461,228.8604,74.6370,43.4303
1540.4196,223.2665,71.6123,46.6666
1538.9652,222.6101,70.3868,48.5376
1535.4327,226.1709,69.7533,49.2064
1531.0784,229.3283,69.6244,47.8022
1528.0364,235.2555,69.1160,45.8434
1524.8154,241.9372,68.7522,43.4108
1516.6017,248.7793,66.8554,43.1464
1503.2164,257.0390,64.5373,42.5164
1488.5519,265.2930,64.3495,40.9325
1473.9644,271.4654,65.7161,40.2729
1421.0143,278.1211,66.1933,42.0959
1364.8063,294.3469,66.7391,44.7954
1316.6542,307.8476,67.1138,45.2474
1269.9020,319.9968,65.9834,45.9572
1214.0920,327.3167,66.5223,47.3086
1166.9790,339.8029,66.9718,47.8150
1118.6146,346.4987,69.5385,46.4113
1071.7462,355.8909,71.5693,47.2465
1024.7118,366.0039,73.4665,48.3610
978.1411,375.6438,74.8555,48.0327
928.9152,384.6541,76.1565,49.4548
888.2380,395.3364,75.7873,49.3039
845.4694,404.7918,76.5416,48.5989
803.9115,414.7877,77.2078,49.1538
757.0803,424.6558,79.7177,48.5864
717.4895,435.2223,80.6136,48.3777
673.9809,444.5341,81.2079,48.6975
632.7523,452.1196,83.1489,48.0944
595.4811,460.1399,83.3535,48.6886
556.0882,467.7411,85.6382,48.8595
517.9969,476.3540,86.9300,48.5892
481.2171,484.6369,86.7203,48.7112
443.9366,493.1997,88.0326,48.3980
415.1847,500.6298,88.2129,46.9211
385.2417,502.3557,86.1178,46.5472
353.6700,505.0552,86.9853,46.9385
324.4935,507.1382,86.6860,46.9829
306.3593,500.9487,88.2874,48.5054
299.5053,501.3985,88.5164,50.6914
291.6212,494.4387,89.0760,52.4336
288.5712,496.0981,88.0364,52.4264
277.9001,497.6276,88.9093,51.6478
271.3322,499.1567,88.2982,52.5974
263.0813,501.1756,89.9930,52.9044
259.0591,504.5813,88.7844,53.7018
239.0154,505.5787,87.1579,54.8868
240.2631,507.9082,87.0095,55.2655
244.0308,514.1391,90.2569,54.6356
249.9470,516.2061,91.1033,56.4228
258.6488,519.3927,90.1029,59.7211
272.5899,536.9616,86.9966,65.2544
280.9038,549.1424,82.7535,70.8621
287.7050,564.3693,79.8375,74.7222
295.8656,576.6827,79.4081,75.6505
302.0732,584.2583,81.3011,72.7998
312.0031,584.7136,82.4358,69.7073
324.6086,577.2963,82.8310,67.2442
351.3660,567.0989,85.7922,65.9405
2
0
0
0
0
1
856.0597,506.4946,91.3793,47.0272
923.9287,497.8289,90.0386,47.5698
982.9760,498.4091,93.8183,47.2539
1042.7095,498.3466,97.0566,47.2360
1103.4075,496.1738,98.5205,47.4734
1167.4551,493.0712,99.9707,47.6825
1229.0006,488.6303,99.0327,48.8023
1288.1643,482.7592,95.9885,50.1771
1346.3945,480.1804,92.6994,50.8319
1401.5344,476.4693,89.8700,50.6326
1454.9668,475.3893,88.7779,48.8346
1493.7720,473.2806,89.8389,47.6991
1544.9093,468.0953,85.8889,47.5815
1555.1046,477.6674,85.4815,46.9673
1555.0490,478.8432,84.0113,47.5228
1568.0186,476.3104,83.1958,48.2192
