1
263.9524,82.0647,29.5537,49.1131
266.2196,85.1998,28.2230,50.5906
260.1156,84.3897,28.1811,51.6805
264.2108,82.6319,27.7634,52.2372
266.7827,80.9300,26.8027,52.7155
267.1124,77.4070,26.3942,53.5434
265.4592,75.8706,26.1353,54.7598
264.6451,74.7794,25.4301,56.9668
263.8772,69.4798,25.1913,57.9863
262.9024,66.5632,25.3516,58.5136
261.2594,65.6489,26.5925,58.3002
259.8625,70.1216,27.4247,57.8653
259.0486,70.6917,27.2530,58.4401
256.1838,68.9173,27.6546,58.3352
253.8867,72.3230,27.5990,58.3896
247.9633,73.3690,27.2113,58.8057
247.0937,72.7320,26.7148,59.7000
245.2527,74.2497,27.0144,60.4200
241.8681,75.2659,27.1517,61.5100
240.0995,72.0347,27.0964,62.2099
238.8898,75.0411,26.8934,62.0691
240.1323,78.1794,26.3188,62.6304
241.5532,78.4742,26.6078,61.0886
239.5238,77.0701,27.0797,60.7576
238.2320,79.8021,27.7747,59.4436
239.0368,79.0704,27.7687,58.8797
241.3873,76.6768,27.7449,58.7161
244.1335,77.5935,28.3726,57.7962
243.7151,75.7104,28.3466,57.3492
246.0615,74.3136,27.3356,57.9768
246.0708,73.8820,25.8813,59.5182
244.0459,71.9753,25.3305,61.0579
241.3034,71.3414,26.1610,60.5036
238.7843,68.4258,26.1426,60.9865
229.4963,69.9988,26.2266,60.3367
227.3005,74.0540,25.7288,61.8433
226.1797,69.4437,25.6111,61.5193
224.7474,72.1850,26.1596,61.3735
225.3229,72.9056,27.6415,60.7954
225.5941,70.3245,28.8375,60.0918
225.8838,73.7146,29.6510,59.8144
226.9124,77.6207,28.8481,60.7809
228.4106,81.3342,27.9785,62.1007
228.4535,83.0325,26.9986,64.0723
229.6071,83.6299,26.4250,66.0013
229.9982,79.7929,27.1380,66.3512
232.9636,80.0588,27.9442,66.3045
234.3153,77.4624,28.1169,66.9456
236.5404,84.2677,27.5316,69.0015
239.1976,85.5107,27.4579,69.4181
241.3997,80.4159,29.0757,67.6831
239.3279,81.8897,29.4173,68.6440
236.9218,81.5786,29.0843,71.7346
233.4131,77.8176,30.7051,70.9117
228.8686,82.8498,32.6413,69.3824
224.7296,85.7822,32.2767,70.0460
221.6931,88.5766,31.7106,72.0423
219.5979,84.9842,32.1806,72.0482
211.8041,82.5118,32.2981,72.2964
213.9528,75.0214,33.7914,71.4704
216.4016,77.0469,32.5398,72.2106
216.9906,72.7839,31.8720,73.1391
220.0568,77.8918,30.7126,74.8783
223.8904,75.6723,30.3116,76.1373
225.3465,74.8094,31.2374,75.8470
228.3438,76.4184,32.5899,75.5261
229.2576,72.4859,33.6032,74.7289
227.6820,75.7164,33.3666,75.5146
227.3797,76.7932,33.0023,75.7727
225.0446,78.4405,32.1154,79.5411
224.3129,78.1185,32.3060,81.8797
227.1991,78.4779,34.5137,80.9259
229.4106,76.4629,35.7283,80.5317
232.7822,74.5064,34.8697,82.3083
233.6589,74.6463,35.0214,82.8136
236.7360,75.8150,35.1770,82.9783
241.4529,78.4558,36.1145,83.0779
245.2104,79.1812,39.0888,80.9015
248.0187,79.1444,42.3672,79.1127
251.0464,81.7730,44.4415,79.1465
250.6979,81.0533,45.6164,81.3241
251.3038,87.2750,44.9893,83.9658
251.8512,85.9997,45.4587,83.9482
242.8602,87.7781,45.7211,83.7908
246.2232,85.2182,47.6587,82.6398
245.5048,80.8420,49.6882,81.9602
244.8667,78.4675,50.0090,82.5345
235.6085,77.8483,49.8170,82.1829
236.7601,72.7884,48.4711,83.8381
232.5254,72.5472,47.9882,84.7248
229.1668,70.0443,47.3107,87.1369
229.5199,67.0083,47.4728,88.3371
234.5917,60.2138,47.0865,89.8990
237.3458,66.9311,47.0516,91.6068
239.3864,70.3681,46.8562,93.0367
243.9305,72.5672,46.1582,93.0448
243.5473,71.7191,46.3550,93.5266
244.6175,68.6821,48.5114,92.4193
246.2140,72.4075,51.4068,90.4074
250.0311,68.4216,51.8213,92.0760
251.5925,69.3617,51.7297,94.9819
256.5694,73.0292,50.4729,95.5643
258.0500,68.2546,49.1291,96.8902
257.0584,63.6006,49.9038,93.4917
244.4294,60.7619,51.3201,92.5431
233.8118,64.8794,51.7875,91.9247
224.9480,65.6815,51.3892,92.0174
218.9046,64.8797,50.5794,90.0383
210.4120,63.5926,49.7613,89.5861
210.7318,54.7399,48.4408,90.9972
200.6591,56.7081,48.0352,91.7653
204.7399,47.1174,48.0353,92.4825
207.3294,45.2223,49.1660,90.8827
213.4613,51.7035,48.1848,93.9471
217.9045,54.9990,46.1607,94.6243
223.6396,49.6064,46.0771,95.4010
229.5671,45.0828,46.1642,95.4414
233.6454,50.2085,45.8433,95.8801
237.6320,51.1645,45.9474,95.9714
242.9417,47.6186,45.3753,96.1904
248.2051,53.1269,44.6641,98.6508
253.7548,60.1823,45.3481,97.1289
257.4092,59.1254,46.0228,97.5000
261.6725,63.8381,47.0061,94.7649
262.1536,63.4242,48.9354,92.3275
264.3419,62.7609,51.1193,89.6982
271.2433,67.4982,50.0020,88.4262
277.5860,64.2973,49.2937,88.8105
285.1263,68.8692,47.4746,88.3312
291.5827,64.8606,45.7628,88.6692
296.9579,67.4815,43.7896,87.5703
303.1876,64.9761,42.9387,87.8006
305.7483,62.9725,41.0115,88.9437
309.3620,61.5879,38.8941,92.1177
312.0179,60.2768,38.2757,93.6122
309.6553,67.7941,38.0993,94.3410
305.9203,71.7804,38.1644,92.6771
302.7406,70.2292,39.0753,91.9441
297.8770,73.1918,39.8024,87.7016
293.7881,73.6279,39.4872,87.0840
290.9941,70.3963,38.3286,85.5310
288.7347,70.3063,36.4493,85.2828
286.6270,70.2682,35.1814,85.3225
282.5810,68.6732,35.2301,84.6077
280.9105,67.4003,36.6934,82.0733
279.0654,63.6387,37.2085,80.0519
278.4326,65.0191,37.4558,78.9903
277.1091,65.3686,36.7838,78.1596
275.2953,66.6493,34.6567,81.1363
272.2821,65.1759,33.4326,82.9936
271.5637,63.6035,33.3520,82.6620
272.9590,64.6044,34.2781,79.3874
277.1013,66.6262,34.1483,77.5216
279.8926,61.7291,33.5795,78.3567
282.4295,56.2529,32.6727,80.4072
286.6239,62.8128,31.8190,84.2487
289.4274,59.0995,31.5945,86.7768
289.6195,60.8221,34.3925,86.1086
291.0880,63.8408,36.8749,84.1321
296.3923,68.6953,39.8199,80.4734
295.5767,65.5374,39.8209,80.6604
295.0152,67.4656,38.9194,80.8716
293.4582,71.4823,38.6497,79.5275
291.2473,71.3017,38.4935,78.9001
291.9323,70.0021,39.8637,75.8511
293.4614,70.9767,42.6043,71.9710
294.6253,72.2548,42.2759,71.8706
294.8065,70.4776,43.1641,72.0184
292.7900,76.1945,42.6631,71.9258
291.5421,77.6148,43.3361,71.0467
293.3123,77.0117,43.5379,70.4424
294.4846,75.6279,45.5776,67.9660
297.6995,72.5371,46.4801,66.8985
300.9457,73.8800,46.9924,67.9497
301.3160,71.1803,46.7801,68.7423
302.8188,65.1904,46.7434,71.1720
293.5691,66.9276,47.2306,71.7725
298.2231,68.9234,47.2726,71.9460
302.1700,69.0977,50.1178,68.9805
305.9886,70.2315,51.0918,69.1905
309.8944,67.5469,50.3992,71.7482
311.8184,66.5861,51.2532,72.2650
313.8966,68.3482,50.3846,73.9380
315.3668,69.5172,50.4684,74.5076
317.6230,69.0788,51.5348,73.7856
318.1858,68.6353,52.5548,71.6841
321.9842,69.6988,51.4995,72.8909
325.1870,63.6352,48.6552,75.9478
324.7677,58.7077,47.6854,78.1830
313.1521,61.4697,49.8515,78.4225
311.6095,58.3164,50.5761,78.8824
312.1765,60.4124,50.7856,79.9981
315.2176,57.8228,51.7471,78.9639
319.0982,57.5818,51.5786,79.8035
324.5509,55.9349,48.3821,83.6835
327.3205,51.7687,46.2756,87.6667
325.1758,52.9964,46.1120,89.2615
324.7596,57.7671,47.2625,89.2664
324.8141,60.4621,49.8664,87.0471
328.2125,61.2986,52.8534,84.9025
324.5889,66.4165,56.1341,81.6816
324.4292,69.9306,57.2123,80.9040
322.1605,66.9925,57.5424,80.6096
320.7997,66.7052,58.5965,80.5863
321.5665,74.1013,56.2985,82.8999
321.0276,67.8862,55.5860,84.2633
321.3192,71.7654,55.0883,83.7980
307.4312,71.4773,56.1360,82.5210
303.8574,64.8957,56.3010,82.7508
296.3797,66.6338,58.8829,82.2200
285.2265,70.3839,64.1882,77.8530
270.0697,68.4588,67.3325,74.4399
2
0
0
0
0
1
342.2065,91.8348,20.1382,57.8047
343.8284,95.6557,21.1957,54.4812
343.7569,95.7939,20.7962,52.7602
346.0022,96.4196,20.2727,51.8189
347.6785,96.8315,19.8017,50.5380
350.5324,96.5602,19.2698,50.1536
353.4666,97.1095,19.4421,49.5372
355.0697,97.6104,20.5314,49.0704
353.0414,93.9359,21.6553,49.4018
355.0716,96.2031,20.9601,50.2317
356.0048,94.7637,20.0128,50.0908
355.5469,95.8114,19.2669,50.4271
355.1011,97.1682,18.6620,50.5194
354.2127,99.4476,18.7652,49.9484
352.9625,99.5241,19.6896,49.2480
350.3727,100.1853,20.8599,47.4700
351.8548,98.9975,20.9314,47.7153
351.8433,100.4744,20.1427,47.7938
354.4972,97.7561,20.2707,47.3814
356.6628,99.4534,19.3714,46.9812
359.0670,99.4444,19.0088,45.7671
361.3807,104.0808,19.2080,43.4582
363.8708,104.3674,19.0692,42.3368
366.9741,104.2310,18.3540,42.3022
369.0016,104.3771,16.9587,43.8066
372.5243,104.3267,17.0008,43.9524
374.4125,104.7983,17.4430,44.7101
375.7719,103.2347,17.4670,45.3176
375.0969,103.8780,18.5319,44.1208
374.1024,104.1007,19.2210,43.4855
372.0159,106.3592,19.1095,43.0688
370.0486,104.9020,18.8577,42.6525
371.1063,103.6384,17.6664,43.6663
372.1412,104.5459,16.8655,44.0991
370.8755,103.3983,18.1519,41.7129
370.8786,103.8992,18.3349,41.0445
369.8619,104.6719,18.8731,39.8449
369.2960,102.7475,18.1903,40.0435
365.8973,103.5528,17.9952,40.8169
368.9778,101.8766,16.7474,42.7948
364.7113,101.0432,17.0948,43.2765
363.2031,101.1407,16.8354,43.6377
361.6597,99.5429,16.9806,44.2704
358.7539,97.4908,17.4942,43.6761
355.8162,97.9159,17.6572,43.6213
352.3976,97.1726,18.1827,44.3510
348.5127,97.0293,18.2532,45.2310
350.0603,96.0814,16.9534,46.6472
350.5922,94.2418,16.8893,45.9515
350.6711,96.4790,17.4638,45.5649
350.9313,94.8064,18.1356,44.2930
349.2296,91.2852,18.2922,44.9960
351.8019,96.9486,17.7828,45.3736
353.5708,96.8550,17.4736,45.6436
354.2593,97.8646,16.9917,45.2253
356.6362,104.0705,16.1116,47.0326
358.2135,103.0572,16.5749,46.2380
360.4165,103.3777,17.1100,45.1331
361.7624,103.9993,17.3849,44.1633
362.8957,105.2047,17.3268,43.8053
365.2766,105.3203,17.1765,45.9015
365.3092,107.8587,16.7856,47.1179
364.9188,107.7264,16.6934,46.9190
366.2893,106.6086,16.7134,46.8056
367.1291,105.9372,16.9044,45.2978
367.8324,105.7475,17.1447,43.8569
368.0652,108.2389,16.9680,43.3918
369.7877,109.9666,16.9300,43.1086
370.4524,107.6458,16.9179,43.5431
373.8516,107.5998,17.3786,43.4094
377.8237,110.2120,18.1718,43.8848
382.1671,108.7129,18.8666,43.7876
391.0079,106.3073,19.1000,42.4127
395.2717,106.2914,19.7749,41.0403
