1
148.0636,66.0944,45.4625,55.6601
147.9702,66.3956,45.6491,55.0576
147.7096,66.8216,46.1703,54.2056
146.5918,67.1565,46.8265,53.5358
145.3900,67.4080,47.6505,53.0328
144.9517,67.7075,48.5271,52.4339
144.3652,67.3072,49.7001,51.6449
144.9568,66.8050,50.1127,51.0532
144.7894,65.5605,50.4476,50.3559
145.2905,63.8598,49.4453,50.5825
149.0769,60.5972,48.1735,50.8069
154.5565,58.6281,46.5660,51.6277
155.3086,57.7445,45.0616,51.8491
159.6725,55.7214,43.9601,51.3197
161.0020,55.1408,42.8004,50.9816
165.7064,55.3836,42.2445,50.4959
170.3580,55.6866,41.6954,49.8899
174.2451,60.3543,44.0070,47.7588
178.9370,66.3826,46.1819,45.8159
182.2706,72.5932,48.2074,44.9850
183.5592,72.4799,50.0323,45.2117
203.3258,61.2779,47.9847,46.6237
208.4266,62.1488,46.7224,46.3717
210.9058,63.5563,44.6960,47.9549
216.3052,67.4438,44.1092,48.9330
218.4387,67.9695,44.2364,49.3463
221.3809,72.1390,44.2447,49.8465
221.4704,82.6939,45.5469,49.4719
224.4905,89.7564,45.4908,50.3074
226.6276,89.1779,45.7410,51.4644
225.2221,91.4158,47.0220,51.5791
226.1327,95.4649,48.3055,51.2426
225.0310,95.5554,50.5088,49.4941
221.1642,102.2047,51.9432,47.2192
216.8603,101.9982,52.7452,46.0712
212.1859,99.6950,52.7623,46.0117
206.1390,94.0917,52.4194,46.3362
195.9058,86.9478,54.2321,45.0793
179.9928,81.9833,56.3745,44.0722
172.4998,76.9047,57.1507,44.7561
166.0477,76.6447,57.2400,45.2762
156.6574,71.0272,58.2921,43.6176
144.2721,65.5655,60.6528,41.7355
136.5267,60.5880,61.6938,40.4518
129.7605,56.9258,60.8274,39.7768
124.5081,51.4582,58.7271,39.6827
118.0687,46.9348,56.1812,39.4745
112.0501,41.5399,53.2120,39.7599
103.2986,37.6043,50.2710,40.3297
93.9403,39.0959,47.6179,41.6204
88.8263,36.3874,45.2051,42.8237
83.4953,36.8801,43.3918,43.2245
77.4129,37.4912,41.9163,43.3663
72.4947,38.7465,41.0089,43.5417
67.8952,39.9326,40.8883,43.8322
62.5953,43.0398,40.8162,44.2876
58.2810,46.3767,41.4051,44.3136
53.5291,49.8079,42.8108,44.1998
47.5110,44.4735,43.8853,45.2772
46.3670,51.2586,46.1734,45.7478
48.7976,59.8347,48.5500,44.5190
47.2825,51.1531,50.1149,45.7637
54.2989,53.8377,51.1773,46.4325
70.4862,60.0893,51.0735,47.7598
89.9572,67.8043,49.4806,49.4482
103.7272,62.9351,48.4255,49.8389
122.4937,64.3049,46.4832,51.7416
134.5850,61.9423,48.5877,48.7353
151.8458,61.8940,47.7842,50.3645
167.1734,79.0521,48.0394,51.5953
173.3613,90.8730,49.7828,51.4855
180.6458,93.0471,52.7557,50.3267
181.3949,94.0908,56.1272,49.8624
192.4275,89.1884,59.0881,49.6570
208.3974,76.2378,56.2337,53.3163
203.3710,86.6647,55.9363,54.8880
195.4033,78.4659,59.6549,55.5785
191.8151,73.2925,61.3881,58.6676
190.9241,73.1397,61.2795,60.8637
183.8405,92.7714,60.0587,63.9175
181.6572,90.9307,60.5209,65.6467
178.2864,87.2058,61.3031,67.1371
174.8628,83.6055,62.0838,68.2712
165.1975,70.4157,62.9442,70.0238
149.3199,61.8403,67.4872,64.1490
133.6814,60.6823,69.7443,60.2465
126.8819,57.2066,71.0691,56.9691
120.7005,53.9532,69.3387,55.4228
114.5420,46.9984,65.9623,55.6005
107.5575,44.8075,62.7176,56.1571
101.5081,43.0221,59.8457,55.9853
99.1422,43.2279,57.2820,55.5737
99.4759,42.2168,54.8375,55.8186
104.1191,41.9027,52.5214,56.4468
111.5080,47.5011,51.4697,55.5445
122.2293,54.2636,51.9315,53.8143
133.5586,59.6425,52.5860,53.0478
148.3909,59.4048,49.5378,55.1866
156.8669,64.7621,49.0719,54.3637
165.3032,67.0727,50.1114,52.9994
177.2967,68.1873,50.4789,52.3937
195.9409,65.4429,53.6898,49.7827
206.9166,67.4359,56.1762,47.4259
210.3847,69.9512,57.3906,45.6555
212.8682,71.1194,55.6637,44.9391
217.0663,70.9057,53.5957,45.3666
217.2618,70.7436,53.2046,45.6907
219.8245,70.5553,52.7483,46.0673
226.3889,96.8605,52.0615,44.7805
227.1276,101.8608,52.1081,43.9239
230.2220,101.8604,51.9631,43.9247
230.9192,102.8905,52.0773,43.3733
230.1836,109.0527,52.0469,43.0616
225.6933,119.6611,52.0509,41.2941
226.7088,120.9813,51.4874,40.1213
226.3359,120.0461,50.7934,39.1119
227.1537,119.4832,49.1579,38.8248
227.4634,117.6937,48.5385,38.2543
226.7380,113.1618,47.2604,37.7672
226.2777,103.4859,46.8440,38.4021
225.4262,102.0102,45.8654,40.0128
222.7803,89.1346,45.7507,41.4346
218.1259,73.0091,46.8240,39.3712
208.2391,66.9236,47.6118,37.9809
204.3605,61.9611,47.2943,37.1395
191.7887,59.3823,48.5473,35.6609
154.7070,64.3750,48.6659,38.8976
141.7007,65.5377,49.8961,39.3259
134.3397,64.6390,50.5920,39.7206
130.1309,64.2377,49.0720,40.5232
121.6058,63.1219,47.8006,41.3455
112.2188,61.6483,46.9332,41.4868
104.1906,62.2222,46.2884,41.7309
97.6647,62.7793,45.4835,42.0024
93.1795,63.9087,44.8117,42.4985
92.0951,67.0291,44.2309,43.1318
93.5841,70.3779,44.0043,43.3131
96.6729,71.2904,43.3270,44.2382
104.7211,72.3045,42.3991,46.3469
112.7721,83.9012,41.6667,46.9064
124.3164,79.4713,42.2803,47.4007
139.4747,91.4190,41.6097,47.5047
142.6388,69.0111,45.0998,44.6318
2
0
0
0
0
1
224.1480,121.2724,41.8039,39.2797
225.9552,124.8652,42.0199,39.7546
229.8592,124.5821,41.9378,40.3207
230.3896,125.1929,42.1724,40.3945
233.9731,126.0204,42.8066,40.0397
239.3668,126.9640,43.7596,39.4570
243.4538,128.0392,44.7559,38.6166
240.5052,128.8971,45.4048,38.2128
233.9877,124.2484,45.2839,38.3011
228.8467,119.9988,45.0448,37.5943
223.6386,111.1651,46.3603,37.0605
196.2066,98.3053,46.1342,39.1701
194.9430,94.4534,47.3192,40.1626
189.6247,87.4132,48.3201,41.8543
182.4678,77.3250,49.8615,40.7435
172.2479,68.2770,48.9257,40.3138
166.0139,62.6049,47.3566,40.4284
164.7452,53.5121,47.1313,39.2749
166.3229,47.9748,46.6946,38.1156
170.6645,42.3943,46.0147,37.2717
176.4680,40.5688,44.8858,36.9933
182.9250,40.0530,43.5633,36.7370
193.0674,42.1500,42.2300,36.3333
202.6894,47.2960,41.5311,35.9321
213.5258,52.3794,40.5830,35.5180
222.7302,57.3679,40.1408,35.1232
231.6278,61.2610,40.1147,34.4446
240.0370,65.7548,40.8959,33.6702
243.4429,70.6959,41.1215,33.1712
245.1156,75.0093,41.2809,32.7224
245.5798,75.1483,41.5160,32.4444
243.7495,71.3080,41.6890,31.9872
242.5310,67.8366,40.6529,31.9835
238.1202,65.5402,40.3397,32.0089
233.1936,62.0980,39.9557,32.0685
229.4093,61.6275,39.5966,31.8770
224.1739,57.7002,38.8280,31.8641
219.4603,56.6763,38.2480,31.6881
212.0103,53.3147,37.7462,31.8105
203.2737,49.5594,37.7092,31.6604
193.2483,47.9460,37.0235,31.6130
181.9737,47.0728,36.8915,31.1993
169.5591,46.6351,37.0795,31.0034
156.6737,48.4376,37.1438,31.6828
143.7439,48.0434,37.0107,32.4713
131.8593,47.6888,36.7202,33.1804
123.7558,45.8411,36.4206,33.5744
115.1610,44.0432,35.9773,33.8640
104.0228,44.3156,35.1593,34.4191
96.0816,41.6293,34.6060,34.3131
85.4794,41.5333,34.1036,34.5051
77.3611,41.6117,34.1336,34.3483
70.9196,41.9134,34.0751,33.7448
66.6605,43.2135,34.0491,33.2808
62.4575,46.5497,33.9727,32.9701
60.9293,49.9438,33.8666,33.5613
61.4594,54.8311,33.8682,34.4053
66.3440,62.2528,33.7755,34.6140
71.8985,69.6989,33.4362,34.7995
77.0142,80.7873,32.8756,35.1879
86.0267,92.4775,34.1414,35.3851
92.5499,99.0659,34.2334,36.4416
100.8895,106.7865,33.1341,37.6930
103.9538,116.4702,32.5796,39.5070
103.2689,126.2674,32.8155,40.3231
100.7193,133.5057,34.4639,40.8001
99.8940,134.0294,36.1145,40.9369
98.9216,136.2339,36.8466,42.5919
97.3934,137.0719,38.6527,42.1660
96.4894,136.8189,40.4608,41.3996
99.8202,134.2185,41.5337,41.4440
101.1635,132.6126,42.7673,42.0424
106.0219,132.8256,43.7353,42.9518
109.9724,133.1150,44.0250,43.7382
109.9793,137.7003,44.0113,44.2423
113.0907,131.2085,43.3478,46.1074
113.8885,131.7256,43.1607,46.4817
115.2018,130.2139,41.9454,48.0936
116.1996,127.7409,41.3670,48.7883
116.4340,127.3252,42.3168,48.2012
117.1835,125.9106,43.6672,46.7562
116.7853,118.7529,44.4637,46.8338
120.7280,117.6387,45.2040,46.1868
121.8662,117.3065,45.8060,45.4121
124.0061,112.4497,45.8358,45.0702
125.4926,111.6449,45.7260,43.8165
126.2455,108.5570,45.6302,42.9422
130.0222,107.9462,45.0502,42.7690
133.0138,107.5114,44.5984,42.2558
137.4991,103.9706,45.2013,41.1315
142.0399,103.6079,45.6341,40.4976
146.4169,103.3000,46.3709,39.7578
149.5680,102.7803,46.8453,39.4417
153.4114,99.0005,47.3041,40.2134
154.4149,98.9244,48.0514,40.3655
158.2105,96.6637,48.8066,40.7137
155.7895,96.7921,49.4237,40.4570
155.2488,95.0882,49.0914,41.0374
150.9457,95.9136,47.7721,42.2224
145.5964,93.3274,47.1381,43.1452
141.9939,92.4910,47.2359,43.3964
127.4922,77.8795,46.2732,45.5072
123.1788,91.5568,46.2279,45.6142
116.9176,89.6765,45.7333,46.4822
109.7379,88.8807,45.5708,46.6216
103.5520,88.3198,46.3279,46.2917
99.9808,89.5301,47.6360,45.3296
96.4212,88.7076,48.8997,44.0467
96.7729,89.7171,49.6595,43.4910
97.2142,90.5150,50.2429,43.3612
99.2755,89.7516,50.5397,43.4150
100.1102,89.6239,50.3487,43.6703
103.1962,90.4117,50.0956,43.5745
104.0515,89.6493,49.8592,43.6251
105.7284,89.6559,49.4480,43.6119
107.9401,89.0812,49.4191,43.2964
110.8151,89.9229,49.5061,43.0723
