1
512.1031,196.9728,54.4191,30.3791
508.0740,197.5612,54.4293,30.5925
499.4680,195.8875,54.2119,31.0404
482.8791,196.1681,51.3817,32.7845
478.6855,196.9753,50.0053,32.7796
464.8062,194.2713,50.0414,31.9405
446.9844,191.1504,48.3835,33.6347
438.2733,190.9677,46.2458,35.2076
427.0853,184.0641,44.6600,36.2148
414.7207,185.1578,43.3283,37.8576
407.5971,184.2663,42.4490,39.3218
397.1490,182.1543,42.1270,39.6883
382.3977,181.2035,42.6947,39.6888
377.5547,180.6651,42.7617,39.9629
361.3409,180.2953,44.4861,38.7360
347.7048,180.2200,44.9780,37.8788
347.1852,178.9709,45.2642,36.8035
335.2361,170.3450,46.1332,35.8714
322.6785,169.5411,47.0980,35.5200
316.5711,166.9110,46.8745,35.9078
307.0580,166.3264,47.9936,34.3976
284.0060,157.1813,47.8726,33.9066
277.6877,146.9466,48.0806,33.5164
275.4712,156.6358,48.0486,33.2956
264.9102,148.1348,48.9329,31.9393
265.9467,149.4743,49.6822,31.1098
266.6835,148.0185,50.3967,30.3656
259.7419,156.5469,49.8082,30.3758
263.3457,146.2347,51.1404,29.4122
2
0
0
0
0
1
164.4024,157.4942,43.1128,27.8391
150.9263,147.6563,42.3586,28.5571
148.0752,145.7895,39.7648,30.5869
143.6965,148.0005,37.3755,32.7992
146.2626,150.1400,38.3755,32.4285
148.8163,151.9848,37.9699,32.8998
154.6802,162.0139,36.8134,34.3161
160.0491,163.4826,37.1192,34.1335
163.4397,164.1404,35.6000,34.8064
168.8365,164.3739,35.8446,34.1839
171.5225,173.2281,35.3539,34.5183
174.2915,173.5111,34.9796,34.3131
177.0893,175.1692,33.6453,34.9377
179.6855,178.5938,33.3522,34.9002
180.7509,179.1877,33.7435,34.3987
184.2523,179.4429,34.0130,34.1607
188.6979,178.8858,33.7221,34.5791
191.3180,180.7456,33.4780,34.3112
194.6017,182.3358,33.2815,34.2537
198.4866,183.9192,33.3248,33.9835
2
0
0
0
0
1
172.8087,178.2720,38.6805,37.1402
176.6400,179.7727,38.0614,37.3623
180.2352,181.3748,39.9181,35.4668
179.9349,182.3510,40.5651,34.6161
183.3549,184.4646,40.6477,34.6881
186.4941,185.8008,40.5034,34.4891
189.2168,186.1403,40.5195,34.2505
194.4206,187.0002,39.9913,34.1146
197.3534,187.4964,38.9661,34.7829
197.9851,187.8096,38.8036,34.9900
200.6069,196.3824,38.4520,34.5657
204.5900,195.1379,37.8232,34.6440
206.4103,194.2306,38.2918,33.8784
207.0039,194.1447,37.8501,33.3149
208.7358,194.9819,37.3656,32.3131
202.0035,195.4253,35.6923,32.5062
204.1095,196.4772,34.4475,32.9216
214.5449,196.4950,34.0804,33.0074
214.9240,197.3366,33.4929,33.0477
217.2122,198.3537,33.5767,32.6674
225.2877,207.8309,33.1214,32.1508
227.4921,208.5106,32.6175,31.6302
229.0218,217.5484,33.2751,30.7844
230.9780,225.8551,34.5658,30.0027
210.0568,233.3240,34.7212,30.0390
213.9052,230.5296,34.2637,30.4676
217.3388,229.9806,34.0748,30.7565
220.0788,231.5504,34.1024,31.0124
222.2372,234.1244,33.9377,31.6723
215.2658,215.2235,34.5684,30.9013
214.5376,206.6340,34.7193,30.4845
216.5505,206.6387,32.4662,31.4703
2
0
0
0
0
1
259.5594,241.5232,52.0425,42.2261
261.1320,243.8857,51.9575,41.9219
262.5342,247.2438,50.7876,43.1276
266.0894,248.5851,49.1030,45.0664
265.1717,248.7092,48.1024,45.7804
266.7025,249.4405,47.3660,46.3907
267.7390,235.2350,45.3681,48.1428
273.8182,224.7988,45.1701,48.8805
274.5310,227.3122,43.7441,50.3037
276.5302,231.4642,44.3753,49.9030
279.4890,235.4189,44.5242,49.8160
282.8657,237.8509,45.8690,48.3812
285.6329,241.1257,45.9944,48.4571
295.0745,245.3954,45.8422,48.6364
295.1881,249.6824,45.3979,48.9309
296.5823,253.2475,43.9409,50.0924
300.4743,257.9116,43.2695,51.1922
303.1006,260.7086,42.7911,52.0488
306.4991,264.1886,41.7753,53.1189
310.4486,268.9580,41.6449,53.6525
312.9532,273.3717,40.3799,55.1234
313.7870,278.4600,40.4374,55.0768
314.2787,282.7021,42.3076,53.5558
312.1950,286.6465,43.3970,52.2837
312.5486,289.0382,43.6876,52.0323
300.3088,286.9401,41.7682,53.0011
300.7096,285.6286,38.8068,55.8195
269.3127,285.9663,41.7148,52.8734
269.6909,287.0520,40.5933,54.7657
267.8563,286.7277,40.8733,54.2553
267.4740,288.7067,42.0126,52.4892
266.7452,291.1632,43.3189,51.2208
262.7602,293.2685,45.7231,48.8031
269.5787,293.6880,46.7583,47.8174
256.3028,295.8623,49.6332,46.2700
256.1137,296.3153,51.1356,46.3580
256.4541,295.0776,53.1902,45.8411
246.5040,292.9117,50.9844,48.9283
247.6053,290.5628,48.7944,51.8290
2
0
0
0
0
1
237.8427,353.2201,44.4943,18.2076
240.8180,358.6104,40.8877,21.6562
242.4657,356.8994,38.1310,23.9987
244.0321,356.1987,36.7154,24.8640
246.7737,354.1373,36.2829,25.3320
248.2016,351.7807,35.5530,26.0274
249.1907,343.1846,33.7977,27.4298
256.6588,349.8738,33.0171,27.7996
258.2377,356.8168,33.2597,27.1895
269.2249,363.0612,32.7637,27.5172
271.9547,361.8649,32.6206,27.7267
274.1292,359.6738,31.7005,28.7342
280.9799,359.3370,31.9599,28.0890
