1
161.2734,59.5261,47.7781,171.5273
159.7361,55.4556,50.8528,169.7283
158.7115,57.4096,52.9019,169.1656
159.2305,59.2804,55.2392,168.7992
158.1523,55.8063,57.3955,168.9215
159.9079,55.4057,57.3386,169.7227
159.7336,55.4506,57.6871,169.6330
158.2524,51.6600,57.1799,170.2747
158.2992,49.6566,57.0864,170.8121
155.4105,50.3426,55.9127,172.9156
155.7233,48.1309,55.2871,173.8551
152.8181,48.3517,54.1263,173.4136
153.1115,52.1747,53.5396,172.6835
151.6823,49.3983,52.9610,171.3626
150.3691,49.4459,52.1801,171.2674
146.0920,50.0386,50.5593,170.0821
146.4205,52.4612,49.9024,168.5818
146.1456,51.7180,50.4521,166.7567
144.4730,50.4903,50.5016,165.9164
144.5371,52.2936,50.3735,165.5945
144.4726,52.8517,50.5024,164.4784
144.0913,55.4680,51.2650,162.5101
143.8344,55.9826,51.7788,161.4809
143.2976,58.9226,52.8525,158.8464
142.9156,59.4587,53.6164,157.7741
142.6529,57.5390,54.1418,158.3873
142.4096,57.5939,54.6285,158.2775
141.3326,54.4511,53.5305,158.0590
141.5887,56.0385,53.0182,158.1130
142.0889,58.6170,52.0178,156.1764
140.9451,60.9736,51.1310,154.6375
139.5991,65.1247,50.6867,152.6079
140.0688,65.6066,49.7473,151.6442
139.6758,66.3675,50.5334,150.1222
139.3471,66.7716,51.1908,149.3142
137.3394,67.7158,52.1446,147.4258
136.8917,68.2307,53.0399,146.3959
135.1012,67.0513,53.5674,145.7012
134.8480,67.2800,54.0739,145.2439
132.6170,71.2133,55.4802,143.4886
130.8872,71.7775,55.8840,142.3602
128.4709,70.9801,57.6699,140.9081
126.2723,71.5188,59.0093,139.8309
126.7044,71.0538,58.1451,140.7609
127.0044,70.7069,57.5450,141.4545
128.8673,69.2604,56.8826,141.2841
130.6292,67.1951,56.4080,142.3656
135.7171,67.8282,55.4010,144.1556
134.4664,65.9344,54.8384,144.8793
140.4389,70.5987,55.1503,144.7434
140.3002,70.9349,55.4276,144.0710
138.5860,69.1190,55.7929,144.6395
138.7894,70.3240,55.3861,145.3074
147.3022,70.2900,56.8418,145.3755
146.8267,70.1464,57.7927,145.6626
146.2280,72.9504,58.9900,146.3115
146.0965,72.6545,59.2530,146.9033
153.9115,73.4104,59.4848,148.5640
153.5073,71.4797,60.2931,149.2248
160.6350,77.2569,62.1595,150.5679
159.6704,73.7592,64.0887,151.0094
161.0835,73.7255,64.5801,151.0768
160.5621,72.2442,65.6227,150.7122
165.1477,69.6868,66.4725,152.4866
166.7005,67.2344,66.7480,154.0105
167.2110,72.0507,69.1348,154.6017
166.3331,69.8218,70.8906,155.6009
171.2732,69.2068,71.5220,156.8310
172.7728,70.4265,72.0557,157.9244
177.4134,71.7871,73.4487,158.7612
175.2762,69.9852,74.1284,158.7704
180.5754,69.3088,74.3500,160.1231
180.3464,70.7078,74.8080,160.9553
184.3851,67.8016,74.0312,163.1175
184.6280,67.2757,73.5454,164.1693
200.3495,70.3648,71.5017,165.3408
199.2478,68.7972,70.0492,164.8202
205.9211,66.0731,67.5707,166.6457
206.7431,63.8317,65.9266,167.5235
211.2717,57.8749,64.0458,168.6723
211.8486,55.5357,62.8920,169.7795
212.3153,49.0769,61.9587,171.9987
212.9705,54.0033,60.6483,172.8891
213.4742,46.1768,59.6409,174.2622
214.0710,49.3077,58.4473,175.1428
216.7028,45.4351,56.7457,175.7640
217.3472,50.6397,55.4569,175.9738
219.4606,43.6006,54.7489,175.9763
219.6485,47.1902,54.3733,175.8089
219.0473,45.9573,55.5755,174.7781
218.9635,53.6689,55.7433,173.3713
213.9754,56.8234,55.2577,170.5496
213.7672,56.1676,55.6742,168.4229
212.5202,66.6498,58.1682,164.5365
211.4549,66.2820,60.2988,161.8664
204.6277,70.2557,63.7350,157.3250
201.5834,73.5153,66.4213,154.2082
191.5266,77.0636,72.9147,150.5166
192.0252,78.4559,78.8479,147.7321
195.1114,80.3300,83.2557,143.9838
194.9621,81.9157,87.1007,140.8125
190.0723,85.8198,89.7519,136.5684
189.8330,89.0582,90.2306,133.6366
180.9115,92.8635,94.0381,129.5349
174.8796,98.7711,99.0824,124.7390
175.5775,101.9069,101.2057,121.9865
181.9979,102.4963,102.4089,120.8077
181.5614,103.2360,103.2819,119.3283
182.3064,103.9416,101.7920,117.9171
184.8495,102.0915,100.1634,118.1596
181.2025,98.6038,100.5870,118.2646
176.4770,96.7224,99.7069,118.5836
175.2595,97.3534,98.7074,117.3217
184.0940,98.5478,94.6340,118.3316
195.6405,93.5948,91.6326,121.5406
206.2626,91.8108,87.1322,125.1086
207.0791,87.5612,85.4993,126.9498
203.6784,84.3473,85.6412,126.7181
203.2014,83.9331,83.2667,127.5465
187.9850,74.5410,80.6843,129.8230
178.0483,68.9704,77.5107,131.0871
166.8222,61.2433,77.1583,130.2522
154.2218,57.6611,79.6830,127.6982
152.1870,47.1945,77.2648,129.1683
143.5313,36.5161,75.2253,131.1743
150.7660,33.8432,73.6376,130.0793
151.5101,29.6736,72.1494,128.8869
151.4413,39.3092,72.2871,131.5553
140.6110,28.0713,71.7155,131.7990
142.9178,26.5811,70.2717,131.6096
145.4496,30.3634,68.3506,133.4720
145.9401,14.2023,67.3696,131.2909
146.5638,26.5872,66.1222,131.2231
147.0813,36.3929,65.0870,130.0031
150.7955,36.0820,63.7175,130.6250
157.6392,32.1994,62.0895,135.3753
164.9531,39.7427,59.6844,138.6227
174.8053,41.4776,58.3429,141.2739
176.0933,45.7533,58.8418,141.9475
187.1052,54.4226,61.5666,140.0768
196.7663,63.1548,64.0477,138.1861
195.5743,61.7873,66.4317,137.7902
201.1594,63.5324,67.9280,137.4666
211.3496,63.7450,66.6747,137.0414
220.3722,68.8959,64.4292,136.2193
226.6379,70.3687,64.3332,136.3827
227.9526,72.1994,64.8133,135.8309
238.1339,73.7469,63.1099,135.8457
238.3554,67.9439,62.6670,135.1302
240.1343,68.7909,62.1714,133.4362
241.4500,74.9846,62.5689,130.1354
243.5264,72.3690,61.4039,129.3913
243.9593,74.0687,60.5379,128.9483
242.9780,70.6812,59.5656,129.8533
241.7959,69.9926,58.9987,131.2305
240.2316,68.9993,59.1860,133.2171
240.4437,67.8727,58.7618,135.4703
240.8671,67.0853,57.9151,137.0452
239.4507,67.1732,57.7415,136.8695
238.9421,67.3083,58.7587,136.5992
237.2192,63.8725,59.1896,137.4412
235.3051,60.0611,59.9831,138.9948
232.7767,62.8846,61.9688,139.4900
228.9725,59.1827,63.3505,140.6671
224.7003,59.0083,65.5856,141.0159
207.1332,55.8813,68.7310,140.8722
202.5099,56.5402,71.4743,139.5543
196.3600,52.5363,73.9348,141.0025
187.3747,53.2127,75.1886,142.9932
183.7193,56.7793,75.7110,142.6485
182.7444,51.7932,74.2627,145.8243
180.3447,52.2763,72.2223,148.2780
169.4212,60.4694,70.1265,148.9939
169.9317,61.7961,69.1054,149.7348
168.7266,64.6528,68.1283,150.7962
168.3813,61.2811,68.8189,150.7682
166.0627,68.7454,70.0587,149.4290
165.8559,74.4748,70.4723,148.1688
163.5335,76.3239,71.7288,147.8589
162.6810,83.9341,73.4339,146.2615
162.2346,86.5101,74.3265,144.5213
161.4493,87.5196,75.8971,142.5022
158.7254,87.9150,77.9459,141.7116
157.2036,90.1463,80.9894,140.6715
155.5040,92.3415,84.3887,139.7401
156.6705,92.9324,85.5582,138.5582
155.2262,97.2761,88.4467,136.8801
151.7164,98.1420,91.9386,135.1482
151.8167,99.0046,95.2978,133.4231
151.0989,99.3463,96.7334,132.7397
154.8796,99.4956,96.3773,132.4411
157.3544,99.3884,95.0200,132.6555
161.5232,98.7046,93.8287,134.0231
163.9923,98.3301,92.4648,134.7721
169.9897,96.0615,91.1589,135.7462
171.7006,92.2284,91.2932,136.3005
172.1487,88.2582,90.3970,137.1076
170.9581,86.4745,89.2142,137.1113
173.5723,86.8084,87.5301,136.4434
173.8389,92.2190,86.9969,136.1405
174.1406,96.1164,86.3935,135.3309
174.9127,96.2941,88.3196,134.9754
175.4203,96.4605,90.8017,134.6425
177.8562,96.1969,92.9967,135.1699
179.6964,96.0208,96.4721,135.5220
191.1352,84.1588,99.0778,137.4030
189.2164,82.1268,102.9154,137.7552
177.1543,96.1891,108.1390,136.0916
176.7155,106.8195,112.8563,134.0302
183.5863,103.2003,118.5367,133.4997
202.0430,71.9085,117.3293,136.5733
197.3067,78.9379,118.8107,138.4969
201.9816,73.6273,117.5592,141.0199
206.2518,64.1924,117.1546,143.6179
204.6218,60.8709,116.3133,146.1596
207.8600,55.3983,113.9635,148.8513
209.3557,55.4935,110.9722,152.7907
209.6353,50.3698,110.4129,154.7567
208.9379,46.8814,107.6465,157.5722
203.5908,43.8354,105.8663,159.5061
202.6456,42.8039,103.5989,161.5691
197.9816,41.8086,100.4744,163.5596
194.9696,43.2537,98.2421,164.7977
195.4390,40.7851,97.3033,165.6259
191.7548,38.0801,96.4606,166.9304
202.2657,44.6356,95.9919,166.1512
200.0717,45.0539,96.2886,165.3145
209.0568,43.8824,94.6534,163.5738
210.9249,46.6935,94.9474,161.9819
217.2370,52.1463,94.3578,159.0993
217.0409,55.0309,94.7500,157.2889
212.1634,60.1153,96.6281,154.9970
211.6541,61.1753,97.6468,152.8771
211.4611,64.0598,98.0328,151.0292
217.6377,66.8935,97.3794,149.2619
214.8176,69.8881,99.1572,147.1351
211.6638,69.1671,101.6045,144.7170
214.9641,72.0592,102.7324,142.7970
221.5351,84.4191,105.0052,141.1995
216.6896,88.7455,106.9627,140.2802
202.9184,67.6603,107.3119,139.7184
207.0325,85.1676,106.8475,139.6406
207.1815,83.5303,106.5493,139.0421
216.0907,88.3498,104.1674,137.1213
215.0029,86.7085,102.5521,136.6130
203.9137,80.7807,102.1897,137.1981
199.2087,83.7684,100.3203,138.7422
203.2188,85.3411,99.8052,139.3494
203.8557,82.9353,98.5314,140.4077
197.1177,82.1982,97.0140,141.8820
198.4993,79.5291,94.2509,143.4747
191.6210,78.6503,89.3895,145.2323
188.2468,76.4026,85.1320,146.0591
195.5124,75.8483,81.4281,147.1677
196.3333,75.2006,79.7863,148.4630
192.1207,74.4210,81.1043,150.0222
187.5513,73.9201,83.0449,151.0240
190.8964,75.3920,83.6489,151.7274
183.5914,72.9909,83.5879,152.8617
186.6309,71.4150,81.1924,156.0136
192.5913,70.6712,80.3378,157.5011
182.1153,68.4868,79.1146,158.1742
180.1185,58.8297,79.4235,159.0652
169.9093,56.4352,81.3268,160.1513
181.0126,59.6329,81.6312,161.2594
192.8326,60.8331,80.6310,162.6324
183.7155,50.8264,79.9847,163.7651
186.5506,50.4896,78.0960,164.4387
186.7447,52.9359,77.7078,163.3046
194.3079,54.5850,77.5220,163.7415
190.6488,55.9637,77.3635,164.7224
190.6346,62.0161,77.3920,163.8672
188.9648,63.8775,76.9937,163.8821
187.9949,64.1894,75.2024,163.2583
186.4494,65.1648,74.6027,161.3076
188.0263,68.1644,75.1008,158.9601
183.8913,71.1567,76.1179,156.6019
180.3569,75.8460,75.9674,154.4427
185.4495,76.8101,76.5088,152.5146
185.1761,81.2004,77.0555,150.8472
189.9615,84.0304,78.1097,148.7289
190.7222,83.1206,76.5885,147.0197
194.2520,83.8265,76.4836,145.6080
191.9079,84.3118,77.7170,144.6373
191.1589,84.5381,79.2150,144.1847
188.6546,84.9128,80.7429,143.4354
188.2557,84.9630,81.5408,143.3350
189.7177,83.1450,82.1243,143.4631
187.1796,82.6564,83.6811,144.4405
187.0209,81.7347,80.4380,146.2838
189.8060,79.5157,78.4004,147.1893
191.6362,77.5357,78.2511,147.6382
192.7728,77.5787,79.4930,147.5522
193.5866,77.5801,81.4004,147.5494
194.5712,77.6642,82.9989,147.3811
193.9444,75.5436,84.2526,148.0299
196.1207,75.0140,83.5234,149.0890
196.7407,74.3715,82.2833,150.3742
197.3186,71.6827,81.1276,152.1273
198.1234,67.0286,79.5178,154.1745
198.1557,65.8339,79.4534,156.5638
198.8623,63.1232,78.0401,158.3184
202.6655,64.3636,74.1019,159.5057
208.0608,65.4300,70.5451,160.9898
208.8876,62.2336,68.8913,163.8066
204.2282,59.4111,67.4476,165.8641
203.0482,59.6699,66.2161,165.3464
203.4532,63.3809,65.4061,165.0486
205.8335,63.4524,64.1888,164.9057
208.3723,63.2686,62.6307,165.2733
208.5704,62.9081,62.2347,165.9943
208.2775,61.3667,62.8205,165.5770
210.6374,61.4341,61.6052,165.4422
214.5820,57.6412,60.6776,166.0665
219.2785,57.2341,58.2306,166.8806
219.8785,58.6301,57.0307,167.5290
222.3321,63.6200,55.5512,167.8322
220.5775,54.8075,55.6554,168.4325
219.1255,63.2833,55.1440,168.5578
218.8511,68.6661,55.6929,168.0155
217.2068,72.9409,55.5712,166.2863
216.9293,74.6613,56.1263,166.2288
208.1053,72.6456,56.8112,166.8676
207.4113,72.0667,58.1991,164.6110
201.4335,70.8082,59.9328,163.7208
203.1572,73.9393,59.9113,164.3105
204.3029,72.9368,61.0540,162.8815
205.2325,72.2539,62.6289,160.8132
206.3714,67.3204,63.7841,160.3817
204.8213,71.1900,66.8842,159.5370
204.0833,75.3008,68.3601,158.2960
202.1740,75.9836,68.6803,156.9304
201.9903,78.1435,69.0477,156.0949
202.5703,78.6678,71.3665,155.0463
200.0343,78.6487,72.9343,155.0845
198.6258,84.6166,75.7512,153.7450
195.7890,83.4647,77.8632,152.4873
195.1712,98.5733,79.0989,150.9072
196.4029,97.0395,80.2132,150.3972
199.6970,93.4511,80.8038,150.3953
200.9523,92.9258,81.8927,147.8463
201.6692,95.2626,84.0394,143.1729
204.5689,99.2667,85.3354,138.7123
210.3777,102.3074,87.7306,136.1342
213.4532,103.5313,88.5891,133.6862
218.1917,105.7678,89.5591,132.6957
219.3835,108.0813,90.6589,131.5523
221.2499,108.5602,90.4107,130.5943
223.0759,108.9223,90.2248,129.8702
225.1372,107.8877,86.1021,131.9393
232.1701,105.9097,82.2804,135.8954
234.2001,104.2589,78.2204,139.1970
237.8895,106.6546,74.2318,141.1857
242.4506,108.6995,71.8119,140.4470
248.2238,108.8111,70.1615,140.2238
249.5076,107.9830,67.5940,141.8801
250.7768,111.2740,65.0555,141.7911
257.1566,111.3944,61.8985,141.5504
261.7765,111.5828,58.9427,141.1736
264.1154,114.4189,57.3492,138.5856
264.7768,114.9990,56.0263,137.4253
263.7854,115.7790,55.0309,135.8654
262.8262,116.5334,54.0112,134.3565
260.3779,118.8509,53.1114,132.6197
259.5797,119.4419,51.8506,131.4377
253.6275,115.3241,49.6671,134.0381
252.9256,117.1086,48.2552,133.2849
245.7316,118.9124,45.9669,135.2361
238.8260,119.8582,45.9498,133.3444
234.5298,120.6298,46.3271,131.8012
226.1706,119.3318,46.7061,131.6740
218.4984,116.8155,48.4089,133.9783
213.5415,114.8067,49.9464,135.2037
213.2906,68.9096,50.4481,141.8755
203.3153,50.8480,52.7474,145.6376
203.0287,42.8168,56.3580,146.5132
191.0803,45.6172,61.5649,147.1424
188.8113,43.6339,66.1030,147.8921
180.2753,44.7855,69.9434,148.8968
176.4007,45.9338,74.3029,149.9900
174.7715,46.5385,77.5611,152.2620
167.9108,47.3332,80.5692,154.2438
156.8824,69.9550,80.7136,160.1290
150.0741,72.2518,83.1075,163.0171
134.8231,72.5925,86.8375,162.3359
120.8685,68.1359,91.4746,159.6129
129.6154,68.1703,93.5686,159.5440
135.4089,68.1172,93.8378,159.6503
131.9218,65.8856,92.8957,160.1553
131.0999,67.5320,90.5898,160.8123
133.9335,65.5478,88.8428,160.8604
121.6086,67.7440,90.1452,160.3592
125.5471,66.2848,90.0803,159.3716
131.3003,66.8476,90.2447,158.2459
138.6040,68.6243,87.2666,158.5690
153.9627,67.7047,83.3627,160.4083
158.3360,52.6388,78.4068,164.0052
159.7432,51.9020,75.5924,165.4790
159.0470,54.1999,73.2549,168.3428
158.0964,53.2865,71.4258,170.1696
150.6794,51.0005,71.3624,171.0171
148.0749,42.6234,72.8359,172.8294
147.0085,46.9545,74.9687,171.7428
139.6412,49.3621,78.2741,170.7375
140.5250,51.0804,80.3598,171.1540
133.6453,45.7372,82.4318,170.1532
129.0627,43.5578,83.7624,170.5945
126.8122,40.8412,84.3166,172.0809
132.8918,39.4197,84.0919,174.9241
134.9390,39.9475,84.0133,177.8841
144.6861,36.1130,84.8070,181.4955
140.4507,36.5739,85.0298,184.6978
145.1596,34.9763,83.9611,187.8930
144.0054,36.1929,82.0673,189.6621
147.3751,38.4346,79.5223,189.3732
148.6882,47.8097,76.8962,187.2040
150.1523,50.6626,73.9678,185.5656
151.1173,57.3176,72.0379,180.2388
152.1344,70.1672,70.0038,173.9419
152.4049,72.3466,69.4627,169.5830
151.7007,76.6070,70.8710,164.7432
151.1200,85.1238,72.0325,158.6179
148.0605,91.1603,74.5838,153.6803
148.4755,93.3343,77.2941,149.3323
147.1274,98.5970,79.9904,145.8541
145.6184,103.5149,83.0083,143.0554
144.3287,103.7936,85.5878,142.4980
141.5350,104.0234,87.6112,142.0385
140.5886,104.3666,89.5041,141.3521
137.8172,102.8263,91.4345,140.8201
137.2202,103.8032,92.6283,138.8664
137.0577,104.7905,92.9533,136.8918
137.6388,103.5960,91.7911,135.6777
141.2186,99.7136,88.1972,136.3114
145.3219,96.8711,83.5057,138.4812
151.6568,91.8901,77.7738,141.5054
162.3739,87.1710,73.4223,144.1106
164.2129,87.0772,69.7444,144.2980
171.9110,81.9798,67.6250,144.5351
181.8852,87.2761,64.1054,143.7998
182.9311,90.8546,62.0137,143.0697
186.9607,96.1625,60.2865,141.9517
186.5460,96.1147,61.1158,138.9281
185.4308,92.3928,63.3463,137.1015
183.9541,92.0323,66.2995,134.7198
181.8065,92.8556,70.5949,133.0730
177.9234,93.6295,75.1917,131.5252
176.2927,95.4947,78.4530,131.0199
186.3276,93.5969,78.0196,131.5427
187.0618,91.7378,76.5511,131.9878
194.3419,89.9120,71.7557,132.3846
204.2614,91.2653,67.8126,132.8571
207.3800,87.9722,64.6938,133.2066
210.1441,86.6336,62.2351,132.8141
216.3552,90.1970,58.8757,131.7293
216.9789,92.1346,57.6282,130.8005
223.2905,93.5798,56.6488,130.8210
227.3298,95.0413,57.2520,130.7919
223.2067,89.7972,56.7857,132.5676
232.9279,88.0898,57.7947,133.0608
231.8240,80.3495,60.0024,133.8084
234.5215,80.6963,60.6001,136.1112
235.0260,79.6317,59.5910,138.2404
233.4860,77.9691,59.6177,138.5123
232.1444,77.8925,59.2432,138.6654
229.7652,76.0153,57.8952,139.3667
227.4809,74.2380,56.3847,139.8816
224.2222,74.9501,53.8419,138.4574
222.2198,77.2194,51.9384,136.8731
215.3463,78.1259,51.1992,135.0600
212.1907,81.1170,51.7946,131.9358
202.0224,85.6715,52.3651,128.4742
200.7489,90.0772,52.1278,125.2311
199.0618,92.6006,52.7689,122.9173
198.9352,94.0821,53.0223,119.9543
198.6386,96.7065,53.6155,117.3781
197.0643,101.1211,56.7641,113.8400
194.1366,102.3692,57.3219,111.3439
193.0396,103.1550,56.8940,109.7723
189.8645,103.8002,58.0612,108.4819
187.7354,104.3864,59.7269,107.3095
189.6654,105.2608,61.0743,105.5606
193.1135,104.6914,64.5808,104.0988
186.7107,104.7314,66.8342,104.0188
184.6866,101.5108,65.5331,105.1107
176.5875,101.2290,63.0470,105.6743
168.1797,101.0926,64.0483,105.9471
171.6390,101.3867,65.0996,105.3588
177.7692,103.3597,63.5017,104.0785
178.3802,105.2146,62.2797,102.9884
181.5361,106.5639,61.1334,102.8725
181.9422,107.7821,60.3212,102.9981
182.5316,107.5195,59.1425,103.5232
182.5217,107.4172,59.1624,103.7278
181.1078,107.1403,59.4491,104.2815
181.0066,104.4408,59.6515,104.5723
178.0101,105.2191,60.5206,105.5775
178.5487,104.8688,59.4434,106.2782
183.6498,110.3917,59.5757,105.5669
189.7434,109.0249,60.2652,105.7250
189.5521,109.8540,60.6478,104.0667
190.7850,114.9773,60.7532,101.5342
190.3065,115.7427,61.7103,100.0033
197.5977,117.0753,62.3004,99.8670
197.6312,116.1874,62.2333,99.1061
199.2762,116.2670,63.9916,98.9469
199.4676,116.1816,66.1600,99.1177
200.2713,115.5266,67.1425,100.4277
198.8630,113.0962,67.3332,102.6626
199.1309,112.5919,66.7974,103.6712
200.3931,112.0830,66.9417,104.6890
191.2320,108.3356,66.4587,106.8109
184.7939,99.1395,65.7846,108.9425
188.0190,102.1374,64.7954,111.1383
186.9442,100.6098,64.1985,111.4472
184.1192,90.0285,61.6258,113.4231
184.2668,78.5291,58.6041,117.3375
183.3040,76.6511,57.7979,118.3616
180.7820,80.0100,57.3761,119.8426
188.8037,85.9453,55.0685,124.4549
188.6917,73.9479,52.5187,129.0327
195.1472,71.3527,50.7872,131.4282
194.6930,72.4026,51.6957,132.1268
194.2634,71.5926,52.5549,133.7469
193.9551,72.3780,53.1714,132.1760
195.5376,70.9413,52.8582,132.1976
194.9925,71.6127,53.9484,130.8549
195.4012,75.5801,55.9776,131.4598
198.8372,72.3433,57.7795,132.1508
204.2614,73.2550,61.5969,130.3274
208.0976,67.1111,65.8188,130.7208
207.3280,67.0171,70.4106,130.9089
212.4970,70.5690,75.7445,130.0738
221.3659,69.5212,77.2841,128.9566
218.4238,69.0089,79.9460,126.7588
216.2178,63.8715,81.1236,127.3310
217.9321,64.9087,84.2201,125.2565
223.6360,66.4674,85.9443,125.4221
226.2736,65.5732,87.2972,127.2104
228.0094,64.5588,87.1891,129.2394
236.5982,65.9163,86.9725,129.9164
240.3153,65.3907,86.3358,130.9677
242.9551,66.0337,84.4602,133.0858
244.2991,65.1290,81.7723,134.8951
249.0958,62.8354,78.9515,136.0959
255.1824,62.8313,76.8480,136.1042
256.4359,60.9124,74.3410,136.6210
258.8595,54.6650,72.7796,135.9723
262.7806,56.0657,71.4365,136.4205
271.5849,62.6517,69.9934,136.1810
270.3451,56.0756,69.2682,136.5141
279.0315,62.6282,67.8811,136.1974
272.9531,52.4340,67.3638,137.5749
273.3195,49.6124,66.6311,140.0384
275.2904,48.5128,65.8922,142.2376
275.8840,47.4016,64.7051,144.4600
273.0151,42.4829,63.9758,147.8303
271.7474,41.1178,63.2417,150.5606
268.9426,37.7263,62.2592,154.0476
267.7384,36.3221,61.3387,156.8559
266.7055,34.5612,60.0517,160.3778
265.5930,34.2818,58.8964,164.3168
264.1383,34.6322,58.3902,167.0318
263.9367,41.1287,58.7933,167.8201
261.8518,45.8967,59.4992,168.6758
258.7498,63.3705,62.2142,168.6179
254.9341,68.9294,66.3083,168.1120
248.7666,67.5955,71.4362,167.1761
243.5808,70.4009,78.1265,165.2467
232.6311,68.4632,84.9429,161.5806
227.7561,66.8243,90.8578,157.1882
221.9149,54.7743,94.7979,154.1900
209.7616,43.4565,95.7459,153.4671
202.6922,44.4420,94.2920,155.3944
192.0585,40.7325,92.1442,158.9109
190.6823,46.0484,90.9781,160.0346
175.1479,30.1532,86.8084,164.4173
163.4743,26.1984,82.7939,168.4181
155.5226,20.4013,79.2062,172.2158
145.2375,12.0833,76.4300,173.2875
133.6373,5.2661,76.4828,171.4903
121.2640,0.1715,78.2328,166.3485
116.0890,5.1558,77.2168,163.9572
101.8717,7.2051,79.4988,159.8586
93.5682,8.7537,81.2421,156.7614
84.8048,12.8484,83.9664,152.2725
73.4331,28.6538,84.6226,150.1115
73.2635,36.6585,84.9617,148.7439
67.2335,41.7041,86.0839,145.9447
65.3151,34.0332,89.9205,139.5457
56.8866,63.9090,88.8153,140.8659
58.8865,111.4622,88.4093,146.3839
57.0982,100.9898,88.3167,152.6518
56.9692,93.2026,88.5747,156.9437
56.6595,89.8639,89.1941,159.7923
55.0300,88.1512,92.4530,159.3364
51.0155,92.4856,96.5520,158.5275
47.0205,96.4461,100.5548,158.5812
48.1056,97.6890,102.4397,160.1505
48.5948,97.4146,101.4613,160.6994
49.0902,96.9898,100.4706,161.5489
64.0080,86.5066,99.3221,162.0244
64.3832,86.7491,98.5717,161.5394
63.9752,91.0491,99.3877,157.0055
61.7090,94.6872,99.9080,153.7416
58.4131,98.6090,102.5280,149.8699
53.8152,102.6139,103.8093,145.8172
67.4745,94.1960,103.9108,143.0671
66.3633,97.4223,102.2561,140.4918
79.2476,90.9779,99.3530,138.1368
80.5585,91.3886,96.7314,137.3153
87.8199,86.7954,93.2242,135.4861
87.8115,87.2525,89.6547,134.5719
91.4169,82.9990,85.9573,132.5388
96.4975,81.9375,82.6386,131.2405
96.6963,83.7491,82.2410,127.6174
96.8615,84.9173,81.9105,125.2809
95.3868,86.0224,84.8600,123.0708
94.2509,86.8941,87.1317,121.3273
94.2987,84.2833,90.3080,120.0054
94.8235,86.6075,92.5620,118.6609
94.1549,85.6457,93.8994,117.2645
93.7588,84.1266,94.6915,116.9824
98.9700,82.9600,94.2556,115.9866
97.6515,82.7744,93.5862,116.3579
104.4840,83.2486,89.8251,115.4095
104.3873,85.4820,86.7928,114.1685
107.8372,86.6928,83.0503,111.7469
109.6801,89.2636,79.3645,109.6646
112.0719,91.6889,77.5482,107.7812
112.7065,92.1039,76.2790,106.9512
111.2031,94.2770,76.4104,105.4803
111.0492,94.5336,76.7183,104.9673
122.4662,85.2793,73.8520,106.3606
122.9595,88.0231,72.8654,106.5258
127.2847,87.1868,69.8401,108.1985
128.3779,84.7716,67.6537,110.2415
139.0571,78.2906,65.7647,112.0779
139.6713,77.9785,64.5364,112.7021
141.6071,79.3923,63.4300,112.6399
141.8597,81.0990,62.9248,111.9720
142.3651,84.6196,64.6411,110.3850
141.3642,86.9453,66.6431,108.4664
146.4810,87.3130,70.0988,107.7308
145.3522,87.6111,72.3565,107.1347
150.0251,87.3237,74.2639,107.7094
149.0410,87.3230,76.2322,107.7109
150.3881,87.4204,79.3101,107.5161
150.5338,87.4812,81.9526,107.3944
147.1629,90.4619,85.7192,107.3832
145.5499,91.7283,88.9452,107.8866
143.0053,93.6885,94.0345,107.0624
139.4849,93.6468,97.9101,107.1458
141.4298,89.9299,100.4771,108.1228
138.4182,91.6017,103.2158,108.0637
145.2801,79.4252,102.8001,112.4546
143.8494,79.5578,102.2724,115.5784
145.5171,78.0297,98.9371,118.6344
146.7195,76.8670,96.5322,120.9600
157.1796,64.5050,89.2907,125.1659
