1
397.1346,186.1770,29.7769,30.6922
397.5312,185.8422,28.9838,31.3619
398.2373,185.5631,28.5218,31.9199
399.2377,185.3880,28.4239,32.2701
399.1004,185.4943,27.7430,33.0129
399.2920,185.1505,27.3599,33.7005
399.8826,184.8766,27.1391,34.2482
400.5319,184.5518,26.8055,34.8980
401.0576,184.6863,26.7236,35.5985
401.4188,185.0668,26.9804,35.8164
401.0703,185.5935,27.6773,35.7496
400.6725,186.2678,28.4730,35.3977
400.7476,186.3413,29.3272,35.2509
400.3571,186.3708,30.1081,35.1918
400.3223,185.6681,30.1776,35.5697
400.0950,184.6189,30.6323,35.5990
399.8650,184.4770,31.0923,35.8827
398.7778,183.2706,31.1586,36.1875
399.1479,183.1281,31.4781,36.4724
398.6889,182.0289,32.3962,36.5323
398.2242,181.9892,33.3255,36.6117
397.8474,181.8188,34.0792,36.9524
397.0839,181.3914,34.4879,37.8073
396.1721,180.5741,35.1732,38.3035
395.7596,180.4197,35.9982,38.6123
395.3568,180.8049,36.8039,39.0168
395.0520,180.5971,37.4134,39.4323
394.6267,180.6240,38.2640,39.3786
394.4400,180.3950,38.6374,39.8366
394.3442,179.4726,38.8290,40.4456
393.4454,179.2130,39.3782,40.9647
392.9309,178.8343,39.1421,41.7221
393.2823,179.2791,39.7125,42.1058
393.1532,179.2656,41.2591,42.1329
404.9218,180.1548,43.9868,41.6677
402.4149,181.0687,46.3031,41.1887
401.9453,181.0835,48.6194,41.1590
401.1462,181.0431,50.2177,41.2399
401.0677,180.9877,51.8132,41.3507
400.7695,180.7875,52.4096,41.7511
400.0003,180.5625,52.4675,42.2011
397.8558,180.4559,52.2906,42.4143
395.0183,180.2617,52.0080,42.8027
392.2292,180.8214,51.6209,43.1747
389.3601,180.4866,49.9023,43.8442
388.5849,180.2727,48.5017,44.2720
389.2370,180.1819,47.1974,44.4535
389.0592,180.1548,46.1098,44.5078
386.1820,180.0429,44.7293,44.7316
387.4485,180.0270,43.6051,44.7633
387.3549,180.0059,42.4006,44.8056
387.1405,180.1045,41.4564,44.6085
387.5401,180.1921,40.6571,44.4333
387.8905,180.2756,39.9563,44.2663
388.1492,180.4834,39.4389,43.8506
388.4444,181.0515,38.8486,44.0256
388.7651,181.0296,38.2071,44.0693
388.9555,181.7833,37.8264,43.8569
388.9283,182.6716,37.8807,43.3658
388.7274,183.6996,38.2825,42.5886
388.5348,184.5540,38.6678,42.1529
388.4106,184.7699,38.9161,41.7210
388.2343,185.6693,39.2687,41.1919
388.0687,185.3185,39.5999,40.6264
387.4643,185.3298,39.5454,40.6039
387.4235,185.2050,39.6270,40.8535
384.9507,185.6211,39.5030,41.2886
385.0437,185.4443,39.3171,41.6422
384.5155,185.2795,39.0986,41.9718
383.8786,185.2968,39.0959,41.9373
383.0454,185.4298,39.4865,41.6713
382.3617,185.4267,39.5760,41.6775
381.7775,185.9738,39.4649,41.8627
381.3080,185.7442,39.1231,42.3220
380.6898,185.6734,39.0771,42.4636
378.7921,186.3667,39.0211,42.3606
378.7531,185.7233,39.0992,42.3662
377.9456,185.8234,39.4316,42.1660
377.0513,185.9649,39.9353,41.8830
374.3181,185.9090,40.2480,41.9949
374.1407,185.9924,40.6030,41.8280
373.4563,185.8959,40.6736,42.0211
372.7132,186.4919,40.8576,42.1312
371.8024,186.5237,41.3723,42.0676
369.5668,187.2934,41.9015,41.8422
368.5111,187.3875,42.6942,41.6541
366.8270,188.0847,43.4057,41.5880
363.7389,188.1900,44.2282,41.3773
363.5273,188.8838,44.6515,41.3377
362.7395,188.7350,44.8732,41.6353
361.1485,188.6568,45.3311,41.7916
360.4048,188.3554,45.4467,42.3944
357.5573,188.8413,45.6093,42.8058
357.6471,188.6308,45.4297,43.2267
356.9664,188.4948,45.3950,43.4987
356.2540,188.4048,45.4198,43.6788
354.0016,188.4692,45.7157,43.5500
353.1711,188.5057,45.9709,43.4771
351.6469,188.5165,46.2024,43.4554
350.6991,189.2723,46.6862,43.3556
348.3929,189.3241,47.0454,43.2521
346.6682,189.3061,47.6514,43.2879
345.4111,189.5609,48.7338,42.7784
343.6241,190.3605,49.4270,42.6195
342.2084,190.2368,49.3614,42.8670
340.6514,190.0593,49.5724,43.2219
339.0517,190.8180,49.8508,43.1650
337.5359,191.4231,49.9548,43.4187
334.8873,191.3407,50.8432,43.5836
333.8587,192.0117,51.4145,43.7274
332.8820,192.6765,51.8708,43.8950
332.8036,193.3296,52.0277,44.0955
330.0540,194.1429,52.9893,43.9814
328.9787,193.4121,53.6145,43.9175
328.0341,193.2516,53.9698,44.2384
326.3576,193.7791,54.2333,44.7282
324.8281,192.6490,54.1791,45.4318
323.6721,192.3235,53.3567,46.0827
323.3418,192.7372,52.4525,46.8203
321.6871,193.2278,52.6364,47.4017
319.1977,193.1756,52.8906,47.5062
318.4688,193.8636,52.7678,47.7108
316.4597,193.8131,52.0406,47.8118
315.0316,194.5881,51.7525,47.8337
313.4932,194.7464,51.6934,47.5171
311.3230,194.2938,52.9096,46.8605
308.2886,194.6857,54.2671,46.0766
307.0022,194.7683,55.2609,45.9113
304.8623,194.7999,56.3577,45.8481
304.0048,194.5846,56.4654,46.2789
302.9730,194.4367,56.9129,46.5746
301.2578,195.0191,57.0878,47.0374
300.8657,194.6420,56.2341,47.7917
297.4423,194.4199,56.5336,48.2358
296.4360,195.8642,56.8975,48.6446
295.5912,195.5542,56.9264,49.2644
292.9738,196.1375,57.1476,49.7691
287.5129,196.1410,57.9730,49.7621
286.1144,195.9850,59.0745,50.0741
285.2154,195.7451,59.1552,50.5540
283.3149,193.8326,59.5034,50.9261
282.4695,193.5457,59.4565,51.5000
280.4213,193.4640,60.0604,51.6634
279.7805,193.2947,59.5839,52.0019
279.8733,193.2197,59.3984,52.1520
277.3956,193.0071,59.0863,52.5772
275.4492,193.8075,59.4638,52.7341
271.4242,194.7001,60.4493,52.7150
269.2510,194.6158,61.2335,52.8837
267.9028,194.5543,62.1340,53.0067
265.7454,194.5062,62.8253,53.1028
263.3536,194.3587,63.9607,53.3977
258.8028,194.0617,65.6772,53.9919
256.3535,193.4469,66.8112,55.2214
253.9883,193.0611,67.7023,55.9930
251.7741,192.8475,68.2391,56.4202
250.0025,192.4368,67.8605,57.2416
247.0519,193.1699,67.8568,57.7438
245.7224,192.8948,68.5395,58.2940
243.7027,192.7665,68.5873,58.5506
241.6422,193.7015,68.7071,58.6811
237.4529,192.5380,69.0675,59.0035
235.3242,191.5806,69.2942,58.9031
233.7523,191.5814,70.4207,58.9014
230.6322,191.4932,70.5574,59.0778
227.9327,191.4869,71.8774,59.0905
224.7773,191.1575,72.0081,59.7492
222.7509,190.8069,71.9156,60.4505
220.8894,190.6330,71.4734,60.7983
219.9083,191.1850,69.2731,61.7756
217.0991,191.9944,68.7026,62.2196
215.3474,192.1352,70.1449,61.9380
215.2381,192.1098,70.3636,61.9890
213.5408,192.2424,71.6750,61.7238
208.6321,192.4371,73.0951,61.3342
205.6479,192.6997,74.8335,60.8091
202.7510,192.7712,76.3609,60.6661
202.5735,192.8180,76.7157,60.5726
201.5652,192.8617,76.5741,60.4851
200.4311,194.0650,76.6877,60.2333
199.5727,194.0271,76.2521,60.3091
195.6641,194.0453,75.4817,60.2727
194.0611,193.8758,74.4188,60.6117
190.9174,193.9761,74.3350,60.4109
193.9216,194.1782,74.6840,60.0068
192.1503,194.1588,73.9908,60.0457
180.7091,193.9529,73.6857,60.4574
182.2897,194.2245,74.7443,59.9143
177.5860,195.3158,75.6822,59.8490
170.7747,196.2723,76.5205,60.0667
163.2091,198.1036,76.6223,60.6983
162.1991,200.1338,76.4834,60.9557
159.3272,200.8066,75.7442,61.7710
154.0453,201.6656,75.4941,62.2159
150.0239,201.8282,77.0385,61.8906
146.5868,202.9614,77.3588,61.8088
143.9443,202.9590,78.2675,61.8135
140.1759,202.8917,79.1977,61.9482
136.5050,202.8562,79.8837,62.0192
136.1404,202.8195,80.6129,62.0926
135.5626,202.8056,81.7685,62.1203
130.4794,202.8196,82.8921,62.0923
129.6709,202.4153,82.2318,62.9011
124.2217,202.1397,81.7277,63.4523
126.5721,201.7813,81.5905,64.1689
123.1006,201.6850,81.6596,64.3617
123.2425,201.2643,81.3758,65.2029
119.7499,200.9709,81.4465,65.7897
114.1056,200.8715,81.1581,65.9885
114.2633,200.7717,80.8427,66.1881
109.1702,200.5014,79.4661,66.7288
105.4669,200.8527,79.9723,66.0262
105.1708,200.4175,78.2681,66.8965
103.2451,199.1488,77.5507,67.1496
99.0465,199.0351,76.8389,67.3770
101.1092,199.1281,77.2533,67.1911
98.9677,198.8802,76.9896,67.6869
93.8150,199.0001,78.1862,67.4471
92.1823,199.1783,79.1599,67.0906
86.9953,199.3146,80.3290,66.8180
85.6013,199.9379,83.1170,65.5714
84.8603,198.9314,79.9240,67.5845
82.9819,198.7522,79.0390,67.9429
81.7271,198.9058,79.2356,67.6357
78.8946,199.4628,80.2783,66.5216
75.3545,200.7885,80.4306,66.1795
73.6287,200.4533,79.2702,66.8500
72.5868,201.8573,79.0548,66.3410
71.4425,202.0602,79.0560,65.9351
69.2769,201.9138,78.8253,66.2280
69.0501,202.8816,79.2789,66.5746
65.6132,202.6003,79.2684,67.1372
63.6864,202.1327,78.5148,68.0722
63.0098,200.5299,77.5610,68.9710
62.6894,201.5897,78.2017,69.1580
61.5334,199.1394,78.1942,69.4194
60.8459,199.5991,77.2456,70.8236
54.6134,200.8222,78.0545,70.7087
47.8392,200.5161,77.5508,71.3209
37.2559,201.4996,77.6220,71.6977
40.5565,201.4669,78.0740,71.7631
39.7132,200.9922,77.4014,72.7127
38.6100,200.6997,77.2441,73.2977
31.6658,201.1205,79.2798,72.4561
29.3574,202.8875,81.5078,71.3109
22.1120,203.6317,83.9722,69.8226
18.3972,204.3467,86.5630,68.3925
14.2421,203.5174,87.5650,67.6151
11.0943,205.0905,88.9832,66.9076
9.4875,205.1983,89.7481,66.6921
