1
346.4424,226.5338,225.9651,160.9813
344.6017,223.3469,223.5744,167.3551
345.1859,220.8015,222.4061,172.4458
345.1861,215.9678,222.4056,175.9076
344.8782,214.4844,223.0215,178.8743
344.5228,210.2102,223.7322,181.1033
344.8432,208.9245,223.0914,183.6746
344.3881,205.0105,224.0017,185.1044
347.1682,201.2204,224.8767,186.2492
346.1136,201.2155,226.9861,186.2592
346.2326,200.3090,226.7480,188.0720
346.6892,196.2800,225.8348,189.6045
346.6464,195.6845,225.9205,190.7956
346.8145,195.1505,225.5843,191.8636
346.3550,194.7659,226.5033,192.6327
346.0055,194.4686,227.2022,193.2274
346.1336,190.9856,226.9461,193.5778
345.9399,190.8479,227.3333,193.8533
345.8271,190.7285,227.5589,194.0921
344.8553,191.2433,229.5026,193.0625
344.9941,191.1085,229.2250,193.3321
348.3030,191.1485,229.2556,193.2520
347.6883,191.2852,230.4851,192.9786
347.2787,191.4931,231.3043,192.5629
347.8012,194.9643,230.2592,192.2886
348.4201,198.5796,229.0214,191.7056
349.2013,211.5015,227.4591,192.3382
348.7750,211.5470,228.3117,192.2471
348.4007,211.7176,229.0602,191.9059
348.4931,211.9368,228.8755,191.4676
347.6846,212.4589,230.4924,190.4234
344.3105,215.6461,230.6197,190.6700
344.8444,215.0237,229.5518,191.9148
344.3490,214.9257,230.5425,192.1109
320.8506,215.0969,230.9958,191.7684
319.4393,215.5346,233.8185,190.8930
322.3241,212.2470,234.7286,190.7884
341.4925,212.4345,236.5445,190.4133
337.6605,212.4848,237.4947,190.3128
333.6992,212.6599,238.6903,189.9626
333.1746,209.2613,239.7396,190.0203
329.4919,209.1542,240.3484,190.2345
325.9885,209.1051,240.5859,190.3327
326.7597,208.5405,239.0435,191.4619
326.8862,208.3351,238.7906,191.8727
327.9819,207.8312,236.5991,192.8806
327.5794,208.0733,237.4041,192.3962
320.2154,208.2841,238.6136,191.9746
319.8312,208.4181,239.3821,191.7066
316.6947,208.0341,238.8765,192.4746
313.5994,207.8846,238.2841,192.7737
306.8550,207.6539,238.2151,193.2351
303.2989,207.6825,238.5423,193.1779
299.8056,207.6544,238.7395,193.2342
295.8586,207.7945,239.8400,192.9538
291.8619,208.1097,241.0278,192.3235
287.8340,204.9803,242.2700,191.7686
281.1695,204.9883,241.9517,191.7527
281.2577,204.8378,241.7754,192.0536
278.0447,201.2790,241.3806,192.3504
274.4257,201.2591,241.7992,192.3902
270.8101,197.9635,242.2037,192.1549
266.6278,198.2842,243.7394,191.5135
267.3010,194.0435,242.3930,193.1529
267.7294,190.5120,241.5361,193.3679
267.6304,190.5271,241.7341,193.3376
271.6004,190.3238,240.6350,193.7442
275.3026,190.3657,240.0613,193.6606
276.7390,189.8710,237.1886,194.6499
277.4102,189.6022,235.8463,195.1874
277.6045,189.6416,235.4576,195.1088
277.1295,186.3156,236.4076,194.9875
276.6262,186.7867,237.4141,194.0453
275.9884,187.1819,238.6897,193.2551
272.2224,187.2475,239.4289,193.1238
272.1885,186.9679,239.4966,193.6830
268.6579,186.9693,239.7457,193.6803
268.8609,183.0465,239.3396,194.7099
264.9534,183.3329,240.3284,194.1370
266.1818,178.9140,237.8716,196.1425
267.4438,174.4799,235.3475,198.1836
267.9505,167.2565,234.3342,198.9885
268.1386,163.9453,233.9578,198.7927
268.2994,160.4398,233.6364,198.9943
268.5797,160.0948,233.0756,199.6843
268.0415,157.0220,234.1520,199.0198
267.4265,156.9691,235.3821,199.1256
270.4425,153.9998,236.1868,198.2276
277.3804,150.6505,235.9803,198.0916
277.5603,150.1607,235.6204,199.0712
277.4776,150.3018,235.7859,198.7890
277.0549,150.4951,236.6313,198.4023
277.1410,150.4612,236.4591,198.4701
278.3615,149.7119,234.0181,199.9688
279.0135,149.6405,232.7142,200.1116
280.2585,152.9895,230.2240,200.2249
281.7864,156.1322,227.1683,200.7141
286.1487,166.1883,225.1788,200.8072
289.1249,176.7766,225.9320,199.7477
290.4521,189.4714,223.2776,201.1599
291.2918,189.5619,221.5982,200.9789
296.0766,205.8125,218.6814,201.7415
297.6596,211.9764,215.5154,202.6526
299.2094,214.6394,212.4159,203.9111
303.4466,221.1335,210.4974,204.0349
307.4890,231.1395,208.9405,203.6066
308.0979,237.8828,207.7226,203.1134
312.7155,237.0159,204.9571,204.8471
313.4137,239.9143,203.5608,205.5039
317.5979,242.7296,201.6344,206.3152
321.4622,245.7890,200.3301,206.6209
321.1687,255.4252,200.9171,206.5739
323.8888,259.0546,201.8938,205.7321
327.1151,262.1212,201.8605,206.0180
330.2985,265.2853,201.9169,206.1131
336.5794,268.2016,202.2064,206.7060
336.8215,267.6021,201.7221,207.9050
339.3886,267.6115,203.0385,207.8862
342.0729,271.0013,204.1411,207.5779
341.5105,271.6420,205.2660,206.2964
341.3327,271.8775,205.6214,205.8254
341.0520,272.2971,206.1828,204.9863
343.9440,272.5204,206.8740,204.5396
343.2224,272.9449,208.3172,203.6905
342.6284,269.8422,209.5052,203.4079
342.5948,269.0039,209.5725,205.0844
342.2838,268.2821,210.1944,206.5280
342.3267,264.3027,210.1087,207.9243
341.6727,264.0148,211.4165,208.5002
338.6201,259.9391,210.9090,210.0386
338.4836,259.4329,211.1819,211.0511
337.3211,259.6712,213.5069,210.5745
336.8904,259.7126,214.3684,210.4917
337.8107,259.1597,212.5278,211.5974
340.1570,263.6718,214.5144,209.2524
340.1320,263.5072,214.5643,209.5816
340.8286,262.7683,213.1711,211.0594
339.7316,259.3330,215.3652,211.2493
339.7839,258.9291,215.2605,212.0570
339.1234,258.8214,216.5814,212.2725
339.3173,258.3577,216.1936,213.1998
339.2105,257.6737,216.4073,214.5679
339.7088,257.1429,215.4107,215.6294
339.7140,257.0479,215.4003,215.8195
341.2253,252.2436,212.3777,218.6371
341.7251,248.3194,211.3781,219.6981
342.3524,244.1768,210.1234,221.1951
346.1483,242.8744,209.3237,223.7999
352.8417,242.0594,209.5765,225.4299
360.0868,245.7511,208.7850,224.8958
363.4261,263.9407,208.9348,222.6588
366.0643,269.2484,210.4544,218.8394
365.5522,270.5429,211.4786,216.2503
365.0128,272.4584,212.5575,212.4193
364.2986,281.2746,213.9857,208.1720
360.1869,282.6235,215.5612,205.4741
356.2129,287.1168,216.8792,203.1177
348.7820,288.1735,218.5146,201.0042
358.0523,289.0937,219.7894,199.1639
373.9533,289.3565,220.9658,198.6382
369.6129,289.4370,223.0411,198.4772
361.7163,289.7022,225.5636,197.9468
360.3592,290.2154,228.2780,196.9204
346.1638,290.1357,229.9028,197.0798
339.0730,286.2133,230.6460,198.2054
342.0706,285.7410,231.3996,199.1500
351.7216,285.4641,232.4242,199.7039
358.4993,281.3481,232.4694,201.1355
348.9662,276.6593,231.0637,203.6893
329.2524,267.8851,229.4326,207.5514
333.6311,244.6340,227.5547,212.7766
337.5644,224.3112,226.6214,218.7554
334.2667,222.0189,226.2034,223.3400
334.0762,224.4536,226.5843,225.5501
330.3333,222.9071,226.9500,228.6431
330.7743,217.5307,226.0680,232.2210
330.4373,213.7106,226.7420,232.6443
340.7580,192.5587,227.8034,231.5425
342.5721,164.9335,231.4090,228.9230
345.3640,141.2351,233.0745,225.5746
353.7723,120.7969,230.7029,223.1157
360.9315,100.6543,230.6776,220.5219
365.5276,77.1111,228.5905,217.8729
365.6506,78.1869,228.3445,215.7211
366.3222,96.3023,227.0012,214.4527
374.4892,96.0119,224.5699,215.0336
393.3617,89.3289,221.4373,214.5545
391.2571,72.5844,218.7807,213.7146
370.8907,63.9635,218.6484,210.5239
361.7217,53.8636,216.7115,210.4487
366.0241,30.5892,214.8335,209.9102
370.0890,24.3108,213.3926,209.0896
373.5767,18.0605,213.0703,208.2837
373.8202,18.4370,212.5834,207.5307
358.1345,21.3441,210.8753,208.3325
357.5984,38.5941,211.9475,206.8409
361.2211,39.0547,211.2972,205.9196
361.2216,39.7763,211.2961,204.4763
360.6435,36.6931,212.4524,204.0953
360.8672,36.7772,212.0050,203.9272
361.9612,36.6732,209.8169,204.1351
365.0144,39.9334,210.2293,204.1335
368.3790,63.5970,210.0253,202.4828
371.5794,83.3780,210.1205,201.8965
375.6532,99.4346,208.4610,202.2239
382.5310,122.1024,207.6400,202.1593
386.4910,134.7124,206.1735,202.7529
379.9876,157.2075,206.3007,202.8409
384.2775,172.6890,204.1640,204.0935
406.6860,169.2778,204.3518,204.4866
404.0915,165.7470,203.1024,205.1098
385.5879,168.7563,201.5386,205.5196
363.3945,168.3927,201.0533,206.2469
366.4896,172.0341,201.2771,205.3782
373.3156,171.7474,200.4329,205.9515
377.4492,171.3384,198.5654,206.7694
371.2472,170.9457,198.2037,207.5549
362.0782,186.1386,197.3731,209.1165
358.6707,189.7838,197.7875,208.2267
352.4048,194.7242,197.5324,211.1329
345.8556,207.6590,197.7613,211.0023
343.5803,209.3924,195.8755,213.9719
340.0876,226.0799,196.4082,212.8605
343.0873,221.6251,196.8527,215.3262
346.2940,222.8178,196.9286,219.4302
352.6567,218.1322,197.3122,222.2469
356.5023,213.5328,196.2253,224.8415
359.5789,213.0473,196.6991,225.8125
366.5674,208.4955,196.0217,228.2664
366.0757,216.4707,197.0051,225.6696
362.2538,219.6540,197.9966,225.9556
365.1610,226.3426,198.8548,225.9238
371.5587,226.0964,199.4316,226.4163
371.2220,233.1531,200.1050,225.7087
371.5549,242.8466,199.4391,226.4298
358.4390,241.9591,198.8580,228.2047
352.1760,251.4513,197.9411,229.3846
359.6658,247.0394,196.4116,231.4835
372.1974,269.8062,198.2798,226.3469
368.9641,266.1021,198.0629,227.0716
365.0186,267.7091,199.2628,223.8577
365.6437,263.2719,198.0125,226.0716
365.5954,274.9258,198.1092,222.7882
366.5138,267.6716,196.2725,224.0459
370.3320,267.3269,195.2515,224.7353
376.7350,278.1875,195.6654,222.8437
377.9174,271.3315,193.3005,223.3811
379.1101,267.4047,190.9152,224.6772
380.0864,262.9807,188.9626,226.9859
383.9907,274.2872,187.6975,224.0033
385.9579,265.8525,183.7630,227.9185
386.7497,269.6960,182.1795,226.7054
391.1677,262.5390,179.7731,228.1601
387.1381,263.5476,181.4195,226.1430
380.9922,259.8222,180.8939,227.1850
372.1168,255.0316,179.3965,230.3502
370.1735,246.2179,176.8427,235.0972
376.0749,240.1365,177.9821,234.3181
372.9075,227.9445,177.8391,232.7910
366.5289,224.8917,177.6920,232.4444
362.4179,224.0853,179.4696,227.6129
367.0236,197.4155,176.6577,229.7563
367.3354,195.4289,176.0340,227.3428
368.3381,185.8015,174.0287,227.5790
369.2715,176.8645,172.1620,226.5217
370.6557,169.9198,169.3935,227.8832
371.4631,160.9523,167.7787,227.1003
371.8405,156.4140,167.0239,223.7748
375.5710,150.3330,165.7009,223.6608
376.2444,148.8007,164.3542,220.6107
377.3860,141.8383,162.0710,222.4430
379.1701,154.2926,164.5395,215.6444
383.0342,148.5110,162.7848,215.2604
383.1784,156.4065,162.4965,211.3475
384.1233,150.7067,160.6068,210.9977
384.6899,148.0145,159.4734,210.5436
381.5776,155.8722,159.8849,206.4545
382.2076,153.3618,158.6248,205.7178
378.6489,153.0404,160.0166,200.6349
375.6619,166.1241,160.3201,197.1496
374.4635,166.4793,162.7169,190.8173
363.7302,164.5056,161.9312,189.2015
360.5166,163.8574,162.8330,184.9725
350.0944,161.6421,161.7795,183.9286
349.1881,175.1206,163.5920,178.7373
344.5590,173.2027,162.0708,177.1835
340.3669,170.6055,159.7725,177.0367
340.6488,172.0415,159.2087,174.1646
340.9371,173.0677,158.6321,172.1122
322.9026,174.7583,158.2486,168.7311
324.4936,171.9511,155.0667,169.1967
324.9598,172.4842,154.1342,168.1305
323.6381,172.4093,151.7038,168.2804
318.6413,184.1073,151.6226,165.0341
312.4492,181.7057,149.0500,164.8518
310.6611,179.6384,147.6843,164.0445
300.0972,179.0340,144.2750,165.2534
301.9042,181.1642,140.6611,165.8646
304.9906,181.3858,139.3114,165.4215
310.0338,184.1898,138.8139,164.6078
321.7721,192.9841,139.2073,161.3412
326.7496,191.1669,138.7120,160.2457
331.5621,189.7492,138.4968,158.3763
333.3478,186.3738,134.9255,160.4545
327.0065,183.7191,133.6662,161.1166
323.1583,186.0754,132.0882,161.0412
321.0672,186.1228,131.6598,160.9463
318.8782,186.6322,131.4355,159.9277
310.2826,184.0322,130.2951,160.5447
310.0563,185.1113,130.7478,158.3866
308.2443,182.8099,129.8237,158.4413
306.3904,180.8334,128.9975,157.8603
308.8033,178.8676,128.6834,157.2801
317.1576,187.0686,129.9657,154.3713
317.2200,185.1096,129.8408,153.8156
317.9893,179.6790,128.3022,155.7507
318.5397,176.9715,127.2014,156.6977
324.2268,171.0222,124.7568,159.6666
328.6976,171.5807,124.7566,158.5497
336.6602,165.4471,122.1922,161.9097
345.1638,171.3907,123.0373,158.9488
345.8168,167.7801,121.7314,161.7383
350.5844,165.2138,121.1021,162.4180
362.5130,159.3597,119.5099,165.2201
369.5570,163.2541,118.8303,166.3702
369.7805,160.1427,118.3834,168.1172
377.3820,153.9144,116.6648,171.5842
377.0906,160.2971,117.2476,172.3749
377.9415,149.5751,115.5458,175.6579
374.5135,162.6280,117.8403,172.3590
372.8719,159.1022,116.5737,174.8608
370.0648,158.3706,117.6214,171.7574
370.0652,155.9155,117.6205,172.1306
367.6843,156.7881,117.8396,170.3853
368.4421,148.3511,116.3240,173.6991
369.0193,147.7866,115.1697,174.8280
367.1921,151.5824,114.2813,176.3218
367.4512,144.3363,113.7630,177.1631
362.2314,142.7619,115.0942,175.7578
362.8892,141.5287,113.7786,178.2240
363.1589,139.7038,113.2393,177.3035
363.0836,151.7701,113.3899,175.9090
362.6641,149.0191,114.2288,172.3525
361.6247,133.5416,111.8178,176.3686
359.5489,143.5632,111.4595,174.3647
360.2849,140.3521,109.9876,176.3130
360.3052,148.5434,109.9470,173.3653
356.5935,143.8777,108.5033,173.8295
356.3592,151.8868,108.9719,171.0603
353.3084,161.3171,110.6907,165.3481
351.5418,157.0545,109.8981,165.2219
349.0051,170.2443,110.6610,160.3954
345.4008,156.8493,109.3683,161.6818
342.5975,171.5781,110.7264,157.7157
341.0749,166.9401,109.5603,158.5693
340.6159,177.0337,110.4783,155.2015
337.3754,169.9903,108.6211,156.7811
333.0873,177.3122,108.8727,154.6241
321.9156,176.8222,110.5466,151.4703
323.8703,187.8937,110.7510,149.8955
324.9094,181.2552,108.6728,150.8933
325.1435,187.3722,108.2044,150.8816
322.7363,197.2328,108.9526,147.4254
323.5531,192.4293,107.3191,148.9803
321.2407,200.1199,107.9211,145.6675
320.2715,195.2774,105.8770,147.3877
317.9307,207.2224,106.5837,143.3727
317.0757,198.4836,104.3679,145.1477
316.7279,209.5541,105.0635,142.5879
315.3376,203.9601,103.9553,142.1096
315.3846,210.3573,103.8612,140.9052
313.7766,217.1898,103.2337,138.7708
312.5179,221.3123,101.9504,138.1275
310.0877,230.9865,103.0407,133.8592
307.4836,228.6604,100.8033,134.7885
305.5145,237.3051,101.0411,132.3009
306.2336,244.5140,99.6029,132.5488
304.4355,245.8259,99.5523,129.9249
305.0634,253.5958,98.2966,128.8087
305.2248,254.8465,97.9739,126.3074
306.3011,252.7641,95.8213,126.9471
306.3929,261.2319,95.6375,124.0099
304.5753,270.2904,95.8209,119.7001
305.1274,271.0680,94.7167,118.1449
305.1531,274.4841,94.6655,114.6599
304.4964,274.1602,92.6860,115.3075
294.9643,278.9167,92.1265,112.3359
284.4810,278.9176,90.5814,112.3340
282.7187,290.4118,90.9152,108.4913
277.3230,287.2195,89.1576,108.6015
274.3061,295.0681,88.9704,105.3464
264.0743,294.2098,88.0322,104.0057
262.9956,302.6275,87.1681,102.2782
261.7389,303.7581,86.7004,100.0171
259.7325,303.9745,84.8361,99.5842
258.2039,311.6358,84.9914,95.8695
257.6158,310.3899,83.3205,95.5143
256.2627,316.1078,83.2122,92.5224
256.1265,314.1243,80.7180,93.7230
254.5747,319.7725,81.0765,90.6622
254.7855,319.3127,80.6548,88.8783
254.8143,324.5804,80.5973,86.3499
256.6206,325.3642,79.6134,84.7822
256.9672,327.1900,78.9202,83.7193
260.8480,330.9678,78.8416,81.2857
262.5521,332.8516,77.9549,80.0396
263.6280,336.6904,78.2911,77.3381
265.3936,338.2376,77.2107,76.6946
265.6223,338.8586,76.7534,75.4526
267.3546,338.8273,75.6857,75.5153
267.4831,344.3661,75.4288,73.9620
270.0816,344.8098,74.9369,73.0747
271.6563,344.9695,74.1183,72.7552
270.6630,346.8716,73.7920,71.2640
271.3761,346.6064,72.3658,71.7944
275.1039,347.0077,71.7210,70.9918
273.2000,348.3343,71.0339,70.5862
274.6950,349.8238,70.2741,69.8372
274.1798,349.6754,69.0980,70.1340
275.3725,350.2687,68.9052,68.9474
278.1019,350.3854,67.7882,68.7141
278.5415,350.6402,66.9091,68.2045
280.8653,352.1739,66.5169,67.2649
285.9862,351.9131,64.7023,67.7863
292.4743,352.2734,64.2438,67.0659
296.0529,353.3600,63.2898,66.9603
297.2477,353.9292,62.9512,65.8220
298.5598,353.9301,62.3548,65.8201
304.3760,353.8098,60.8141,66.0607
307.9171,354.8147,59.7248,66.0486
307.1328,356.2368,59.3132,65.1843
305.8859,356.1942,57.8869,65.2695
303.4606,355.1573,56.9217,65.4048
304.0027,353.0736,55.8375,65.7218
303.6043,349.1927,54.7215,65.8327
303.6424,346.9973,54.6454,64.5340
303.9437,345.3116,54.0428,64.1551
302.1621,342.2805,53.8866,62.7783
302.7860,336.6137,52.6389,63.0965
302.0252,333.3219,52.3396,62.3973
302.1762,328.2370,52.0377,61.7362
302.1171,326.9048,52.1560,60.8204
295.5705,324.9043,52.8041,59.4878
293.2676,319.6007,52.1071,59.4895
292.7524,316.8969,51.3811,59.6277
295.7601,315.0096,50.6067,59.9083
295.0186,314.3755,50.3506,59.4376
292.6895,310.1426,49.8265,59.2660
291.6906,309.9321,50.1080,57.9707
294.2748,305.0940,48.3414,59.1425
299.1378,304.3605,47.0678,58.9190
297.5608,303.8971,46.8890,58.1793
294.6370,301.6175,46.1278,57.7818
291.8210,299.0689,45.2245,57.9776
291.4067,298.1679,44.4310,58.1575
291.3005,297.1722,44.6434,56.9250
293.1723,295.7555,44.0929,56.5652
292.8378,294.8782,43.1798,56.7378
292.5085,291.5598,42.2685,57.0950
291.6922,291.9334,42.3408,56.3477
294.8361,290.5467,42.2538,56.0208
296.4294,287.6814,42.1548,55.5760
298.6246,289.0494,42.3708,54.3753
296.9050,290.3261,42.7688,53.3427
297.1089,288.6717,42.3609,53.6288
300.3834,288.8343,41.8481,53.3036
299.7525,287.4504,41.6141,53.0800
303.0280,285.0943,41.0173,53.3266
301.5114,284.6371,41.0852,52.7585
296.3738,281.6660,41.0355,52.8007
295.5160,281.1682,41.2764,52.3215
289.6633,280.6820,41.2103,51.8225
285.3831,278.7103,40.9947,51.3778
285.3288,277.5988,41.1032,50.6960
285.3157,274.2744,41.1295,50.1263
285.1967,273.8282,41.3675,49.5834
285.0475,272.7555,41.6657,48.8673
286.2600,271.1601,42.0901,47.7842
286.1165,268.5250,42.3769,47.3959
286.1659,267.0233,42.2781,47.5730
287.5971,266.3363,42.2444,47.5326
288.7733,264.5176,42.7186,46.9304
289.4373,262.4495,42.8018,46.8324
293.0560,260.9885,42.6205,46.9320
294.5332,255.9093,42.4858,47.2212
298.8322,255.1031,42.3611,47.4214
301.6132,254.4671,42.4525,47.2802
306.5231,251.6910,42.5210,47.1819
310.0707,251.7487,42.4865,47.0665
313.6878,248.8679,42.3014,47.1888
315.1915,247.6829,42.1116,46.7413
320.0349,245.8132,42.2164,46.2844
322.2878,245.1337,41.8906,46.2500
325.7373,245.5190,41.9296,45.4795
329.3723,245.4995,41.5409,45.5185
334.3914,244.4664,41.0971,46.2140
338.7489,243.3095,40.6284,47.1533
341.6439,246.1041,40.3643,47.0898
343.9635,244.1881,39.8536,48.1695
349.5271,247.9076,39.8037,47.6538
354.5432,246.2574,39.4028,48.2023
358.2017,249.5935,38.9751,48.4195
358.1725,249.0944,39.0333,48.0433
359.1248,248.0693,38.4984,48.7241
362.7583,248.4912,38.0875,49.2516
362.9760,248.3174,37.6519,49.5991
363.7305,248.2111,37.5138,49.8117
363.9870,247.1774,37.0008,50.5074
364.8699,246.1433,36.6089,51.2015
364.7586,249.8343,36.8315,50.7099
364.9548,249.1301,36.4392,50.7439
365.0072,248.5324,36.3343,50.5711
365.1348,251.0915,36.0791,50.9089
365.8531,250.6537,36.0075,50.4195
366.6975,252.5275,35.6749,50.7408
368.2216,252.5400,35.3382,50.7159
372.3945,255.8014,35.0909,50.9419
373.0920,254.8207,35.0450,50.2052
373.2928,254.7861,34.6435,50.2742
373.9815,254.2577,34.5976,49.9996
375.5171,252.9354,34.1800,49.9907
376.2631,253.0916,34.0075,49.6784
376.2539,252.8760,34.0258,48.7974
376.4017,253.0465,33.7303,48.4563
377.0131,252.1004,33.7966,47.7704
379.7365,251.5356,33.4689,47.6202
378.1063,251.0184,32.9130,47.3826
378.2648,249.8942,32.5961,47.1123
378.4312,249.3909,32.2633,46.8688
381.6858,248.9433,31.9583,46.5230
382.3993,245.1441,31.7619,46.7380
383.2737,242.3684,31.2437,47.3670
384.6559,241.8935,30.9422,47.0854
387.3058,241.4728,30.5310,46.7045
388.6069,240.9289,30.3482,46.5828
391.5110,241.0269,30.5638,45.1820
391.6385,240.6191,30.3087,44.8102
391.6319,240.4909,30.3219,43.8893
392.3962,239.9266,29.9571,43.8541
391.9737,240.0334,29.6448,43.6405
391.6288,239.5703,29.1859,43.4178
390.1802,239.0242,28.6694,43.3722
386.9146,240.7967,28.4291,43.2130
382.5972,241.0224,28.0864,42.7615
378.2872,242.3366,27.8285,42.3527
375.0352,242.5142,27.7369,41.9974
371.3199,242.0517,27.5205,41.8300
367.6935,242.1328,27.1693,41.6678
364.4946,243.0858,27.0989,40.8399
360.9258,243.2570,26.7855,40.4974
360.6806,244.3540,26.2218,40.4115
360.4151,244.4460,25.7096,40.2275
359.5366,244.0827,25.4024,39.9221
358.6180,245.2966,25.1949,39.5389
358.7037,246.5447,25.0235,39.0691
358.2482,247.3031,24.9312,38.5554
360.5040,247.8518,24.3958,38.4521
360.6329,248.8343,24.1379,38.4541
363.8120,249.3690,23.6551,38.3640
364.4261,249.5822,23.3966,37.9376
365.0329,252.4936,23.1421,37.8694
368.4704,252.8608,22.9436,37.1349
370.1085,250.5705,22.4861,37.0181
371.1481,250.3320,22.2669,36.5650
372.6485,248.1011,22.0250,36.4288
373.6499,245.5001,21.8491,36.1495
375.5425,237.5268,21.6895,35.7811
376.5202,230.9804,21.5306,35.4006
379.7377,228.0783,21.3247,34.9756
382.5903,226.0164,20.9000,34.6990
385.7626,228.3826,20.6371,34.3106
388.8700,224.2845,20.4325,33.9209
392.7523,221.9656,20.3119,33.4627
395.8058,219.1453,20.0883,33.2198
399.6255,218.4774,19.9470,32.8893
403.7726,217.0262,19.9106,32.4886
407.8270,216.4750,19.9941,31.9525
411.4234,215.9655,20.1148,31.3462
415.8431,215.4249,20.1367,30.8163
418.6862,215.1703,20.0365,30.5276
420.9968,215.8763,20.1672,29.9075
423.6657,215.7810,20.3234,29.3133
425.5919,216.4257,20.3633,28.8023
425.5608,216.2801,20.4255,28.3222
426.7163,216.0822,20.4100,27.9528
426.3254,216.2433,20.4324,27.6305
425.6136,215.6925,20.3465,27.2226
424.5557,215.5710,20.2208,26.7186
424.9401,215.6937,20.1895,26.4730
424.9691,215.0627,20.1315,26.2688
424.6368,215.6022,20.0670,25.9188
424.5800,213.5663,20.1806,25.6543
424.5876,213.6723,20.1654,25.4424
424.6109,213.0074,20.1188,25.3381
424.5958,212.8136,20.1491,25.0110
426.7527,212.6198,20.0962,24.6885
428.9730,212.0409,19.8815,24.4376
429.4393,209.6419,19.6460,24.3564
431.9770,207.6149,19.4142,24.2588
434.1082,207.7492,19.2721,23.9901
436.5364,205.4078,19.1777,23.9109
438.9609,203.1384,19.0714,23.7069
441.7299,200.1810,18.9149,23.5676
446.9037,197.4792,18.5875,23.6272
449.3665,196.2088,18.3071,23.5134
452.0705,194.2663,18.1577,23.4546
454.8440,191.5981,17.8426,23.5592
459.4593,186.4958,17.7180,23.3567
462.8199,183.1771,17.4500,23.5409
450.6634,178.3024,17.3010,23.6342
443.0165,174.1830,17.1694,23.5177
444.9531,171.9591,17.1291,23.4939
445.3410,169.6857,16.9910,23.5764
444.0874,168.7686,16.9512,23.5003
439.7355,166.8492,16.7658,23.5294
434.0578,166.8186,16.7394,23.5906
426.8005,164.6167,16.6990,23.5646
421.4027,164.6702,16.7545,23.4576
415.1024,164.6558,16.7341,23.4864
415.1428,161.4006,16.6533,23.6853
408.8250,159.1905,16.6321,23.6757
399.2525,158.9790,16.8069,23.4663
390.4153,157.0996,16.7837,23.4329
383.1282,159.0604,16.8413,23.2982
375.4679,156.9696,17.0402,23.0694
376.7497,156.6934,16.9961,22.9919
386.1576,157.0486,17.0190,22.9095
390.8214,154.9636,17.0976,22.6899
399.8598,154.1219,17.1466,22.4982
416.5376,156.1545,17.4278,22.1703
419.2702,156.9679,17.5648,21.7885
407.4409,155.3513,17.7072,21.3087
2
0
0
0
0
1
369.6392,154.9635,17.6717,17.3250
378.4644,153.2744,17.6572,17.3964
388.9652,152.9139,17.6324,17.5654
393.1165,151.5033,17.6442,17.6150
399.2651,150.9046,17.5627,17.7021
398.9966,150.0629,17.5443,17.7194
392.6061,149.2100,17.5528,17.7592
387.8490,149.2646,17.6133,17.6498
379.5076,148.1129,17.6364,17.7321
375.0244,147.3098,17.6910,17.6673
369.2156,148.3963,17.6153,17.7215
364.1758,147.5530,17.6783,17.7386
359.4228,147.5494,17.7026,17.7460
352.9821,149.5038,17.7444,17.7449
347.2547,150.1859,18.0214,17.4984
344.7443,150.1024,18.0080,17.6653
338.7018,151.7739,18.2956,17.6931
342.6086,151.5127,18.4163,17.6488
344.2455,151.5595,18.5501,17.5551
346.1740,152.5075,18.6727,17.3647
347.8245,152.4934,18.7764,17.3929
350.8356,152.2498,19.0186,17.3107
354.6783,150.9169,19.3405,17.1167
358.8693,148.2869,19.5665,17.2119
363.8493,146.6437,20.0264,17.0250
370.0155,144.9523,20.5202,16.9097
375.7443,144.8885,20.8378,17.0374
381.0662,144.1909,20.9167,17.2411
385.1305,143.4325,21.1912,17.5574
387.4103,142.8997,21.5079,17.4039
389.6743,142.9456,21.8754,17.3121
393.1761,143.2300,22.2646,17.3594
397.0221,142.5572,22.6690,17.4594
401.2954,142.5487,22.9510,17.4764
401.7838,143.4611,23.2446,17.5573
406.8293,143.4081,23.4094,17.6633
409.9086,143.3934,23.7032,17.6926
409.9817,142.9337,23.5571,17.9619
409.7084,142.7369,23.4512,18.3554
407.9542,142.6492,23.6739,18.5308
407.6707,139.8276,23.5775,18.8669
406.2688,139.3790,23.7116,19.0966
402.1638,138.4069,23.8437,19.0213
399.9745,138.3424,24.1785,19.1503
399.1099,137.9629,24.5454,19.2282
397.0798,136.3980,24.4771,19.6057
396.2962,134.5918,24.6580,19.7522
395.3026,134.5694,24.5502,19.7971
393.3357,134.0453,24.2998,20.1479
394.8339,133.9492,24.1001,20.3401
392.7235,133.8242,23.4265,20.5901
389.8363,133.5638,23.6582,20.4180
388.4991,135.2133,23.5580,20.5873
385.5186,134.8225,23.2659,20.6742
383.2525,135.7321,22.9563,20.9298
383.5714,136.2833,22.3187,21.2093
381.0465,138.9559,21.8849,21.3476
378.9083,139.8668,22.0765,20.8874
377.3239,142.2057,21.8625,20.9453
374.6346,143.2736,21.8485,20.8318
373.9952,144.6078,21.7830,20.8517
372.2563,144.1503,21.2325,21.0953
368.2301,146.1987,21.2861,20.9980
363.4245,146.3539,21.5749,20.6877
359.2427,145.8481,21.9522,20.3683
354.2735,145.8136,21.8954,20.4371
351.7587,145.8683,21.5926,20.3277
349.4109,145.2556,21.6677,20.2331
347.1716,145.7095,21.5279,19.9850
