1
346.4815,217.5117,226.5120,158.7086
346.5170,215.0541,224.1692,162.6791
346.5399,211.6357,221.2763,167.0317
345.9333,207.9809,219.3776,169.8771
347.1663,206.3678,220.0516,172.1761
345.6761,203.3130,221.6581,174.0889
345.6932,199.6859,221.9680,175.8621
345.0256,197.4723,221.8049,176.5708
346.6072,195.2709,222.3896,178.5157
346.1130,196.8833,222.9334,178.2950
349.4374,188.1011,224.2887,179.4225
346.9148,190.0650,221.6996,178.9865
347.1097,191.9686,222.9917,179.0737
350.6613,193.2771,224.1129,179.9713
348.8919,182.8530,224.1808,180.6269
353.8459,188.0624,225.2560,181.9141
348.6253,186.0353,224.6971,182.0167
347.3741,185.3540,224.3314,181.7400
348.0598,186.7094,225.7382,181.9198
348.1151,185.5422,225.1353,182.1488
350.7732,183.0157,225.5253,182.8907
348.9263,182.6808,222.2363,183.5747
353.6624,184.8233,224.4546,184.4709
352.1700,180.6230,223.7768,185.0942
348.7424,188.6901,222.7712,184.7081
353.1431,196.0189,221.5750,185.3740
356.8519,203.2129,222.6991,183.9548
355.7988,203.2822,221.8522,183.9152
351.7820,203.1596,219.4626,183.3380
355.0430,212.1265,220.5265,182.1962
353.6223,210.6373,222.6986,182.0448
349.3903,208.9529,223.6238,181.6187
356.4607,212.5950,223.2266,182.4016
349.8932,195.4487,225.2850,185.6025
324.8125,205.6831,230.8554,181.0743
317.0215,205.4831,231.7010,180.1690
332.8461,207.9122,232.7286,179.3263
334.1613,207.2505,230.7627,178.8634
335.5939,206.1018,229.9161,179.4182
333.7789,205.5831,227.7193,180.4914
333.9957,206.6849,226.4236,180.0266
332.8544,204.5885,224.1440,179.3763
333.1705,206.7801,224.9582,179.2773
334.4415,205.9470,224.2632,179.5206
334.5223,205.3053,222.1968,179.5389
334.9816,205.1686,221.5009,179.8290
337.0459,203.0347,221.6164,180.3007
327.5236,202.2018,222.1805,179.7520
323.3294,202.4327,221.4985,179.7042
319.8386,203.8730,220.5666,179.3373
316.6298,203.0950,220.0318,179.8605
310.9010,202.7442,219.5437,179.3540
308.9525,202.5123,218.4032,179.3850
304.8789,202.3864,219.0311,179.3667
302.3354,202.4458,219.1584,179.3994
296.5558,200.3022,218.9751,179.6526
294.0100,202.5544,220.5488,178.3439
285.7035,198.1788,220.7324,178.9818
285.2106,201.2418,221.4769,178.2190
279.6789,197.2745,219.6790,178.1877
279.8809,197.3029,219.2101,178.2233
276.0695,194.5459,219.6177,178.4407
273.3553,192.0018,219.3074,179.0297
273.0147,191.4187,218.5217,179.5541
273.8236,191.3764,217.9323,180.4534
279.9474,185.6069,219.7817,182.4142
280.4939,189.5975,221.6908,181.1845
289.2682,183.2096,224.2987,183.0254
284.5082,184.7954,223.5099,182.8114
283.5435,184.8333,222.7865,182.7582
281.5317,185.6531,221.2000,182.5834
279.0853,184.9946,220.4525,182.1442
282.4583,187.6562,221.9197,182.3538
279.2737,183.0238,222.2804,181.9489
278.1122,184.2641,220.2685,181.4015
278.5103,181.8663,221.7637,181.5617
275.2708,181.8357,221.0259,180.7020
273.5114,182.0048,218.8584,179.6424
272.4630,172.9680,220.7475,180.6269
271.2138,173.0912,218.1661,181.6177
270.8303,171.3945,218.8335,181.3832
274.1811,164.8619,220.8224,183.0915
272.7668,160.9259,221.5701,183.8982
274.3106,152.3978,222.7514,185.2328
269.6875,154.7003,219.8491,184.0052
267.7812,154.4333,218.2646,184.6753
268.4364,154.3297,218.8347,183.9019
284.7085,148.0615,222.6987,184.2356
283.3367,147.8897,219.1607,184.6380
282.9602,145.3877,217.4903,185.8119
283.5794,143.0246,218.2756,187.2778
281.1899,142.5791,217.1679,186.9532
283.2252,142.5575,219.2652,187.8374
286.3011,141.3421,219.6595,189.1990
286.4094,145.7948,219.6045,189.6371
283.0408,146.7255,216.6484,188.8300
292.4579,151.8255,218.1058,189.6848
288.6642,157.2968,215.4121,188.4431
285.7821,168.6755,214.6601,187.3734
299.5358,182.0283,219.1951,188.1871
294.6692,188.4576,217.6378,186.6521
291.4221,194.1106,212.7149,189.2783
288.0790,206.7740,211.0800,187.9155
301.7122,194.5639,211.6276,191.3038
296.3737,215.6539,211.4156,190.9572
311.0074,230.2201,217.3986,189.4719
307.8687,231.4135,216.1597,188.2299
311.9014,233.5261,216.2242,188.7810
308.3963,236.3339,216.5609,187.5529
321.1961,243.3632,218.6622,187.3274
318.4805,241.8633,218.7666,189.3209
324.1707,250.0144,219.2504,189.0648
323.2166,252.6030,220.3855,189.7688
327.4680,260.2965,218.6272,189.5719
331.4989,258.7428,218.7119,189.4240
338.3610,265.8718,220.2600,188.4508
342.0569,250.1084,221.8120,188.7539
335.4894,265.2610,221.1155,188.6780
340.1350,268.6745,221.7080,187.4264
339.1722,267.6347,220.5820,186.9485
334.6092,272.1595,220.3691,185.7290
340.2820,268.7433,219.5340,187.1368
345.3224,253.4985,221.4163,189.1460
343.9043,269.3757,227.6548,187.4393
339.5973,264.6399,228.8768,188.6082
332.9977,268.0347,229.3518,187.8479
329.6841,264.8474,228.8735,188.7807
336.2957,261.7178,230.3656,190.1926
330.3071,261.9430,229.0071,191.0540
327.4890,261.7314,228.1995,191.2463
325.4749,260.3837,227.4682,190.7038
324.4824,260.6394,227.1369,190.4514
335.4467,256.0502,226.4644,192.9089
336.6087,266.1900,228.4326,194.8355
336.5546,261.2488,228.6029,194.1898
333.1798,265.2055,229.1205,194.8089
332.4858,262.7539,228.6802,195.3771
326.5665,263.0088,229.4513,196.5074
329.9865,261.4427,227.7321,198.3710
333.2638,259.5902,227.6575,199.5287
335.4173,258.9656,226.7359,200.6433
340.3095,244.6928,227.1409,200.7644
332.5923,261.1765,230.5496,201.2831
325.9161,256.0902,233.1664,200.7701
332.6544,257.4235,231.1120,202.5648
336.8311,250.2276,230.2231,203.4815
334.3194,249.9059,229.6825,204.9760
330.1327,251.8994,229.3320,203.9179
348.8148,242.5424,229.3894,207.0999
355.3149,254.9547,231.2559,206.0640
364.7582,242.0776,231.5611,208.0543
362.5707,261.7967,231.3417,205.8327
356.9023,263.3683,236.3646,201.5280
355.3263,272.1643,240.7959,197.3949
355.5097,268.9709,239.4553,197.5188
349.1384,274.2635,239.0581,195.3540
351.7292,273.6039,237.7057,195.5706
345.9861,272.4819,237.1570,195.9306
356.2928,276.1690,235.3935,195.6819
368.7869,273.9950,232.7651,195.7189
365.0412,273.4185,232.7512,195.2219
361.9444,273.5751,232.7985,194.5489
362.0817,269.1551,231.3556,196.0064
345.2855,271.6874,234.8629,193.4202
340.3487,267.3962,233.0847,194.8611
349.4747,262.3135,227.8678,200.1303
365.0037,267.2312,226.2409,199.8247
367.8704,262.5694,226.5419,199.6010
350.7147,265.8260,231.6526,199.9018
334.5197,255.8763,232.8149,201.0303
326.6178,251.5607,230.9852,202.5725
318.0307,243.7410,229.1276,205.2116
323.4356,228.2543,223.2271,210.5329
320.5634,231.3771,222.7033,213.4565
314.4311,234.8240,222.8634,215.2041
310.7436,234.0397,220.9981,217.9139
321.6554,219.2250,221.0293,218.4793
338.8149,192.5304,222.8177,221.0571
346.4674,164.2601,220.4344,222.6976
353.2490,131.6412,217.6466,222.3629
356.7547,111.1045,214.5769,224.9165
361.0484,89.0649,213.0711,228.2945
367.7685,69.4542,212.2661,228.7209
372.4688,54.3912,212.0996,228.7168
371.6497,78.5985,214.8742,226.2568
366.9424,79.4421,214.9485,224.2135
383.7276,74.0908,211.2178,225.9233
374.0906,68.4548,211.2352,225.1635
379.1492,33.9361,210.6763,224.0976
355.4653,26.4568,210.3772,225.0900
361.6704,8.3970,210.9316,225.1220
363.6728,8.5082,210.0531,223.5643
365.7996,3.9990,207.9776,221.5275
366.7981,6.4612,206.8621,220.9109
361.4340,12.2114,208.6476,218.9124
359.5429,16.2143,210.5092,218.2395
353.9155,19.5574,209.8624,217.0592
360.2938,10.5599,209.2826,216.1525
361.3097,13.2306,207.6005,217.1915
362.4668,16.0568,207.3760,217.6362
363.2650,17.1553,206.7529,217.9974
369.0656,19.1690,206.2573,217.5938
374.6627,29.8473,204.4392,217.3231
378.8582,49.4153,203.0110,216.9844
384.7367,70.5460,200.1844,216.1630
391.3182,83.1660,198.3125,216.6362
396.4283,102.9200,195.4993,218.8066
389.2720,119.5241,196.3376,217.8079
394.9334,139.7237,195.3000,219.9860
406.2607,144.9650,196.1659,217.8255
407.8984,138.3342,193.8479,217.1696
387.1000,145.1361,197.6747,212.3119
365.3466,148.8327,202.3820,207.0585
369.2280,146.7383,198.9572,209.8846
376.1992,143.6688,197.1244,212.0016
381.5422,136.1772,193.7313,214.9531
377.1679,142.8350,193.0532,216.1680
364.9933,143.9589,193.3336,216.9131
366.6824,157.9815,191.9046,221.2665
357.4134,153.5308,192.1341,220.9072
355.6620,170.2332,193.0717,224.6871
348.3868,169.0598,193.2907,225.3889
348.5257,181.1013,194.5940,229.5802
349.9803,174.0961,197.2101,232.5212
354.7234,185.5336,199.2346,235.1137
361.6719,161.2500,199.3103,243.8176
360.9779,173.9480,198.5049,248.0577
369.2688,149.0936,199.6999,254.4885
365.0816,164.3029,199.5588,255.8336
375.2099,140.9996,200.2977,263.5100
349.6901,165.5621,200.1361,264.4794
370.9184,147.2675,201.9379,269.2885
368.2318,169.4583,201.7243,271.6447
375.4693,151.1115,204.3284,275.2570
366.6519,174.1190,205.3106,275.6768
367.6896,156.7082,209.4854,278.1680
354.5671,165.9843,210.2959,277.7587
353.5506,189.1908,209.7251,276.9457
373.0784,186.6901,217.7294,271.1726
361.3789,191.3333,215.1191,272.2143
358.2197,193.7231,214.8965,272.7181
352.1100,201.0958,214.2511,272.1964
355.8753,203.0881,215.6626,268.9497
352.6970,203.8820,214.0153,269.6827
361.7182,209.6109,213.9367,266.8215
356.8394,205.7685,213.7653,265.9725
366.0492,204.7225,210.7216,266.7782
366.0817,207.1366,209.3871,266.3266
364.6287,204.4283,207.5610,267.4420
374.1385,199.6680,206.2033,268.7745
370.1653,205.2293,204.1943,270.2484
372.7691,200.1752,203.0490,269.9156
371.7366,206.3413,201.1341,270.0752
370.8309,195.2077,200.9861,268.3874
363.8210,195.7350,199.7437,269.0790
359.9517,193.9198,200.2233,266.5969
361.1187,176.7988,198.7698,270.2304
370.6465,159.4133,198.9110,273.8804
374.8128,141.9146,199.9512,276.8035
361.9122,149.3936,201.3457,275.3961
364.1263,125.4651,202.9488,280.4828
366.9400,110.2810,205.0104,283.1958
370.8142,88.6033,207.8021,286.9873
373.6752,75.5982,211.1095,288.1370
347.1013,100.9313,212.1344,286.7298
358.1033,84.5764,212.1519,286.3768
367.6332,69.6414,215.4013,286.9304
368.6454,53.3611,218.2678,287.1981
342.3939,74.5652,217.7629,283.4767
365.4492,55.2575,216.0706,285.5294
341.7602,71.9713,218.1380,278.6861
367.5437,51.5657,216.1625,283.0730
342.2126,74.6962,217.8969,276.7791
368.3144,52.5438,217.2364,279.1329
372.0885,68.9289,218.1296,275.9465
343.2924,52.2402,217.7446,273.8658
364.3003,41.6499,216.3435,275.7110
369.5606,76.6575,216.6218,274.5542
370.2654,57.9187,217.3142,275.3286
342.9790,69.5959,215.1405,271.8393
363.6511,52.2735,214.5297,275.0878
332.6774,69.5740,212.2148,272.6539
352.6553,50.5341,214.4763,273.6606
323.0313,70.8913,213.2151,269.3585
340.0353,54.7482,214.1836,268.2840
313.6111,78.3161,213.9311,264.1353
332.6099,62.9410,213.1929,264.4391
333.7287,50.6700,214.7039,265.7191
305.7474,73.1526,213.0852,261.8170
316.4824,56.7521,213.5387,262.4566
288.8101,82.8035,211.8178,259.3899
311.0322,64.1158,210.4834,263.2053
286.6527,80.6257,210.1315,258.0773
308.8411,64.2602,209.2492,259.8394
282.2176,84.3031,207.7745,257.4173
301.3909,66.7058,205.7771,259.8107
272.8459,89.4557,203.9237,257.7889
292.6023,71.5134,201.8728,260.2158
300.4396,61.2463,202.3122,261.3310
274.0897,85.4157,200.9822,257.5454
302.9853,68.7393,199.8633,260.1042
314.8997,89.6615,199.5344,259.0247
323.9809,74.0783,200.2743,259.5868
296.6113,92.6182,198.2364,256.9962
317.2351,75.5294,196.4348,259.4902
314.5912,62.6887,196.8482,261.0926
286.6832,85.1557,196.0639,258.5586
301.3632,71.0609,195.6207,261.3519
275.2706,84.7156,194.9289,258.8918
297.6758,69.1869,192.7699,261.6263
269.0462,86.0386,191.6776,258.0520
288.5117,69.6488,189.8189,261.0530
293.2133,58.9478,188.7000,263.1057
303.4367,50.6082,188.7494,265.5292
273.2435,78.4145,186.6889,263.0656
297.7773,59.6154,185.6437,264.7698
302.1655,51.2701,183.6234,268.6392
275.8134,72.6264,183.8335,264.3376
306.3938,54.1683,184.1289,265.1437
319.4248,43.8535,182.2929,268.7119
294.2776,62.8953,180.6608,267.9563
314.9455,48.1649,180.1115,267.8768
334.2939,36.7762,178.0183,272.0029
340.5050,64.8136,176.0479,271.0436
314.5480,67.4109,177.1192,267.0724
337.9019,49.3665,177.1450,266.2555
354.8891,38.2089,175.6609,268.7376
354.3119,65.6075,174.5319,267.1045
358.1418,48.1077,171.0229,270.5772
331.8640,62.0347,169.9911,269.1369
348.8490,46.0972,168.7372,268.4319
353.2162,32.7781,167.6772,270.3220
318.9960,60.5900,168.4310,266.6278
342.0916,39.6909,168.2358,267.3917
347.1342,36.0463,165.9227,269.3551
319.6435,52.3911,166.7125,267.5525
337.9632,38.3113,167.7957,266.4910
311.7686,57.3490,170.0160,262.7969
333.1104,43.4715,169.6383,263.0097
344.9981,34.7647,167.4818,264.9983
317.7964,55.9229,167.2014,263.5156
336.9467,41.9281,167.3051,262.8632
342.0027,34.5459,166.6311,264.0595
307.6772,63.3928,167.8673,260.0320
329.6252,43.3085,168.0170,259.9728
332.5105,42.6052,167.8212,261.0499
305.7105,56.5282,168.4549,259.7304
323.2685,45.8426,169.5044,259.1548
297.4173,60.6513,171.2574,257.5612
279.1997,73.1391,173.8167,255.1348
262.0991,82.1213,180.8848,250.0094
288.0252,74.9543,179.5723,249.5483
306.2862,59.9329,178.3695,250.1067
318.0544,52.9458,177.1445,251.1922
318.1749,52.2204,175.8262,252.8478
294.0949,69.0949,175.4090,253.0684
306.4572,62.1321,174.5777,253.4097
281.8298,74.4495,174.6406,252.9406
298.3870,61.6273,173.8231,252.9284
271.2448,80.0393,174.6116,252.1002
254.0129,89.7180,176.5076,250.2023
275.4469,90.9967,175.7137,249.3878
254.8023,92.8048,176.6464,248.7248
278.2443,93.3985,175.6922,248.1045
257.2769,96.3519,176.3456,247.3291
278.6895,85.1331,175.8436,247.1855
255.2851,97.1175,176.1749,246.7475
279.9420,84.4990,175.7478,246.6660
249.1893,118.8606,176.6778,245.9768
230.6296,124.0174,180.5396,243.1468
254.3909,113.0073,179.5683,243.8454
232.7579,115.6430,180.9797,242.6996
258.3504,116.4983,180.0511,242.0492
239.8026,116.4806,181.1779,241.2861
261.7850,121.6025,179.8340,240.9766
242.7150,123.9586,180.2485,240.4172
265.5638,130.2613,178.8141,239.4857
241.7794,132.8490,178.8049,239.3768
229.1588,141.8040,182.0511,237.6664
255.2136,146.8325,180.3881,237.9075
230.1079,154.1385,181.2038,236.4455
253.7104,153.1136,179.5441,236.3182
229.9981,162.4700,180.2152,235.8952
249.2273,166.7017,178.4369,236.0886
230.5893,173.9376,180.3314,235.5495
251.5718,158.4654,178.8314,235.7077
230.4510,167.6218,178.9181,235.7364
211.6599,181.4593,180.7648,234.8118
190.8985,193.1192,182.5805,233.5392
208.8440,221.1215,182.6217,233.2231
219.4800,200.9613,180.3973,232.8343
186.1087,234.3090,183.0295,230.0139
199.9773,210.5671,182.0145,230.0174
171.6543,204.6547,183.0103,228.2695
187.6914,232.0674,183.0327,227.5436
165.1999,225.5909,184.8678,225.3855
194.0798,214.3809,185.2434,223.8703
164.0952,251.6330,187.2842,221.1434
190.1937,237.4944,186.7592,221.2393
163.2372,238.0424,187.4839,219.6373
185.9158,228.8150,187.1896,218.2870
193.1376,255.7670,185.4638,218.1252
164.5136,250.5719,186.2554,217.2150
185.4483,242.4024,185.5622,215.9350
159.2301,241.5766,187.2273,214.1280
182.8042,236.3356,187.3811,212.7809
195.6214,265.5661,187.0203,212.4760
170.2086,266.3455,188.7085,211.4154
190.5242,262.4078,188.1080,210.7438
166.7813,264.1952,190.2049,209.7396
189.3118,260.2316,190.6309,208.6621
165.6275,252.5591,191.5027,207.3149
188.9747,249.4677,191.2990,206.6295
160.7298,248.4214,191.8224,205.3139
183.0793,251.8994,191.2456,204.7273
163.7798,262.2889,192.4334,203.6821
189.5968,264.0736,192.0176,202.8169
164.7889,270.2775,193.1481,201.4395
189.1064,273.1654,194.2765,200.0694
194.9524,271.4018,192.5525,200.8080
171.2362,277.7126,193.3429,200.0793
186.1422,276.4556,193.2862,199.0354
160.3430,279.1186,194.2554,197.7078
180.5590,276.0846,194.1618,196.4742
198.3722,279.4107,194.2708,195.2234
173.2445,280.2703,195.5283,193.8055
194.0762,277.6866,195.9474,192.4460
175.4672,287.5866,198.7982,190.7372
193.4047,287.2371,200.3194,188.5645
206.7594,286.1738,199.2665,188.4850
181.6970,286.7135,201.0667,187.2153
193.2408,293.0092,202.2233,184.9288
175.7580,291.3004,204.0490,183.6578
186.3865,288.5064,204.0912,182.0037
167.4197,289.2700,206.1045,180.9790
186.8706,281.7465,205.9881,179.7758
203.9507,287.3063,205.1652,180.2007
176.6286,291.6534,206.8955,178.9164
189.0215,290.5796,206.5993,178.4271
161.4750,295.8682,211.3588,176.1235
173.1605,294.7835,211.9058,175.7789
186.4564,285.4155,208.8598,177.0056
190.3140,282.1360,206.5859,178.1345
142.4960,284.5637,209.1195,176.2973
153.4366,287.7274,209.8167,175.8279
162.1416,289.5617,210.8965,175.4104
177.8295,287.7792,210.7992,176.1701
183.2390,286.6555,208.0582,178.0150
191.6299,286.6830,205.2776,179.8233
198.3899,280.7792,201.0467,182.4546
200.5544,305.7383,199.9211,181.0662
166.9534,298.5954,200.5899,180.6817
175.7760,296.8752,201.7156,178.5951
166.1081,327.9331,204.6759,173.8169
219.1123,308.0722,202.8170,172.4595
182.2739,262.5991,196.4847,177.5675
188.8068,270.5108,191.5921,180.9192
195.7973,265.1209,187.2144,184.4590
137.5983,306.6954,196.0867,178.0557
189.1339,290.5600,191.6681,180.5978
122.9106,328.8539,204.2610,169.7351
168.1006,320.4011,207.1768,164.7216
2
0
0
0
0
1
304.0188,285.8188,32.2337,40.4416
300.2574,284.1613,32.6469,40.5466
298.0673,282.8364,32.8003,40.9576
294.1358,281.1570,32.8961,41.2974
289.4378,279.5298,33.2884,41.1705
288.1380,277.5485,33.5026,41.0152
287.4268,275.7240,33.7982,41.0123
287.6172,273.8647,34.4716,40.6425
286.9085,271.7214,34.6824,41.0836
287.6264,269.5330,35.1340,40.9532
287.8698,266.9426,35.3273,41.3816
287.9781,265.2507,35.3248,41.5247
289.0743,262.0494,35.5438,41.8874
291.1789,266.1507,36.0012,40.6916
291.1896,262.0027,35.9556,40.4234
293.8899,258.3035,36.3645,40.7906
298.2372,260.5530,36.5706,39.7614
299.3632,256.7059,36.3410,40.0899
303.7922,257.8556,36.4612,39.2378
306.9822,253.3834,36.9537,39.1663
312.1360,255.2084,36.7167,38.3169
316.6753,253.7795,36.3232,37.8001
315.3573,252.8835,36.1484,37.3248
321.5264,251.6405,35.6029,37.1158
325.1637,247.5527,35.5303,37.0583
328.7643,248.2174,35.0547,36.9699
332.7308,248.2645,34.3781,36.8563
336.9893,249.0471,34.0880,36.7593
341.2456,250.1769,33.7785,36.5457
345.3214,252.6341,33.8032,36.0684
344.4104,252.8192,33.4893,36.2069
351.9773,253.5311,33.3556,36.1082
357.8808,254.1349,32.4841,36.1221
360.8318,256.8185,32.4883,35.6806
359.7056,257.0989,32.6126,35.4182
363.2840,257.5463,32.1180,35.3203
366.9619,259.1791,31.6628,34.9799
365.6068,259.5092,31.6720,34.8517
368.2672,259.7805,31.0871,34.5845
366.6302,259.7141,30.8369,34.4691
368.9388,260.0450,30.2871,34.0948
367.1065,260.0565,29.6483,34.4459
368.3686,260.0629,29.3674,33.8835
368.3777,260.2769,29.0678,33.5246
368.8715,261.9676,28.9528,33.2995
371.0849,262.5221,28.7496,33.1231
370.2329,264.6516,28.1852,33.1468
373.4409,266.9450,28.3308,32.8608
374.7753,267.8235,28.3229,32.6049
376.5424,265.5096,28.3660,32.7674
375.4554,266.8025,28.3032,32.6888
378.7179,267.0052,28.2240,32.1399
380.0310,266.9607,27.8907,31.7094
381.2920,267.4593,27.6339,31.2737
379.0797,265.2296,27.1280,30.7673
380.0965,264.6382,26.9055,30.4703
378.8251,264.5061,26.8408,30.2435
383.4663,263.1707,26.4679,29.9865
381.1030,262.2025,25.8618,30.1267
381.8766,259.7632,25.8054,30.0950
383.6011,260.7183,25.7155,29.9150
384.7724,258.0343,25.8034,29.7797
386.8947,258.5938,25.6946,29.6172
384.9988,257.7867,25.7609,29.3927
387.9352,256.7354,25.8643,28.7003
390.6304,255.2450,25.6729,28.4725
392.7569,254.8841,25.3672,28.5428
393.7888,251.7381,25.4993,28.6338
393.9612,252.3297,25.3448,28.6320
395.2054,251.2513,25.0788,28.5491
394.0740,250.5528,24.8433,28.7348
395.2285,250.1204,24.4627,28.6547
393.3172,249.6288,24.3681,28.4798
391.1404,249.3126,24.0848,28.6730
388.1193,249.4299,24.0909,28.6070
383.7265,250.5143,23.9377,28.4312
380.5423,250.1239,23.6257,28.2494
377.5367,249.8371,23.1525,28.2293
373.8333,250.4555,23.0458,28.0592
369.2395,250.7683,22.9501,27.8490
366.7032,250.3305,22.5478,27.8881
363.6093,250.2283,22.0599,27.7070
362.7307,249.0436,21.5090,28.3357
361.5054,250.1380,21.0103,28.5164
360.4910,249.8336,20.8297,28.3016
360.2828,251.7922,20.6390,28.2132
359.8112,252.6386,20.6877,27.7708
360.3137,252.5944,20.8112,27.5198
361.3463,254.0063,20.6790,27.2804
362.8022,253.9472,20.3843,27.3233
364.8001,254.8051,20.3425,27.1644
365.3748,255.3248,20.0514,27.5521
366.7719,257.4915,20.0455,27.4871
367.8795,256.2754,19.8511,27.3559
370.6755,255.9407,19.4059,27.1666
372.2043,254.3605,19.4478,26.6181
373.0009,251.6007,19.6738,27.1046
373.7713,249.8537,19.8146,26.6092
374.9293,241.8441,20.3308,25.8124
375.5367,236.2276,20.1938,25.6007
378.5531,233.2162,19.6995,25.6292
381.4746,230.6895,19.2170,25.7381
384.8719,230.3019,18.0590,26.6960
388.0866,226.1007,17.8184,26.6491
392.0547,226.5167,18.1406,25.8821
395.1751,222.2309,17.9086,25.8705
398.4331,221.4729,18.1430,25.2533
402.3257,221.1889,18.3306,24.8024
406.3939,220.6823,18.2859,24.3013
410.2285,219.9967,18.3442,23.8739
414.0689,218.7004,18.1650,23.8584
417.5045,217.5483,17.9471,23.8360
420.9474,217.2248,17.8345,23.8163
423.6291,215.0985,18.0087,23.9345
425.6531,216.5616,18.3312,23.4889
425.5854,216.0163,18.5123,23.3563
426.6585,217.7584,18.9820,22.9656
425.7650,216.9376,18.9452,23.0241
424.7884,215.8962,18.8071,23.1688
423.3784,215.6032,18.8209,23.0386
424.8137,215.1425,19.1121,22.6291
423.7280,215.2886,18.9486,22.6724
424.7159,216.7069,19.2737,22.0272
423.2860,214.9301,19.2533,21.8345
424.1807,214.7549,19.2491,21.7575
424.7702,213.6197,19.1990,21.6396
424.6170,213.3558,19.2631,21.7381
426.1100,212.3089,18.8420,21.6674
427.7769,212.0426,18.6398,21.6309
429.5606,209.3286,18.4188,21.5974
432.5295,207.2399,18.0455,21.7169
433.8840,206.0634,17.8994,21.5997
436.9812,205.6891,17.7992,21.4589
439.0527,203.7869,17.5543,21.2582
442.1031,200.4021,17.4648,20.9386
445.6617,198.2920,17.4546,20.7227
448.9593,196.2046,17.3173,20.4606
452.0343,194.2039,17.0246,20.9182
454.7287,191.6500,16.7527,21.0583
457.9164,185.3022,17.0800,20.9624
461.4305,183.7006,17.2722,20.9241
450.4780,178.7195,17.0661,21.0653
442.5901,174.1327,16.8745,21.0706
443.9591,172.7773,16.6397,21.0966
445.2327,169.2712,16.5237,21.2365
443.8737,168.8320,16.5525,20.9877
440.5703,167.8961,16.4307,21.1220
433.2552,167.2038,16.2084,21.2233
426.0175,164.5404,16.2856,21.4976
419.3541,164.3547,16.3337,21.1495
413.6400,165.2247,16.4815,20.9697
414.1711,161.6213,16.5220,20.9457
407.6829,159.9138,16.5846,20.9767
398.8911,159.2419,16.8533,20.8100
390.1844,158.2448,16.9844,20.6446
382.4838,158.4171,16.7311,20.8183
374.3910,156.6359,16.7718,20.5871
375.3980,156.2772,16.7374,20.5151
383.8529,156.8224,16.8462,20.4308
390.6227,154.9334,16.7937,20.4078
398.2197,154.6918,17.1068,20.0853
415.8787,155.8156,17.1304,20.1308
419.4225,156.5852,16.8972,20.2447
407.4573,154.1440,16.9403,20.0437
2
0
0
0
0
1
369.8551,154.6254,17.4410,17.7557
378.4636,152.0386,17.6537,17.8419
390.4525,151.7012,17.6193,18.1185
393.7753,151.5788,17.8320,18.1810
398.6166,150.9171,18.5215,18.0582
397.7406,149.6163,18.3376,18.1482
392.3865,148.6235,18.1760,17.9457
387.9120,148.7655,18.1362,17.6668
380.0685,148.0926,18.3034,17.5331
374.2751,146.7775,18.1549,17.6623
369.9305,148.5033,18.2742,17.1820
363.9111,147.7695,18.3065,17.0455
359.0527,147.0244,18.0572,17.1945
352.4588,149.6680,18.1618,16.8613
347.2255,149.0001,18.1114,17.0476
343.7080,149.5186,18.2261,17.4951
338.7870,151.0081,18.3089,17.8595
341.7635,150.7513,18.6640,18.0374
342.9366,151.7828,18.7857,18.4484
345.3312,152.5070,18.9914,18.5361
346.9609,152.0471,19.5268,18.2169
349.9270,150.5467,19.8412,18.1134
354.1968,150.7714,20.1180,17.8402
357.1144,148.3404,20.5105,17.8347
362.4938,147.7776,21.1341,17.7870
367.5307,146.7079,21.5794,17.7202
375.3091,143.9519,21.6778,17.8580
380.1433,144.0881,21.8712,17.7674
384.8805,143.8489,21.7271,17.8558
388.0702,142.9373,21.5763,17.9787
390.3797,144.0114,21.9776,17.6428
394.4058,144.3578,22.1282,17.5471
397.1915,142.5961,22.0916,17.6574
401.5493,143.7993,22.3896,17.3215
403.3853,144.1762,22.5056,17.3155
407.7087,145.0072,22.7119,17.1891
410.2622,145.2945,23.0089,17.0834
410.3763,144.6263,23.1627,17.2230
410.2627,144.3550,22.9852,17.3537
408.7118,143.5842,22.8764,17.5697
408.2542,141.9066,22.7499,17.5979
405.8682,140.3194,22.8123,17.6982
404.2068,139.3496,22.7433,17.9735
401.7905,139.7474,22.7370,18.1065
399.9608,139.1380,22.6797,18.2442
398.7225,138.1931,22.6449,18.3737
396.4066,136.1930,22.7406,18.4944
396.4128,137.5294,22.7146,18.2648
395.3826,136.5257,22.9962,18.3537
393.2367,134.9108,23.1412,18.4484
391.6660,136.6566,23.3357,18.5874
389.9789,136.0609,23.1626,18.6853
389.0884,137.9254,22.8506,18.5875
385.6458,137.9729,22.8779,18.6270
383.9822,139.4668,22.6934,18.8289
383.1291,139.4191,22.7948,18.8388
379.5927,142.1230,22.9397,18.6232
378.1468,143.8051,23.0264,18.5561
375.0929,145.0198,23.3132,18.5050
374.2113,146.4733,22.9837,18.4875
371.7681,146.6743,22.9289,18.7055
370.3817,147.6886,23.0487,18.8288
367.1050,147.9560,23.1353,18.7336
362.2913,148.8389,23.2468,18.6228
357.9656,146.7230,23.4633,18.5930
352.6328,146.8241,23.4897,18.7339
349.5107,148.8520,23.6102,18.3174
347.0941,147.1072,23.7699,18.3699
345.7019,148.5997,24.0745,18.5269
