1
662.9050,685.3345,40.1516,25.0379
669.2803,681.3569,39.3724,26.4691
672.8104,679.4396,36.3623,29.6758
672.7575,678.6342,34.6297,32.0005
2
0
0
0
0
1
687.0623,602.2136,42.3582,15.1198
688.8577,593.4613,42.8905,14.7446
690.4843,584.5797,43.1223,15.1501
696.9141,571.3492,42.1787,16.8918
700.5707,563.1552,40.7878,18.2284
704.1050,554.4296,38.1245,20.5370
711.0004,545.8207,36.8028,21.5220
708.7208,536.1952,33.5861,24.2457
712.8014,527.0638,31.2113,25.8024
715.6984,521.2808,28.8846,27.6961
718.6893,511.3445,27.4131,28.1745
719.9572,505.8669,26.5482,27.4761
721.8124,501.0776,26.1972,26.9511
724.3842,499.7465,25.9856,26.7142
727.9089,498.2518,26.8227,25.2024
729.6019,488.9904,27.0778,25.1811
732.8166,485.9059,27.4892,24.8028
737.8602,488.8838,30.1601,21.7270
743.6608,489.7665,31.6788,19.3139
749.7521,485.3379,32.4996,18.1109
754.7361,485.2495,32.6047,17.7220
763.7338,479.7066,32.3245,18.0228
773.0982,473.8641,30.4153,20.2231
782.0127,468.5675,28.1014,22.9611
791.1543,459.1027,25.8971,25.6113
800.5870,442.9551,23.9891,27.9746
804.0344,435.4635,22.5278,29.4893
807.3934,426.6218,22.1853,29.7639
810.2967,421.1034,22.6201,28.6165
813.2115,419.7108,23.6145,27.0487
814.7496,417.1414,24.9492,25.5229
816.2045,410.4068,26.8476,22.9659
817.8489,408.0437,27.8318,22.1007
820.3361,405.1840,27.7331,22.4448
823.0016,403.0760,27.4610,23.3030
826.4825,400.7292,28.1324,23.2970
831.2928,397.4343,28.8169,22.8752
835.7865,399.8729,29.4217,22.1945
840.1849,396.5314,29.1896,22.1402
844.1965,398.6241,27.9428,22.2787
848.9531,399.8122,27.3851,22.0505
852.4606,400.3846,26.0892,22.9752
855.7299,400.8661,25.6244,23.5310
857.6162,400.5419,25.4962,23.9889
862.4608,401.3880,25.6090,23.5796
860.4322,398.3393,27.3404,22.2525
858.1052,400.9781,28.2577,21.4753
859.7264,402.0717,29.2832,20.3005
2
0
0
0
0
1
847.3175,458.3248,16.8374,19.8091
842.1523,462.1973,17.5276,19.3934
837.7933,465.4380,17.1579,19.8260
832.2791,468.3077,17.1903,19.9045
826.1297,472.1566,17.4508,19.6873
818.9570,475.5448,17.8699,18.9718
812.3145,478.0849,18.7455,18.1608
805.1423,479.8472,19.6340,17.4919
797.0320,481.3969,20.1106,16.8194
790.3063,482.5549,20.3005,16.4654
782.9351,480.0843,20.7586,16.5302
775.1266,481.7102,21.4656,16.0669
766.6929,480.8548,21.5027,15.8789
761.2125,480.0027,22.1091,15.4102
752.8846,477.5703,22.0004,15.3718
745.8931,477.5815,21.5612,15.7380
737.6193,475.8384,21.8181,15.7619
730.2241,471.2879,22.0881,15.7831
722.9139,469.5786,22.0859,16.0126
718.2912,465.5640,22.2210,16.1135
711.1790,462.4528,22.2289,16.1915
707.3638,458.7466,21.9190,16.3182
700.9411,457.5100,20.8783,16.4170
698.5827,452.9148,21.2436,16.4447
691.5132,451.4585,21.1202,16.9810
685.1944,449.6134,20.9012,17.7334
678.8859,443.7195,20.6828,17.8064
673.2876,442.1710,21.1136,17.5865
667.6322,436.2285,20.9337,17.9487
662.5087,435.0656,21.6974,16.9656
658.9478,429.0847,20.9518,17.5412
655.4295,423.7017,21.0730,17.3286
651.1392,423.0437,21.4656,16.9210
649.8996,422.1611,21.4828,16.7930
647.3802,420.4844,21.2457,17.0973
646.1648,418.9951,20.8496,17.4474
642.3010,412.7609,20.6832,17.3616
640.0917,410.3912,20.2194,17.7185
638.0390,407.6540,19.8132,18.1120
636.6492,404.9659,19.4967,18.4055
634.4348,402.1243,19.4930,18.3639
633.4376,399.0229,19.0984,18.5869
633.3283,395.7550,19.0313,18.5907
633.4739,392.8617,18.9752,18.4657
632.4944,390.2591,18.6555,18.3814
632.6449,387.4774,18.8266,18.0647
632.2372,385.6941,19.1930,17.4242
633.3978,384.0474,19.2847,17.0242
