1
301.4264,137.3737,69.6022,85.6959
299.1746,140.6559,69.2210,86.4587
299.3324,144.5904,68.9055,88.3811
299.3424,145.3307,68.8855,89.3726
300.5936,145.6196,68.8701,88.7949
304.3190,144.4658,68.8531,88.6246
308.2226,144.0245,68.4712,89.5073
307.8440,145.1960,69.2285,89.6465
307.4799,146.4144,69.9566,89.7064
307.1108,147.7836,70.6947,89.4777
310.4360,147.5304,71.5985,89.9841
318.9281,142.7927,72.3977,89.2975
325.7869,140.2817,71.3948,89.2337
328.2957,133.9961,71.4285,89.1765
332.0932,132.4327,71.4095,89.7779
331.8764,132.8231,71.8430,88.9972
331.5714,130.5277,72.4531,88.5294
331.2071,129.3927,73.1817,88.2673
334.6573,121.6178,73.9005,88.5789
343.6622,121.3919,73.7835,89.0305
345.2297,112.9669,73.2097,90.5135
353.9615,112.7725,73.7691,90.9023
356.0168,110.4941,74.8380,90.2796
364.6720,116.0714,78.3070,89.5147
372.7668,126.4322,80.6072,89.9243
374.1319,127.2545,80.5616,90.9642
369.8092,119.1399,81.1070,90.9937
361.2372,108.3362,81.9962,90.9281
351.4043,97.0304,82.6059,91.7611
341.5409,87.3076,83.1178,91.9918
341.3088,86.6189,80.8253,93.3692
340.8858,84.4010,78.9299,95.0635
340.4409,85.8955,79.8196,94.8118
337.5899,91.8012,82.7741,93.9906
341.0828,103.2287,84.1351,93.3938
354.8956,119.5530,84.4574,94.2826
366.9722,131.0668,85.6277,93.7650
367.0013,129.3709,85.5695,94.3324
356.8612,111.4237,86.0239,96.2397
356.2895,100.3203,87.1674,95.4931
356.6103,93.1743,86.5257,95.4062
357.3011,91.8276,85.1441,95.2354
359.0832,89.5405,84.4195,94.1305
359.1880,89.5616,84.2097,94.0883
359.0318,94.7155,84.5223,92.2008
359.3910,104.0397,83.8039,93.0290
367.9196,122.5631,83.4495,94.9558
374.4927,137.8829,84.3438,95.2051
372.9090,139.3919,84.6849,95.0134
364.9746,128.0403,83.5813,97.9155
364.3206,118.4629,84.8894,97.0783
360.3173,108.5931,84.3040,96.7698
356.2117,106.7828,83.9655,97.5404
353.2236,107.3793,84.2290,99.2038
353.4285,114.0040,83.8192,100.3860
354.6650,122.9199,81.3461,102.8396
356.0966,137.9076,78.4830,104.7161
355.7502,157.8040,79.1758,105.2099
356.9179,171.1045,79.7368,104.6771
344.7294,170.7741,78.0362,105.3380
334.5076,152.1127,78.3215,105.2238
327.7917,138.7184,80.2225,103.1854
317.6695,126.9925,80.2883,103.5760
311.7838,120.5681,80.5010,101.9764
304.7834,121.3789,80.1583,100.3548
305.3377,123.0826,79.0497,99.7855
300.8567,131.2941,76.7655,100.2320
301.8579,140.7882,74.7630,103.4935
304.3795,151.0906,72.5178,105.2732
303.8195,160.4683,70.8498,106.0336
304.9563,184.9864,71.3482,104.1173
297.0409,183.2307,70.6720,104.8776
290.8081,171.7537,69.3804,105.8202
283.5781,146.7064,70.1199,103.7768
275.0693,132.9184,70.7836,101.3703
267.4663,128.2320,72.4876,97.2413
267.0536,126.9173,73.3130,94.5392
265.5529,125.7712,73.6764,91.5552
262.4796,127.7961,72.0283,90.1037
263.5232,140.1335,69.9412,90.9218
265.8406,154.2557,67.8341,93.0120
261.0403,174.4552,67.3337,93.0168
259.9811,185.3776,66.9350,91.3089
258.8066,185.9905,66.7994,90.0830
256.5175,178.9280,66.4501,89.4254
250.4720,177.4409,66.3009,87.5034
246.8642,178.6079,66.2674,85.1694
245.2150,181.0952,67.1855,82.5750
243.4246,191.9350,68.4111,79.7380
239.0565,201.2391,70.1532,77.4493
235.2222,207.4139,70.8507,76.7183
233.8296,207.2370,71.3123,74.7487
2
0
0
0
0
1
234.2600,196.8608,65.2899,62.3570
237.3435,194.7759,63.1432,64.5169
237.8129,187.6082,62.2043,64.7797
239.4690,185.2611,62.8914,63.4749
242.5990,171.2653,62.6015,63.6064
234.6706,153.3819,60.5706,65.5856
253.1212,140.0346,59.4232,66.4579
239.3527,115.9488,59.2178,67.0711
226.7108,118.6909,58.6595,67.5503
250.4953,130.6996,58.7624,67.3688
264.3752,139.5089,58.7948,67.6166
252.3774,122.7430,58.9163,67.3266
268.9101,106.1689,59.6294,66.6962
251.9843,123.0290,61.6633,64.7937
239.2106,144.8803,63.3151,62.9082
218.2226,130.6505,69.5114,57.5758
222.9305,148.1698,70.0914,56.5231
229.3866,149.6365,69.1257,57.5717
223.8312,152.6254,68.2774,59.5666
231.2869,149.2563,67.4509,60.2685
231.9535,128.6941,66.1178,61.1821
236.7209,107.9454,66.6046,60.5882
243.5704,131.2078,66.9230,60.1204
260.2909,149.6198,67.4814,59.2957
232.8217,148.5355,62.5563,63.4599
235.8426,152.7400,60.4835,64.9733
246.9175,158.3283,60.0629,65.6489
256.1353,156.0848,61.4196,64.1983
269.2767,175.0907,60.8522,65.7488
269.6752,155.7778,62.0486,64.5077
219.2981,91.0128,59.1710,68.4839
198.7898,75.7185,57.9991,68.9378
2
0
0
0
0
1
269.8615,147.6243,84.3072,93.2715
272.4521,148.4579,81.9216,94.3999
270.7220,149.2229,82.6069,92.8698
271.0213,150.0754,82.0083,93.9270
264.0071,148.5226,79.4223,97.0327
264.3868,146.7955,81.4383,94.9362
263.6007,148.2836,83.0105,91.9599
263.3387,147.8756,83.5346,90.0214
255.8730,147.5298,82.0697,90.7129
254.8187,137.7720,84.1783,88.4675
246.2418,137.7588,82.3018,91.2125
243.9157,138.2571,81.4907,90.2160
232.8300,138.3053,82.0369,90.1196
223.8964,142.1071,83.6418,87.9367
218.9331,142.7754,82.7611,89.3019
214.0445,142.0689,81.7017,90.7149
210.5165,146.0561,83.3291,88.1691
211.6487,140.5310,81.0647,91.1179
208.9302,140.7120,81.0808,90.7558
205.5487,139.7826,82.4339,89.9096
197.8325,139.0595,81.5856,91.3559
197.7054,138.2409,81.8399,90.2707
197.7516,141.0861,81.7474,89.9994
197.5777,147.7842,82.0953,90.1226
201.7073,142.3497,81.9701,90.1463
204.9202,143.1158,80.9638,91.3237
215.3761,143.2605,79.0358,93.7464
219.3923,147.1629,79.1588,94.0971
226.9501,150.4397,80.3987,92.9953
227.8344,146.1861,81.3589,90.5873
252.2657,157.0494,81.2194,90.5154
256.1929,163.1988,81.4756,91.7340
261.5278,159.1692,84.4383,88.8872
265.7946,168.0066,84.0927,90.3175
274.2337,170.6587,83.6914,90.5057
274.3694,176.1602,83.4201,90.4736
275.4517,176.5916,83.9935,89.6109
282.4566,178.5672,83.6515,88.3933
281.5317,180.0790,85.5012,85.3696
287.5920,185.4432,86.8351,82.7139
295.4208,178.1518,87.1966,81.2774
295.6831,179.7482,86.6721,80.7374
299.3422,173.9195,87.2617,79.2151
304.5334,178.3691,89.9839,75.5576
304.1808,177.6798,90.6892,74.3317
307.4411,177.1240,91.9552,72.8478
316.2300,177.8435,92.5140,71.4088
332.7966,174.2464,92.8702,70.8748
328.0573,170.7886,92.0576,70.0717
336.1420,171.5106,91.1721,71.1752
339.7599,187.6385,89.0400,72.0926
340.9596,186.4433,89.1745,71.9491
340.8456,208.6866,89.4026,70.5362
340.7894,190.8426,89.5149,71.0235
341.2431,168.3963,86.0836,75.5326
341.4700,158.9924,83.0860,79.0778
337.3211,160.9545,83.7232,77.7070
335.4413,157.2043,79.8575,80.1239
335.2014,164.4739,77.8179,83.2206
327.8488,178.0835,77.3089,83.8939
331.5485,190.4320,77.5238,84.5779
339.7918,195.5736,76.3503,84.5033
343.0621,182.2699,77.4066,83.2552
336.4649,166.7680,77.9525,83.9028
342.0703,153.3313,76.9356,85.2914
338.5894,150.7157,76.2358,85.4149
337.6113,142.6168,75.6473,83.8001
336.9845,142.7045,74.3907,83.6248
335.5901,160.7434,77.1796,79.8828
332.4215,162.1782,76.0968,81.9598
331.5980,172.6340,75.2551,83.4460
323.9856,174.7780,75.4895,84.1548
319.5247,167.9056,76.8717,82.8207
309.6824,160.0593,76.4413,83.4269
299.8350,158.9028,75.9999,83.2228
299.4792,152.4135,76.7116,81.1606
295.6526,154.4743,76.9069,79.5250
293.4321,158.6219,76.4212,78.6200
289.9973,163.4038,75.9662,78.8224
287.6275,180.9967,75.8307,80.1991
288.2681,190.5182,74.5496,80.8116
290.8089,192.1469,74.3602,80.0004
295.0109,189.3762,73.2477,80.6807
291.5320,182.3185,72.9353,80.2559
295.0645,174.7889,73.1055,78.4329
294.9646,170.7726,73.3055,76.9212
294.7864,170.4323,73.6618,75.2362
293.8838,171.5135,73.1223,75.4185
294.8196,178.8864,71.2506,77.0469
294.1040,188.2660,70.3469,76.9673
293.5063,192.6613,69.2229,77.4540
292.8122,182.0394,68.3021,77.9170
288.4409,170.3909,67.8391,78.2000
286.4586,163.9343,67.2069,79.6211
282.4931,163.1795,68.2074,78.8205
280.8937,158.9964,69.0923,77.9312
280.9107,162.2012,69.0583,78.4644
278.8704,170.1430,68.4949,78.8349
279.0431,177.0570,68.1496,78.9193
284.5407,182.5534,66.4122,79.4989
283.3678,183.1276,66.4625,78.3505
284.1078,170.4981,67.2611,76.2663
286.6997,173.5816,68.8548,74.6178
292.5407,180.6037,68.4675,74.1272
298.1755,183.7466,66.1786,74.5769
298.4790,183.0679,65.5715,73.7186
299.2795,175.1100,66.1632,72.0937
291.2055,168.6413,67.0737,69.7935
290.6822,158.2772,65.9651,68.9689
291.0217,151.7101,65.2861,67.2294
288.9635,146.8841,65.2289,66.4475
293.7945,145.7067,63.8613,66.7287
294.7878,147.1438,63.9312,65.9107
295.5636,151.1290,62.3795,66.1192
297.1042,154.5293,61.3219,65.3888
297.3197,155.3004,60.8907,63.8465
296.6149,148.8409,60.3362,63.0159
297.8718,140.4733,59.7648,62.2692
262.9806,111.1537,56.5228,63.2577
263.2592,117.8641,54.0799,64.9212
264.4542,121.6934,53.5621,64.7510
299.6730,125.5677,53.8467,62.5858
300.6060,129.2506,53.8131,60.7168
300.0266,134.1688,53.1690,59.8945
297.2943,136.7825,53.2946,58.2266
295.7525,137.2901,52.8664,57.2113
291.9483,130.5384,51.8091,56.8493
290.5920,125.7791,51.1001,56.1038
289.7922,120.4335,51.0121,54.9805
288.7787,122.9510,51.3700,53.2833
288.1406,124.6916,50.9984,53.0981
286.5182,131.2346,50.9646,53.1259
286.7179,138.4956,50.5653,53.3561
282.5252,147.2520,50.7686,52.2074
281.7000,152.6841,50.7974,51.0730
280.8824,151.5986,50.8284,50.0354
279.7661,151.4487,49.8842,50.3353
279.4725,152.6059,48.8930,51.1774
281.3108,152.5819,48.3681,51.2254
284.5321,150.5340,48.1985,50.6164
287.9092,151.5904,47.6683,50.0597
289.4833,156.4809,47.5980,49.5122
291.9326,160.7021,47.2870,48.7159
291.0203,162.4959,47.5999,48.1519
290.6530,161.2993,46.8265,47.5292
289.2347,153.8156,46.6913,46.1517
288.9300,149.6540,45.8387,45.7023
293.2469,143.5576,45.8544,44.9209
290.3908,146.5846,45.8485,44.5850
291.6054,148.1160,44.8435,45.7945
292.9995,144.6529,44.9100,45.5839
296.7449,148.9146,44.5446,45.6112
299.3156,149.5884,45.0822,45.6832
296.8771,146.4718,44.2418,46.1989
298.7767,141.4615,43.2909,47.6745
300.3444,134.9370,43.0198,47.8344
300.7723,130.8550,43.5943,47.4168
304.4528,129.3068,43.3979,47.6475
306.2212,129.4493,44.1612,47.3625
311.5349,133.5133,43.6215,47.8809
308.9846,139.2057,44.4004,46.5802
307.9261,141.5120,45.0846,46.2657
310.7931,142.5806,45.1048,47.0055
307.0751,133.5168,43.8381,47.7275
307.3548,127.3550,43.2787,48.5178
308.3972,122.0930,42.6389,48.9266
309.0739,118.9023,42.7265,48.1025
311.1066,120.9363,42.9505,46.8940
313.2863,125.5499,41.4200,47.5685
312.9275,131.6925,40.7372,47.8883
310.7067,142.6153,40.9951,46.9608
313.9767,145.9769,41.3768,45.7749
313.9159,149.0792,41.4984,45.0585
318.9636,140.2365,40.9426,45.0273
319.8576,134.9658,40.5081,44.7409
322.1098,124.4736,40.0299,45.5939
318.8176,132.2586,41.2236,43.5009
316.9977,128.2748,42.1952,42.1296
316.8518,130.4659,42.4870,41.7312
315.4397,137.9100,42.6586,41.4320
315.7999,141.3414,41.9382,41.1903
315.0155,141.7436,42.1980,40.3858
316.1213,139.4167,42.5872,39.8377
313.9604,127.3381,43.0155,39.3358
312.4221,121.2181,43.4991,38.6104
313.1922,121.4184,43.2512,38.2098
312.8047,118.3767,42.7440,37.8820
311.1448,118.5146,42.2565,37.6062
307.6566,120.4459,41.6901,37.5150
303.9064,128.5774,41.7091,37.4616
301.5400,134.8983,41.4566,37.2832
301.1906,133.5355,40.9157,37.5297
302.5868,128.3880,40.5936,37.9440
308.1068,119.8655,39.4467,38.9129
303.2763,119.8349,39.2355,38.9739
304.8435,115.3827,38.5646,39.2570
305.0899,116.1500,38.0716,38.9478
305.0164,121.8525,38.2186,38.4588
303.4658,129.3766,38.9048,37.9008
303.7204,137.2062,38.3957,37.9653
307.6864,140.9350,37.6789,38.9254
306.8618,141.1423,38.1217,38.5108
307.1790,136.2955,38.6940,38.5500
309.3353,129.9671,38.0308,39.0422
312.0471,125.4455,37.4622,39.5894
312.8212,124.7431,37.1273,39.7810
313.9236,124.7728,37.3443,39.7215
316.6445,129.0709,36.7566,39.6197
316.5837,132.9381,36.8782,39.1008
321.2556,133.3529,35.9091,39.4676
321.9717,133.2436,35.6636,39.6862
324.6993,133.1091,34.9531,39.9551
325.2295,132.2628,35.0717,39.2898
328.0497,132.5260,34.1135,39.9339
324.5437,134.5950,32.9692,40.4567
319.2774,134.6703,33.1085,40.3061
338.8015,148.4529,33.3217,40.4547
339.6522,150.9559,33.9413,40.0908
336.2958,151.9829,34.8297,39.2016
334.7545,152.8815,35.5817,38.5697
2
0
0
0
0
1
311.9625,129.6117,30.6360,45.7565
310.5450,131.9261,32.2739,43.5221
309.1544,131.7699,33.8648,41.4538
307.6217,130.6482,34.5610,40.1433
307.0398,129.2434,34.5491,39.4260
305.8675,129.5699,34.5650,38.7731
303.6358,130.4653,34.4106,38.1367
304.1595,130.6988,34.5053,37.6697
305.3113,130.8396,34.4744,37.3882
306.4073,131.8612,34.5454,36.4764
305.8180,136.1393,34.6055,35.7486
304.2937,133.3534,34.3306,35.7808
306.0052,136.0948,34.2196,35.8183
304.9099,138.2346,34.2044,35.9502
303.8771,141.0137,34.0607,35.9158
309.4587,147.7081,33.9164,35.7497
314.1932,153.1810,34.3204,34.6770
314.9365,155.5463,33.9204,34.2925
313.3950,155.0386,33.7808,34.2338
2
0
0
0
0
1
343.4458,157.1614,43.7055,52.2404
342.7286,165.5449,43.6305,52.0775
344.0808,185.3535,43.9377,51.6096
327.5108,176.1372,44.0013,52.0007
