1
293.1933,73.9332,62.6007,222.8629
292.6449,75.9360,63.6974,218.8574
289.9218,77.2409,64.8650,216.2475
282.8767,79.1434,66.1649,212.4424
282.4631,80.7711,66.9920,209.1870
281.3892,84.9932,69.1399,204.9456
276.7473,91.5748,70.0601,200.1460
276.2469,90.4508,71.0608,198.2637
271.6121,94.9809,72.0878,197.4463
264.7919,105.8332,73.3433,196.3831
265.8928,107.8471,75.2773,192.3553
261.2137,108.5811,76.4102,190.8873
256.7000,110.4169,77.2141,187.2156
254.5216,109.9521,77.4976,184.0720
251.6066,105.2537,79.2948,181.3704
250.8735,112.5274,80.7610,178.8995
248.4607,111.3979,81.5712,177.1431
247.2761,122.8018,83.9405,174.3560
246.0915,124.2725,86.3097,171.4145
238.2715,126.1767,89.9408,167.6061
238.7137,128.1157,93.0658,163.7282
242.9330,117.9899,96.6439,163.9521
228.4380,135.7933,101.2168,160.9013
228.5219,139.5323,105.1501,157.5244
222.7409,139.6480,108.4801,157.2929
225.7682,133.5222,110.7609,157.0414
224.5797,131.8875,113.1379,156.1092
224.9520,130.7955,112.3932,158.2932
229.7643,134.6825,111.2635,159.0141
230.1267,134.6530,110.5388,159.0730
233.1015,135.9412,108.8178,160.7253
235.1998,136.1519,108.8461,160.3040
239.6794,136.6055,108.3254,159.3968
236.3906,136.7948,110.7060,159.0181
233.7137,143.5821,111.8294,158.1351
231.1089,146.1996,112.8033,157.1358
228.2462,148.9589,114.2920,155.8539
222.8910,152.1931,116.5191,153.6272
222.2525,155.2375,117.7960,151.7827
223.0741,155.0431,120.3896,152.1714
221.2958,153.3978,123.9463,151.1771
219.3744,156.1643,127.7891,149.9714
213.2638,156.2905,131.2688,149.7191
216.1380,154.7367,134.3658,148.4039
215.1196,153.2258,136.4025,146.9740
213.6591,149.3753,139.3235,145.7513
228.4057,136.5587,136.7649,148.9391
231.9366,135.4780,134.2014,151.1006
224.2972,134.0032,131.5161,154.0501
262.9500,112.9501,126.1084,160.2075
267.5721,107.9752,121.3650,165.6564
267.0791,103.2202,117.8445,170.6599
266.3812,101.1474,114.7160,174.8054
267.4857,101.7497,112.5069,178.1355
268.6187,100.4975,110.2409,180.6401
271.8166,112.5910,108.3923,179.1888
272.7009,108.2138,106.6237,178.9544
274.3912,110.8449,107.7042,178.1532
260.3437,119.3921,108.9948,174.4609
262.0692,120.9130,109.9779,171.4192
263.2400,122.4042,112.0412,168.4367
265.2445,121.1160,116.8214,166.6185
263.4846,124.4979,120.3413,164.3012
245.0673,139.0639,125.8916,161.9843
242.2933,139.1354,131.4397,157.3167
239.5744,141.4273,136.8775,152.7328
240.0673,135.2954,140.4506,151.3193
227.1923,118.5652,143.2307,148.0277
228.4803,119.4057,145.2412,146.3467
224.8200,116.1532,147.9699,143.6678
266.3777,112.8824,142.9286,150.2095
299.7916,109.4923,136.1088,156.9897
300.8457,106.2430,129.3878,163.4883
299.4971,98.5458,122.8762,169.6739
302.4832,98.3613,116.9041,174.6353
307.3863,95.7929,111.6664,179.7719
316.5067,93.3099,107.1001,184.7380
316.2569,93.7379,103.0447,188.4370
314.5575,94.2455,101.9027,191.9626
328.7931,88.6541,100.8702,193.9991
325.2027,90.2441,98.8803,195.4044
323.3052,90.1720,98.1037,195.5486
334.3672,86.4859,98.7816,193.8002
332.1339,89.9293,98.7017,191.4599
328.2906,87.1985,97.3667,192.4107
338.1058,86.5420,95.7430,193.7238
303.5115,83.1982,93.0472,191.4258
293.4031,86.1883,91.2019,189.8579
296.8679,84.2762,88.6298,189.3248
300.0153,84.8187,86.6399,188.2397
305.1307,82.6400,84.9175,188.3429
305.9018,73.9709,83.3754,188.7788
306.5643,69.3234,82.0503,189.6644
307.3035,74.2195,80.5720,192.4547
318.2693,72.7581,79.6824,195.3777
317.8988,83.6208,80.4234,194.8261
315.7581,67.6805,80.4648,197.0266
301.0170,58.3096,80.0397,198.6785
305.5390,57.4739,79.5731,200.3501
318.0274,60.1596,80.4228,203.5875
315.2191,83.9046,81.6733,199.7593
312.5041,81.5729,82.7699,195.7561
307.8715,93.4362,83.4449,193.5047
298.4540,109.6097,85.1823,186.8045
276.5765,91.8787,86.8588,184.3958
282.8190,45.1350,86.9800,189.6388
269.3633,112.8159,92.4886,182.6934
269.1341,120.4722,97.2221,175.9306
253.5686,125.3833,102.8126,170.3652
274.0522,119.3284,100.2664,169.6680
272.7019,128.7317,98.7514,167.7240
269.0059,125.1595,97.8212,166.5460
283.0411,115.0148,94.5183,166.1957
266.6653,130.8722,94.7360,162.9482
266.9631,133.8217,94.1403,161.0715
238.8544,138.6799,98.5608,155.3395
228.7811,141.3591,102.8139,149.9812
237.7982,142.9174,104.5981,146.8645
253.6028,145.2449,100.6111,150.1015
255.2495,139.1010,97.3178,154.5316
269.9466,81.8101,95.5067,158.7803
273.7316,108.7400,91.9102,164.5216
277.0435,105.8765,89.2840,170.2487
280.0925,109.9278,87.2231,174.2574
289.8851,109.2957,83.8793,175.5216
291.2893,108.8240,81.0709,176.4650
298.3129,108.0058,78.9804,178.1013
303.3537,107.0368,76.8439,180.0394
303.8796,108.9379,75.7920,180.2002
307.8506,114.4613,75.7433,180.9933
301.9869,107.5256,75.5991,182.9929
299.8817,103.8155,75.8260,186.4295
299.1215,108.9106,77.3463,188.3508
294.2344,106.4443,78.9366,189.1915
293.8711,106.5189,79.6634,189.0423
289.3566,105.3422,80.4064,191.3956
284.1655,110.3884,82.4082,189.6837
285.9582,103.9645,83.0236,189.9289
283.2019,109.9130,84.3209,190.6776
280.1158,108.3060,86.2442,189.6427
279.2760,111.3234,87.9237,187.8757
280.1561,112.4640,90.4350,185.5945
272.5472,104.6588,92.8071,184.0775
275.0095,110.3192,96.4842,181.3581
267.2718,104.4330,98.9872,180.1581
273.9935,99.2195,102.9409,177.5373
262.8636,109.8808,103.3118,178.1035
271.8945,107.8994,107.2122,177.6738
301.8673,119.4583,109.5941,176.8158
269.0890,105.5687,112.4415,177.7196
298.2789,109.2660,113.0876,179.4060
290.7744,101.3704,114.3673,181.4676
285.5359,98.5441,115.5866,182.4915
281.2291,97.7018,114.8713,184.1761
268.0294,89.9704,113.2046,185.6058
260.9714,94.1811,113.3076,186.5265
264.1834,95.8427,111.5699,187.8897
251.5497,78.7029,108.7727,189.4272
254.8436,75.9594,106.8379,190.2612
251.5184,77.2420,104.2233,192.3285
255.2344,82.8532,101.4097,194.9609
256.3275,82.6161,99.2236,195.4350
256.8865,82.4046,98.1056,195.8581
250.3562,78.1236,97.4715,195.2904
252.4384,82.5389,97.8527,195.5509
250.4703,79.8396,97.2328,196.3935
247.2352,74.8148,94.5877,197.3278
247.9734,74.0199,93.1113,198.9176
251.4027,73.0742,90.7756,200.8091
245.3505,72.9991,89.3517,200.9593
241.6672,73.1647,87.7451,200.6279
250.8101,75.8579,87.2733,199.6951
237.8083,76.5649,86.6869,198.2811
242.4586,77.0465,86.1880,197.3179
234.6725,76.9223,84.2478,197.5664
240.0445,77.4854,82.1988,196.4401
240.5988,77.9706,81.0900,195.4697
245.0488,77.5662,80.7125,196.2784
245.5858,76.7608,79.6383,197.8894
245.9913,76.1161,78.8274,199.1787
248.1100,73.4978,78.8644,200.1411
248.7696,70.8757,77.5450,201.0965
249.3344,68.5894,76.4156,201.3903
251.7688,64.0023,75.8095,202.0388
254.4663,63.2307,74.6757,203.5821
257.0914,62.7169,73.6883,204.6097
257.3730,66.5162,73.1252,205.5305
259.7114,75.6885,72.7108,204.2363
262.0889,77.6693,72.1925,204.5114
266.4169,75.7462,71.9988,204.1263
272.1010,77.4424,73.2970,200.7341
273.7924,78.4691,74.1113,198.6807
275.0253,83.2720,75.8280,197.4398
278.1914,97.5684,77.8870,194.0201
279.3655,108.6823,79.7219,188.5253
281.0054,109.8440,80.5788,186.2018
283.1903,111.1530,80.3270,183.5838
285.3146,112.3682,80.1542,181.1535
291.4672,110.3251,79.9615,181.2022
293.9868,107.4019,78.9572,183.0138
296.2354,105.4267,78.5033,182.9207
297.9802,102.0517,79.0478,185.6368
297.7888,98.7641,79.4306,188.1291
297.7796,94.9052,79.4490,191.7212
297.5239,91.6679,79.9603,194.0180
294.9999,87.9293,80.7882,197.2751
292.6348,86.7266,81.2366,199.6805
290.0626,82.1117,82.0566,200.2613
284.0752,84.9313,85.3364,198.9695
280.7493,85.2108,87.6014,198.4105
266.2243,87.1758,90.1386,198.8993
260.7179,88.8404,92.2103,195.5701
259.7888,92.8742,94.0685,191.9608
258.8759,93.7397,95.8942,190.2298
270.2195,89.1901,95.4283,190.4406
270.1905,86.6168,95.4863,191.1478
270.5969,86.5024,94.6735,191.3767
275.9711,73.6726,92.8050,194.8367
276.2927,72.0907,92.1618,198.0005
276.6087,68.3108,91.5297,201.0674
276.8597,62.7102,91.0277,203.2160
277.0839,59.4547,90.5793,205.1781
274.8314,66.4382,90.5150,204.9191
275.1000,66.2157,89.9778,205.3642
275.3118,66.0627,89.5542,205.6703
275.4608,66.1165,89.2561,205.5627
281.6459,73.3963,90.5408,200.1063
283.3516,78.0152,91.6245,195.3635
287.0609,80.2652,93.0960,190.8635
289.3293,82.5257,92.9641,186.3424
289.1084,84.6643,93.4061,182.0652
291.5705,86.5715,92.7635,178.2509
293.6794,92.3357,92.7602,175.1514
295.7491,93.4560,92.7896,172.9109
295.2353,99.2719,93.8172,169.5521
306.3362,97.7162,92.1376,168.5589
306.5304,99.0003,91.7492,165.9908
307.8044,94.6691,89.2014,166.6200
309.4224,89.0987,85.9654,169.7961
311.0568,88.7362,82.6966,170.5212
312.2734,85.7480,80.2633,172.5703
315.3685,85.9761,77.9878,172.1142
316.2615,87.8481,76.2018,172.2384
316.6781,86.8700,75.3686,174.1946
306.3028,86.6805,76.8577,174.5736
307.9265,84.2599,77.4944,175.5308
313.6855,80.0805,77.7038,176.0713
325.0472,81.3559,78.5045,173.5204
324.6714,82.5777,79.2560,171.0767
322.5288,77.9273,79.6658,172.6269
326.7405,75.8980,79.0527,172.7803
328.1969,76.8458,80.0364,170.8848
330.0193,76.5134,80.2779,171.5495
330.1363,75.6721,80.0440,173.2321
330.1091,75.1375,80.0983,174.3013
330.0776,74.8024,80.1613,174.9716
327.4750,73.6072,81.4187,173.4141
327.0421,74.2173,82.2845,172.1938
326.9388,74.6669,82.4911,171.2946
324.5624,75.3191,83.3088,169.9902
324.2242,76.0964,83.9853,168.4357
321.7168,74.6047,85.0810,167.4999
318.5596,74.9390,87.4710,166.8313
315.5637,75.3640,89.5072,165.9812
314.5074,76.3411,91.6196,164.0271
317.3581,77.9867,89.9036,164.7212
320.1367,77.4569,88.3127,165.7809
329.3783,79.5127,85.6483,165.6239
329.5171,78.5160,85.3709,163.7107
328.2805,79.3517,87.8439,162.0393
327.3862,79.8208,89.6327,161.1011
327.0676,79.6304,90.2699,161.4819
329.9348,78.3936,92.3848,160.0308
329.1642,78.9569,93.9262,158.9042
329.6823,80.1585,96.8385,156.5011
318.6833,81.4836,95.0655,153.8508
319.3104,82.6084,93.8112,151.6012
317.1334,83.6932,94.3274,149.4316
309.6270,85.2220,97.8977,146.3741
307.9586,86.7277,101.2345,143.3627
300.3439,87.6574,104.9510,141.5032
295.9634,91.2701,109.8416,138.1483
293.9685,92.2622,113.8315,136.1642
288.3136,95.4995,117.2753,133.6225
289.5483,91.9777,118.7549,132.7681
289.3802,89.9127,119.0911,132.9385
292.9525,88.0041,115.9140,136.7557
277.8438,90.4789,118.3016,135.7818
281.1631,90.2620,119.6610,136.2156
268.4043,90.0929,121.0138,136.5538
260.0338,91.9311,121.5377,136.9317
261.4582,91.8406,122.7573,137.1127
257.6033,89.0977,122.2855,138.5077
261.1642,88.7822,119.2686,139.1386
264.5292,88.4056,116.6049,139.8920
270.7856,85.4007,112.1624,141.8665
275.6479,76.4653,106.4315,143.7629
279.5059,73.3215,102.6446,146.1214
270.2256,69.7477,97.7896,149.3663
264.9673,68.7215,92.8223,151.4187
268.7480,67.9441,89.0795,152.9736
267.4282,69.0480,84.1621,154.5444
264.4437,70.8499,78.9768,154.6587
266.3409,74.6391,75.1825,154.3416
269.5522,78.7969,72.3201,153.1468
269.3633,78.9167,69.2050,152.9072
270.5181,76.7311,66.8952,153.8433
271.2895,78.0666,65.3525,154.5804
271.6610,76.8370,64.6095,157.0396
271.9336,74.0575,64.0643,159.1847
271.9751,69.7439,63.9813,160.9418
272.6457,71.9459,62.6401,159.9968
273.2571,74.1353,61.4172,159.0391
273.9269,70.3781,60.0777,159.7824
274.3754,63.8924,59.1808,159.2650
274.7871,64.2913,58.3573,158.4673
274.8500,61.9659,58.2314,156.4734
274.5367,66.6762,58.8581,156.9273
274.4180,66.8963,59.0955,156.4871
273.9680,67.2686,59.9954,155.7425
274.9272,78.6295,61.3899,152.8973
274.4797,78.1738,62.2848,150.5118
276.1076,85.0708,62.3074,149.8311
280.5096,84.5228,63.3100,147.6581
280.2581,83.3872,63.8130,146.6741
282.2502,88.7299,66.3286,145.7385
282.5566,82.0372,68.9965,146.0016
282.9285,83.9289,71.5837,145.5491
283.1399,86.1467,74.5304,144.4831
287.1236,87.9236,76.7773,144.3340
288.0132,91.2597,78.4393,144.5442
288.9153,89.4597,80.1077,144.6716
287.5790,89.7086,82.7805,144.1736
286.6336,89.7560,84.6712,144.0789
285.5343,89.4283,86.8699,144.7342
284.8879,89.9476,88.1626,143.6956
284.5005,90.0092,88.9375,143.5724
285.5799,90.5171,90.4148,142.5566
284.9440,91.4086,91.6866,140.7736
284.6025,92.0875,92.3696,139.4158
286.1451,92.5576,92.9157,138.4756
295.6596,92.8975,92.0181,137.7959
296.0393,93.4327,91.2586,136.7255
298.1510,93.0658,90.6077,137.4592
300.5993,93.9257,89.2836,135.7394
302.8675,94.2524,88.2720,135.0861
306.5686,94.7191,87.8659,134.1526
299.9048,91.3291,83.8070,133.9780
303.2420,91.6965,80.5394,133.2432
295.3341,89.9939,76.3095,133.3076
295.8183,85.1266,72.0707,136.5012
296.1557,84.1616,68.1506,138.4313
289.6079,81.1802,65.2170,141.1882
287.4659,85.2253,63.1111,142.6829
287.7558,85.4976,62.5312,142.1384
286.6068,82.3109,61.6676,142.1884
286.9038,82.5024,61.0737,141.8055
287.2050,82.9082,60.4714,140.9938
283.8770,95.0351,60.9100,138.5009
284.2338,77.3350,60.1963,143.0979
285.3944,87.6766,61.0093,141.2200
285.5831,80.1692,60.6319,140.6275
278.1680,81.9410,59.9311,140.1901
278.7212,80.4997,58.8247,139.9851
275.6393,90.2437,58.8587,138.8870
276.1131,98.8855,60.9606,136.8517
276.9859,94.5395,62.2724,136.3717
274.2101,103.6525,64.7505,133.5125
273.0312,99.5764,67.1084,132.4400
267.0137,99.7878,69.8430,132.0170
270.6657,93.1380,68.8209,135.8938
281.6904,93.7339,69.0337,137.8823
283.3309,91.3622,68.9659,139.4126
284.6386,99.2214,69.5848,139.8659
294.7738,96.6464,72.0761,141.7642
293.4508,94.1441,74.7220,143.4461
294.2708,85.7344,76.4750,146.6942
294.6770,86.1305,75.6627,149.3727
295.0622,82.8876,74.8921,152.3626
293.0605,91.3970,75.3692,152.9760
296.0421,97.0875,76.4932,148.6823
295.2893,100.4209,77.9988,145.5159
295.0198,98.6168,78.5378,145.6445
298.5391,98.1010,78.4807,143.1854
298.6345,97.4369,78.2899,141.0601
298.0992,97.8818,79.3604,140.1704
307.0031,106.8335,78.6719,139.3863
307.3796,107.7049,77.9189,137.6434
309.6925,105.1209,76.6551,139.4495
313.3255,103.8771,76.1233,141.9371
314.9921,102.9202,76.1849,143.8509
317.3513,105.8000,78.3143,144.9391
326.8586,119.6990,80.1584,141.4762
326.4208,119.2388,81.0339,138.9398
329.8550,117.7232,81.0335,138.5370
326.7993,119.6547,83.7169,138.1022
327.8890,119.5066,85.0043,138.3983
327.0414,119.4663,86.6996,138.4789
327.3178,121.9910,86.1467,136.9521
327.2711,124.2806,86.2401,135.8635
330.1696,123.4761,83.9190,137.4725
327.7531,126.3320,81.8303,135.2214
329.3593,126.2806,78.6177,135.3244
330.3242,128.5600,76.6881,134.1050
334.8771,129.5917,74.1595,132.0416
337.3536,130.2584,72.4217,130.7081
335.6339,132.6704,72.6953,129.0500
326.2266,132.6882,75.7801,125.8683
325.1225,131.7326,77.9882,124.6286
320.9324,132.0449,80.0293,124.0040
316.3945,132.0667,82.7162,123.9604
313.8582,132.1884,84.5504,123.7171
311.3586,131.5323,86.2843,125.0293
310.7797,128.2275,87.4420,128.3250
310.1191,127.0167,88.7632,130.7467
309.0487,126.1716,90.9041,132.4368
301.8465,119.7288,91.3007,134.8167
299.7898,117.0483,91.8697,136.6333
287.1879,115.3057,92.0053,136.5372
284.6187,114.3500,89.9797,138.4487
280.2021,112.0076,88.0821,139.5566
276.7899,113.7972,87.7827,139.5391
269.6403,114.3871,87.8554,138.3593
275.7094,114.1024,86.3379,138.9288
273.5818,114.5125,87.0696,138.1085
273.4232,115.2293,87.3870,140.1982
273.4396,114.4114,87.3540,141.8340
270.1339,116.5105,90.3818,141.2195
257.9883,117.2863,92.9216,139.6679
256.9225,120.0340,95.0532,137.8168
258.7991,119.1868,94.9518,135.8595
261.7243,119.4116,92.7220,135.4098
262.4677,121.8023,91.2351,134.2053
264.8741,121.9606,89.9563,133.8887
266.6330,118.7698,86.4386,133.2541
268.0760,119.1634,83.5525,132.4669
268.0002,116.4338,80.3242,134.5460
264.2691,106.6121,77.7162,137.4058
265.5783,105.9674,75.0977,138.6953
266.4860,105.3506,73.2824,139.9287
267.4001,103.3228,71.4540,140.6680
268.5565,101.0192,69.1414,141.9794
270.5423,96.5460,68.4446,144.3760
272.2602,97.0502,68.3067,146.6654
272.1096,96.2297,68.6077,148.3064
274.3951,93.9464,70.7526,149.5152
282.1641,98.6709,72.2790,150.3049
281.6836,98.4575,73.2400,150.7316
285.0165,97.8495,73.5220,151.9476
287.1731,105.4276,72.7054,150.7777
287.2232,106.5620,72.6053,148.5091
288.0411,118.2292,74.3998,145.7573
289.0192,121.1313,75.8649,143.3743
288.1175,122.3699,77.6683,140.8972
288.6643,125.4606,79.9803,138.1214
278.6111,126.2497,83.0667,136.5433
279.2239,128.7349,85.2738,135.0055
279.0627,132.7260,89.0430,133.9169
274.5931,135.3105,94.4888,132.2414
272.4489,135.4121,98.7772,132.0380
266.4467,135.7077,103.5306,131.4469
259.8857,136.2035,109.2650,130.4553
257.2275,136.6134,114.5813,129.6355
252.8701,132.9270,119.4521,129.3200
234.1159,120.5718,121.7083,130.5290
238.9007,124.3654,124.0537,130.8851
233.4333,120.7224,122.9451,134.1567
223.9622,119.2917,117.6001,137.0181
228.1236,118.2216,113.2841,139.1582
231.9312,117.1353,109.6391,141.3310
261.0831,121.6087,110.5012,140.2730
259.1494,119.7783,110.4265,139.9914
259.7036,118.1576,109.3181,143.2329
256.2072,115.3503,108.3746,144.8792
254.7589,110.7908,107.2931,146.0426
253.8131,109.8169,105.2068,147.9902
249.4953,112.2858,105.8964,147.0256
244.0584,111.5093,104.8606,148.5787
247.4879,111.4844,105.9543,148.6283
252.6634,115.3214,107.5884,144.9496
252.5986,115.3161,107.7181,144.9601
252.8236,114.7139,107.2681,146.1644
253.5558,112.7709,105.8036,146.0712
254.3698,112.5905,104.1757,146.4320
255.2463,113.9986,102.4227,147.5484
257.1170,113.2596,98.6813,149.0262
258.6094,110.6723,95.6964,150.3202
262.3993,108.8613,91.9669,153.9422
268.4931,104.6331,87.4628,158.5568
270.2673,102.5796,83.9144,162.6640
271.7766,98.0946,80.8958,167.8005
273.0925,95.0893,78.2640,169.9550
274.2703,94.4220,75.9084,171.2896
276.6758,91.9619,74.9172,172.3900
276.6274,89.9404,75.0139,172.6147
276.8371,87.3751,74.5946,173.9222
279.1882,86.6202,73.7271,175.4319
282.1193,83.5561,71.7060,177.7189
284.5992,85.1689,70.5843,178.3316
286.5739,86.6426,70.4621,179.2112
293.6052,95.8451,71.7494,179.9938
294.5679,96.8888,73.6957,177.9064
294.9038,99.2478,76.9003,177.0646
298.4499,102.4901,77.6499,174.5010
298.2561,102.9673,78.0376,173.5466
297.8859,105.3758,78.7779,172.6195
301.5835,112.3740,79.1616,170.2914
301.4593,113.4362,79.4101,168.1671
302.5010,116.0423,81.1623,166.7905
299.8977,120.6266,82.5229,165.3141
297.2545,121.4382,83.9610,163.6910
293.8513,128.4036,86.9183,161.3077
280.7076,119.5906,86.1512,163.4738
280.8513,118.9436,85.8637,164.7679
271.3473,118.1445,85.3830,166.3660
269.1222,106.0485,82.0074,167.0806
270.0689,106.0821,80.1138,167.0132
271.8290,104.0960,76.5937,167.1543
271.2774,105.5283,73.9252,168.0615
271.4198,104.1051,73.6405,170.9079
271.5196,102.8809,73.4408,173.3564
269.1685,105.1980,74.3368,176.3343
268.5488,109.0908,75.5764,176.2788
257.0157,117.6157,79.2118,174.7737
263.7258,111.4008,81.5050,175.4183
269.1100,116.0060,82.6703,174.1636
233.8670,131.5512,89.4770,170.9329
220.2395,135.0445,96.4796,167.9969
219.0304,145.9791,103.0246,162.6346
218.4425,138.8213,108.3575,160.3214
242.6631,125.9353,110.4524,160.8253
252.7860,125.7640,107.2211,161.1681
258.7339,127.4461,103.7356,162.0091
251.2538,125.6790,102.0571,161.3835
232.9602,134.9609,101.5435,159.3088
231.3757,136.0305,100.6299,157.1697
234.7117,133.9856,97.9933,157.2240
241.2199,132.0944,92.9610,157.0144
240.8798,134.6644,89.7370,155.7787
236.0633,134.4058,87.8763,156.2958
225.1912,115.9516,82.9693,162.7458
227.1440,110.8521,79.0638,169.1267
226.6461,101.9889,76.2158,175.3222
274.1105,106.7667,74.4934,177.4172
278.7200,106.3384,73.0414,178.2738
278.6591,103.3871,73.1631,180.3064
276.7043,101.2377,73.1713,180.7039
248.8163,106.8327,74.2445,181.2358
249.8336,105.8710,76.1440,183.1593
247.3146,119.4347,81.1819,180.0057
247.5860,115.8393,84.6780,179.1185
257.9727,102.4722,88.4278,181.3297
260.5891,92.0303,91.5643,185.4747
258.9584,92.4067,94.8257,189.0217
256.6796,91.7580,99.3834,190.3190
260.8920,100.6763,104.4757,190.5053
258.5097,105.6522,109.2403,189.7450
258.4063,113.9622,114.1127,187.1215
268.6891,104.4292,117.0914,187.3521
265.0258,104.3125,119.6556,187.5854
267.0987,104.1678,120.3187,187.8748
270.4641,104.9560,118.4121,186.2984
274.3412,102.5007,115.4267,186.4403
275.9129,101.6879,112.2832,188.0659
270.1900,95.3292,109.6527,191.3990
273.7942,88.8350,107.1413,194.9934
274.7953,86.3857,105.1391,199.8919
275.6343,98.0086,103.4612,200.3729
274.4846,94.9767,101.0370,201.7131
282.6113,95.0111,98.8877,201.6443
276.4492,97.7651,97.2226,200.7995
288.6720,100.6600,95.8862,199.6315
298.3566,98.0166,94.8433,200.3366
278.0599,100.5884,94.2734,199.7667
290.2667,102.8383,92.6370,199.8224
283.6837,105.4504,92.2201,199.1260
271.9085,103.7261,93.2192,198.0643
269.0804,101.6986,94.3632,197.6071
275.5498,98.8177,95.0008,198.8434
278.7810,91.6926,93.0932,199.4296
279.7357,91.4179,91.1839,199.9790
275.8464,88.8176,89.9534,200.6751
292.2184,81.1986,88.6606,202.4341
293.1986,80.5992,86.7002,203.6328
295.6070,78.3181,86.3618,203.7164
299.4547,68.0871,87.6140,201.8098
300.9269,62.6025,89.1378,199.3742
302.0702,78.1482,91.3111,195.0416
289.4049,86.9505,94.4671,190.7419
292.4000,88.2151,97.3310,188.2126
285.5931,85.9130,97.6264,188.3773
273.1614,83.6020,95.8081,188.5524
274.1166,80.7212,93.8977,189.8957
266.2448,56.5635,92.0221,194.1632
256.9417,50.5677,92.8903,197.2858
256.2264,52.2576,94.3208,198.4012
2
0
0
0
0
1
375.3055,84.0854,87.6868,186.8037
378.1328,86.8590,86.2838,185.5081
387.3712,84.7286,84.6401,185.5608
401.0935,80.0404,82.2771,186.5765
401.8016,82.7253,80.8608,185.3603
404.5462,84.5789,79.4826,185.7640
406.9230,95.4299,78.8215,184.5241
407.4114,91.6047,77.8446,184.0489
406.3539,97.0985,79.9597,181.1386
402.0787,100.9833,84.4762,177.4030
400.2051,102.3691,88.2234,174.6312
396.2578,103.7097,92.0347,171.9500
392.8828,106.6133,94.6755,170.2522
392.2324,106.7119,95.9763,170.0551
391.9701,108.7901,96.5008,170.0473
380.1602,103.6630,91.0183,171.9866
382.6103,103.2029,86.1182,172.9067
383.2298,98.3667,80.8578,174.5362
383.5620,85.7703,76.2395,176.0067
383.4727,84.9195,72.5244,177.7081
385.0228,76.3405,69.4241,179.4556
383.4098,51.1698,68.8277,180.1057
395.9879,101.6286,66.5977,182.3561
383.1674,60.9631,65.5469,183.6119
386.2829,71.7531,63.1279,184.9042
386.8430,68.8867,62.0078,186.8505
389.3087,74.0961,60.8700,187.8129
389.6444,83.4199,60.1988,188.0981
389.8881,86.0294,59.7112,186.6572
389.5992,90.7264,60.2891,184.7611
389.0168,99.2966,61.4538,182.5508
388.6637,95.8783,62.1601,181.9424
386.2320,96.2650,63.2969,181.1691
386.3183,96.6626,63.1243,180.3739
386.5056,97.0914,62.7496,179.5163
385.2277,93.2021,61.6027,179.8894
380.7418,86.5304,59.5130,182.1711
381.3835,91.5697,58.2295,183.1370
381.8869,88.8789,57.2226,184.8470
381.6195,87.7206,57.7574,183.4862
381.4602,84.6069,58.0761,182.3779
379.1323,93.5854,59.0739,182.7110
374.5786,106.6586,60.8190,182.3322
374.5028,104.4650,60.9707,183.0117
374.4387,100.9245,61.0990,182.6523
376.1971,104.4953,61.2995,182.9454
375.9384,107.0340,61.8168,181.5933
376.1171,110.3531,61.4595,182.3859
376.6545,109.7358,64.1048,179.9002
375.4969,108.8148,66.4201,178.0094
374.6526,109.7691,68.1087,176.1009
371.5988,105.8173,66.7150,176.5031
372.0265,103.6628,65.8597,177.0807
368.2604,104.1149,65.9433,176.1767
366.5362,99.7391,65.6788,177.5026
364.9276,97.1314,65.1691,178.9909
362.9966,95.2017,65.2919,179.1112
363.4482,95.4609,64.3886,178.5929
363.6083,95.5172,64.0685,178.4802
361.5837,97.4956,64.4057,178.2353
358.5810,100.8070,66.6967,175.3270
355.4235,102.3788,69.2975,172.1834
350.4628,106.0367,71.7878,168.5833
349.3141,110.6083,70.3774,166.8556
348.0411,111.8891,69.2654,164.2941
346.6820,113.4838,68.3824,161.1048
334.1364,118.7771,68.6976,157.5969
336.3686,120.3484,67.7273,154.4545
336.4894,123.4156,67.4856,151.7518
326.5074,126.9127,67.1206,148.1456
326.9474,129.7909,66.2405,145.7187
325.1508,132.8436,66.5549,142.8920
319.8279,134.4178,67.4714,139.7437
319.7243,133.3166,67.6785,138.7329
316.2442,133.8593,68.2346,137.6475
307.6113,133.5452,66.3254,138.2757
307.7469,131.9796,66.0543,138.2349
305.6161,136.4090,63.9827,138.8757
301.9064,135.1678,61.9830,141.3582
302.7230,136.4632,60.3498,141.9080
303.7479,130.6287,58.2999,144.2177
294.4718,131.5225,58.1520,145.5469
296.2249,129.1461,57.7791,147.1665
294.3026,139.2337,58.4739,145.8902
292.8138,146.6230,58.3076,143.6870
292.9402,150.5247,58.0547,142.1019
293.5467,147.0590,56.8419,142.8698
294.1187,143.3943,55.6979,144.0566
294.3435,143.3248,55.2481,144.1957
295.9042,140.0558,55.1885,144.6102
300.7769,145.8105,54.6432,145.3672
299.1008,142.3992,54.9276,146.0544
304.0361,120.4291,57.3877,146.8373
307.6098,145.8330,56.5163,146.2386
309.6460,143.7866,55.5578,147.2177
314.6855,117.2536,54.8109,153.6234
318.1167,119.4729,54.3263,158.7513
318.1253,122.1719,54.3090,163.1132
318.3090,112.8495,53.9417,168.4977
317.3573,115.0487,55.8451,170.8691
316.6910,117.2494,57.1777,173.3746
317.0476,109.8997,59.9780,174.0198
309.5533,137.7272,64.2449,171.9735
312.2594,141.5607,66.0766,171.5506
