1
661.5183,130.0868,32.0158,69.1199
660.1700,128.9167,32.2197,69.9613
658.0066,132.7841,32.2747,70.4418
657.1459,138.9556,32.4771,71.0230
657.1728,141.9801,32.5671,70.9827
656.3014,139.4039,33.0263,70.4537
656.7657,138.4163,33.1143,70.2594
655.5805,138.4720,32.7875,70.1233
653.6832,142.3590,32.6222,69.8581
653.0438,146.9647,32.4194,69.7880
652.1668,149.9723,32.2242,69.7892
651.5342,146.5844,32.2439,69.6573
650.4514,142.0062,31.6854,69.9313
646.8663,135.4917,31.3624,69.9693
640.4440,134.4418,31.3959,69.9118
634.1649,139.7857,31.2397,69.5097
631.3592,146.9754,31.2480,69.0139
629.5179,155.3009,31.6871,68.2529
627.9137,162.4867,33.0628,66.6298
627.1409,160.9497,33.1159,66.0740
626.4727,159.1811,33.2792,65.4400
630.1038,158.5636,33.7207,63.3271
633.7509,157.8339,33.1622,63.2249
633.7186,156.3218,32.9668,62.0225
635.8469,153.8937,32.9646,61.1048
637.1049,152.2643,32.8155,60.5016
637.0006,144.2531,32.1827,61.0642
637.3098,137.1066,32.0064,60.9323
636.5201,138.2126,31.6800,60.2666
638.7339,143.5400,31.7568,60.0465
639.6832,150.0204,32.3106,59.9004
639.4888,147.2369,32.2163,59.4186
639.2896,153.2547,32.0113,59.1790
641.6693,164.1980,31.5170,59.6615
641.0335,171.5527,31.4190,59.2140
639.8835,158.5063,30.7335,59.2626
639.3333,150.5423,30.7862,58.3260
639.5491,144.7074,31.1784,58.3744
639.5173,137.6722,31.3189,58.7867
639.5095,136.6398,31.3724,58.6422
639.6747,137.9021,30.5499,58.4017
638.6391,132.3477,29.3814,58.5246
638.2734,128.3738,28.4667,58.9439
637.4609,130.9429,28.2659,58.5210
640.0590,135.2019,27.7352,58.7658
638.7378,138.2576,27.1900,59.0227
640.0092,139.8418,26.9714,59.3660
642.6135,140.6243,26.6835,59.1180
643.3011,138.6062,26.7090,58.9784
642.4265,138.6290,26.8022,59.2196
646.3276,143.6945,26.6332,58.1299
645.6924,145.6437,26.4661,58.0865
644.9703,145.9720,26.8305,57.7772
648.5711,145.1325,26.0963,57.3795
647.4683,145.0238,25.4857,57.5230
647.4615,149.5778,25.3593,57.0483
646.3065,154.1176,25.3904,57.2209
645.3112,156.0305,25.3457,57.3333
648.6896,159.7682,25.0020,57.7976
650.8093,160.9295,24.6929,57.2469
649.9155,158.1150,24.9213,57.9457
648.9268,157.4341,25.2620,58.3140
648.2951,157.0717,25.2799,58.8018
649.6149,156.8777,25.0492,59.0719
651.2870,155.6915,24.7708,59.2891
653.6047,157.5774,24.8337,58.4831
656.5106,157.9295,24.8261,58.7395
659.6103,161.6136,25.1468,58.3777
660.9686,158.0675,25.5507,58.8462
662.4531,152.0196,25.5791,58.7250
663.9886,146.9148,25.5602,58.6519
665.7053,142.2682,25.3322,58.6043
665.9247,144.8670,25.5875,57.9255
663.1259,143.1642,25.8692,57.3927
662.0598,133.1261,26.2325,57.8178
660.6305,135.5104,26.7823,58.0473
662.3036,142.5149,26.8114,58.4022
664.5359,152.3265,27.0926,59.5662
665.9902,163.7772,28.3509,59.5893
666.6472,169.0363,30.0716,57.9906
668.1358,171.1271,30.4231,57.6424
660.5602,167.5921,32.9912,54.7224
658.2034,167.5306,34.1443,53.9063
660.3475,165.4502,34.0264,53.9171
665.1303,162.2263,34.7498,54.1342
664.2725,152.7118,34.8476,55.3876
663.9874,149.7606,34.7041,56.6119
660.7670,149.0505,33.4289,57.2461
656.8820,150.2397,33.6564,56.0051
653.9896,154.3874,32.0095,57.1778
652.1727,157.2479,30.0964,59.1166
649.8424,158.5624,29.4290,59.3037
649.1326,162.6467,30.1339,59.0312
648.7765,164.4474,30.4495,58.9274
649.0188,162.6942,30.6728,58.9391
647.4468,164.7958,30.6404,58.3693
646.9178,162.0112,30.8532,58.7901
647.1599,161.6804,31.3312,58.9553
647.4625,161.3363,31.1985,59.7714
647.0670,162.0509,31.0927,59.5804
646.6679,162.0529,31.5703,59.6901
646.4442,161.8634,31.4890,59.6298
645.3102,160.1081,31.2268,59.5820
644.3550,159.5742,30.6356,60.2846
643.6011,160.5286,30.0948,61.3774
642.2233,159.3800,30.1008,61.5426
641.8462,156.1884,30.7419,62.9211
644.6457,156.1191,30.3820,63.5561
645.8728,162.8265,30.1641,63.1083
647.8130,161.7228,29.9151,63.5959
646.7180,156.7321,30.1795,63.5194
648.1901,159.5702,30.0376,63.5351
647.0372,161.8695,30.0243,64.2026
644.6673,166.9475,30.0640,63.9268
644.9992,171.4229,29.9358,63.4863
644.4049,169.4810,29.4334,62.5955
642.8647,167.2996,28.9329,61.8223
643.2047,171.0272,28.7704,61.7147
642.5550,169.8264,28.9665,60.8016
641.7403,166.3914,29.3119,61.2591
642.7382,166.8544,29.4652,60.7864
641.9447,166.2073,29.6922,61.1988
641.5380,164.1290,29.7900,61.4400
640.4241,161.3657,29.8943,61.7260
641.1229,160.7185,29.9271,61.8252
640.4162,160.6077,30.1010,62.1913
639.8985,160.7374,30.2504,62.6912
639.4151,160.8839,30.3917,62.9518
640.6279,164.4690,30.5556,62.7711
639.2239,162.5174,30.7268,63.3045
638.6537,163.6832,30.5161,63.8659
637.5054,161.8707,30.8445,64.5312
638.6168,158.7609,30.8025,64.9807
638.5021,157.0598,30.9817,65.0727
641.3770,151.0168,30.8141,65.4946
643.5601,147.4071,30.6358,65.5119
643.1988,142.0880,30.9990,65.9797
642.9521,141.4039,31.1479,66.3053
643.4097,142.2618,30.9615,66.5483
642.0394,143.3159,30.8755,66.1292
642.8087,144.9733,30.9848,66.4675
642.9755,148.3627,31.1343,67.0612
644.0766,151.4056,31.2488,67.6520
644.8599,153.2740,31.1232,67.3951
644.9198,154.6999,30.9920,67.1382
643.5587,154.0319,31.2179,68.0064
643.4609,153.9359,31.3957,68.9479
642.2411,154.7792,31.5429,69.1960
641.0056,155.8779,31.7174,69.8940
641.9746,160.4077,31.9939,70.5614
642.8204,161.4199,32.4651,71.8535
642.3370,161.9694,32.9023,72.5009
645.5476,163.7855,33.4283,72.1096
644.6589,166.7063,33.5612,72.4826
645.4743,167.3587,34.0277,72.3095
644.9016,167.4184,34.4860,71.7741
646.0419,167.9583,34.9649,71.9409
645.9664,163.3897,35.3645,72.7859
647.6393,165.0573,35.3347,73.5401
648.0943,162.8202,35.5925,74.2898
646.0825,160.5641,36.0317,74.7003
645.8050,158.0294,36.2746,73.7636
646.5869,161.0707,36.2338,73.7895
645.1140,162.1498,35.9484,74.5932
644.5963,161.4629,36.0222,74.4105
644.3821,158.5924,36.2157,74.5102
644.2244,157.9947,36.3350,74.8273
643.3406,157.9922,36.7695,75.4916
646.2859,158.3006,36.9097,76.5204
647.1427,157.5238,37.5350,75.6919
647.1641,156.9933,37.9235,75.2555
647.3315,160.5286,37.7846,75.1263
646.7677,160.3127,37.7171,74.9357
646.8337,157.3685,38.3031,76.1987
647.1587,156.5841,39.3034,77.5111
651.2341,157.5484,38.9005,78.2191
650.4565,157.3617,39.2184,78.8099
649.7915,161.9187,39.1308,78.7186
649.0417,154.3368,39.6675,80.1141
648.6084,155.8789,39.7855,81.2292
649.9550,159.9295,39.9548,81.3294
651.0131,159.1110,40.3335,81.8257
650.4648,157.0249,40.3748,81.6618
650.7155,151.9729,40.3356,82.5840
651.0464,152.0079,40.1918,84.2431
651.6632,148.1469,40.2332,86.0923
652.7404,146.2080,41.1152,88.0760
658.4724,145.2197,40.5694,90.2748
658.2970,140.5872,41.2681,91.5489
659.0332,139.1637,41.8244,93.0013
