1
275.5406,68.5940,22.1824,62.7001
276.4426,69.2480,22.9745,62.6901
276.2716,67.1220,23.3165,63.0051
275.0035,68.2006,24.5296,62.1709
273.8070,69.3274,25.5900,61.2501
273.0143,69.9746,25.8368,61.2942
272.9532,68.0598,25.9592,61.0934
272.7039,68.8696,26.4578,60.8166
272.3077,68.8279,27.2501,60.9001
272.2298,68.8143,27.4060,60.9272
273.5465,69.3361,27.5041,61.2494
273.5967,69.0148,27.4037,61.8919
273.3297,67.6830,27.9377,61.7960
275.6183,68.1925,27.5237,62.1647
274.3852,66.6525,27.2184,62.4731
271.7893,67.7165,28.2553,61.7301
272.7341,69.2470,27.7581,61.4537
272.2176,69.3315,27.4115,61.2847
272.5176,67.9967,26.8115,61.2121
272.4804,68.1791,26.8858,60.8474
272.1975,68.3320,27.4517,60.5417
273.7115,68.1695,27.1456,60.8667
274.6396,67.8414,26.6497,61.5229
274.5957,67.6615,26.7376,61.8827
274.4176,66.4464,27.0938,61.5770
274.9904,66.5476,27.3181,61.3747
274.6289,64.7772,26.6703,62.1739
274.4916,64.8257,26.9449,62.0769
273.4790,65.3812,27.5957,62.3403
273.5571,65.8178,27.4394,62.8567
273.6459,65.2063,27.2618,62.6853
273.4263,64.6367,27.7011,62.4359
272.6694,64.8715,27.8220,61.9663
272.8372,64.2680,27.4864,61.7851
274.5184,64.8639,26.8834,61.9728
274.4623,65.0647,26.9955,61.5713
277.1777,65.7896,27.0365,61.4895
276.5277,64.9920,26.9689,61.7171
274.5394,65.0539,26.8369,61.5934
275.1174,66.0508,27.0464,60.9651
274.3783,64.9407,27.1646,61.8252
273.9792,65.2759,26.5882,62.5294
274.0189,65.0348,26.5086,63.0116
271.6458,64.6405,27.1145,62.4200
271.4113,65.0358,27.5834,61.6294
272.8246,66.4099,27.5150,61.6394
273.7143,66.6326,27.1138,62.5721
273.3439,66.6348,27.8545,62.5676
273.0667,65.8487,28.4089,62.7423
272.9987,64.5061,28.5449,62.6081
271.9508,65.7383,29.2305,61.5538
271.8017,66.1187,29.5287,60.7930
270.5155,65.6839,29.2993,61.6626
270.9211,65.8199,28.4880,62.8003
270.9721,65.1653,28.3861,62.6975
270.5508,64.8569,29.2288,61.9055
270.0297,64.0390,30.2709,60.7175
269.6440,64.2372,31.0423,60.3211
269.8183,65.5283,30.6936,61.9995
270.4971,65.9321,30.7749,62.6307
270.6212,65.8341,30.5266,62.8267
270.9652,65.9563,29.8385,62.5823
271.2460,66.3850,29.2770,61.7249
271.0549,66.5210,29.6592,61.4529
270.4242,65.8483,29.5077,62.7982
269.1109,65.3640,29.2748,63.7669
268.7512,65.5937,29.9942,63.3075
268.0247,65.4966,31.4473,62.0560
267.6074,66.0104,32.2818,61.0284
267.7194,66.4320,32.0578,61.6371
268.8139,65.5647,31.3258,63.3716
268.4451,66.4494,32.0634,63.0721
267.5764,65.7396,32.3225,63.0134
268.1031,65.0751,32.7509,62.8608
267.2684,65.4501,32.9335,62.1107
266.6067,65.4437,32.7778,63.6026
266.4846,66.5265,33.0222,64.4335
265.6980,66.3360,33.0806,64.8145
264.9254,66.6661,33.1045,64.1543
264.6300,65.4736,33.6954,62.0033
264.5130,65.1952,33.9294,61.0696
264.6393,65.2215,33.6766,62.4977
264.7534,65.2260,33.4485,63.9862
264.5064,64.2490,33.9426,62.9092
263.6121,63.9692,34.2232,63.4689
263.3603,63.8224,34.7267,63.7624
263.3047,64.1590,34.8380,64.6234
263.2591,64.4016,34.9290,65.6868
262.7282,65.1948,34.4249,67.2322
262.6663,64.1505,34.5489,67.7409
261.8619,64.2913,34.5680,67.4592
261.7112,64.5364,34.8694,65.3834
261.2448,66.3917,35.8022,63.2331
262.0354,69.0427,35.7656,62.5649
263.1022,72.0887,35.1662,64.1432
263.8192,72.0532,33.7320,65.7614
264.1717,72.1968,33.0271,67.0205
265.0921,75.6584,32.7390,67.8606
265.4543,73.8147,32.0145,68.4283
265.2999,73.7602,32.3234,68.5373
265.0910,74.6527,32.7412,68.3147
264.3477,75.4664,32.6612,68.2540
263.1977,74.3277,33.3969,65.8384
262.6019,74.4937,33.0466,65.5064
262.7977,73.5868,32.6552,65.7893
262.9419,74.7901,32.3667,67.9674
262.2709,70.8548,32.1537,69.6180
262.1420,68.0683,32.4115,70.4651
261.2856,68.1888,32.5322,70.2241
260.6764,68.1758,32.1599,70.2501
260.2051,66.5455,33.1025,70.3414
260.0516,67.7963,33.4093,71.0447
261.0888,68.3811,32.9530,71.4931
261.1292,69.1553,32.8722,71.5613
261.3350,68.3595,32.4606,71.5367
261.1358,67.5265,32.8591,71.5942
261.7465,68.6578,33.2541,72.5643
264.7221,70.4582,33.8526,72.2385
264.2328,67.8250,34.8311,72.5752
263.9459,67.3250,35.4051,71.9102
265.4717,65.8564,35.6841,73.1819
268.8479,66.7709,35.6871,73.0419
268.6733,67.6416,36.0361,74.6740
269.5996,68.4489,35.9003,74.7761
270.6583,66.3357,35.4988,75.5708
271.9272,65.7431,34.6813,76.7560
273.0142,63.1035,34.2308,76.8653
273.0819,64.8685,34.0952,76.7693
272.8387,66.8619,34.5818,76.2090
273.5849,67.3851,34.8030,76.8763
274.0114,67.2245,35.6772,77.1975
273.9765,66.8353,35.7471,77.9758
274.0056,66.7766,35.6888,78.0932
274.6998,71.1492,36.0609,78.1504
274.5999,68.5644,36.2607,78.0166
275.6851,67.6240,35.8597,78.1279
275.5604,63.7015,36.1090,77.1533
275.4100,62.8240,36.4098,77.1541
275.3457,62.5089,36.5385,77.7842
276.2961,65.8526,36.4086,78.1801
276.8540,67.5470,37.0670,78.3399
277.4122,66.4558,37.7387,78.7343
276.8757,65.8442,38.8117,78.1518
276.7437,65.4438,39.0759,78.9526
276.8558,67.4000,38.8515,78.7043
277.0131,68.5027,38.5369,78.3234
277.5321,69.0520,39.3124,77.2246
278.4856,69.1668,39.2163,76.9952
278.4921,69.2891,39.2032,76.7505
278.5864,69.8853,39.0146,75.5581
278.6320,71.0751,38.9233,74.9597
278.8146,72.6301,38.5582,75.3914
279.6970,68.0761,38.5642,75.6450
280.2823,67.1631,39.1685,75.6962
279.9073,65.4440,39.9183,75.5626
280.5952,65.2638,40.3395,75.9232
281.2440,66.3475,40.8513,75.5651
282.3213,64.4350,40.5093,75.7645
282.7586,61.9126,39.6348,75.3794
283.8124,56.9415,39.3165,76.3754
283.4017,58.5010,40.1379,75.0547
282.0849,59.5039,40.9784,73.0489
281.7694,59.5712,41.6093,72.9145
282.3272,56.6156,42.2803,73.4657
284.8290,56.8294,42.6952,73.0382
284.3073,57.3216,41.9317,73.8605
284.6494,56.7429,41.2475,73.2119
285.0004,56.3488,40.5456,72.2152
285.2281,56.9627,40.0901,72.7457
285.0393,56.4447,40.4678,73.7817
286.2141,56.5420,39.8982,75.3670
285.6983,56.9518,39.1361,76.3410
285.5966,56.8523,39.3396,74.7452
284.3060,57.9086,40.1459,72.6327
285.8768,57.5094,38.7617,75.1885
285.1097,56.1945,40.2961,74.2754
286.0725,56.2999,40.1548,74.0648
287.0884,55.8613,39.9017,74.9420
287.3203,55.0744,39.4380,74.7282
287.7083,55.2147,38.6619,74.4478
288.6810,56.9144,38.4753,76.3249
292.7344,57.4837,37.5012,76.9693
291.9179,56.8488,37.3584,76.4635
291.4457,56.8979,36.5371,76.3653
291.3287,56.9662,36.7710,74.4785
290.6435,57.6184,36.4148,73.1741
290.2123,58.5173,35.5759,73.0777
290.6681,58.0811,34.6642,75.6355
291.1429,55.8489,35.4215,74.9796
290.5782,55.1332,36.5509,74.7004
291.4007,55.3142,36.6319,74.3384
292.7087,57.4342,35.7380,73.5429
292.5676,57.8181,36.0202,72.7751
292.4749,60.1080,36.2057,71.5725
292.4979,58.0470,36.1596,70.6717
292.7548,57.7475,35.6459,71.2707
292.8471,58.3795,35.4611,71.6670
292.0371,58.6836,35.4185,71.0586
291.7094,59.6690,34.4206,72.3942
292.9745,59.6880,33.5459,74.0117
293.8233,56.4087,33.5118,73.9159
293.9578,56.2580,33.2428,75.8788
293.9625,56.6829,33.2333,76.7143
293.9463,57.7437,33.2658,76.2901
293.6831,59.0812,33.7922,75.3067
293.6544,58.4204,33.8496,74.9416
293.4698,57.5376,34.2187,73.3423
294.0781,56.7687,33.0023,74.8803
295.0855,56.1021,32.6540,74.5468
294.6832,57.7170,33.4586,72.9726
293.9954,58.2542,33.1873,73.5452
294.6832,58.1608,31.8116,77.0331
295.8758,56.6633,31.1031,78.3514
296.1588,56.1882,30.5372,80.9847
296.8177,56.3240,30.9300,82.4237
296.0119,55.6050,32.5418,80.3849
296.6956,56.3332,32.9124,78.9285
298.0838,56.0148,31.8595,81.2889
297.5277,55.3182,32.9718,79.2043
296.3350,56.1266,33.6285,77.5876
296.2191,54.9448,33.8604,76.5174
296.5982,55.4608,33.1021,77.1909
296.9617,56.9702,32.3752,77.5758
296.6024,57.3909,33.0938,78.4289
296.6156,53.2847,34.7870,78.0434
295.9968,54.1229,36.0245,79.8547
296.6186,51.6739,36.5728,81.1689
300.0469,53.1091,35.1782,81.9397
300.3831,54.2354,34.5058,81.4944
300.3988,54.8083,34.4744,83.9264
301.1443,51.3828,34.8068,85.3069
301.2540,49.3345,34.5875,85.7050
300.8430,51.2719,35.4095,83.6812
301.1992,52.8595,34.6971,84.1792
302.8531,54.3058,33.2203,86.7798
303.4352,56.6089,35.7402,87.6998
300.3266,57.3007,38.1568,86.3163
299.1854,57.5321,40.4392,85.8534
301.2782,52.6972,40.1665,85.7410
303.1843,53.6312,38.3042,85.8230
304.2025,55.6530,38.1865,85.6168
302.3986,60.3245,39.8808,85.8416
302.0044,69.4884,40.6691,88.9256
304.7907,51.8381,39.1069,90.1381
303.9902,53.6895,40.7078,86.4352
304.7263,52.5532,39.2358,84.7687
308.6911,58.4745,37.0649,86.3635
308.7023,61.3934,37.0427,88.1440
307.6862,62.1593,37.1447,90.4721
307.2790,60.5522,37.9592,91.7210
306.6231,63.1790,39.2710,90.4632
306.5242,59.0953,39.4689,88.6161
305.9180,57.7835,40.6812,87.2804
305.7581,58.1867,41.0011,88.4553
305.3168,56.6495,39.8794,89.5256
304.7863,50.2158,40.9406,88.3929
304.0577,53.1329,42.3976,84.5609
305.2489,55.7486,41.9870,83.2727
306.2050,66.4576,40.0746,87.1477
305.2903,59.0048,37.9663,92.2087
304.7261,60.2440,39.0947,93.7403
305.1916,63.9295,40.2109,92.5109
305.6573,67.4235,41.3286,89.6211
305.2370,66.3450,42.1691,87.7244
305.0413,62.2647,42.5607,85.8157
303.2654,67.4435,44.1195,85.4220
303.5236,77.2374,43.6032,85.9734
303.7379,56.8128,43.1747,86.5603
302.3847,58.6036,45.8810,82.9786
304.8126,57.7351,43.0334,86.7240
307.8103,67.6395,41.0664,91.0861
310.0411,66.9274,38.6483,94.5539
309.0628,63.2983,40.6050,89.5064
307.8428,70.0263,43.0449,86.1128
307.1028,63.6057,42.5194,84.9153
304.4117,64.4571,43.9440,83.2126
305.0170,63.1914,44.7118,81.7872
304.8363,77.4366,45.0732,84.8264
302.5062,62.7721,45.6902,83.8317
302.4133,64.1547,45.8761,83.0841
302.5681,59.0278,45.5664,83.2897
303.1937,59.5323,44.3153,84.2880
306.4253,71.4928,41.8534,90.3766
307.4020,70.4332,39.8998,96.5900
308.0712,68.5434,38.5614,102.4721
306.8976,61.3311,38.7456,103.9174
306.1973,60.6383,40.1461,103.1157
301.2410,66.6842,45.6569,97.6265
300.6158,74.6057,49.1261,95.0977
302.8649,99.1488,49.1125,99.8245
295.3950,66.1854,52.4962,96.4147
295.5288,87.5463,52.2284,102.4006
295.1853,61.5890,52.9155,103.8556
292.4513,82.0357,53.5115,109.2467
294.0781,68.3321,52.7831,113.9265
297.0515,74.7058,51.9981,119.2449
295.9909,68.4512,51.4749,123.8214
296.3966,67.8415,50.6634,127.7420
296.5904,69.3923,50.2760,130.1267
292.4430,65.6395,53.0297,129.3208
280.4541,71.3644,57.3505,126.2954
284.5248,64.1993,60.5717,123.5816
282.2155,78.0535,62.3330,121.5888
280.2243,77.8795,63.4569,121.9369
279.7192,80.2144,64.4670,123.0331
279.7216,75.4508,64.4622,123.8108
279.7033,68.4878,61.5710,126.0253
280.2272,70.4130,60.5232,127.9956
277.6552,69.5054,59.8255,129.8109
276.6120,64.2952,58.9768,131.4259
275.7750,64.1745,57.7071,131.6672
275.8598,68.5043,57.5374,131.7822
275.6909,67.0037,57.8751,131.8599
273.7686,69.1427,58.7892,130.5126
267.2234,65.6697,60.1710,128.6771
268.3420,67.7090,60.8586,127.5232
267.2142,68.9761,60.1942,127.9088
266.5735,75.2620,61.4757,126.9923
263.8299,71.5692,61.1171,128.5323
264.1833,72.5489,60.4105,129.5120
264.5082,70.8214,59.7606,130.0262
263.2842,72.9053,59.2714,128.7953
261.3207,70.7706,60.2877,127.2436
261.9008,62.0685,62.0335,127.2128
261.4795,70.4719,62.8761,128.0204
260.6123,72.3946,64.6105,127.1373
260.6442,68.9977,64.5467,127.9724
259.0532,68.3376,64.7383,126.3022
258.7536,63.6042,65.3374,123.8922
257.0082,65.4807,65.8841,123.0833
259.4608,68.3087,66.8620,123.3105
257.8550,75.2172,67.1120,124.3020
255.6616,75.7597,68.5182,126.1976
255.9165,74.7061,68.0085,128.3047
256.5756,72.9231,66.6903,128.8159
252.2053,70.4902,66.3116,127.6023
253.3581,71.2411,64.0062,129.1157
253.8702,70.6708,62.9819,130.2565
251.4096,73.4179,61.9097,130.7556
251.3352,69.6980,62.0586,129.2394
251.0794,61.8088,62.5703,127.2234
249.6365,62.6315,65.4560,122.6326
248.2174,64.2636,68.2942,119.3684
251.4173,75.1233,70.6778,118.1440
246.0426,78.7611,72.5773,122.6684
247.8949,72.9793,71.9221,125.0839
248.7612,68.0976,70.1895,125.6250
248.8130,68.2148,67.0333,125.3905
250.0071,72.2138,64.6449,126.3783
251.7704,75.0564,64.0870,126.6306
246.3835,81.0784,63.0098,126.4377
250.8604,80.3805,62.8799,127.8336
250.2788,69.6629,64.0431,125.5928
251.3485,64.1337,64.8505,124.8640
251.4291,63.4383,64.6893,126.2548
253.5468,65.1013,63.4217,128.8640
253.4651,67.2135,63.5851,130.6076
253.7724,67.8945,62.9704,132.2578
252.9782,68.1702,64.5588,131.7063
252.8250,68.7104,64.8651,130.6260
255.2030,72.7879,63.1440,131.5752
254.3436,71.9101,61.8440,133.3309
254.2478,70.3418,62.0357,133.4457
256.0001,74.8322,61.5578,133.5450
255.7044,75.1251,62.1491,132.9591
255.5726,72.3394,62.4127,132.4875
259.1830,65.9795,64.2498,133.1302
260.1042,67.4084,65.4680,133.3330
257.7859,72.4952,67.0198,135.4985
257.5422,70.2192,67.5072,136.9071
260.7722,71.4820,67.3920,137.5540
262.6633,70.0709,66.7898,137.1963
263.0503,69.4355,66.0157,138.4671
262.2674,68.5319,64.4123,140.2742
263.5553,68.7280,65.0039,139.8822
265.6748,69.6390,63.9372,141.2323
265.0627,72.5865,65.1614,141.6836
266.1642,69.4552,66.1597,141.5440
266.5429,66.5486,68.6188,140.9238
268.9562,63.3609,70.2930,140.7984
268.5541,64.5225,71.0971,138.4752
271.9344,66.8413,70.8515,140.3526
272.6280,67.0776,69.4642,143.1607
274.1387,66.3479,69.7407,144.6200
280.0006,65.4447,67.9885,146.4265
277.2906,63.4469,66.7692,147.1025
277.5355,63.9598,66.2795,146.0765
278.2173,66.2256,68.2003,144.8296
279.3389,65.3185,69.2573,146.6438
279.4138,61.3556,69.1076,147.8796
282.1535,58.8206,70.3488,146.2290
283.5115,56.9242,70.9907,146.6638
282.0765,58.8067,73.8607,142.8989
282.7798,59.7904,72.4541,144.3013
282.5583,60.2059,69.5310,146.8366
283.1801,58.9216,68.2872,149.4054
283.0531,58.5895,68.5412,150.0695
285.3322,59.3637,67.3653,151.9033
288.0961,56.0284,65.2260,151.7973
290.6058,56.3198,63.5556,151.2146
290.5138,58.3487,63.7396,150.4679
290.8406,59.6048,63.0859,151.2591
291.2747,56.9762,62.2177,153.2131
292.6202,58.0961,62.8427,150.9733
291.1812,59.1214,65.7209,145.6278
290.1338,60.9509,67.8156,141.9686
290.6089,61.8374,66.8654,143.4474
291.2560,61.9249,65.5712,146.5290
290.0619,61.3051,64.6807,151.0475
290.2024,62.0095,64.3997,152.9672
290.4048,61.2402,63.9947,154.5057
288.0498,60.0543,65.3386,153.5112
286.1890,60.5725,65.6843,152.4748
283.6017,62.9295,67.4919,151.1277
283.1773,62.9612,68.3407,151.0643
282.2170,55.0686,70.2614,153.2766
281.0871,54.0003,72.5212,151.9541
279.8718,57.2403,74.9518,148.9534
280.5288,60.6036,77.1153,145.7044
280.3017,61.6864,77.5696,147.0058
282.6869,65.0911,76.2932,150.6788
283.6257,62.6604,74.4156,155.5401
283.4252,63.7926,74.8166,156.8404
284.2706,57.3955,73.1259,158.8631
284.0652,58.1841,73.5367,157.2859
283.7753,61.7609,74.1164,157.2816
283.0896,66.7050,75.4878,158.1476
282.3474,58.9087,76.9722,159.2551
280.2049,57.1228,81.2572,155.5004
278.1935,57.0375,85.2800,151.9886
279.2879,58.2391,86.7907,149.5855
278.9399,58.3656,87.4866,149.3326
280.9180,59.3408,87.2279,151.0797
283.4216,62.6094,85.9399,155.6995
284.6588,64.3931,83.4654,159.6631
283.3087,65.6782,82.3842,160.8743
283.1717,64.1777,82.6580,160.0947
282.7532,64.4187,83.4951,159.6128
282.1637,64.9985,84.6741,158.4532
281.4382,71.7004,86.1251,160.1872
282.5746,69.4974,87.6871,160.7582
283.5209,64.1506,89.6646,159.8420
280.5293,62.7841,91.7576,158.6847
283.5158,59.6288,93.6018,157.1781
286.0298,61.1956,92.4911,157.9619
288.0254,66.5737,92.4103,158.9367
286.3457,66.9907,91.8464,162.0260
286.7820,66.6356,90.9737,162.7363
285.2922,72.9457,93.9533,161.9819
288.0396,69.2195,92.4533,161.4449
288.9429,66.5777,90.6466,162.7672
288.3030,65.6651,91.9264,160.6422
289.9490,67.1540,92.5749,161.6048
295.9229,67.1320,92.5244,161.6488
294.9756,64.7865,94.4190,158.4088
294.8841,70.8949,94.6020,158.0406
297.5126,65.0690,93.2920,161.7980
299.4611,64.6248,93.3760,162.6865
303.0099,75.7176,94.2690,164.4731
307.8742,70.2846,92.6144,167.2652
303.3599,68.6754,93.5429,166.4333
302.1726,71.7713,95.9173,164.2952
301.3073,74.4630,97.6479,162.9742
299.9425,73.4377,100.3776,160.9529
296.1613,67.3150,103.8523,156.8474
303.3860,79.9532,105.7397,156.0765
302.0334,72.5126,108.4451,154.5418
297.9720,69.4013,108.3168,152.5132
299.2079,77.9311,109.9378,151.8246
294.6136,76.6330,110.9083,150.3118
290.8908,75.2573,114.2518,148.9614
292.3972,73.8661,115.3751,147.6076
292.5143,75.0571,115.1408,149.3593
290.6358,82.2213,114.7412,151.6574
286.5468,81.2117,114.5490,153.6765
277.2761,73.8501,116.2392,155.7614
267.2390,71.1746,114.9526,156.8404
271.3950,68.9961,115.1756,156.9299
273.2142,81.7117,115.8098,157.1336
273.3956,75.9254,115.4468,160.1343
275.7193,72.4960,115.1251,158.3419
275.7525,70.7394,115.0587,157.5620
273.6104,71.3615,115.0628,156.3178
277.7391,71.2701,115.3279,156.5006
285.0761,72.8391,113.4593,157.6311
287.8132,74.4314,112.2402,158.7015
285.9759,73.2059,111.6637,161.1525
280.4962,73.5668,114.0660,160.4306
282.7506,71.4302,113.8643,160.3965
288.2149,68.1918,115.8463,158.2662
292.9330,73.9119,119.3214,155.4337
264.8219,74.9745,119.4161,153.3085
281.8543,76.7987,119.6440,153.9467
281.3461,77.7823,120.6605,151.9794
283.1391,79.9450,121.3609,151.9405
289.4482,77.9679,121.6342,151.5974
301.8908,77.0806,118.2311,153.3720
309.4695,79.5306,115.8784,152.7404
304.4184,78.4229,117.5401,150.7354
301.2111,77.6040,119.7379,148.1566
298.1868,80.8973,121.5736,145.7828
298.7542,81.2820,120.4388,145.0134
299.7330,79.1608,118.4813,145.0800
300.8579,78.9797,116.2315,145.4422
297.7679,90.3067,118.2971,143.3602
279.3221,87.1956,122.2617,141.3507
273.4538,86.6632,125.7011,138.2670
266.7212,87.0895,126.6990,137.4142
266.9613,88.5938,126.2186,138.5642
268.1779,82.6142,123.7854,142.1860
279.8267,83.6719,121.4180,144.2567
292.6372,84.5437,116.6969,146.6929
294.9506,84.8459,116.2113,146.0887
292.1406,82.4709,117.7074,142.5906
299.7855,83.8054,118.7954,139.9216
281.2653,82.1018,119.1979,139.2579
321.4185,75.7508,120.2334,135.6914
317.4698,89.5678,120.0741,132.2284
280.4439,102.2261,118.6555,130.7443
229.9559,97.5215,121.4715,128.3745
212.2066,89.2857,121.5623,129.1091
207.8881,92.3202,122.3050,126.9873
206.6692,106.2538,120.8171,126.6000
203.5651,108.5395,119.2332,125.9246
211.8269,111.0094,118.1512,124.8452
215.6974,107.0340,118.0629,125.1433
247.1093,110.5450,120.3425,121.9508
253.6213,102.7048,122.5809,118.5531
269.6788,99.0630,124.6412,114.4451
269.8859,112.9648,124.2271,112.9914
269.6446,117.1228,124.7098,112.1449
266.0394,116.7728,120.7341,112.8448
267.2827,120.9066,114.5695,115.6107
262.4142,117.9402,109.8071,117.9187
263.7786,115.9425,107.0783,118.3285
263.0439,114.7112,101.4505,120.7911
262.6784,116.8162,98.6849,120.0775
260.9674,119.6041,98.6659,117.9427
257.8315,118.7251,98.1221,116.2929
259.7827,119.7703,97.5932,114.2026
259.2725,120.8067,98.6138,112.1297
259.0648,122.0376,99.0292,109.6680
260.2133,120.7825,96.7321,108.8926
272.2194,121.3201,92.1405,111.0543
275.0833,127.3601,89.6091,111.7602
286.5375,127.2797,88.8654,111.9208
287.6548,124.6849,89.7876,110.7969
293.1672,126.3118,88.2261,110.6977
296.4958,125.7805,84.6967,111.7603
299.2866,123.4480,79.1151,113.3387
301.4545,123.3097,74.7792,110.5965
309.8682,124.4219,72.4801,108.3723
311.4185,125.8268,72.2134,108.3964
310.6271,124.7060,73.7963,107.8080
308.7126,123.0990,71.9306,108.1746
310.3366,123.2077,68.6825,107.9572
318.2785,121.0483,63.8567,106.7471
316.0168,132.9835,63.0495,104.1996
313.5069,140.6551,65.4554,101.9257
310.2558,136.9888,69.3374,98.7773
306.5386,136.7014,71.4972,96.7148
300.4855,136.6511,67.7540,96.8154
302.0136,134.5548,62.1162,98.4265
296.5250,135.9970,58.0215,98.0540
294.3977,135.0069,54.9633,97.5966
291.3519,133.4497,53.9181,98.3321
287.1413,132.8477,55.2233,97.1642
282.6264,133.7874,54.7451,95.2846
282.8824,134.9697,51.8922,95.2612
283.3922,138.9935,48.5804,94.0897
283.7228,143.9326,47.9191,93.0836
280.8324,144.7931,49.3164,91.3626
279.5042,144.6127,51.9726,89.5329
278.3162,144.7966,54.3488,86.9565
275.9651,147.1006,54.6302,84.5587
275.0498,149.3980,52.1022,84.3224
276.3890,147.0866,49.4238,82.5452
278.1944,149.3977,45.8130,82.0466
279.3594,149.3811,43.4831,82.0798
280.3934,149.4388,43.3689,81.9643
281.7786,152.0408,44.4988,80.6609
283.2299,152.5357,43.5465,79.6710
286.3189,154.2611,43.1270,76.2203
287.8022,157.0277,42.0219,74.4097
289.4960,164.2761,40.4500,72.6231
292.6037,160.3313,39.5222,71.7000
295.6503,161.4465,38.6284,71.2027
298.9102,162.9251,38.9505,69.9559
298.8571,164.3301,39.0568,68.8435
299.4082,164.7588,37.9545,67.9861
300.3221,166.1343,36.1267,66.8866
301.2557,166.7165,34.2595,65.7222
302.8737,168.6290,32.5784,65.0069
303.9015,169.8020,32.0382,64.1764
304.1675,170.3238,31.5062,64.6266
304.7537,170.6258,30.3340,64.0227
301.7048,171.6967,29.1214,63.3430
300.5649,176.8626,28.5391,61.5970
300.0062,176.9093,28.2612,60.1082
296.3343,177.1091,28.7607,58.3398
295.5807,177.7002,28.9162,57.1576
291.2853,176.6020,28.1471,56.6798
290.9176,175.5224,27.5657,56.2053
290.6992,175.7207,26.7027,55.8086
290.0864,178.1685,26.6492,54.7501
290.8609,177.8015,26.3627,54.2215
290.8115,178.4683,26.4617,52.8879
290.7496,177.3336,26.5854,51.4608
291.3860,172.8643,26.5261,50.6925
294.7900,170.3427,26.9244,49.7304
294.4272,169.9475,26.4563,49.3271
294.6756,171.2683,25.9595,49.0450
294.5068,169.7484,25.1300,48.5836
294.8169,170.1470,24.5097,47.7864
295.1010,172.1722,23.9415,47.1070
295.2541,176.0500,23.6353,45.9749
294.8535,172.8128,23.3545,44.8751
294.9340,173.3111,23.1936,43.8785
294.6266,171.1703,22.7647,42.9419
294.9034,171.0234,22.2111,42.2132
294.9554,168.7884,22.1070,41.6720
295.4539,168.2659,22.1025,40.7320
295.7727,165.3754,22.4436,39.6629
295.8571,166.5673,23.2433,38.2477
293.0339,155.0276,23.1230,39.2210
292.7193,155.6429,22.7787,39.9377
292.9067,155.7614,22.4039,40.6790
292.5702,156.6597,22.0940,40.8483
292.1289,157.7145,21.9964,40.6990
292.2840,158.2317,21.6862,40.6409
288.8493,159.8830,21.7647,40.2487
287.9097,159.8608,21.7126,40.2931
286.7011,159.5559,21.2333,40.9029
284.8114,159.6068,20.1819,41.7674
284.7156,160.2239,19.4127,42.4544
282.5775,160.0719,18.9027,42.7585
281.6925,160.6011,18.7673,42.6527
279.1734,162.0948,19.0618,41.5629
279.0816,161.7292,19.2452,41.3559
276.0955,161.1069,19.5876,40.7239
275.4788,159.2487,19.8859,40.6998
269.5343,160.0065,19.5558,40.1243
266.9611,160.6573,19.1475,39.7484
267.1475,163.2722,18.7746,39.0846
265.6766,163.0113,18.1283,38.7094
264.2785,163.0882,17.4033,38.5557
264.0570,163.6985,16.9811,38.2005
261.2237,163.8978,16.6782,37.8019
259.3034,164.1568,16.3103,37.2839
257.7656,165.3078,16.0751,36.6371
256.4424,168.0446,16.2792,36.0487
253.8222,167.5444,16.6641,35.4304
253.7629,166.2604,16.7827,34.7706
250.9112,166.1010,16.8902,34.2901
250.3785,165.4990,17.1614,33.9055
247.4584,165.7881,17.4483,33.3273
244.9517,165.2399,16.9332,32.8441
242.5741,165.4387,16.2717,32.4466
240.2966,165.8908,15.5306,32.2989
239.1387,166.3852,14.8803,32.0516
236.8186,165.8300,14.4341,31.7090
235.8728,165.6644,14.1843,31.3262
234.2002,166.3031,14.0102,30.7527
231.2499,167.5510,13.6783,30.3343
228.4873,169.3520,13.7588,30.1353
225.5750,169.6995,14.1506,30.1194
224.3973,168.8126,14.4488,29.8360
222.2355,169.9978,14.6517,30.2128
219.3471,169.0733,14.8619,30.6702
218.4630,169.2324,15.2177,30.3520
215.1049,170.4774,15.5649,29.9851
212.5427,172.0316,15.7314,29.7097
210.0730,172.1072,15.7211,29.5586
207.7211,170.1072,15.4920,29.3305
205.9693,170.2827,15.5087,28.9794
204.1284,171.1481,15.7279,28.6336
202.0378,170.9646,15.7619,28.3094
199.7757,171.1072,15.4775,28.0242
197.4796,170.8725,15.3242,27.8157
194.9115,171.6234,15.0828,27.6584
194.9552,171.8598,14.9953,27.8513
192.6307,170.7756,14.9746,28.0183
189.8178,172.0270,15.2467,28.1924
188.6901,171.9787,15.4727,28.2890
187.5588,172.2345,15.6900,28.4593
185.3795,171.8292,15.9209,28.5818
183.2668,172.1836,15.9842,28.5667
183.0009,172.9731,15.8215,28.3769
181.6642,172.0120,15.7389,28.2320
177.5118,171.0599,15.8186,28.0800
176.0866,169.4700,15.9307,27.8371
175.3681,171.2911,16.0021,27.6092
173.8350,171.4909,16.3455,27.2096
173.6836,171.6290,16.6484,26.9334
172.8405,172.4697,16.9715,26.6151
170.4085,173.2510,17.0600,26.4168
169.1421,173.6904,16.8701,26.2188
167.8907,172.6528,16.6746,26.2702
166.9709,171.2756,16.4981,26.3364
167.3766,171.1535,16.3567,26.5806
167.1135,170.4160,16.2115,26.7129
166.7385,170.6598,16.2908,26.8961
164.7136,170.9708,16.2908,26.9490
163.3111,171.6821,16.3928,26.8781
163.2511,170.3514,16.5127,26.8338
163.4740,171.8073,16.7447,26.6331
162.6015,170.8204,17.1325,26.5709
159.9942,172.8954,17.5575,26.5261
160.1864,172.8987,17.8636,26.5195
160.8092,172.4870,18.0094,26.6472
160.7306,170.6185,18.1665,26.8845
160.6131,170.6015,18.4014,26.9185
159.1405,170.8853,18.5044,27.0615
160.1721,171.1852,18.5844,27.1762
158.9215,170.1567,18.9334,27.0807
160.3382,170.5380,18.9871,27.0399
160.7094,170.9264,18.9667,26.9852
160.0958,171.1669,18.7522,27.2250
160.6038,171.3237,18.4572,27.6324
160.9730,170.0716,18.4409,27.9699
161.6365,170.0186,18.5679,28.0759
162.0096,170.3466,18.5525,28.1507
162.7731,171.0236,18.4887,28.2599
162.9116,170.2476,18.2117,28.3476
162.6918,170.2043,17.9224,28.4341
162.7251,169.8324,17.8558,28.4527
162.7445,169.1093,17.8171,28.4499
162.8064,169.4721,17.6932,28.4481
162.8379,169.8396,17.6302,28.4348
162.8653,169.8885,17.5755,28.3369
162.9193,169.5456,17.4675,28.3047
162.6681,169.8793,17.2541,28.3531
163.4316,170.2453,17.1529,28.3340
163.1925,170.2034,16.9202,28.4178
163.8302,168.7785,17.0612,28.4346
163.4342,169.5307,17.1423,28.3518
163.4435,169.5756,17.1237,28.2622
163.7735,169.6389,17.1730,28.1355
163.7672,170.0549,17.1858,28.0119
164.4579,169.4202,17.2176,27.8679
162.9736,169.5146,17.3660,27.6791
165.2971,169.5531,17.6521,27.6021
164.7329,169.9777,18.0721,27.4612
164.5390,170.3655,18.4599,27.3989
163.5710,170.4790,18.9584,27.1718
163.7510,170.1382,19.3220,27.1299
164.2858,170.2210,19.7101,26.9644
166.0644,170.6632,19.8170,26.8128
166.0839,172.5813,19.7781,26.6378
167.3065,172.6872,19.5198,26.4260
167.3873,173.1143,19.3581,26.2934
168.8252,173.1700,19.3496,26.1820
169.4497,173.6630,19.5307,25.9109
172.5981,172.3011,19.6585,25.7794
172.1623,172.8293,19.8163,25.4369
175.0653,171.7641,19.7004,25.4334
177.9364,174.2160,19.6329,25.4949
179.6654,173.9537,19.7208,25.3104
181.1261,174.3965,19.6305,25.1326
183.7397,176.8483,19.3285,25.1541
183.9784,175.6602,18.8512,25.4334
184.5208,174.9334,18.4619,25.4961
186.3695,173.0822,18.2146,25.7482
187.9814,172.8964,17.7500,26.1198
190.6030,173.1089,17.3207,26.3825
192.5000,172.9692,16.9493,26.6620
195.2646,172.5648,16.8804,26.7882
196.3586,172.4432,16.7421,27.0315
198.4041,172.4631,16.7585,26.9917
201.8557,172.4906,16.6978,26.9368
204.8260,172.4414,16.8988,27.0350
205.3614,173.4816,17.2026,27.0165
207.6966,175.1496,17.3766,27.1407
209.3441,172.6914,17.5657,27.1793
211.4220,171.6472,17.6134,27.1661
212.4793,171.9372,17.6022,27.2871
215.1263,172.4761,17.2278,27.6149
217.8899,172.8601,16.6107,28.2499
221.7066,170.6967,15.9821,29.0741
224.0744,167.9010,15.4587,29.7514
226.6708,166.6175,15.1871,30.2093
229.5329,166.9305,15.1032,30.2885
231.1488,167.3443,15.3952,30.1655
236.2199,168.4580,15.1652,30.0621
238.1365,168.4476,14.8444,30.0831
240.7594,168.4424,14.4796,30.0933
243.5970,168.5040,14.3331,29.9702
246.1444,168.6022,14.0456,29.7737
249.0856,169.7533,13.5940,29.5082
251.9725,168.4544,13.1570,29.4375
255.7174,166.6592,12.9098,29.7359
260.1628,167.6015,13.2364,29.8263
260.7943,167.1703,13.3044,30.0234
263.5516,166.3740,13.1459,30.2769
265.9675,166.9821,13.0066,30.4016
269.3144,165.8480,13.0103,29.9908
272.0138,164.4112,12.9222,29.5452
273.8850,164.9814,13.1149,29.0605
274.9168,163.2446,13.6601,28.6210
277.6507,165.3773,14.0905,28.2876
281.5385,166.0268,14.2102,28.3045
287.1067,167.9471,14.2982,28.4254
289.1738,172.4734,14.1452,28.6627
294.4828,171.8228,14.1574,29.2994
297.2174,170.7165,14.0792,30.1642
298.7836,167.2071,14.3726,31.0167
299.6481,172.5762,14.7516,30.8188
298.3542,164.6623,14.5138,31.1056
299.1408,162.2125,14.3534,31.0601
299.9174,162.1993,14.2060,31.0865
2
0
0
0
0
1
336.7231,173.7033,17.8643,27.0504
338.5416,175.1955,17.7454,26.8803
337.6481,174.1471,17.4350,26.8798
337.3443,174.2236,17.3489,26.7270
337.5801,175.4170,17.5673,26.4107
338.1582,174.8026,17.7892,26.2612
339.3864,174.5925,18.0948,25.9911
339.6288,174.3171,18.3014,25.8504
340.3259,174.0260,18.2929,25.7399
339.2699,174.8095,18.3320,25.5547
339.2523,174.5023,18.3673,25.4802
2
0
0
0
0
1
370.9358,172.1923,12.6685,24.7012
370.4073,172.2622,13.1445,24.5614
370.1315,172.0748,13.6962,24.3493
371.0907,172.6994,14.1507,24.2865
370.8884,173.3410,14.5553,24.2034
371.0980,173.9341,14.7417,24.2285
370.6187,172.7167,15.0913,24.2266
368.8637,172.9769,15.5264,24.3212
368.3448,171.5999,15.9403,24.5804
367.0457,173.4858,16.0006,25.2500
