1
294.8901,75.9482,63.5498,223.1755
293.8008,77.2114,65.7283,220.6492
290.7790,78.6150,67.4303,217.8421
285.6926,80.4224,68.9360,214.2272
282.9530,81.6936,70.1051,211.6849
280.0205,83.2490,71.6748,208.5739
277.5893,86.5046,72.2575,206.3426
277.1801,87.6331,73.0760,204.0855
272.8351,90.1164,73.2837,203.3600
263.7096,91.5498,74.5967,204.7277
263.0829,91.1082,75.8503,205.6109
260.5621,90.2119,76.5786,207.4035
255.3593,92.5005,78.2803,207.1781
254.6185,92.7698,79.7621,206.6396
250.9963,96.0055,82.6082,204.5664
249.0893,98.3530,86.4222,204.2908
247.7731,96.5855,89.0545,203.3427
243.0134,100.1199,94.0582,200.7897
240.6477,102.5352,98.7895,195.9591
231.7547,107.1684,102.8408,191.2709
230.4073,109.0269,105.5356,187.5539
229.2903,109.9131,107.7697,185.7816
227.1461,115.5191,112.0580,183.7332
223.7577,115.6072,114.2111,183.5570
222.2858,115.8958,117.1549,182.9798
220.7985,111.7826,120.1294,181.8103
219.2654,109.5307,123.1956,181.5838
218.4538,107.0616,124.8189,181.7444
225.1033,107.9984,125.9407,179.8709
224.2098,108.7743,127.7276,178.3190
227.6741,107.8961,125.6021,180.0754
231.0220,109.5617,123.7011,181.5390
228.7467,109.4772,123.4663,181.7080
230.2704,112.3849,125.2029,180.6766
232.0600,125.1959,126.4208,179.0403
231.6866,124.9933,127.1677,179.4455
231.1562,124.9665,128.2285,179.4992
229.4950,128.9969,131.5508,176.2676
227.9804,132.7077,134.5800,173.6808
217.4925,135.2479,136.1768,173.4450
221.5305,133.4285,137.8352,172.2166
212.2803,137.1796,141.7100,169.5898
249.1698,121.0689,136.4951,172.4264
268.5965,117.2419,131.6385,175.2239
276.1327,113.0827,126.2066,178.7219
270.8862,114.6927,122.3470,180.2861
270.4190,106.7768,118.5375,181.8859
269.3996,106.5590,115.8715,182.3216
273.6586,102.6240,112.0203,185.5247
274.9046,91.0333,109.5281,190.1068
278.1565,91.4512,107.7002,193.9467
274.2890,87.1196,106.0322,197.9084
270.1787,91.3384,104.7898,198.9337
270.2012,91.2973,104.7448,199.0160
270.4887,91.5283,104.1698,198.5541
270.6709,100.0429,103.8053,195.6519
271.1195,101.2713,102.9081,193.1951
272.9094,107.6789,103.9370,189.5968
272.3665,109.7694,105.0226,185.4160
272.2751,111.0242,105.2055,182.9063
265.6184,112.1853,105.0316,180.5841
272.4086,113.4088,109.2847,178.1370
274.9655,114.4107,113.1584,176.1333
263.2473,115.7933,118.4800,173.3680
278.4795,108.8690,120.0452,173.4898
277.5760,109.4992,121.8521,172.2292
282.4731,109.3939,121.2864,172.4400
293.9961,107.3859,116.6726,176.4560
290.1478,106.5241,115.1849,178.1796
301.1605,101.8574,111.5323,182.9197
298.2027,99.6087,108.2423,187.4170
286.8169,99.3722,107.9433,187.8900
291.3932,98.5938,108.0228,189.4468
285.1996,95.1431,106.4886,191.7078
293.1599,91.2803,104.5113,194.7856
303.5935,90.4403,102.2818,196.4656
288.0510,88.7071,100.8457,199.9319
284.3120,86.9157,98.9799,203.5147
282.3675,86.9578,102.8689,203.4307
277.8515,86.7127,102.3845,203.9209
278.1931,86.1808,101.7014,204.9845
281.7942,85.8105,99.2598,205.7253
286.4412,86.3766,94.6950,204.5931
290.9013,84.4824,90.4079,203.7483
297.4410,85.2034,86.4197,202.3063
300.6479,83.5361,84.4602,201.1864
303.0946,86.3527,83.9704,199.9568
294.4699,85.8756,83.7116,200.9109
302.0490,81.1310,81.7121,201.6277
302.6853,80.2286,80.4396,203.4326
312.1848,77.8842,78.8975,203.7571
317.3433,76.9513,77.2633,205.6229
315.9129,73.7913,75.7852,207.6042
318.5581,72.5476,74.8353,210.0916
331.5612,71.5224,74.9819,212.1420
329.6249,65.9386,74.4638,214.5281
324.8267,67.6610,75.2294,215.4987
313.5884,60.4673,75.4901,216.5566
304.7256,57.2326,75.3636,218.5630
300.0511,56.4133,75.7340,220.2015
308.5261,59.6247,76.8618,222.8177
301.5089,51.6263,77.1644,225.0825
307.3341,62.9594,79.3592,225.4918
276.3192,56.8596,80.7978,228.3696
284.7154,59.2440,82.9177,228.3289
276.5520,59.8073,84.9466,227.2023
252.6494,60.6942,89.6743,225.4286
247.2370,65.1979,95.6533,221.2669
246.0607,74.3930,102.8977,217.5524
247.1512,81.4461,110.6467,213.3763
253.4061,76.9995,113.2517,212.1931
232.1394,83.3717,120.3261,209.5797
237.6137,82.5772,124.8204,206.0210
238.7309,81.8613,127.7566,202.2822
236.9159,81.1329,131.3867,198.5747
222.0338,85.5913,135.3048,194.8272
232.5167,86.2343,135.0500,193.5412
229.7290,89.2816,135.4713,192.6008
240.6613,89.2394,129.0472,192.6851
243.7982,88.5955,122.7734,193.9729
249.7662,87.2249,115.7940,196.7142
257.7068,82.9581,109.6726,200.3678
262.4990,82.0596,104.9183,202.1647
268.4826,87.6920,102.5010,200.4498
284.0183,88.8464,99.6784,198.1411
283.0952,91.7228,96.8991,197.0137
288.8131,89.8398,94.5851,196.2189
303.0336,91.0678,93.1988,193.7630
301.7369,91.7894,91.3429,192.3197
306.6819,92.9947,90.2447,189.9091
295.1834,96.4403,87.1926,191.7009
302.9368,95.8334,84.6284,192.9147
328.2926,114.6701,89.6451,185.2487
321.5293,114.1344,90.3824,182.0572
339.9294,132.2167,95.8745,175.4971
335.8022,134.9393,99.9015,170.0519
343.7739,142.0526,105.0342,164.2558
339.5857,144.6330,109.1954,159.0948
340.3185,146.3880,111.9367,155.5848
335.9310,152.8596,116.5127,151.0395
334.4201,154.1949,119.5346,148.3689
333.3886,154.9412,121.5976,146.8763
344.7026,156.4357,124.3089,143.8873
348.0963,157.3515,125.9632,142.0556
341.1356,158.1714,127.2279,140.4158
334.9160,158.4809,127.0265,139.7969
339.2438,158.7955,126.7723,139.1678
335.6329,154.1934,125.6202,139.9981
332.6105,151.1815,123.3022,141.8404
330.8960,151.0727,122.5583,142.0580
329.9619,148.0836,120.2622,143.8720
286.4464,130.5104,115.8736,149.9303
287.5496,128.8689,113.6670,153.2133
289.3108,124.0065,110.1447,158.7468
263.9062,81.6298,106.1305,163.3737
256.2246,78.8146,104.6131,164.7839
252.7321,74.8794,103.1662,164.2224
263.5383,72.6199,98.2871,168.7414
263.2061,70.9615,94.7830,172.0583
262.6429,68.9449,91.7515,176.0914
270.5450,95.0202,88.4434,182.2564
269.2690,82.5408,86.7969,186.2227
267.7742,92.9725,85.5590,190.7251
261.9910,76.4020,84.3111,193.9663
259.7766,68.6348,84.4436,196.6114
257.9522,69.3329,83.7552,199.5522
254.9162,64.7864,81.0924,204.2778
255.7240,62.6580,79.4769,208.5348
258.5121,65.5933,78.3210,211.5047
254.6723,67.3097,77.1164,212.5140
255.5054,67.3636,75.4501,212.4062
251.2251,67.2473,75.2048,212.6389
250.7440,70.1886,76.1669,211.1580
250.2831,70.7325,77.0887,210.0702
249.6266,71.8266,78.4017,207.8822
251.7872,75.2064,78.4722,205.5141
249.9637,75.4521,77.7602,205.0227
252.2940,75.0640,77.4387,205.7988
256.5321,74.0958,77.6513,207.7354
256.6599,73.2686,77.3957,209.3897
256.3085,72.8450,78.0986,210.2368
258.8654,69.3343,77.4047,212.8384
259.0168,66.5166,77.1019,214.0293
261.1494,63.6502,77.2930,215.3058
261.5104,56.3962,76.5708,216.3802
264.0050,55.3793,76.0618,218.4139
266.2133,59.4650,76.1450,219.2424
267.8371,63.8870,77.4107,219.4249
267.8463,63.6995,77.3924,219.7998
270.0881,66.0039,77.4527,219.7350
276.3723,67.5574,78.5163,216.6279
278.4920,73.1965,78.7959,214.3877
279.9823,78.6365,80.3073,212.4915
279.0035,92.2017,82.2649,207.8212
278.1259,94.1016,84.0200,204.0213
279.6642,95.3393,85.3801,201.5459
283.8558,99.4018,85.8467,197.8458
285.9731,100.1281,85.9919,196.3933
288.4274,100.9729,85.4445,194.7036
293.6606,101.4539,83.6323,193.7416
296.7106,101.4317,81.8135,193.7861
297.3029,97.8717,80.6288,196.6565
299.4490,94.8566,80.6068,198.4165
299.5487,91.2137,80.4072,201.4074
297.4658,84.5889,80.2385,205.9879
294.9125,80.1587,80.9478,210.4507
292.5278,75.7853,81.2430,214.7235
290.0346,75.4202,81.6885,215.4536
275.5747,74.6268,83.2524,217.0403
277.1797,74.3812,84.6524,217.5315
274.5900,71.1597,85.1896,219.3323
268.9691,76.6280,87.0756,217.7514
268.5361,74.4774,87.9417,217.3637
265.3818,74.6789,89.5514,216.9607
270.7881,73.2956,88.1821,219.7274
271.0725,72.7033,87.6132,220.9118
273.7754,70.4253,86.9514,220.7240
276.1620,62.0947,86.9075,223.1970
275.8280,59.7965,87.5755,223.0293
277.6742,59.5090,88.6568,223.6041
277.6241,52.5347,88.7572,223.1488
277.3320,53.7096,89.3413,220.7989
276.7400,52.5201,90.5253,218.4048
277.5812,57.4061,88.8429,218.1522
278.3751,57.1988,87.2552,218.5668
281.3755,55.2010,85.9582,217.8587
290.1443,64.5878,87.1022,213.0964
289.1822,67.0948,89.0265,208.0824
290.9919,69.1846,89.9909,203.9027
293.0202,73.5490,90.4750,199.7144
295.0389,75.1088,90.9258,196.5948
294.6512,81.1706,91.7013,193.3728
294.7422,82.6107,91.5192,190.4926
295.1599,83.1763,90.6837,189.3615
297.1144,84.0927,91.1160,187.5285
303.3317,85.6577,91.6472,184.3986
302.2427,89.8418,93.8252,180.3159
302.8478,90.8380,92.6149,178.3233
304.5888,85.9515,89.1329,179.6704
306.0097,85.6267,86.2912,180.3199
309.7746,82.2784,82.8941,182.8838
312.9720,83.9251,80.6101,183.7010
316.0411,83.3482,78.5544,184.8550
316.4661,82.0223,77.7043,183.4438
312.6159,77.4299,77.3500,184.5738
312.4257,78.1455,77.7304,183.1425
316.4730,75.5859,77.6828,184.2384
325.8314,74.3632,79.1586,182.6452
325.6391,74.8906,79.5432,181.5905
323.3878,68.6780,80.0126,181.9164
327.3416,71.1925,80.1972,180.9334
329.5958,73.1606,79.7238,181.0323
329.3037,75.0436,80.3081,177.2663
329.7671,75.0072,79.3813,177.3391
330.1396,75.0559,78.6362,177.2417
330.1863,76.9238,78.5428,177.4600
327.8812,76.2375,79.1975,174.8769
327.5540,77.0151,79.8518,173.3218
327.4916,77.2403,79.9766,172.8714
325.3286,74.9695,80.3885,173.4990
323.1649,74.9911,80.7856,173.4557
322.2011,78.1242,82.7132,171.1262
319.4407,79.1121,84.2975,169.1505
316.7850,79.8216,85.6740,167.7314
313.9643,79.6247,87.3774,164.1872
318.8676,76.5313,85.4013,166.4588
319.4497,75.2540,84.2370,169.0135
328.8427,75.9481,81.1786,171.5572
331.0832,76.2753,80.6137,170.9028
326.0160,75.4137,82.9550,168.7294
325.4105,75.6820,84.1659,168.1929
326.9334,75.9594,85.0388,167.6381
327.6236,77.3381,87.5842,164.8806
328.5937,78.3490,89.5729,162.8589
329.2373,78.9667,92.2188,161.6234
322.1375,77.2104,90.5785,161.1760
322.5735,77.9797,89.7065,159.6375
318.3347,79.2309,90.4083,157.1351
309.2310,81.3727,93.1647,152.8515
307.8114,82.7675,96.0039,150.0619
304.0370,86.4627,99.7012,146.5230
299.7091,90.5181,104.4970,142.2722
296.0432,93.8666,107.9541,139.4499
296.0935,94.2384,107.8535,138.7062
298.3900,93.7183,103.2604,139.7466
302.3156,91.6437,99.2254,140.0796
299.5938,94.2350,97.1592,138.6519
292.0385,94.9242,97.4733,137.2735
291.8017,95.4756,97.9469,136.1707
290.0205,95.8285,97.8346,135.4648
281.3651,97.7382,96.8351,135.3076
280.0350,97.9560,95.8522,134.8719
279.3104,99.4771,93.6810,135.4501
278.7409,97.8077,91.2266,135.1956
278.7193,97.4272,87.7209,135.9565
279.4323,92.4528,82.7930,138.9016
275.0462,81.4715,77.7126,143.5481
278.7281,80.1380,73.7943,146.2152
277.0433,79.2551,70.3290,147.9809
273.5031,79.1673,67.2599,148.1566
274.7884,80.8729,64.6894,148.0775
274.5246,77.9100,61.9314,150.7175
271.8074,81.6559,60.8156,153.0508
272.3863,76.8473,59.6579,156.0905
272.6364,87.0430,59.1578,155.5692
274.4506,85.6370,58.8245,155.0861
276.1086,86.3422,58.7907,153.6756
274.6769,86.4773,58.3927,153.4055
273.3143,84.2152,57.8675,154.6792
273.2509,84.2369,57.9943,154.6357
273.2634,82.2675,57.9694,155.3136
273.6966,80.5176,57.1029,155.5433
274.1010,80.2713,56.2941,156.0360
274.7383,78.3982,55.0196,156.5318
275.4933,74.5179,53.5095,157.8242
276.1470,72.2950,52.2021,159.0446
276.2426,68.1379,52.0108,157.7032
275.7481,65.3927,52.9999,159.9976
275.2388,64.9064,54.0184,160.9701
274.5155,68.0614,55.4651,161.2186
275.1311,67.8411,57.5432,161.6591
275.8479,67.6975,59.4628,161.9464
277.0956,70.6538,60.3595,162.8180
277.8664,73.8718,62.2385,159.8028
277.2655,75.3136,63.4403,156.9192
278.0577,79.7603,65.2473,154.8084
278.3546,85.0452,68.0464,151.0243
279.0229,86.2403,70.0973,148.6342
278.6148,88.8165,70.9134,146.8704
284.3795,92.5126,72.8926,142.8554
282.2944,93.7103,73.7100,140.4599
283.5284,94.7669,74.5736,138.3467
281.7198,95.3003,74.8757,137.2800
283.1191,97.4210,75.3817,136.3433
281.8125,96.9754,74.6955,137.2344
282.8057,97.3030,76.0099,136.5792
284.2146,97.0596,76.5059,137.0661
283.2528,97.7887,78.4294,135.6078
285.3215,97.0874,80.9729,133.6700
285.9537,97.6439,83.0631,132.5569
287.0764,97.8915,84.1908,132.0617
293.8107,96.5528,84.2609,131.3546
293.7318,95.3673,84.4186,130.3503
296.5055,94.3695,82.2342,132.3459
299.1010,94.7324,80.3992,131.6201
301.4708,94.9791,78.9740,131.1267
303.8598,95.4469,77.4790,130.1910
302.1770,95.3281,74.3568,130.4286
302.1105,95.1454,71.2952,130.7942
300.7886,96.2571,67.6434,131.7185
293.7937,93.3870,63.0405,137.4587
295.3741,89.7859,59.8799,141.5582
293.2080,90.7147,57.9993,142.8071
285.7072,90.7717,57.5459,142.6931
285.8316,91.2658,57.2971,141.7048
287.6609,89.6012,56.7010,141.9716
289.4904,88.1501,56.0979,141.8178
289.8887,86.6921,55.3012,141.6910
286.4500,87.5419,56.1251,139.9915
286.3239,89.3106,56.3774,139.4711
286.2107,91.2019,56.6038,138.7025
286.2326,91.7371,56.5599,137.6321
279.1732,84.8547,55.7250,139.4339
279.5021,83.9430,55.0671,141.2573
276.1353,83.9370,55.7681,141.2691
276.7888,88.2472,57.4902,141.7360
277.5960,88.2946,58.9422,141.6412
272.8790,91.5964,62.1943,138.1284
272.1357,92.8837,63.6810,135.5538
271.5489,93.9066,64.8545,133.5080
275.1512,93.3969,63.8033,134.5274
283.4825,92.4356,62.5071,139.5234
285.3840,90.7126,61.8273,142.9694
288.1867,93.2865,62.5444,144.1440
298.7707,96.6732,63.7126,143.7525
296.7781,95.2332,64.4921,143.4266
298.3937,95.6204,64.4755,142.6523
300.0439,95.2912,64.3785,143.3106
300.0447,94.9823,64.3768,143.9284
297.7319,97.0419,65.7824,143.0292
300.8226,101.7692,69.2958,140.0379
299.6614,104.8090,71.6183,137.2075
299.1900,104.4596,72.5610,137.9063
302.1438,108.6839,73.2021,136.0062
300.1293,109.6664,73.9737,134.0412
301.3808,110.5126,74.7121,132.3487
303.6045,110.9085,73.4939,131.5571
305.5884,113.1865,72.7227,130.1977
309.4885,115.0968,71.2492,129.5405
316.5293,116.4635,69.6818,129.9356
317.0421,116.1091,68.6564,130.6445
322.8519,121.7518,69.4384,128.6602
332.3720,132.2708,71.9905,126.1298
331.4727,133.1570,73.7889,124.3574
335.6538,133.6544,74.7115,123.3628
342.3057,133.6373,73.7905,123.3970
340.5962,132.4973,74.1288,122.5963
344.1411,132.5966,73.1879,122.3977
341.9806,132.9387,71.3976,121.7134
343.0219,132.7645,69.3150,122.0619
344.4840,132.5712,66.3908,122.4485
345.6145,132.2452,64.1298,123.1005
346.4844,132.1716,62.3899,123.2477
346.6609,132.5597,62.0369,122.4715
344.5034,138.3651,63.4857,119.4600
343.8996,141.1910,64.6931,116.6552
341.6960,144.1957,66.2740,113.4721
334.2561,146.7158,69.9292,108.4321
332.8285,150.1558,72.7845,104.3445
330.1084,151.7812,75.4463,101.0936
325.9810,151.6783,78.1555,98.5266
322.1450,152.6770,80.2719,96.5293
321.2088,153.3806,82.1444,95.1220
318.0912,149.9765,82.8001,96.3507
316.6034,147.7800,82.9563,97.9245
316.0620,146.2277,84.0393,98.1830
311.6794,141.1576,84.2019,99.7208
311.8518,138.7855,83.8572,101.5711
309.3962,133.5703,82.9348,103.2512
300.3108,129.0939,77.6840,109.2763
302.1538,128.2033,73.9979,113.9912
302.6826,125.4941,69.9967,119.4095
299.7243,125.5411,67.0414,125.2302
297.7988,117.0999,64.9064,130.1405
290.2669,121.1098,64.8285,131.2057
288.4294,125.6400,65.4609,131.2730
287.8955,125.5505,66.5286,131.4520
282.7825,125.6953,67.5279,131.1625
272.7599,129.0722,72.1300,127.4973
263.8028,134.0240,77.5907,123.8204
272.7495,130.3121,75.4518,124.9424
271.7973,125.9741,74.2245,127.3552
270.4789,125.5745,73.7144,128.1543
270.3467,125.8237,73.9788,127.6559
268.1997,122.8889,71.9786,130.3784
268.8572,121.8765,70.6637,132.4032
269.9998,118.3779,68.3785,136.2397
269.2260,111.5655,66.7484,140.3314
268.0216,110.3191,65.9479,142.8242
269.7627,109.5868,65.6973,144.2888
271.8198,96.7388,64.8316,147.2457
271.9444,95.6718,64.5823,149.3795
273.3996,90.0766,64.9745,150.6620
274.5815,90.7255,65.9390,152.6924
275.5059,88.2123,67.4648,154.3441
277.4728,93.5822,70.3817,153.8805
288.1790,103.7191,73.2591,150.9566
287.1756,102.6075,75.2658,149.7023
287.1697,101.5979,75.2775,151.7214
287.3615,104.7433,74.8940,152.4782
287.4952,106.3736,74.6266,152.7457
286.0654,116.0936,77.4863,147.4154
287.9549,122.0173,80.7046,142.5654
287.2779,121.7625,82.0586,139.5929
285.9584,129.2015,84.6976,135.0981
276.8033,132.1896,85.8153,132.5603
278.1374,132.9285,86.5662,131.0825
277.3287,135.0856,88.1835,130.1778
283.7241,143.7442,92.5070,126.5519
280.0797,145.3593,96.3564,123.3218
274.5581,145.3387,100.4937,119.9101
263.2143,145.5154,105.8435,116.0892
259.8100,145.2474,109.1581,113.1311
257.5617,145.3242,113.6546,109.4769
244.2764,144.3239,115.6290,107.9638
242.8499,145.4891,118.4821,105.6335
232.5849,144.9472,117.8445,106.7172
226.5584,146.2733,112.2210,111.1357
231.8646,144.8572,108.6434,113.9678
235.7118,143.6270,104.4545,116.4283
240.4053,141.9595,98.5446,119.7632
236.7089,138.5515,92.2019,123.1454
257.1153,140.1419,91.9796,123.3472
255.9368,139.6421,90.9546,124.3467
254.6939,139.4835,90.0601,124.6639
262.8792,138.6332,87.1715,126.3645
264.2787,140.2907,84.3724,126.3981
263.4079,142.4223,82.8114,125.4377
248.4874,152.5824,86.5540,121.4288
255.1956,152.0865,86.1926,119.1569
266.0541,149.2248,83.8162,118.4335
268.6384,148.1187,81.8209,117.4724
265.9202,150.0288,81.0055,116.7779
266.0498,151.8657,80.7464,116.2061
265.8067,152.2624,81.2326,115.4126
267.2239,148.2945,78.3981,117.1784
268.3925,145.8099,76.0610,119.0829
269.6839,144.4950,73.4782,121.7126
273.0023,139.5335,69.8917,125.5350
275.7517,136.4768,67.4391,128.6022
278.2312,135.0264,65.5295,131.5031
280.5698,132.7002,63.9115,133.0963
281.4913,131.8170,62.0685,134.8626
283.6924,129.1537,60.7141,137.1413
287.2503,126.4316,59.7127,139.5285
287.7809,123.2371,58.6514,142.8434
292.7261,119.9238,58.0704,146.3669
297.9843,116.8683,56.9845,149.3344
299.5186,118.2822,57.0826,149.6732
301.0254,117.7550,57.2424,150.7277
302.2410,116.7765,58.0026,152.6847
301.7705,115.7393,58.9435,154.7591
302.8239,113.3884,60.1165,156.1812
302.2152,119.9627,61.3339,156.3173
303.3335,118.1598,62.4423,156.5781
304.3008,125.8954,63.8763,154.5812
308.3953,129.3029,65.7831,151.1314
307.7968,131.1042,66.9802,147.5289
308.3078,136.8245,69.2763,142.7243
304.8504,139.1755,72.9029,138.0223
302.1070,140.8956,75.1078,134.5822
299.1696,147.7825,77.7138,130.6148
295.7238,148.4263,78.0970,129.3273
294.5674,148.3318,77.1683,129.5163
291.1341,145.5699,74.3489,131.8114
288.5452,142.3117,69.8819,135.1128
288.5865,139.1841,66.6122,138.1810
288.1273,141.0060,64.3550,140.8881
279.8482,134.8173,61.8602,146.9144
279.8235,136.7524,61.9096,149.4820
279.9546,133.7850,61.6475,152.1599
280.1508,132.5085,61.2550,154.7129
279.3354,130.6109,59.5654,158.5081
279.9597,129.0947,58.3167,161.5406
280.3900,127.5878,57.4561,164.5543
278.7236,129.2638,57.3959,164.5953
278.7409,129.4740,57.3614,164.1749
272.4626,138.1669,59.7604,160.3326
268.5874,149.8072,64.1363,153.9238
271.5226,149.5334,64.9869,151.1108
268.9547,152.1838,66.7878,145.8102
270.5955,155.2525,66.7959,142.9623
270.5913,156.5297,66.8042,140.4080
269.3753,157.9752,66.0250,137.5171
270.4419,152.4356,63.8918,139.1294
271.1315,152.2534,62.5125,139.4938
268.2434,150.6313,62.0429,139.6152
271.7856,154.8031,61.1915,140.6209
270.2242,153.2556,61.1982,140.5999
272.1747,152.5918,60.4130,141.9274
281.0413,144.8216,58.2856,148.1044
281.9522,138.6540,56.4637,154.0948
282.2471,131.6968,55.8739,158.3326
285.0228,137.7783,56.8734,159.2715
284.9191,133.3465,57.0809,161.5210
284.3961,136.4112,58.1269,162.0773
281.3583,141.1892,60.8326,159.2609
258.0625,137.0437,63.5066,157.4172
247.7843,130.9411,63.6653,159.4236
273.3875,147.4194,67.3605,153.9176
270.0671,149.7195,70.5837,149.3175
275.8725,153.3216,72.6013,145.5203
246.2252,168.9494,81.0961,137.9714
242.7127,171.8898,88.1209,132.0905
238.0806,175.7507,93.9347,127.8194
240.4060,177.7780,99.7298,123.7646
237.8671,179.3161,104.8077,120.6885
241.6945,179.9139,107.7994,119.4929
255.1064,176.7446,106.0232,122.2533
261.2622,173.4476,104.4896,125.2546
263.1374,172.6764,104.3535,126.7971
273.6624,153.0648,97.8471,136.9332
272.9123,146.4110,91.9782,146.5563
279.1729,104.6327,86.9205,159.2091
267.7767,97.9172,82.8747,172.6401
269.1537,92.1679,80.1207,184.1386
267.9221,80.7262,78.5038,194.7814
273.6017,88.7402,79.7601,199.7795
270.8509,86.6682,80.9623,203.9235
270.4883,82.5452,81.6874,207.7888
267.7375,85.0547,82.7398,211.6683
269.3545,81.6280,84.0296,213.9977
272.9569,83.6194,85.9856,214.5955
257.8829,83.3064,88.3899,215.2214
254.5067,85.5246,90.4664,215.4609
255.5757,85.3951,93.0445,215.7198
251.6355,80.8498,96.1595,215.2793
252.4968,80.6515,99.2508,215.6759
256.0789,80.9884,101.8346,215.0021
253.3773,78.7008,102.3286,214.6680
253.0842,76.7896,102.9147,213.5773
260.8975,74.2222,102.0103,213.8048
275.5045,72.6261,102.1658,212.1021
276.3557,72.6542,100.4634,212.0459
279.8246,75.7989,98.3681,210.5988
289.1710,76.6905,98.8141,208.8156
291.3502,77.1233,99.2222,207.9499
293.5235,77.5495,99.6365,207.0976
292.2723,87.2400,102.1390,201.9839
291.1347,89.4756,104.4141,197.5127
286.8821,87.9538,103.5235,195.8583
277.7651,76.3118,98.4661,200.5093
281.7461,74.5570,95.1433,204.0189
269.9320,55.0776,90.9762,210.5498
258.5763,57.0141,90.4167,211.3310
261.2197,54.1688,89.7855,212.3659
2
0
0
0
0
1
375.1925,84.1914,96.4472,178.0572
381.1948,87.6596,101.5423,171.1208
384.5762,89.2626,103.2971,167.9149
395.8213,92.3272,102.0100,170.2669
395.7292,92.2609,102.1942,170.3995
395.3835,95.3300,102.8857,168.5204
400.4907,96.8707,101.1568,169.6817
400.7965,99.1819,100.5452,169.2902
398.1472,100.7227,101.6290,166.2085
394.7918,104.7725,104.1526,162.2963
396.2293,108.1170,105.4487,159.7782
405.8098,111.9312,107.0619,156.3045
401.4842,115.0935,107.4543,154.1094
409.5029,118.0746,107.8276,152.2498
382.5839,113.1682,104.5353,153.9012
385.6402,113.8272,98.4227,156.6344
386.5714,112.6903,92.5700,158.9083
387.7172,110.4780,86.3525,163.3329
390.1434,106.2503,81.5002,167.9032
392.0484,104.3711,77.6901,171.6616
395.0219,101.1280,75.5997,174.2914
393.9510,98.2066,73.8837,176.2764
394.3091,96.0413,73.1675,176.7509
393.2875,95.1922,71.3604,178.4490
392.7441,86.8953,68.6047,183.5150
393.7869,85.3768,66.5189,186.5520
394.1301,86.6626,65.8325,187.8520
392.0029,87.4137,66.2091,186.3498
392.0661,87.6848,66.0827,185.8077
391.5529,88.4869,67.1092,184.2035
388.8314,93.8032,68.7034,181.2685
388.0362,95.9284,70.2938,177.0182
387.5863,99.2187,71.1937,174.2403
383.9791,97.4726,70.8501,173.9537
384.4150,97.4773,69.9783,173.9443
385.2282,96.6984,68.3519,175.5020
385.0317,92.7154,64.9984,179.7216
384.4804,91.4462,62.3546,182.2600
383.5288,92.4497,60.5230,183.9878
381.1829,97.4068,61.4891,181.5252
380.6103,99.0570,62.6343,178.2248
377.9543,101.8797,64.2640,176.2616
374.9594,104.9282,66.5702,173.8483
374.3492,105.2358,67.7904,173.2332
373.5203,108.6545,69.4484,170.0994
375.7211,110.7261,68.7348,169.6446
375.8723,111.4738,68.4325,168.1490
375.4144,115.0888,69.3483,164.5610
373.6957,117.9017,72.7858,158.9353
372.4147,119.9779,75.3476,154.7830
370.0429,121.2942,76.5216,152.1503
369.1685,119.6189,74.7188,151.9494
369.9585,119.5958,73.1388,151.9955
370.4483,118.1646,72.1592,151.3673
368.3625,117.3638,69.4019,152.9690
369.3793,117.2560,67.3685,153.1846
368.3090,117.5487,66.1021,152.5990
367.7419,114.8523,63.8603,154.6159
368.6228,114.1186,62.0983,156.0832
368.9698,113.6143,61.4044,157.0919
366.3970,114.1134,63.1925,156.0936
365.6446,114.3200,64.6975,155.6804
362.3959,115.8115,67.7990,152.6975
352.8556,121.9981,69.8426,150.5465
348.6290,122.7951,71.4717,148.9526
348.2176,124.5239,72.2945,145.4949
336.5099,128.7124,75.4240,140.4988
340.0884,129.4666,74.9900,138.9905
333.5918,132.3581,74.6558,136.5393
332.3160,137.0897,73.9173,133.6562
332.9446,137.7582,72.6601,132.3191
329.9942,138.5108,72.1736,130.8141
320.4288,143.8066,72.3256,129.7117
318.3423,141.7241,73.3491,127.5779
311.8177,151.9338,73.8574,125.9702
306.1958,152.0884,72.6211,125.6609
305.0938,158.4907,71.7305,125.2343
303.9112,151.9823,71.0227,125.9588
300.9572,152.2537,67.7153,131.5595
300.5220,147.0880,65.4881,135.6957
301.6099,138.5645,63.3124,140.2640
303.6880,121.8106,62.3043,142.2903
307.4819,122.0938,61.0361,144.8838
299.1864,130.9151,61.7525,146.2907
297.3316,147.6638,62.2542,148.0807
295.2387,142.4100,63.1973,148.8602
295.2512,135.7097,63.1724,152.4487
296.9501,122.7511,63.0966,155.1116
296.7392,128.5015,63.5184,157.0473
300.1099,120.6654,63.5660,159.1414
301.7377,108.2747,63.7359,159.9443
301.4710,109.9182,64.2693,160.0973
304.6967,110.0017,64.7214,159.9303
303.7215,113.3565,66.6720,160.1357
303.1049,116.3760,67.9051,161.0869
300.5466,123.0340,69.4909,161.8939
307.1089,114.4901,70.6483,161.1294
308.8076,115.3978,70.8307,162.8938
291.2874,127.2984,73.3935,164.3528
299.9816,130.6783,74.3798,164.9429
297.4918,133.7147,75.6585,166.2715
303.0528,127.1970,75.7641,168.0795
297.5467,136.9615,79.2349,167.4035
288.7536,144.8462,85.3567,163.0988
