1
273.2445,131.1276,90.7844,63.0014
272.8716,134.2367,96.7952,61.6795
270.5865,136.2835,101.7352,61.1477
270.7452,138.7627,105.8651,60.0168
271.6348,141.1740,109.2177,59.2458
273.8922,140.5298,111.8683,59.3680
276.0089,145.9885,111.9508,59.4097
279.4689,147.5229,112.2211,59.5519
277.3836,147.0237,112.4111,60.2133
282.5241,148.8738,111.8910,60.4835
284.2054,148.0005,111.5082,60.5665
283.6384,145.2660,112.8851,60.7752
285.8537,150.4913,113.4734,60.6050
288.9903,148.3343,114.3145,62.2131
294.0468,151.6182,114.7859,61.9955
297.4473,149.0316,115.8347,62.5223
301.9338,154.6894,116.5370,62.2324
305.5230,155.6812,116.3842,62.1946
310.2532,156.8431,115.2052,62.3182
317.8047,158.2501,114.6640,62.1519
318.9358,160.1916,114.8759,62.1109
321.0281,162.9142,115.2363,62.4064
323.2494,156.4558,115.8439,63.2128
320.5978,161.8535,115.7673,62.7386
313.6053,163.5843,114.7798,62.0484
308.4010,157.4678,113.3122,62.1705
309.5018,162.5673,113.0396,61.1962
295.8701,156.4213,112.6730,60.1389
304.1244,162.9218,114.2432,58.0266
309.3855,167.2026,113.3747,55.8818
313.8447,171.3441,111.4282,55.2133
332.9547,155.6533,108.4525,57.5554
344.5316,148.9646,107.9119,60.0271
346.1079,152.1340,107.4971,62.2373
346.7201,150.3351,107.3276,63.4069
346.8734,150.8755,107.1391,63.6692
349.6897,155.0896,107.3045,63.1887
353.1064,154.8253,105.6229,63.7741
357.3833,154.9110,103.4862,65.0548
356.1207,152.9166,103.6887,66.0268
360.0969,159.0743,102.7230,66.7014
360.5619,158.1380,102.6495,66.7441
362.5015,160.7894,102.0553,66.4153
361.7785,162.1841,100.9325,66.2662
360.6512,160.6046,100.6155,65.7593
363.7242,163.6265,100.5196,65.7659
365.2659,166.3520,100.2862,65.9865
366.3882,167.7343,99.9576,66.1580
369.2237,168.3925,98.9721,66.7481
370.6706,169.9126,98.6814,67.3933
369.6778,169.0815,98.7455,67.0021
371.5251,171.9896,99.0758,66.6170
369.3220,174.1335,100.5354,65.7423
370.0158,170.8139,101.4593,66.1829
373.5742,171.8233,100.6145,65.8623
372.1629,170.3543,100.3238,65.3262
373.0043,170.9934,99.4291,64.4289
373.5325,168.1217,96.8012,64.2520
375.5026,167.2923,94.5465,63.4275
377.4625,166.5274,90.6893,63.0676
377.7759,165.5355,87.3223,61.7052
375.0387,165.0993,85.2803,59.6623
373.4044,163.8513,83.9198,57.8215
374.1303,163.5124,81.2433,56.3201
369.2584,160.8968,80.0989,54.6794
365.3252,158.1516,79.2196,52.9418
360.4988,156.6022,78.9564,51.4953
358.3392,152.0922,76.6907,52.2864
353.8264,152.5171,75.8809,50.9925
355.6585,153.0947,73.4774,49.6087
357.6226,153.2386,70.4187,49.0654
357.5241,152.9270,66.9702,48.2659
355.7012,152.3272,62.8798,48.1637
353.2698,152.8153,59.3184,48.5646
351.3392,151.2107,56.5776,49.2534
348.3463,150.2194,54.5831,49.9021
345.1565,147.8022,52.8326,51.2171
342.5566,145.7514,51.4864,53.1014
340.3391,143.7927,50.8145,54.8376
336.6684,140.4776,49.2057,58.2142
340.5063,126.4845,47.1284,60.5488
343.0644,120.4387,45.8683,61.1452
344.8409,124.1665,43.4402,63.0756
343.3829,124.7204,41.7365,64.1070
341.5954,125.8002,39.5792,64.4357
336.2239,126.4000,38.2791,64.2420
329.2260,125.6065,39.4153,63.4473
329.9471,120.0081,38.4685,62.7462
331.8434,113.0353,37.9051,61.7874
339.3179,113.0669,36.0727,60.9498
339.5573,110.1013,34.4358,60.8640
334.9174,111.6464,33.4880,59.0463
331.6673,114.3604,33.1573,57.7887
334.0513,111.8471,31.6186,57.5645
331.6683,114.0704,31.5651,56.5461
334.4871,115.2461,31.2232,54.8451
332.9171,117.2612,30.9388,53.5860
331.7659,121.2806,30.3694,53.4402
330.6553,120.7800,30.3983,53.0223
329.7796,121.4084,30.5962,52.5053
328.2616,123.2053,30.7834,52.2893
326.8306,125.7725,31.4035,52.2258
325.3669,126.9869,31.9042,52.1811
324.3640,124.5320,33.0161,50.6959
323.4306,127.6777,33.2847,50.2766
322.9073,127.2238,33.6104,50.2727
321.7126,125.9102,34.0183,49.0617
324.8618,126.5347,34.1169,47.7894
325.1584,131.1270,34.9808,46.7599
331.8011,130.9123,35.2147,46.6526
332.1438,129.5161,35.2849,47.1555
329.1756,130.7980,34.3955,47.6931
329.9026,130.7138,34.3007,47.8663
328.0070,131.2320,32.8249,48.7258
325.2277,129.2278,31.8086,48.9487
323.4355,129.5413,31.7933,48.9058
321.8734,129.8609,31.9186,48.7282
323.9740,128.6786,31.5498,48.2789
321.6937,128.4530,32.1294,47.9630
324.8317,129.4422,31.3587,48.4498
323.2432,131.4560,31.8019,47.5174
322.2516,132.9516,31.7698,47.4376
322.2580,134.4431,32.0208,47.5610
326.7124,132.2457,31.5735,48.7927
326.8727,131.4551,31.7923,49.9451
329.3704,131.1225,32.1062,49.8563
328.3294,133.5560,32.8220,50.7182
327.6333,134.0296,34.9456,50.5476
326.3040,134.6901,37.1528,49.9705
325.0008,135.4597,39.7009,48.8054
323.0957,134.9234,42.8949,46.8267
321.5811,134.7013,46.3026,43.4936
320.5102,135.5346,48.9331,41.2586
320.7631,135.8768,51.3430,39.1202
320.2892,136.6535,53.5767,37.1544
319.5906,139.0777,55.7141,36.2046
320.2185,137.1830,57.9877,34.9938
320.2296,137.1155,58.9550,34.5498
318.3854,136.9411,60.1142,33.9399
317.3459,136.1040,60.8142,33.5496
313.9240,136.4214,62.8693,32.7601
310.9617,136.0052,64.4355,32.0620
309.7497,135.0978,65.2957,31.2461
308.3422,134.0559,66.1753,30.3527
308.3886,133.3835,65.6288,30.2713
310.1257,135.5926,65.0532,30.2616
307.7279,135.6900,64.6085,30.5537
305.8153,136.5546,64.1821,30.8776
308.0378,137.1086,63.1709,30.6718
309.0054,134.6586,62.3676,30.5648
310.1127,136.1512,61.2543,30.4563
311.3977,135.8369,60.4798,31.1463
312.2454,135.7643,60.4248,31.4760
312.9945,136.2927,59.8761,32.2921
312.3033,137.9105,60.4715,32.4159
312.1258,137.4419,60.7015,33.0337
309.6146,139.7194,61.6542,32.4633
310.4879,139.0959,61.4859,32.3099
307.6682,139.2868,61.0519,32.6382
306.3183,138.6358,61.7685,32.6416
304.9623,138.5598,62.5599,33.3970
301.3446,138.4072,63.9417,33.5642
302.3298,137.8804,65.5048,33.9029
304.6073,139.7587,65.9442,34.7875
307.9079,138.9836,65.1417,35.0185
308.8098,137.5882,67.8686,32.7623
304.8535,136.6825,68.2966,32.3581
305.3917,135.0314,67.7634,32.8432
308.8169,132.8674,66.8039,33.9605
280.9905,139.0569,66.1033,33.7628
267.0056,141.8946,65.0162,33.9249
263.6898,140.5042,65.2127,34.3226
267.6193,137.5469,64.3596,35.8399
264.4050,136.8905,63.0796,37.4745
2
0
0
0
0
1
363.8312,119.6157,65.4284,24.4349
362.7325,118.1914,67.2412,24.8993
362.5330,117.7812,70.0217,24.6073
370.4697,115.4448,71.5493,24.5109
370.5814,113.8250,71.9013,24.7239
368.8716,113.0159,73.1523,25.1805
369.2223,110.9714,75.8350,25.5821
372.9310,109.3092,77.3984,25.6814
376.7823,107.7744,78.5197,26.3813
382.8659,106.6836,77.7325,26.3300
385.4096,104.2987,76.8739,26.0912
387.1053,102.8357,76.4564,25.8663
390.3461,101.4707,76.3790,25.8145
393.6280,100.9419,77.1959,25.5335
398.7160,100.4497,76.6248,25.7785
398.4953,99.5030,77.4242,25.5017
398.0724,97.7399,79.1287,25.5135
400.7889,96.5606,79.4420,25.7015
404.0671,93.5307,79.1532,26.2327
402.6303,95.8800,79.0139,26.6636
399.8099,98.2819,79.3183,26.9607
398.4512,98.9967,80.7188,27.1809
397.1387,99.9169,82.2014,27.7951
392.0475,100.4318,83.6021,28.4373
394.0226,99.5318,84.3302,30.3932
392.5573,94.3440,82.6911,34.4724
392.1238,95.2369,83.3654,36.0348
388.3917,96.2246,84.6744,37.6601
385.9625,97.7430,87.0186,38.6170
382.7747,97.7251,89.0413,38.7539
378.6137,98.1546,91.4277,38.0289
375.1881,97.9009,93.2180,38.2705
373.1714,99.8081,95.7778,37.6905
365.3499,100.3229,96.8468,37.7866
384.4892,106.0729,97.1140,38.2108
392.6167,107.6183,94.7414,39.6482
400.5326,108.6334,90.8627,41.9010
404.9814,111.3073,85.9414,43.3345
407.1983,110.9882,83.8102,44.6061
408.5889,111.6652,83.0442,44.3911
410.9514,111.1369,82.1224,44.5471
411.3259,111.8966,80.2903,45.8112
413.5216,110.9113,79.2886,47.1681
413.5591,114.7657,78.2969,47.4051
414.6479,114.5884,79.2075,46.8954
415.3219,114.6861,79.4893,46.8452
417.7594,115.2590,78.6323,47.0690
422.1839,116.5568,77.6208,47.4087
422.3392,117.1785,77.5583,47.3827
423.2720,117.7621,78.2934,46.2282
421.9960,118.7913,79.9076,44.5003
424.5601,120.7969,79.0434,44.1031
422.2443,120.0774,79.4945,43.2853
422.6682,118.3470,79.8851,42.8338
422.2012,116.8957,79.3602,42.6930
423.6353,114.0207,78.9685,43.1582
424.4796,115.3418,77.1747,43.7355
426.1657,120.3439,75.3328,43.5844
424.9532,124.2057,73.9519,43.3736
424.1359,122.3823,73.3650,43.1608
423.1560,125.8352,72.7923,43.3379
424.5511,123.6686,70.9444,44.0753
429.7027,125.1751,67.4113,46.5479
430.1002,125.9333,64.9159,48.2440
430.6567,127.2030,62.4746,51.1045
429.2562,129.3257,61.2717,53.1647
430.3091,129.7615,58.4101,56.4033
431.3451,128.7233,55.2864,60.0800
434.1450,135.8163,52.6691,60.5607
436.3924,143.2801,50.0259,61.9592
437.0692,147.6831,47.0724,64.8141
439.4651,146.8192,44.8583,66.6991
445.2326,180.8916,41.9683,70.1792
444.8528,181.1844,41.1025,70.9073
441.2284,181.2026,41.6797,67.9678
437.1183,182.0715,42.7120,64.1752
433.5928,190.2419,44.5073,60.4906
427.6681,190.4723,45.5004,59.0090
421.2208,185.9144,46.7186,55.1817
418.6765,184.9818,48.0092,52.1977
414.7773,181.9571,50.7128,48.7157
411.1201,179.3592,53.3778,44.7968
409.6745,178.0560,55.9818,41.7310
408.3337,177.8975,59.4581,39.0726
405.1428,176.4695,62.0303,36.9686
402.3177,175.4542,64.4297,35.5492
398.4665,174.7341,66.6514,34.5142
395.3850,172.3880,68.8833,33.0067
391.4653,171.0450,70.8534,32.1059
387.2176,170.3195,72.2618,31.5370
384.7216,169.0669,72.8506,31.3986
381.5407,168.5430,72.9245,31.2374
377.8953,167.3726,72.7519,31.3366
373.6814,165.4911,70.0205,32.1248
372.6942,165.1317,68.8925,31.7846
371.3516,164.5269,68.5956,31.7002
368.6141,162.3732,68.7584,32.1344
366.7395,161.7798,69.3224,32.1474
365.2923,160.8006,70.6379,32.1303
362.2375,159.9963,72.2411,31.8108
360.2776,159.3119,73.0003,32.0548
356.6459,160.9993,73.8358,31.4019
349.8714,160.2969,72.7918,31.5904
350.0424,161.1683,71.9437,31.4213
349.3808,160.4808,72.3849,31.4070
2
0
0
0
0
1
394.1193,179.3834,46.6079,65.5699
392.8999,176.0728,43.2486,72.7408
389.5294,177.4981,41.6929,77.7089
387.1165,175.6169,42.1895,79.4933
388.7939,176.4672,42.7875,80.4743
390.5335,177.5941,43.0790,81.8461
390.7587,178.9172,42.9505,82.8305
388.8844,180.9395,43.6738,82.7051
376.2201,183.7619,47.0843,80.8436
380.9960,187.2866,48.9305,79.2040
389.4018,185.4104,48.5381,79.9949
373.0326,186.2233,52.4275,78.5171
367.3486,189.0972,56.6794,76.3130
363.7975,184.4472,59.6290,74.9830
364.1205,181.6342,61.4114,72.8390
361.7006,176.3881,63.9442,69.1399
361.3047,176.5465,65.5987,68.5511
356.2325,176.8056,66.6385,69.5615
