1
539.5397,203.4343,22.8769,21.4955
532.5225,206.7969,23.6361,21.0584
534.1783,217.3278,24.5458,21.1035
530.2930,223.7351,25.1328,21.2196
527.8970,230.1554,25.5489,21.5065
527.3199,238.1015,25.9627,21.9020
526.7997,243.5683,26.2499,22.2648
528.8394,249.8850,26.7508,22.6087
530.2215,253.9264,27.0931,23.0688
532.8724,256.5762,27.3165,23.2945
538.0004,256.8757,27.4137,23.4918
549.0881,262.0002,27.6680,23.6567
555.4957,261.9022,27.7753,23.8527
563.9865,265.3798,27.8551,24.2096
576.1627,268.1077,28.0851,24.4896
586.8608,269.2899,28.2030,24.6076
598.8460,270.4691,28.3368,24.7428
608.3501,271.3265,28.5432,24.6989
617.1213,273.1135,28.5969,24.4765
626.2545,275.9113,28.7043,23.8918
634.9201,279.1107,28.7489,23.2851
642.2114,281.1387,28.8959,22.5022
649.3972,283.6496,29.8735,21.5196
655.2780,284.0795,30.2119,20.6599
657.4959,284.7003,29.7639,20.2160
662.1135,284.7915,29.1470,20.0335
665.0303,285.0616,29.4827,19.4934
674.1935,286.9842,29.5705,18.7172
679.0434,286.9438,29.6938,18.0422
681.7857,286.8114,29.4320,17.5609
685.2352,286.3253,29.1402,17.0649
690.0607,285.0817,28.8675,16.6666
692.7267,283.8357,28.5096,16.3162
695.6486,281.1287,28.2606,16.1352
699.3334,278.7234,27.8170,16.0977
705.7663,275.0068,27.2881,15.9916
711.5046,270.9196,26.6235,16.0570
717.8913,266.7919,25.8554,16.3089
727.8188,261.7753,25.1327,16.4461
736.2365,256.8456,24.5773,16.5375
744.7983,252.7150,24.2076,16.4218
755.0077,248.2942,24.1691,16.3469
767.7084,243.9132,24.1705,16.2179
780.8615,238.7230,23.8152,16.4712
795.5638,233.5404,23.4729,16.7278
808.9346,230.5981,23.2271,16.9347
825.4142,225.5361,23.0550,16.9704
841.4927,221.0941,22.9516,17.0554
857.6219,218.5561,22.7372,17.1049
873.3664,214.2430,22.5416,16.9688
887.3394,210.9956,22.5254,16.6364
903.3359,206.4807,22.5111,16.4415
918.0455,201.9987,22.4469,16.2322
933.8928,197.1672,22.3242,16.1808
947.9255,191.8140,22.0633,16.0071
961.4664,184.7413,21.8749,15.8093
973.7326,176.5015,21.5952,15.7262
985.0480,171.8335,21.2292,15.6874
996.8387,167.2422,20.8368,15.5946
1008.1454,164.6850,20.5404,15.5589
1020.4778,162.1830,20.2626,15.4587
1031.2493,160.8058,20.0479,15.4067
1041.9583,160.7927,19.8015,15.4329
1050.6572,166.6121,19.5713,15.4239
1058.4476,172.8560,19.3944,15.5892
1064.5663,172.8105,19.2594,15.6803
1069.0955,168.1006,18.9932,15.7585
1073.5703,160.1144,18.7903,15.8771
1077.2368,151.0458,18.5485,16.0142
1079.2115,144.2020,18.4065,16.1035
1081.6951,138.1817,18.3279,16.1946
1083.8599,133.5199,18.3454,16.2804
1086.1166,127.2262,18.1925,16.3317
1087.2478,122.8452,18.1038,16.3978
1089.1427,119.2825,18.1162,16.4620
1091.5764,117.1071,18.1483,16.4579
1093.5288,114.6662,18.0572,16.4362
1095.6698,107.1306,18.1196,16.3020
1097.2642,96.8698,18.1822,16.2320
1098.6442,83.6123,18.1308,16.2020
1099.7279,76.8350,18.1254,16.2450
1104.3329,74.3976,18.1134,16.2502
1108.6887,69.5007,18.0572,16.3067
1112.9921,61.6586,18.1063,16.3022
1119.2253,55.6821,18.0982,16.3383
1125.4895,51.5817,18.0390,16.4073
1130.3986,49.6480,17.9824,16.4784
1136.3560,46.5932,18.0040,16.6199
1142.5951,43.0083,18.0642,16.7026
1148.6490,42.1746,17.9991,16.7280
1154.8779,41.8576,18.1175,16.8152
1161.3645,39.5792,18.3450,16.9716
1166.1013,37.6290,18.3245,16.9797
1171.9800,35.9368,18.2404,17.0288
1178.7250,37.6004,18.0785,17.0338
1185.6592,38.5227,18.0323,16.8478
1192.0055,43.0157,17.9717,16.6491
1199.7416,47.1736,17.7626,16.5101
1205.9098,53.5148,17.8378,16.2393
1211.2219,65.9734,17.9435,16.0010
1217.0135,80.5134,18.1158,15.7755
1222.5389,95.0523,18.2665,15.5015
1228.0125,109.8411,18.4774,15.1473
1234.7129,126.6779,18.8272,14.7925
1237.4321,143.4966,19.2022,14.4501
1242.5375,157.9394,19.5640,14.1108
1244.7848,174.7547,19.8267,13.7802
1248.0795,188.8952,20.0894,13.4353
1251.0480,205.5973,20.4567,13.1275
1254.1188,222.1097,20.6236,13.2237
2
0
0
0
0
1
1252.1111,311.0597,17.3034,6.5745
1247.4204,314.6972,17.1579,6.6278
1244.9191,317.2094,17.0466,6.7174
1239.8350,320.0963,16.9866,6.7882
1234.4125,325.5349,16.8608,6.8817
1226.2355,330.7890,16.7650,6.9744
1218.0579,338.2592,16.6586,7.0324
1210.2556,346.2670,16.5549,7.0904
1201.3490,354.7792,16.4915,7.2130
1192.9775,366.2440,16.3947,7.3465
1184.2173,375.1821,16.2980,7.4545
1176.1807,383.4058,16.2005,7.5453
1167.5708,392.7491,16.1390,7.6109
1158.9583,402.8077,16.0711,7.7301
1149.7527,414.3714,16.0310,7.8512
1139.7572,425.9706,16.0126,7.9969
1131.2231,437.6426,15.9319,8.1391
1123.7793,443.7539,15.8569,8.2611
1119.6963,447.6335,15.7713,8.3783
1113.8910,451.9072,15.7312,8.4750
1108.6624,456.1944,15.6354,8.5692
1103.9658,461.0276,15.6012,8.7071
1099.7938,464.0295,15.6086,8.7664
1095.6594,467.7529,15.5160,8.9208
1094.1902,469.2280,15.4041,9.0210
1091.3389,467.6381,15.3863,9.1501
1090.1705,464.3588,15.4236,9.1931
1089.0352,461.4143,15.3870,9.3139
1094.3154,461.5449,15.2495,9.4387
1092.8175,458.1960,15.1566,9.5731
1090.8827,455.4228,15.1568,9.7021
1088.8512,455.0303,15.3286,9.7089
1082.9757,454.8003,15.3255,9.7770
1078.2864,453.0289,15.2746,9.7838
1073.9525,450.2758,15.3131,9.7985
1067.5256,451.2121,15.1955,9.8912
1060.2666,451.7756,15.1781,9.9428
1054.8176,451.5284,15.0594,10.0437
1049.3737,449.6855,14.9337,10.1895
1044.0901,449.2474,14.8662,10.2778
1039.0017,447.4474,14.7907,10.3291
1034.3147,445.8529,14.7082,10.3659
1029.9869,439.3737,14.7092,10.3425
1025.6290,435.9117,14.7787,10.1924
1017.9520,431.6139,14.8611,10.1731
1014.5854,428.8663,14.9214,10.1732
1010.0107,428.0972,15.0222,10.1377
1004.6699,423.9808,15.0565,10.0892
1001.6569,423.6234,15.1716,10.0158
995.4837,423.6475,15.2863,9.9678
991.1649,423.8217,15.2231,10.0147
986.8368,423.8084,15.1822,10.0414
982.8676,424.8131,15.2176,10.0078
978.0823,424.6535,15.3050,9.9319
974.6957,423.2870,15.3604,9.8985
971.2827,421.9300,15.4637,9.8445
966.0410,417.5876,15.6488,9.8154
964.1967,414.4467,15.7521,9.7231
956.6610,409.3322,16.0839,9.5947
958.0286,406.3492,16.1567,9.5435
950.8908,400.3886,16.3845,9.4238
953.2914,397.1888,16.4160,9.3800
953.6458,390.4063,16.5122,9.2618
945.0665,384.4144,16.7928,9.1900
940.1250,374.9055,16.9612,9.1834
935.9533,368.4346,17.1616,9.0965
933.7168,366.7647,17.1400,9.1674
930.7216,361.3654,16.9878,9.3190
936.5272,356.9249,17.2623,9.1831
932.7261,352.9587,17.0446,9.2955
929.6940,351.2562,16.9544,9.4181
926.2746,351.7024,17.2164,9.3480
923.8370,351.9409,17.5406,9.2846
923.0893,349.4288,17.7839,9.2999
916.8239,343.0390,17.6770,9.4420
911.8406,337.3949,17.9348,9.3329
907.9154,333.4171,18.1527,9.2318
903.9246,331.6444,18.0499,9.3732
899.8740,328.8973,18.0491,9.3239
894.1716,327.8169,17.9637,9.3569
888.5233,327.7605,17.7887,9.4698
884.4476,327.7721,17.8795,9.4465
878.7084,328.4240,17.8782,9.4184
872.2149,330.2917,17.7002,9.5049
864.6688,331.5388,17.5450,9.5520
858.4070,331.6990,17.4069,9.6537
851.5399,331.4251,17.2230,9.7797
844.4817,329.6841,17.0194,9.8923
837.4377,328.3562,16.8247,10.0277
829.9408,328.3675,16.7176,10.0051
821.0508,331.2487,16.5453,10.0877
813.6061,334.5471,16.4471,10.1519
807.1743,337.8718,16.4166,10.1575
800.1212,340.7834,16.3932,10.1524
793.1362,341.3734,16.2484,10.2178
786.7482,341.5711,16.1880,10.2366
779.9344,340.5552,16.1705,10.2008
773.9778,338.9062,16.1175,10.1979
767.5801,335.2342,16.1476,10.1298
760.9962,330.5027,16.1604,10.1375
753.4655,325.5388,15.9993,10.1914
748.5441,319.5980,16.0043,10.1857
746.2911,313.2374,16.0014,10.2003
738.9119,305.2544,15.9968,10.1728
736.8196,297.8703,16.0857,10.1968
734.6010,291.4658,15.9986,10.2558
728.0785,284.0383,15.8925,10.3156
722.5698,277.6641,15.8296,10.3422
719.1506,272.9397,15.7000,10.3636
714.3106,267.3820,15.5808,10.4553
709.8837,263.2397,15.4581,10.5791
705.6390,259.2748,15.3747,10.7526
703.8707,256.3173,15.2227,10.9299
700.4705,252.9444,15.0451,11.1083
698.6686,249.9734,14.9528,11.3005
694.6048,246.8243,14.8316,11.4121
690.9725,244.2776,14.6729,11.5567
688.7371,242.1379,14.6078,11.7126
684.8141,239.5979,14.5904,11.8262
680.9044,237.6253,14.5164,12.0325
677.7737,235.2295,14.5134,12.2301
674.0297,233.2394,14.4275,12.4233
668.7419,232.1030,14.4390,12.5834
665.4504,229.1607,14.6426,12.5138
659.6451,227.4291,14.7154,12.5583
654.0067,225.2440,14.8338,12.6369
651.1705,223.4810,14.8867,12.7047
651.9452,223.4931,15.0740,12.6805
649.2757,220.4155,15.1729,12.7223
2
0
0
0
0
1
576.1986,212.8760,18.4684,18.3223
568.3140,212.5159,18.5944,18.4630
559.6754,212.6715,18.9478,18.1519
551.0280,211.9046,19.3005,17.9331
544.1482,211.6740,19.5761,17.8080
537.9136,211.4541,19.6854,17.6592
531.2437,214.0158,19.5040,17.8268
525.7283,213.3715,19.3678,17.9400
520.3615,214.0452,19.5279,17.7674
515.6421,214.3713,19.5719,17.7023
510.4703,214.3006,19.3530,17.8437
504.4188,216.0336,19.1572,17.8916
502.4033,216.3392,19.1047,17.8639
498.7629,215.9510,18.8181,18.0582
492.2850,219.9893,18.9986,18.1113
489.6925,215.4757,18.9244,18.3730
487.1559,219.8444,18.7113,18.4457
483.1172,220.8845,18.5967,18.7061
482.5436,225.9088,18.5691,18.6441
486.4144,226.6581,19.0319,18.3177
475.3138,230.9309,18.8831,18.5943
473.6252,236.0469,19.3095,18.3957
470.0269,238.7245,19.3811,18.3841
468.3265,241.5127,19.2139,18.7545
469.1481,245.0858,19.3645,18.7832
465.0198,249.2021,19.2108,18.9609
462.7810,251.8967,19.4806,18.9818
461.8177,256.3676,19.5900,19.1254
462.2892,259.0608,19.8664,19.2261
460.2621,260.5540,20.2268,19.3178
460.1813,262.6562,20.3886,19.4723
459.7839,264.4778,20.5557,19.5952
459.7308,268.1519,20.6619,19.8341
458.2784,271.6927,21.0158,19.7673
458.6741,275.0240,21.5087,19.5263
459.5097,279.9195,21.7758,19.4259
461.1815,282.4201,21.6750,19.6133
461.6488,286.9766,22.0405,19.6005
464.2102,287.5106,22.1615,19.8435
464.9475,290.2469,22.6706,19.6608
466.1239,293.0242,22.9826,19.4359
467.4008,295.8416,23.0985,19.1405
470.3552,299.2713,23.1698,18.9256
472.2107,301.7704,23.4313,18.5618
472.9522,302.7192,23.2686,18.6449
474.6629,303.0996,23.1424,18.5432
474.8430,307.3546,23.4378,18.5541
474.9792,309.8351,23.8254,18.2143
478.0810,321.7627,23.5671,18.8003
483.3909,320.4428,23.6057,18.7754
479.2347,318.4136,23.9221,18.8359
473.0586,326.3422,24.1752,19.1104
477.9981,319.8481,24.5038,19.1693
485.2074,313.2879,25.1878,19.2464
2
0
0
0
0
1
456.0014,323.2114,18.8486,17.0971
452.5893,324.7672,19.4479,16.8150
450.2724,326.4776,19.5160,16.8182
448.3020,328.5305,19.4542,16.7150
445.7563,329.4751,19.4231,16.5335
443.8946,329.2125,19.1860,16.4928
442.4260,330.7084,19.3158,16.3083
442.4008,330.5563,19.3661,16.0521
441.6232,329.5353,19.2498,15.8653
440.7783,331.2725,19.2827,15.7052
441.2623,331.1096,19.4152,15.4808
443.4082,333.1712,19.5128,15.1981
443.3869,333.2653,19.5553,15.0101
446.7464,333.4868,19.3542,15.1102
448.7041,335.3684,19.2308,15.1389
449.3221,335.3682,19.0754,15.1393
449.6813,335.3603,18.8950,15.1551
449.4988,335.8658,18.7245,15.2150
449.4449,336.7440,18.8324,15.0598
447.8280,338.1231,18.8687,14.9662
446.4478,340.2303,18.9694,15.0074
443.5958,340.2208,18.7976,15.0264
438.4658,340.8223,18.9527,14.8871
431.0223,341.3854,18.9452,14.8247
427.6072,341.3560,18.8748,14.8835
418.7564,341.4104,19.0633,14.7748
415.8875,339.3026,18.9512,14.7359
407.1756,338.6567,18.9027,14.9687
405.8618,334.8666,18.8677,15.0939
400.3131,330.9815,18.7512,15.3880
392.9936,325.9335,18.8920,15.2814
387.3895,321.9476,18.8144,15.1921
376.1751,322.9065,18.7825,15.4134
376.1461,316.2883,18.8406,15.2032
371.5774,312.8739,18.8769,15.0723
368.1845,309.6987,18.7234,15.0172
365.0139,307.3836,18.6981,14.8725
361.0523,305.0006,18.7041,14.8882
360.8882,301.5216,18.5041,14.9801
358.8522,297.8626,18.3634,14.9261
357.8393,296.0576,18.2951,14.8713
355.2714,294.2866,18.2149,14.7619
352.9843,291.7718,18.1216,14.6054
