1
622.8258,666.7774,60.1068,26.2196
616.8384,661.2415,62.0005,26.6677
603.9325,657.9691,62.7504,27.5843
581.7302,657.1166,63.4080,27.9542
561.7681,651.1743,62.4277,29.5334
543.0854,643.6022,62.0003,31.2469
529.0728,640.1025,63.0698,31.7039
509.2054,636.4158,64.9005,32.1984
484.4349,630.6976,67.1274,31.3544
462.5170,628.7971,68.3050,31.3387
441.1957,614.1777,67.6809,33.0103
415.0869,592.4194,64.3227,37.4681
401.1409,572.4026,62.0439,39.7859
379.7010,563.4070,62.5491,40.7284
366.0103,548.2434,59.8436,43.7091
337.1754,521.2872,58.4815,46.6079
325.9481,503.0267,57.2582,48.5451
315.8467,497.3267,56.7782,49.3675
296.6841,498.4529,61.5816,44.7768
278.1729,498.1166,66.2547,40.7264
256.7237,503.9583,68.1895,38.1847
232.4585,516.6444,67.6564,38.1782
208.2118,540.7455,65.4581,39.7224
198.9214,553.7706,63.4017,41.2276
191.9829,561.6988,61.2950,43.5751
179.9847,576.4198,58.3618,45.4439
178.7914,586.3574,54.0800,49.5178
184.7116,598.0502,47.7158,55.7973
190.1593,617.1772,44.2826,59.8925
200.5933,643.3336,42.1236,62.5457
209.7433,682.9174,39.2066,66.3039
224.7205,717.1396,39.5421,64.4839
228.9756,725.2527,37.4353,66.3352
236.1534,734.2658,38.6931,65.8481
254.9196,751.4230,39.8697,65.2283
272.3153,772.1606,41.1580,63.1049
285.5103,786.8476,43.2954,61.9908
298.7529,794.6124,44.0335,62.7262
305.7153,799.8272,45.7997,60.6054
315.5526,806.9153,48.5808,58.4370
335.1799,815.5915,52.0517,56.0684
357.8127,824.6448,53.3816,55.8129
373.0421,841.8422,52.3151,57.5566
380.4987,848.6459,49.5300,60.1837
382.5717,848.8527,46.2882,62.5864
383.2054,842.6184,46.5224,62.7364
381.9435,843.5468,47.6226,62.6836
379.1727,846.5974,48.3148,62.5326
379.3904,849.5353,50.5025,60.7340
378.9680,847.8609,48.7312,61.5855
380.3362,851.4618,47.3547,61.6451
382.8645,851.9759,46.4424,60.9082
387.1049,856.3722,47.8426,58.7374
391.1864,864.2584,46.1405,59.0662
392.7083,863.8407,45.0984,57.4819
389.8977,864.8128,45.9688,56.2603
390.3242,867.0107,46.2200,56.0908
386.2262,867.3748,47.7718,53.7352
387.4229,868.5592,48.3273,53.5737
385.5223,869.0258,49.5019,52.3737
380.7711,870.5692,50.6851,51.1605
381.7514,870.8687,49.9533,50.9063
379.7112,871.4683,50.4315,51.3110
384.5482,868.9044,48.8559,51.3391
377.7186,870.1349,50.2871,50.7577
381.8200,874.4062,49.5087,53.0632
383.0379,873.7716,48.4017,52.7139
384.1262,875.3364,46.0847,54.9085
385.5305,874.9497,44.4712,56.1132
386.5417,873.5345,45.5079,55.3286
385.7614,875.1866,44.0145,56.3391
387.3324,874.5717,44.4275,56.8262
389.2263,870.5948,46.2266,54.5851
390.9403,870.2247,46.4133,53.8672
394.7653,868.4859,47.9367,52.6708
392.4828,866.5897,46.9282,51.8100
393.7919,872.0236,44.1353,55.5624
393.3488,872.0792,42.8190,55.9963
394.7258,876.9833,43.6231,55.5061
403.3426,882.2104,49.4055,52.1221
406.8596,885.2383,51.4527,47.9235
409.2491,887.8442,52.4224,44.4951
412.1851,889.1678,55.0930,41.2030
410.7480,891.2546,56.0246,39.7955
409.1615,890.4348,56.8245,38.4509
412.0071,891.1641,55.5055,38.6500
409.5574,895.3702,53.9974,38.7940
401.0576,894.1984,56.8712,36.6155
404.2928,892.3881,56.8481,35.9575
399.7593,893.4684,58.2066,34.7108
399.3891,891.5768,58.7102,34.8631
396.1098,892.3834,58.9400,35.2765
396.8099,893.6328,58.7991,35.3261
399.7509,896.0298,58.0482,36.1594
393.7763,893.8863,59.7672,35.4490
396.2698,892.6874,61.8164,35.9039
396.0124,894.0225,62.4716,35.8168
395.2177,892.9702,62.7010,36.1655
393.4491,886.0584,62.4040,39.5514
391.4886,888.2657,63.4465,39.4894
391.0600,886.5490,64.2502,41.3590
389.8773,890.0370,65.3424,40.2154
391.5199,889.7365,65.4261,40.1465
389.7063,885.4257,65.1062,42.2445
392.8398,889.4370,64.7254,41.2215
392.0435,889.9155,65.3269,40.9540
392.0907,888.9721,66.0239,38.8437
394.9454,889.2189,67.4263,38.3949
396.3843,888.4778,67.8412,38.3953
400.5421,889.2010,70.2085,37.1193
404.4632,890.1396,69.5796,37.1621
406.6136,891.0008,68.7544,36.8449
410.3338,890.6321,67.7221,37.1581
412.5671,891.2747,67.8156,37.5341
413.3251,889.5960,66.2271,37.9841
414.4590,889.7801,66.7130,38.2210
412.5730,886.0405,69.2606,37.1362
411.2998,886.4160,69.9587,36.2456
412.3549,883.1453,72.4790,34.4301
409.5659,884.8331,73.3765,32.5597
409.6372,883.3046,73.6602,30.8751
410.5232,885.6024,73.9475,29.5123
417.1374,885.2997,72.6703,30.0611
433.5411,881.5669,71.2891,31.4852
451.4601,877.2515,70.6560,30.9850
462.0621,873.0953,70.1876,31.1596
471.2557,868.0237,69.0596,30.9744
492.4618,859.3314,69.3603,31.2866
515.4118,858.1092,69.3877,30.7580
538.6551,854.4084,68.5326,32.8317
553.6403,853.3040,68.9479,32.0129
560.7192,853.1692,66.9859,33.2996
562.8799,853.5939,64.7498,34.1020
562.7432,855.1621,62.5263,35.7081
565.4341,855.2939,61.3535,36.2601
565.8386,855.4200,61.2027,35.2846
566.2939,855.4471,62.3570,33.0632
565.8519,856.5284,62.7021,31.4963
566.3353,849.8577,62.5973,31.9916
566.1403,849.4113,63.4878,30.9668
571.2632,847.8138,66.0465,29.6005
571.3297,846.2112,67.0022,29.6149
582.9496,847.4112,67.7470,29.5142
586.1470,850.6316,69.0470,29.0171
591.8071,852.5952,68.1560,28.8084
598.9360,849.9845,65.2898,30.9850
610.0084,847.4998,64.1888,33.0981
611.3763,844.6575,63.4899,34.3517
611.4429,842.9252,63.7275,35.2312
617.5551,836.8079,62.5361,37.1976
622.5216,835.1711,61.7592,38.9469
630.2850,833.1113,62.0315,39.6107
638.2219,831.4110,61.8495,40.5031
644.1248,830.1714,64.1463,39.6459
647.0330,828.0359,63.1784,40.3853
658.2663,824.3822,62.6525,40.5534
668.7166,819.5887,62.3485,40.9622
668.8394,816.9303,61.3834,42.0182
673.0077,813.3842,60.1035,43.6192
678.5704,807.1920,58.9219,45.5147
684.5846,802.4684,59.3792,45.8805
691.4519,803.1841,60.9998,43.7842
695.7755,792.0505,59.2573,46.6440
700.4373,781.7580,58.9514,47.8489
707.1264,762.0942,55.4559,51.7245
716.6933,746.3698,54.7742,51.7074
728.6744,733.5084,53.5096,52.9883
745.0319,710.6852,52.3606,54.3578
759.7487,694.5161,50.7721,56.2524
775.0992,675.0402,53.4642,52.5872
778.7573,667.4701,54.7565,51.1774
778.5779,670.8127,56.0806,47.6855
781.8188,676.9019,58.3821,43.3047
781.3783,678.7115,58.9699,40.0563
781.6311,681.6085,59.5539,37.2418
782.3610,683.2762,58.8506,36.2192
782.5726,684.0416,58.4118,35.0660
780.8705,688.2411,58.5096,33.5108
779.6277,693.4565,58.2287,32.5810
779.7361,695.4296,57.9374,32.6529
779.6506,698.6719,55.2843,34.8068
782.6002,698.7609,53.5051,35.8931
780.5500,702.3633,51.9866,38.0971
778.0521,707.6718,49.4424,41.7392
779.0756,708.3856,45.6988,45.8607
780.6283,709.7238,43.2053,49.9988
782.5140,709.7242,41.7810,52.0961
780.9610,709.5956,39.8270,53.3674
776.2585,709.5917,36.8859,55.9104
772.2889,709.7963,34.8477,58.4227
769.8819,711.1831,32.6509,61.9271
766.0281,709.2949,31.2203,64.5161
753.1132,714.5635,32.2852,66.2045
739.7795,721.1835,36.1598,64.0408
721.6694,728.7779,41.9343,59.1594
703.5552,743.0026,47.4152,54.5729
686.7385,750.5594,50.0795,52.3762
676.7825,757.1688,53.5839,48.0008
675.3968,757.8851,56.2152,45.1059
673.8889,759.9040,57.9544,43.2668
672.9525,751.9236,58.6190,42.3108
674.0747,751.6101,59.3973,40.8571
673.8691,753.0317,60.1263,39.7338
672.8235,754.0717,60.8105,38.8007
665.9184,756.3892,62.5212,36.5731
671.8207,759.6294,61.7894,36.5869
672.1721,760.7062,60.7415,37.0087
673.1306,761.9269,57.2222,41.0451
671.0508,761.1857,53.4883,45.6216
670.8679,760.5684,51.5863,48.1109
669.1184,761.5691,51.9613,48.3428
671.0051,760.6631,52.2644,47.7725
671.0155,761.7927,53.1671,46.6756
666.9603,757.7537,56.7991,42.3382
663.4529,757.5895,59.9165,38.0967
663.5551,758.6107,61.7506,35.0402
666.0846,757.6241,63.2402,33.0426
658.1752,758.2644,64.6961,31.0551
660.7545,754.2170,64.4698,30.2789
661.2605,745.6959,62.5989,33.9680
664.4880,733.0975,57.8313,39.4908
660.6559,724.8317,55.3824,43.2021
659.0859,712.1901,52.7317,47.7144
655.8502,693.6016,50.5247,50.9347
648.8734,685.8420,50.6712,51.7581
644.0995,679.4678,53.2314,49.4033
628.1285,673.0245,56.3307,47.2614
613.2996,665.8555,58.3867,46.4964
594.8766,646.4311,60.6468,44.3784
568.8953,639.1736,64.3936,41.6121
530.6145,634.0886,67.0896,38.2741
490.3525,634.3387,71.1420,35.5321
470.2114,637.5329,69.9547,34.0901
456.9514,641.5152,68.5886,34.8449
425.7030,650.6340,71.2876,33.1998
393.0888,656.9590,73.0623,32.7290
364.2733,667.0051,72.3631,33.0526
344.9271,677.6863,70.5196,33.4672
327.5406,690.8831,65.2240,39.0871
318.5659,712.6292,60.7922,43.2016
306.6908,741.1212,54.9052,49.5788
304.7778,759.3588,51.8297,52.2708
299.5326,786.6444,48.1532,56.0612
304.9720,799.8884,44.1135,59.4049
309.9657,798.2321,40.4513,62.7202
316.7042,798.3458,39.7808,64.5589
329.8880,800.9797,39.6336,65.3754
337.9491,806.1387,41.1285,64.0855
352.5791,813.4404,45.3250,60.4332
366.6468,823.3860,47.6514,57.6617
391.8827,829.1469,52.1480,54.0901
400.9146,835.4093,54.8983,52.4713
410.7080,839.9723,54.1074,53.7669
428.2233,850.3293,53.3984,55.5028
429.4228,848.2897,50.3763,59.8539
430.5685,842.8204,47.1417,65.0092
429.4328,836.6087,44.4208,68.2794
428.1763,836.2953,42.7129,70.2870
425.7818,834.1398,40.9413,71.7622
413.2828,831.8790,45.9326,66.5022
390.5142,839.1461,51.5162,59.2486
368.6781,841.1227,58.5917,51.9275
346.7281,835.5192,64.8398,45.4802
325.2991,832.3989,68.1918,41.9542
302.1997,816.6652,69.0931,40.2014
281.7130,804.5882,69.5764,40.2551
258.0414,781.8445,67.8766,42.9931
231.7116,755.5563,65.6290,46.6112
208.7718,733.2629,65.2496,46.5502
189.7764,706.7650,62.3310,49.1291
167.8157,682.8972,59.9965,52.2654
154.9820,670.2107,63.3703,49.6455
142.5424,666.9546,65.9572,45.7269
143.0275,665.4319,67.0027,44.3494
142.1875,667.1271,68.7546,42.2613
141.1020,672.5013,70.0048,39.5354
140.6421,674.2603,70.5530,36.9833
139.5730,675.4122,70.1196,35.1015
140.6168,675.6864,68.8123,34.1168
138.4347,674.0547,68.1303,32.9323
139.8341,673.3526,66.7276,32.7316
138.3435,669.2698,65.2963,33.2023
137.2693,661.7726,64.0470,35.8784
135.4161,657.1702,63.5598,38.2824
134.4796,643.9686,60.1654,43.3928
131.2168,631.2916,57.9405,47.5276
130.9775,616.0012,55.0257,51.0448
126.6416,602.8968,53.7802,53.7742
115.8747,584.7600,54.1053,53.8625
115.0379,561.3438,51.7346,57.5939
114.2608,546.0368,48.8409,62.0936
118.3185,527.8831,45.9123,65.9625
121.4166,510.6250,42.8327,68.0230
122.5639,489.1508,44.0410,66.1917
132.5078,461.4482,42.9856,65.8422
141.7333,432.9445,41.5575,65.2082
149.3881,397.3893,40.7763,65.6084
153.7423,368.5072,38.6686,66.4621
169.7539,354.4077,39.8654,63.4107
176.3952,346.2470,42.8066,60.7007
191.1441,345.7637,42.8931,61.5545
191.9773,346.0263,43.9077,61.5084
188.2648,349.8353,46.4625,61.0327
184.2309,352.9052,48.9489,61.0269
178.7838,351.4643,51.2811,61.1921
169.4531,361.4615,55.5475,58.4559
158.5682,369.4528,58.5339,53.7425
153.9817,376.6799,60.1598,48.4201
149.2804,380.2674,61.8330,43.9700
2
0
0
0
0
1
209.9952,326.9752,35.7920,41.2335
209.8512,327.9407,36.6173,40.6205
212.2181,328.7748,36.8970,41.2240
214.7460,332.5072,38.5351,39.1802
218.3712,334.9922,41.6533,36.5267
225.2366,339.0122,44.5194,33.8552
229.4104,335.7350,44.2472,33.9724
238.5466,327.2257,42.5230,36.3344
243.9322,314.9563,39.3765,41.5542
251.6968,305.8602,38.6925,43.3947
254.0714,300.8680,37.2907,46.3933
261.3570,297.2353,35.1901,47.8390
267.7143,293.2077,36.4653,46.3797
278.5599,286.3573,37.5406,46.0912
285.7710,276.7681,38.0562,46.1077
289.5780,269.1407,35.6198,49.3164
292.2437,259.2176,34.3025,52.6966
291.4590,248.3066,34.6403,54.1025
288.2520,237.7276,34.7281,55.5647
287.7430,234.6536,34.9771,56.2104
290.2072,225.9430,35.0868,57.4782
291.3903,224.3512,38.4658,55.2816
289.0547,227.4573,42.0262,53.3100
285.8103,229.7409,45.6187,51.5452
284.7469,229.8628,48.1927,50.3407
286.3783,230.0253,49.0418,50.4160
285.6544,230.7251,50.1388,50.3284
287.1627,230.7096,49.7416,51.0852
285.5581,229.5989,50.0583,51.9359
285.1392,228.2070,50.1194,52.9975
284.8403,233.1928,49.2104,53.1444
281.7714,229.9022,50.1501,52.9186
281.4507,231.8567,51.0764,52.4010
281.4243,231.8298,52.1046,51.7747
280.5736,233.1644,53.6455,50.5242
279.7166,233.6451,55.1894,49.3232
278.8049,234.5446,56.9512,46.7505
277.4691,236.1366,58.3602,45.4295
276.8532,236.3595,59.2221,44.0065
272.6445,234.9225,60.8201,42.9421
270.0717,234.6536,61.5603,41.8290
271.3033,231.0049,59.8148,43.1927
269.7015,226.6944,55.9226,46.7113
269.6453,226.5085,53.8212,48.1002
265.3101,225.8665,55.0585,47.4635
265.3293,226.9000,54.9834,46.3991
260.8565,227.2222,56.9692,44.6188
257.3969,229.5756,59.8876,42.2722
255.9053,230.9092,62.7673,40.0556
253.1165,233.5889,64.8457,37.6326
246.8412,237.7358,66.7874,34.9111
240.5156,241.1047,69.1337,32.9089
240.6375,246.3803,70.3036,31.3912
231.2780,251.5493,71.9314,30.8243
220.8844,260.9529,69.6544,31.9547
208.3065,272.1668,68.7186,33.6025
193.6651,289.4267,65.4363,36.4634
176.8257,308.6660,62.8342,39.7932
171.8078,320.1987,58.4572,43.0799
166.4938,326.3178,56.8368,44.0471
166.4540,327.6261,60.2531,41.2949
165.9443,323.3483,65.9970,38.1503
177.3789,310.9282,60.5129,44.6769
182.5062,297.2656,52.9514,51.4434
192.5925,288.2332,46.9385,56.8901
201.6414,274.1372,44.3116,57.8495
217.9230,265.8895,47.2837,54.9331
245.8416,246.3940,47.4479,52.9317
262.0471,236.3150,49.3396,51.2900
289.1792,218.4995,50.3129,49.4253
320.5572,206.9374,52.4699,45.7854
357.9934,200.5850,54.1115,43.7336
390.7030,200.5489,57.1114,40.1157
417.5485,202.5695,61.3961,36.0725
455.4522,217.3967,63.2840,35.0077
481.2146,242.2525,59.4073,38.0311
491.3705,252.5128,55.9424,41.3473
500.4761,258.4387,56.1640,41.7121
512.3906,262.3556,58.8308,38.1512
532.4949,260.8937,61.1859,36.2810
566.0526,247.7711,59.7414,37.3047
604.1378,220.5031,58.9111,38.8465
612.0305,212.8188,55.9678,41.1252
616.3486,209.3100,52.8817,43.2537
616.9493,208.5151,49.4186,46.3083
615.9372,208.6322,45.9842,48.9127
614.4289,206.1052,42.1492,51.8850
613.1205,200.4976,38.7332,54.8128
611.3279,196.1185,35.5116,58.2896
607.3188,194.4490,33.1999,61.2182
600.0816,189.2308,34.0218,61.9778
586.2225,184.5176,36.2017,61.0175
572.5531,180.3616,40.3781,58.5270
540.1703,172.8727,45.3754,54.5454
515.9681,165.3795,47.8466,52.7470
496.5090,164.8209,50.4038,50.5742
481.2607,163.7396,54.1394,47.6409
482.7862,160.6567,52.7428,50.4993
492.8615,160.0252,46.9920,56.5331
501.8344,161.5551,43.1791,60.7638
510.9973,167.7001,42.3466,59.2771
525.8459,176.2446,46.2852,55.2016
544.3381,182.4679,51.7528,49.4112
563.9041,194.5189,56.2250,45.7002
598.9835,209.8059,58.9486,43.1979
638.7161,220.1679,62.1702,39.7281
658.4361,235.5848,61.8059,38.6272
672.3192,252.0747,56.2633,43.9726
693.6121,284.6687,51.5078,49.0664
715.2119,310.9053,51.7053,48.4943
736.4007,318.6900,55.3934,44.7010
752.5694,332.0629,57.6536,42.2246
766.2468,345.0592,54.2361,44.7100
779.0153,373.4943,49.9388,48.9737
780.3986,398.7324,44.9885,55.5011
774.0307,431.8019,41.1758,60.8544
764.8852,471.1407,40.4657,62.6917
759.2363,512.4261,38.6540,64.4086
752.4926,547.7706,37.9412,65.5591
747.0392,582.7795,37.6367,66.1233
733.3281,608.3084,40.5410,63.0610
710.6750,619.3364,46.4630,56.6006
694.2203,617.6215,52.2831,50.2736
661.3632,622.5956,58.2615,44.3136
632.0692,615.2880,61.7724,40.8685
617.1238,594.6396,58.8859,44.0984
602.5726,561.5974,53.5227,49.9668
590.0674,519.6314,49.0326,53.6693
578.6605,479.0089,47.3069,55.7920
568.9365,437.7424,49.1063,53.6025
554.3574,393.0741,48.8315,53.9140
550.3709,364.2064,45.3960,57.0003
548.3599,350.2198,44.2921,59.0803
538.0203,327.0946,45.1886,58.0708
511.4983,288.2346,45.1792,57.6418
497.3295,274.6277,47.8046,55.3419
493.3777,255.1842,47.3202,56.6469
488.6392,217.7963,44.9754,59.6895
495.2142,181.4472,44.0121,60.7230
501.4582,162.7281,42.5442,61.4254
504.0699,158.9159,41.3726,61.6463
506.0609,164.9108,37.4707,64.5023
497.0371,170.5822,38.7608,64.1418
484.1106,175.1897,42.9983,60.6319
470.0952,174.3660,47.8687,55.5273
447.7234,177.4908,52.6771,49.9479
418.5831,183.0765,57.3045,45.6547
394.0425,184.6400,60.6824,42.6254
364.3077,195.9857,63.9852,40.1497
333.8360,218.3340,61.7653,42.0298
307.8636,228.5163,63.7372,39.7803
278.4709,233.4203,66.2878,37.2831
257.8952,242.0237,66.0215,36.7215
247.6142,255.9322,61.9775,40.8034
233.6838,285.6708,56.5461,45.9590
219.8377,322.4843,51.5666,50.7932
212.4317,364.8837,49.6584,51.5685
211.8196,409.1805,48.4713,50.6852
2
0
0
0
0
1
203.5325,624.1971,36.9236,43.1800
175.4870,639.2683,40.0240,39.3664
162.7720,643.6512,41.1934,38.8624
166.0768,640.8629,39.8599,42.5067
169.2534,643.2985,39.3707,45.0454
164.8326,644.6514,39.1298,46.0789
163.5659,644.7318,37.7220,48.4003
160.8464,643.3561,38.4850,49.4370
163.7247,644.7332,36.7916,51.9869
163.6610,648.9324,36.0218,53.5949
166.3642,652.7188,34.2131,56.5763
168.2220,655.9453,32.7343,58.7673
173.3601,663.0361,31.4225,60.5575
178.2586,678.1260,31.1583,60.9811
190.2650,695.1678,32.5065,60.5538
205.1578,710.7115,35.9773,56.2004
225.5188,734.3110,36.1407,56.1469
231.5169,747.2223,35.6748,56.2393
240.6602,754.7432,36.8282,56.9948
249.1114,763.6398,40.2279,53.5045
261.7098,769.8461,43.0479,48.8458
276.1147,763.3132,47.6022,44.8739
303.8992,758.1582,51.1978,40.2496
345.6081,748.7645,54.6045,36.5925
376.0248,744.3258,54.2113,36.3950
410.2617,747.0252,55.9757,34.2794
428.9708,749.4146,57.0600,33.3967
445.2803,756.4625,56.7380,33.1442
475.9029,777.5479,53.9983,36.6380
489.2138,793.1045,49.1577,41.2653
501.9126,818.2989,45.3157,45.4538
512.6739,837.2344,42.5054,48.3887
514.8792,837.2968,43.1223,49.2165
522.2656,836.0755,47.5627,46.3742
528.5465,837.6563,53.5816,41.7832
526.8206,839.1072,57.9782,38.7908
525.2631,838.8762,61.0201,37.0114
529.8481,838.8135,64.5126,34.2698
533.5723,841.5629,66.7951,32.8062
533.2436,839.5213,68.2729,31.6304
533.6352,841.5935,69.8689,30.4769
533.6224,842.6129,70.3488,29.6201
533.6345,835.6356,66.6777,32.8190
534.6512,833.3224,63.7797,35.2033
537.0950,831.4603,62.5965,36.5065
540.9526,825.9892,60.6901,37.2670
541.2195,822.0453,58.6516,39.0630
543.1843,818.9880,57.2129,40.8094
547.1038,807.2123,53.3653,44.3112
548.7906,804.3322,52.5033,46.1496
553.5472,805.5013,52.9548,46.3161
555.9228,803.2420,53.3711,46.8296
553.8004,802.9415,54.2468,47.0379
553.8052,803.9893,54.8453,47.4472
560.6484,805.3119,56.2809,44.3349
570.1732,804.4823,56.4644,42.1009
573.3455,801.1981,56.0001,41.6338
576.9368,800.6340,56.5128,40.5637
580.7624,797.1386,54.8430,41.1578
582.3620,794.5878,54.0776,40.5966
586.7802,800.2745,53.7818,41.2411
595.9043,803.0400,54.6763,42.0675
601.6676,804.1014,54.2433,43.6382
603.0050,803.6942,50.8663,47.1347
604.9646,801.8206,48.1983,49.4544
606.0839,799.8447,45.7832,52.2228
608.5661,803.3824,46.5932,50.9090
608.4859,802.3929,46.2189,50.9882
608.4821,802.2092,46.6792,50.4619
608.2071,801.6366,47.1267,49.7794
606.9590,805.5757,48.3526,47.6782
605.7324,807.4338,49.3222,45.8096
605.8912,810.8272,51.5959,43.4370
606.0015,808.9504,52.7576,42.3737
607.1138,810.9287,52.9579,41.4624
607.8848,808.1945,52.5915,41.8579
608.2662,809.2861,52.8390,41.9887
610.5479,807.9835,52.9850,42.4708
609.7506,808.3816,53.5263,42.8201
609.4354,807.0322,54.1358,43.7282
610.1384,805.3885,54.4204,45.5645
610.0753,803.7701,55.3785,46.8792
609.7956,801.2178,56.0332,48.7876
608.8563,803.4778,58.1806,48.2653
608.7750,803.8323,59.9316,48.0282
608.7607,803.1423,60.7465,48.3663
607.5225,807.6706,62.3244,46.7879
2
0
0
0
0
1
713.7275,724.2073,35.0644,42.0947
712.9181,725.2540,35.3616,42.7277
712.2725,721.9739,34.3528,43.9894
714.0231,721.0333,32.5105,45.6741
713.3649,719.3737,31.5487,47.1355
714.0925,716.1267,31.9592,46.7495
