1
592.8083,202.4053,43.7487,37.8617
589.2198,202.3213,44.5040,38.0298
586.3165,202.6360,45.1155,38.6990
583.3341,202.3358,45.8046,39.2994
581.7108,200.0455,46.3728,39.8624
578.9338,200.1891,46.4984,40.9322
578.6746,199.3190,45.6407,42.6725
579.8117,199.3257,43.3664,45.4401
580.5565,197.9958,40.4784,48.1000
578.6598,197.8502,37.3036,51.1785
578.4275,196.7024,34.9899,53.4740
578.4796,192.6092,33.5002,54.7330
578.2722,190.2448,32.5357,55.3234
576.5034,188.1999,31.9575,55.2976
576.0937,188.2100,31.4150,55.2774
574.8681,187.0506,31.1618,54.8915
573.6994,186.4961,30.8147,54.6584
572.5103,185.2894,30.5273,54.4059
571.9491,185.4504,30.3254,54.0840
571.3888,183.7546,30.1299,53.5274
570.7626,184.0417,30.0777,52.9532
570.1710,182.9719,29.9658,52.5027
569.6022,182.5467,29.8169,52.0665
569.0179,182.7787,29.7079,51.6024
568.4748,183.5569,29.5254,51.3151
568.0161,184.2324,29.1814,51.2253
567.4370,184.4323,29.0853,50.8257
566.9182,184.5841,28.8762,50.5221
566.3408,184.7925,28.7923,50.1053
565.9465,184.1424,28.3496,50.1743
564.9280,184.0604,27.9374,50.3383
565.0190,182.9098,27.7555,50.1994
563.5247,182.6776,27.0995,50.6639
562.9188,182.1991,25.8904,51.6208
562.8829,181.8625,25.9621,51.0904
560.2642,182.4011,27.6081,50.0132
554.5255,179.8279,30.6183,47.9022
552.8053,180.9576,34.0588,45.6426
550.6598,182.4422,37.0980,43.9253
548.2517,183.5739,39.3644,42.9368
546.8771,184.9208,40.8179,42.8345
545.7084,185.4201,41.8381,43.1531
544.6298,186.5495,42.6569,43.5712
543.6664,186.8850,43.2258,44.2581
543.5432,187.0796,43.4721,45.2465
543.4689,187.3276,43.6207,46.1476
543.3962,187.5667,43.7661,47.0829
543.3075,187.8237,43.9436,47.9994
543.2323,188.1905,44.0939,48.7133
543.2268,189.1825,44.1049,49.6516
543.1692,188.8304,44.2201,50.3557
543.8585,189.3338,44.3300,50.8375
545.3229,189.8434,44.3969,51.3162
546.0988,190.3269,44.3515,51.8554
549.3662,191.3411,43.8723,52.8550
553.2531,191.7505,42.1851,55.0793
557.3751,191.3340,38.5260,58.9690
558.8912,191.9715,37.0208,60.7479
568.9885,188.0094,39.7504,57.9741
571.7805,189.3899,43.3602,55.2130
573.3115,191.2332,46.4961,53.0760
574.4526,192.5983,48.9156,51.9130
575.8937,192.9320,50.7964,51.2456
576.0711,193.7726,52.0486,51.1713
577.8041,194.8577,53.4591,50.6266
578.2490,195.6031,54.2083,50.7747
582.0346,196.3802,54.9024,50.8737
582.6991,196.8725,55.2388,51.5544
584.1688,197.5379,55.6626,51.9053
585.6003,197.4083,56.1869,52.1645
587.9617,197.2231,56.5822,52.5349
589.6292,197.8284,56.6835,53.0424
592.0641,197.5942,56.9968,53.5107
591.9644,198.1782,57.1962,54.0829
593.5473,198.1341,57.5349,54.1711
596.1167,198.7500,57.6730,54.6982
599.6056,199.2642,57.7730,55.4392
599.5336,199.7802,57.9171,56.1901
602.0005,199.7003,58.3739,56.3497
601.8441,200.4466,58.6869,56.6638
604.5400,201.0956,58.7442,57.1823
606.1754,200.9758,59.1249,57.4218
608.0125,201.5850,59.1211,58.0388
607.8489,202.3028,59.4483,58.4482
610.5556,202.8907,59.6048,59.1290
611.0895,202.9352,60.4069,59.0400
611.8802,203.6906,60.7064,59.4102
613.6903,204.3890,60.8694,59.9049
615.2230,204.3799,61.6079,59.9232
615.0681,205.0661,61.9177,60.4646
617.5527,205.8688,62.7303,60.7866
617.9319,207.5984,63.9168,61.2175
618.1857,207.7150,65.3798,60.9843
618.6947,208.4170,66.3515,61.5699
619.2236,209.2088,67.3079,62.0005
618.9297,209.7433,67.8957,62.9675
618.6571,210.2674,68.4409,63.9796
620.2734,209.8986,69.3784,64.7173
619.1247,210.3582,69.5644,65.9096
619.7857,208.9861,70.3756,66.5206
618.7152,209.5039,70.3611,67.6406
618.1309,208.8130,69.3566,69.0222
613.8343,211.9546,62.6953,75.8142
609.4585,211.0539,56.1953,81.9734
611.6101,209.1377,51.8921,85.8056
611.5922,207.2284,49.7759,87.4724
610.9167,207.0440,48.9860,87.8411
610.1730,206.9528,48.3405,88.0235
609.3276,206.9793,47.9068,87.9706
608.5310,207.0382,47.3834,87.8527
606.5446,206.3092,47.1448,87.2049
605.7571,205.4326,46.6276,86.8660
603.8551,204.5613,46.2752,86.5305
603.0731,204.6641,45.7720,86.3248
601.1514,204.8389,45.5041,85.9752
597.1778,201.9273,45.2678,85.6609
596.5359,202.6809,44.5143,86.1908
595.5488,202.9186,44.4567,85.7154
593.6371,203.0496,44.2319,85.4535
591.6013,201.5975,44.2709,84.3249
589.8666,201.6783,43.7395,84.1634
587.8145,201.0590,43.8657,83.4131
586.8500,200.2920,43.8147,82.9669
585.9785,200.4275,43.5851,82.6960
584.1800,200.4904,43.2528,82.5701
583.4313,199.5437,42.7931,82.5064
583.3549,198.9599,40.9975,83.6742
582.3685,198.3431,39.1016,84.9077
582.2589,197.8585,39.3207,83.9576
581.8284,196.6390,42.0912,80.6686
585.6017,193.1558,45.9997,76.1798
582.9557,194.9634,49.3824,72.5645
581.5490,195.4462,52.1959,69.6873
579.7468,196.4431,53.8857,67.6935
578.9977,197.2148,55.3840,66.1501
577.5834,197.7295,56.3005,65.1206
576.4624,197.9699,56.6316,64.6398
575.4940,198.8498,56.6597,64.7887
575.5413,198.6868,56.5652,65.1147
574.6702,198.5132,56.3923,65.4619
573.9747,199.0621,55.8655,66.2819
573.9323,199.0171,55.9505,66.3719
573.0530,198.8906,55.7845,66.6247
573.8954,198.0783,56.0253,66.3236
574.1208,198.8136,55.5747,66.7781
574.3826,198.5686,55.0511,67.2680
575.5555,198.3276,54.6290,67.7500
576.6235,198.1798,54.4175,68.0456
577.7582,197.0497,54.0739,68.3802
578.7643,197.8338,53.9866,68.7372
579.8848,195.7437,53.6748,69.0590
580.7411,196.6770,53.8913,69.1216
581.2561,196.9291,54.7947,68.6173
585.2639,194.9198,56.4814,66.8145
587.7873,195.9196,59.1945,64.8149
591.0286,197.0641,62.4737,62.5259
590.6093,197.8804,65.2809,60.8933
592.4028,198.4901,67.6539,59.6739
591.5314,198.6954,69.3969,59.2633
593.1771,199.5116,70.1546,59.6555
594.7610,199.2794,71.0718,60.1199
595.2462,199.2213,72.1658,60.2360
596.9066,199.1155,73.0108,60.4477
596.7645,198.9315,73.2951,60.8157
587.3100,213.4105,71.1071,63.5031
586.3899,218.3600,68.7093,66.3181
587.3160,217.2786,66.8571,68.4809
589.0350,217.6071,65.5503,69.9551
604.9114,192.7967,65.8025,70.5018
618.9276,172.0028,72.1095,64.8731
605.6547,172.9967,77.0908,60.7288
592.3519,174.1064,79.8642,58.5095
582.6647,175.8169,81.8574,57.2611
573.2268,179.5314,81.0929,58.5610
562.2811,179.3528,81.0632,58.9183
551.8348,180.8583,79.9806,60.3023
542.4342,182.0296,78.9482,62.3671
530.8375,184.0559,77.7039,64.9795
521.9145,179.4997,77.5919,65.1128
2
0
0
0
0
1
610.4771,197.2726,55.3595,49.7967
611.7520,198.0191,52.8097,51.6144
612.4197,200.4997,48.1854,54.8756
613.6224,200.5830,44.1578,57.9533
612.4473,194.8454,41.6950,59.8023
609.2434,194.1642,40.1427,61.1647
608.7147,194.0948,39.6133,61.3034
607.2766,193.4000,39.3295,61.1130
606.6906,194.2161,38.9290,61.0532
605.3827,194.2479,38.4151,60.9897
604.8063,194.2975,38.0126,60.8905
604.4301,194.0978,37.2180,61.2899
603.8726,194.1826,36.7933,61.1202
603.9327,193.6357,36.6731,60.6840
603.2203,193.8165,36.5764,60.3225
602.5231,193.9747,36.4564,60.0060
602.5128,194.2069,36.4769,59.5416
601.7897,193.6052,36.4218,59.2438
601.0108,193.8703,36.4839,58.7136
600.1821,194.1462,36.6524,58.1619
598.5867,194.3813,36.8762,57.6917
598.4089,194.8271,37.2318,56.8001
596.9138,194.3489,37.2766,56.2838
596.1383,194.5840,37.3617,55.8135
595.3220,194.8684,37.5341,55.2446
594.5948,195.0672,37.5341,54.8471
593.9242,195.1201,37.4269,54.7412
592.5443,195.1679,37.2967,54.6457
591.8458,195.2969,37.2521,54.3876
591.2039,196.0315,37.0992,54.3552
589.7637,195.4694,37.1119,54.0457
589.5754,195.1359,37.4886,53.2834
588.8809,195.9088,37.4536,53.1617
588.1349,196.0604,37.5239,52.8584
588.0038,196.3519,37.7860,52.2755
587.8382,195.9683,38.1173,51.6289
587.7227,196.1801,38.3482,51.2053
587.0125,196.2565,38.3620,51.0525
585.9273,196.1579,39.1278,49.8452
580.2195,195.8646,40.7533,47.6345
574.4207,196.0784,44.0055,44.4253
566.1171,201.2985,46.6866,42.3406
561.2007,203.0406,49.5114,40.2580
557.1592,204.5141,51.9472,38.7229
553.8579,207.1643,54.2777,37.6946
551.6749,208.2284,55.7587,37.0089
547.3686,209.1555,57.1041,36.6083
545.3228,210.6415,58.2620,36.5701
543.1609,211.4305,59.6184,36.4756
538.9011,212.1913,60.6267,36.4564
534.5095,212.3062,61.8251,36.2265
530.1394,212.3671,62.9106,36.1048
525.8107,213.0661,63.8433,36.2518
521.3489,213.0805,64.9606,36.2228
516.9853,213.7835,65.8014,36.3942
512.5041,214.5194,66.8006,36.5150
508.8454,214.4657,67.6802,36.6224
505.5088,215.7178,67.8563,37.3668
504.2070,217.6440,67.1809,38.4331
500.0936,217.4970,67.1689,38.7270
495.3576,218.0581,66.7257,39.2574
491.2641,218.8220,66.6380,39.3845
486.3673,218.7899,66.4967,39.4487
481.5296,218.7588,66.2434,39.5110
476.7644,219.4460,65.8614,39.7886
471.7733,220.2106,65.9372,39.9105
467.4836,221.7515,66.2455,40.1372
462.4441,222.4827,66.3484,40.3375
459.0432,223.1526,66.4799,40.6652
453.9431,222.4953,66.6301,40.3048
450.4018,222.5737,67.0277,40.1479
446.4596,224.0280,66.5398,40.5883
443.2797,223.9298,66.2010,40.7848
440.1177,225.4175,65.8335,41.1551
437.1295,225.2653,65.1153,41.4595
435.0678,225.8327,64.2348,41.9928
434.0621,227.9662,62.9189,42.7167
434.2748,228.9380,60.8376,44.0849
435.9218,230.3323,57.5435,46.2376
436.9697,232.1159,53.8159,49.1980
436.1991,231.6178,50.4914,51.8160
436.5883,231.5472,48.1020,53.5683
435.8513,231.8320,46.3749,54.5993
434.2541,232.8521,44.8029,55.7367
433.1844,234.0732,43.7803,56.4565
432.8068,234.6220,42.9602,56.9343
432.1694,233.8562,42.6657,56.8966
430.8036,234.6281,42.2693,56.9167
430.7941,234.7816,42.2885,56.6096
430.1067,234.9184,42.1100,56.3361
430.1567,235.8027,42.0098,56.1138
429.5106,236.6198,41.7608,56.0207
428.8191,237.4070,41.6081,55.9822
428.1050,238.2948,41.5035,55.7391
427.9503,238.0509,41.8131,54.6998
427.8820,238.3734,41.9496,54.0549
427.2904,237.7484,43.1328,52.2871
422.2760,238.4082,45.6568,49.4664
417.4506,237.8032,49.3168,46.1834
414.1087,240.5662,52.9932,43.6649
410.8785,239.3905,56.4128,41.4551
409.5563,240.1786,59.0572,39.8788
408.5986,242.8561,60.9726,39.1760
406.3626,243.8986,62.3091,38.6587
405.9318,245.5178,63.1706,38.5786
404.8785,247.8766,63.6866,38.6328
403.1666,248.6094,63.9121,38.7663
402.3987,250.0641,63.8429,39.0666
401.3748,248.7002,64.2820,38.5768
399.2667,252.3981,63.6767,39.2165
400.2022,253.1379,63.4146,39.3458
399.3768,252.4467,63.4582,39.1211
399.6845,254.7097,62.8428,39.4072
401.4580,255.0610,60.8955,40.3042
404.7461,258.6931,57.4901,42.5526
410.2960,260.6050,54.2458,45.0130
411.1260,260.1816,51.0243,47.4213
413.1636,259.4062,48.4993,48.9721
414.8687,259.6329,46.6241,50.0537
415.5113,259.3485,45.3388,50.6224
416.7548,259.8687,44.3624,51.0926
418.4249,260.0072,44.0267,50.8158
418.6161,260.0947,43.6444,50.6407
420.8611,261.0642,43.6057,50.1854
420.9907,261.1566,43.3466,50.0006
421.5989,262.1652,43.5991,49.4526
422.2528,261.6315,43.7561,49.0554
421.7585,259.5023,44.7446,47.4696
417.4442,257.9270,47.5651,44.8122
412.1901,257.5872,50.8004,42.5825
411.2180,254.9977,54.2136,40.4156
411.2209,258.2975,55.6943,39.7612
412.9025,254.9803,56.8249,38.9056
413.1744,256.7356,57.7820,38.3970
412.2529,257.4997,58.1182,38.3756
413.1310,258.8290,57.8736,38.7402
412.9561,257.3658,58.2234,38.6386
412.5661,258.4882,57.4858,39.4290
412.8742,256.9039,56.8697,39.5585
414.1010,257.4749,55.9286,39.9288
415.1223,257.4189,55.3901,40.0408
416.0721,257.4873,54.9885,39.9041
418.4784,257.5154,54.6448,39.8478
420.0641,257.6575,54.4405,39.5637
421.7340,257.6270,54.0522,39.6248
423.8911,257.7703,54.1506,39.3380
425.9435,257.2319,54.4486,38.9473
428.1424,256.6959,54.4480,38.5536
431.1119,257.4556,54.3460,38.4934
433.5937,257.2722,53.7524,38.8602
440.1048,255.4108,52.3601,39.6754
446.6105,258.3700,49.4704,42.4327
454.8456,258.0821,46.0163,45.9009
460.1554,256.5220,42.6341,49.0210
465.2295,253.7044,39.6986,51.7712
468.4825,252.7352,37.5045,53.7097
473.6128,251.4122,35.8286,54.9249
478.4817,248.9154,34.6182,55.6548
483.1844,247.9033,33.6845,56.2670
487.0625,244.9810,32.9551,56.4902
490.2161,243.5468,32.2334,56.5660
494.5344,242.9261,31.9080,56.4220
496.9620,241.5048,31.1855,56.5095
501.1397,241.6222,31.0293,56.2747
505.3494,239.7527,30.7726,55.9325
508.9171,239.2208,30.3921,55.6452
512.4084,238.0753,30.1108,55.2557
515.8375,237.0336,29.9010,54.6797
520.4499,235.4244,29.8996,53.9454
523.7193,233.8195,29.8945,53.2350
526.4230,232.7390,29.6717,52.8035
530.3027,230.3971,29.6283,52.3433
534.7428,228.8235,29.6971,51.6552
537.4834,228.2975,29.2936,51.4379
541.2659,226.0351,29.2846,50.9252
545.0609,225.7053,29.2043,50.3332
546.4646,224.4768,28.8797,50.3073
549.9803,222.4240,29.2617,49.4706
550.5793,222.6260,29.2934,49.0667
552.8170,220.4685,29.7146,48.4851
551.9001,216.6548,31.5485,46.3317
547.6946,214.4539,33.8548,43.4080
541.9686,215.1345,36.8060,40.8324
536.8581,215.1266,39.6935,38.4038
536.0743,214.3235,42.4909,36.3204
534.9206,213.2731,44.7984,34.7006
535.2808,212.5768,46.5768,33.5945
535.8358,211.6593,47.9838,32.9126
537.1054,209.9626,49.2497,32.5008
537.1918,208.2054,50.3576,32.1732
538.1121,207.5403,51.1006,32.2116
539.5443,205.6339,52.1468,32.1139
540.3578,204.3519,53.1547,32.0428
541.3610,202.9359,53.8110,32.2121
542.2481,200.8601,54.7249,32.3318
542.7345,200.6276,55.1117,32.7968
543.1519,199.1357,55.6500,33.0341
543.7390,197.5086,55.8611,33.5180
544.0797,195.3601,56.5761,33.6254
543.9476,195.1274,56.8404,34.0908
544.4097,193.6205,57.3369,34.2632
544.3107,192.7341,57.5349,34.6049
544.3042,190.5132,57.5479,34.7275
544.3562,189.5950,57.4439,35.1219
544.9610,187.3482,57.6814,35.2743
544.9625,185.0734,57.6785,35.4642
546.4297,182.8250,57.6567,35.5921
545.7276,181.2446,57.6027,35.8364
545.7796,178.9621,57.4988,36.0170
546.7496,176.6428,57.0216,36.2667
549.7839,174.7140,55.3330,37.2045
557.3029,176.1850,51.8971,40.0635
564.7478,174.8306,47.1238,44.2176
564.8834,174.3463,42.5378,48.0627
568.0433,169.5633,39.0703,50.4980
569.0829,166.9578,36.9910,51.4860
569.8460,165.3552,35.4649,51.9140
570.4766,164.5871,34.2037,52.0802
570.9454,161.9421,33.2659,51.9643
571.3484,161.4134,32.4600,51.6876
571.7213,158.2607,31.7142,51.4106
572.1165,159.0016,30.9238,51.2285
571.8270,156.5478,30.2190,51.0009
572.1043,154.8026,29.6644,50.6858
572.3999,154.2679,29.0732,50.5007
572.6150,153.2571,28.6431,50.0387
572.2319,152.9108,28.1815,49.5039
571.8084,150.7695,27.8168,48.9391
571.4256,150.4650,27.3851,48.3509
571.0977,148.2736,26.8599,48.0088
570.1674,148.4948,26.3858,47.5665
569.8321,147.5229,25.9040,47.2049
568.4292,145.8822,25.2926,47.0692
568.0729,144.9458,24.8787,46.6889
567.7028,143.4363,24.5049,46.3663
567.3126,142.4753,24.1825,46.0829
566.8900,141.6019,23.9349,45.6435
566.4249,141.4200,23.7827,44.9250
565.9728,141.1631,23.6178,44.3698
565.5233,140.8755,23.4587,43.8868
565.0962,140.6188,23.2645,43.3520
565.1517,139.3170,23.1535,42.8443
564.7290,139.0030,22.9713,42.4445
564.2718,138.2246,22.8670,41.9640
563.8469,138.4387,22.7068,41.5358
563.4331,137.6110,22.5338,41.1897
563.0502,137.7679,22.3069,40.8759
563.1234,137.4202,22.1604,40.5869
563.1555,136.6584,22.0963,40.1557
562.8064,136.7220,21.8245,40.0285
562.5459,136.2832,21.3820,39.9427
562.0889,133.9478,22.2959,38.8858
564.1269,138.3525,23.9476,36.7585
564.1008,138.8703,25.9010,34.7722
564.0694,141.2446,27.8698,32.8825
562.2006,141.5175,29.6957,31.3808
561.0668,142.5216,31.0014,30.3343
558.5654,142.3902,32.1406,29.6312
557.6328,142.1691,33.0333,29.1008
556.8337,142.3552,33.6534,28.7286
555.0364,142.5221,34.3030,28.3947
553.7894,143.1436,34.8245,28.1381
552.5961,142.7220,35.2309,27.9910
551.8793,142.2801,35.6705,27.8810
550.6927,142.3282,36.0457,27.7847
550.5985,141.7922,36.2343,27.8537
550.5637,142.7396,36.3039,27.9730
549.3893,141.7963,36.6325,27.8393
548.7324,140.8298,36.9334,27.7466
547.4725,140.4537,37.4210,27.4827
549.0295,142.9209,37.3644,27.6439
547.8876,141.4235,37.6065,27.5760
547.8249,140.3756,37.7318,27.6249
547.3118,141.8445,37.7318,27.7657
547.2333,140.7988,37.8889,27.8000
546.0763,139.8292,38.1401,27.6764
544.3629,137.8219,38.4673,27.5583
541.1375,135.7837,38.7008,27.4897
535.3282,132.0606,38.8945,27.6655
540.8138,138.0856,36.2788,30.2380
542.2450,138.3174,33.4165,32.9136
542.9774,136.6371,30.9070,35.2296
543.9610,135.7872,28.9399,36.9293
544.7277,134.6894,27.4064,38.0896
545.3732,133.1906,26.1155,39.0312
545.4280,133.3474,24.9851,39.7385
545.3695,133.0664,24.0894,40.3004
545.2373,131.9099,23.3479,40.6017
545.5492,132.3026,22.7241,40.8141
545.7645,131.8063,22.2933,40.8163
545.4961,131.7886,21.8471,40.8517
545.6238,130.9644,21.5918,40.5482
545.7993,130.9897,21.2407,40.4975
545.4467,130.6045,20.9855,40.3076
545.5905,130.6646,20.6981,40.1873
545.2496,129.8238,20.4333,39.9760
545.3824,130.3883,20.1677,39.7858
545.5029,130.4930,19.9266,39.5765
545.1373,130.1706,19.7338,39.2970
545.2092,129.9063,19.5901,38.9089
544.8090,129.6463,19.4817,38.5203
544.4054,129.3760,19.3879,38.1598
544.4263,129.5652,19.3462,37.7815
545.3672,129.7062,19.2401,37.4994
545.4141,129.4211,19.1463,37.1877
545.4689,128.6898,19.0365,36.8990
545.0439,128.9042,19.0170,36.4701
545.0682,128.6201,18.9684,36.1753
544.6234,128.8080,19.0003,35.7997
544.6371,128.9811,18.9729,35.4535
544.2549,129.0910,18.8900,35.2335
544.2612,127.5558,18.8775,34.9338
543.8462,128.5277,18.8695,34.6658
543.4634,128.6263,18.8011,34.4686
543.4845,128.6930,18.7591,34.3352
543.1029,127.0744,18.6952,34.2641
543.5558,127.5195,18.6142,34.1989
542.7429,127.6460,18.5950,33.9458
542.3005,127.8019,18.6612,33.6339
542.3391,127.3699,18.5840,33.6829
542.3694,126.1282,18.5233,33.7229
541.9767,126.5736,18.4948,33.6462
541.5819,126.6473,18.4720,33.4987
541.1647,125.4715,18.4964,33.4208
541.1768,125.5272,18.4724,33.3094
540.7746,125.1794,18.4697,33.1980
540.3793,125.2420,18.4550,33.0729
539.3257,125.9886,18.9557,32.3828
538.7820,125.0613,20.0430,31.8328
536.9221,125.8635,21.3279,31.0401
536.0887,126.1424,22.9946,30.4822
535.6606,126.3668,24.6910,30.0334
535.3804,125.9222,26.1121,30.0619
537.8858,125.2974,27.2899,30.4274
537.8209,125.5189,28.3283,30.8931
537.8226,124.7127,29.2573,31.5731
537.8383,124.3763,30.1836,32.2458
537.8733,124.4248,31.0967,33.1319
537.9223,123.5043,32.0101,33.9615
537.5231,122.5115,32.8085,34.9083
537.5959,122.0433,33.7290,35.8446
537.1790,122.1926,34.5630,36.6415
536.7367,120.6266,35.4476,37.5311
536.9487,120.4061,35.0235,39.1213
537.1744,121.9929,32.2377,41.7837
536.9714,118.3524,31.4805,42.0850
525.8394,112.0725,34.1009,39.6234
517.8253,112.1104,37.3670,37.2272
513.2635,111.4195,40.6170,35.0848
510.1265,112.1543,43.3171,33.6154
509.6383,112.6901,45.5025,32.5438
520.5144,114.2949,47.0222,31.7837
523.8292,113.8879,47.8038,31.3625
509.7233,110.5842,49.9762,30.5302
506.6073,111.1850,51.1740,30.5871
507.3719,111.1187,52.1995,30.7195
507.5561,111.0110,53.1260,30.9349
507.8523,110.8897,53.8458,31.1776
505.5842,110.6938,54.4009,31.5694
505.9213,109.8893,55.0686,31.8366
507.1122,108.9609,55.3994,32.3371
505.1160,109.2794,55.2827,33.0698
506.3761,109.0285,55.5232,33.5714
503.6880,109.3051,55.3300,34.4108
505.0204,107.0842,55.4722,34.6416
503.0817,108.8035,55.1209,35.4320
504.0794,109.6938,54.5431,36.4864
504.0578,106.8462,54.5863,36.4758
504.0670,107.3630,54.5680,36.8692
504.8882,104.5141,54.3586,36.8341
506.7113,108.5686,52.1419,38.7313
516.0508,113.1426,47.7346,42.4280
516.9707,115.5502,43.0563,46.1283
520.2811,108.7585,40.6483,48.4776
520.1807,105.6751,40.8492,49.0356
520.4105,105.6135,41.8035,49.1588
520.1169,105.4936,42.3907,49.3985
519.2108,105.9787,42.7587,49.8728
518.3456,106.4286,43.0312,50.4306
517.4391,106.2099,43.3735,50.8681
517.2588,106.0166,43.7342,51.2546
516.5000,105.7589,43.7571,51.7701
515.7415,106.2695,43.7710,52.2520
514.9724,106.0958,43.7985,52.5992
514.1458,105.9813,43.9352,52.8283
514.1121,105.8724,44.0026,53.0460
514.0568,105.7688,44.1133,53.2533
514.0845,106.3710,44.0580,53.5806
513.4108,105.4046,43.8695,53.9776
513.3568,105.3428,43.9774,54.1012
513.3144,106.0561,44.0622,54.2169
513.3224,106.0219,44.0461,54.2854
512.5916,105.9373,43.9615,54.4547
511.8791,105.8842,43.8388,54.5609
511.8871,105.8365,43.8228,54.6562
511.9371,106.5601,43.7228,54.7576
512.0476,106.5059,43.5018,54.8660
511.4119,106.4579,43.2267,54.9619
511.7060,106.9972,42.6386,55.4268
511.5168,109.1591,39.9347,57.2671
515.8500,109.1932,37.3669,58.7238
507.3397,103.6024,39.3488,56.3706
500.7947,99.7951,43.4303,51.9737
496.2182,100.3873,48.0806,47.7875
496.3830,103.5343,52.2802,44.5130
497.5932,105.6194,55.9521,41.8659
493.8719,107.3127,58.7853,40.0156
494.4168,107.8837,60.7934,38.8737
493.7295,108.2393,62.1679,38.1624
493.3413,108.3551,62.9443,37.9309
493.0179,108.4696,63.5912,37.7020
493.5993,108.5686,64.0104,37.5037
493.3541,108.6142,64.5008,37.4127
493.2243,110.1684,64.7604,37.4857
492.4682,109.2366,64.6768,37.7534
494.0021,107.7482,64.8071,37.5321
493.9767,109.3398,64.8579,37.5433
493.3057,109.9723,64.6018,37.8766
494.2706,110.7109,64.2721,37.9994
495.0843,110.6979,64.2420,38.0255
494.4323,111.4047,63.9487,38.2091
496.7928,109.8049,64.0154,38.2169
497.6533,112.2510,63.8916,38.1159
497.5984,111.4578,64.0013,38.1086
498.3312,110.7183,64.1309,37.9926
500.0119,111.5314,63.9596,37.9614
500.8090,111.5363,63.9573,37.9517
501.5606,110.8450,64.0458,37.7425
502.3606,111.7407,64.0353,37.5407
503.2480,112.5254,63.8465,37.5573
503.9772,112.6573,63.9715,37.2935
505.5319,112.7819,64.0238,37.0443
505.9893,113.7695,64.6863,36.6465
507.2285,114.7430,65.3688,36.2799
508.5298,116.4257,65.9349,36.0831
508.4512,117.2679,66.0920,35.9879
509.0801,117.2527,66.4243,36.0184
508.9791,117.2517,66.6263,36.0204
508.8556,117.2536,66.8732,36.0166
508.7805,118.0111,67.0235,36.1035
509.5264,117.9594,67.1373,36.2070
509.4373,117.9599,67.3155,36.2060
508.6239,118.7229,67.3306,36.2916
509.4762,119.4417,67.2395,36.4676
510.2982,119.3471,67.2106,36.6567
511.8184,120.1061,67.4059,36.7567
511.0019,120.0886,67.4166,36.7916
510.9330,120.0591,67.5544,36.8507
511.7391,120.0471,67.5683,36.8748
512.5084,120.8522,67.6566,36.8913
513.2391,119.2905,67.8237,36.7577
514.0203,120.9171,67.8902,36.7619
514.8857,120.8339,67.7889,36.9283
514.8376,120.8630,67.8851,36.8701
515.6562,121.6300,67.8795,36.9676
516.3868,120.0486,68.0513,36.8642
516.4590,121.5802,67.9070,37.0687
518.0635,122.3076,67.9685,37.2493
518.1490,122.2768,67.7974,37.3108
519.0380,122.9583,67.6572,37.5856
519.9317,121.2936,67.5102,37.6342
520.7466,122.8981,67.5193,37.7034
521.5490,123.6507,67.5550,37.8385
522.3724,122.1190,67.5512,37.6154
523.2527,123.7241,67.4299,37.6838
524.9324,124.4061,67.3479,37.9585
525.0624,125.0827,67.0880,38.2475
525.9714,121.7104,66.9133,38.4192
528.0067,123.4895,64.4863,39.7916
535.5682,130.6266,59.1467,45.0848
536.5961,133.9500,53.8156,49.9020
544.1528,130.3167,48.5007,53.9025
550.5017,125.4453,45.4753,55.5848
552.9293,125.1521,43.7993,56.1712
554.2603,124.2675,42.7085,56.3691
554.6332,123.5210,41.9626,56.3056
554.9686,123.5678,41.2919,56.2120
555.3065,123.5733,40.6160,56.2011
557.1252,123.7111,40.0181,55.9254
557.3704,123.8512,39.5278,55.6453
557.5741,123.9607,39.1203,55.4263
557.7390,124.0329,38.7905,55.2818
557.9377,124.0786,38.3932,55.1904
558.8055,123.4294,38.1253,55.0209
559.6786,124.2123,37.8399,54.9160
559.8772,123.5727,37.4427,54.7407
560.8898,124.3511,36.8627,54.6291
561.9644,123.5614,36.1477,54.7745
562.3188,124.1930,34.0144,56.3600
567.8041,120.6301,32.9300,56.4242
555.2115,116.9044,35.7961,52.7161
548.4611,116.9980,40.9719,48.3664
557.0901,122.1425,44.7993,45.1059
556.5826,127.2666,47.2302,43.3526
555.5587,127.2057,49.2781,42.0484
555.2473,126.4078,51.3380,40.7699
553.3093,124.8891,53.7658,39.4630
555.0302,123.4050,56.1793,38.0396
552.4833,121.7104,58.3193,36.9981
548.6400,118.4441,60.0393,36.0725
545.9805,120.7352,60.8531,35.9958
546.3174,117.8235,61.6918,35.7688
545.2028,119.3764,62.3999,35.7053
545.0686,119.9650,62.6684,36.0587
544.2360,121.2448,62.7931,36.5803
544.8572,118.8012,63.1019,36.8137
544.8367,120.1555,63.1427,37.2246
544.1185,121.3582,63.0119,37.9540
545.4908,118.2315,63.4227,37.8966
544.6089,119.6875,63.6037,38.1503
546.0422,117.3240,63.9166,38.1076
545.2200,118.8378,63.9672,38.2676
544.2042,121.4352,62.8046,39.4618
548.3283,120.8174,59.3562,42.2974
560.9728,125.3797,53.2097,47.5295
560.5462,124.1347,47.7195,51.6054
565.7957,119.0936,46.6039,52.3043
565.6707,118.2671,46.8539,52.4003
565.3773,118.2494,47.4406,52.4357
564.3954,118.2171,47.8321,52.5003
564.3466,118.8111,47.9296,52.8919
563.6293,117.7832,47.7769,53.3606
562.8741,117.5473,47.6952,53.8324
562.8782,117.4880,47.6869,53.9509
562.8937,117.4535,47.6559,54.0200
562.9054,117.3994,47.6326,54.1281
562.8953,117.3679,47.6527,54.1912
562.9291,117.3214,47.5852,54.2841
562.9457,117.3057,47.5519,54.3155
562.9671,117.3054,47.5093,54.3162
562.9801,117.2979,47.4833,54.3311
563.0040,117.3157,47.4356,54.2956
563.0284,117.3102,47.3866,54.3065
563.0742,117.3139,47.2951,54.2992
563.1359,117.2326,47.1716,54.4618
563.1596,117.1791,47.1242,54.5687
563.1495,117.1313,47.1445,54.6644
563.1261,117.1002,47.1913,54.7265
563.0963,116.9970,47.2509,54.9330
563.0754,116.9405,47.2925,55.0459
563.0471,116.8809,47.3492,55.1652
562.9639,116.7744,47.5156,55.3782
562.7495,116.7579,47.9445,55.4112
563.0062,117.7934,49.0577,54.9668
562.3712,118.6954,50.3277,54.8002
562.4501,119.5996,51.8249,54.6470
562.6850,119.6391,53.0317,54.5680
563.1055,119.5287,53.8852,54.7889
563.8276,119.2750,54.1525,55.2963
566.1621,119.1258,54.6542,55.5946
566.8146,118.1408,55.0854,55.8284
567.3700,118.1020,55.7213,55.9060
567.1442,117.0676,56.1728,56.2170
567.9420,116.8338,56.3471,56.6845
568.5635,117.6809,56.8842,56.7704
569.4491,116.5838,56.9028,57.1746
570.2828,116.4668,57.0319,57.4088
571.1076,116.3269,57.1845,57.6885
571.1007,116.2101,57.1983,57.9220
571.0701,116.0876,57.2594,58.1671
570.9995,115.9930,57.4008,58.3563
570.9269,115.8740,57.5459,58.5943
570.8914,115.7786,57.6170,58.7851
570.8696,115.7439,57.6604,58.8545
570.8715,115.7581,57.6567,58.8262
570.9255,115.6648,57.5486,59.0127
571.3622,114.4213,56.6752,59.6641
572.3541,116.1162,52.8596,61.7702
568.0712,119.2071,48.7985,64.6076
567.2361,113.1169,48.6870,64.3170
564.0718,107.9127,51.4651,60.5227
560.8890,108.7924,54.3062,57.0012
560.7140,109.4168,56.4091,53.9997
560.0883,110.4045,57.6606,52.0243
559.7032,110.3188,58.4308,50.4688
559.5136,110.0867,58.8098,49.2193
560.2059,110.6014,59.1250,48.1898
560.1033,110.2110,59.3302,47.2828
560.9456,110.4737,59.3217,46.7575
560.9399,110.1162,59.3330,45.8047
560.8708,109.8163,59.4712,44.7523
559.1965,113.0836,59.5455,44.7666
560.2498,111.3067,60.7162,43.4047
559.4561,110.3512,62.3035,42.0477
555.9186,115.3270,62.8363,41.9094
557.0767,112.2733,63.8025,41.4516
555.1838,116.2571,64.2921,41.7250
553.3076,113.8924,64.7242,41.4741
554.1000,116.7765,64.8019,42.3554
552.4715,115.0515,64.7024,42.4490
553.5126,117.8302,64.2984,43.6046
551.8445,115.9571,64.2518,43.9680
552.4850,113.7154,64.6675,43.3613
552.5481,115.9473,64.5413,43.9762
550.8094,114.3730,64.6161,43.7224
551.8171,118.1451,64.2989,44.6689
551.8010,116.2654,64.3313,45.0102
550.8772,114.6400,64.4637,44.8308
551.5767,113.9750,64.7788,44.4464
552.2245,112.5132,65.1958,43.9449
552.2408,114.1079,65.1633,44.1766
551.9724,113.7183,63.9861,44.9559
557.1255,113.7607,60.5162,48.2893
560.7715,119.0307,54.9349,53.1461
567.0042,113.4921,49.2776,57.4152
571.6708,108.8612,46.6604,58.2821
572.3242,108.8196,45.3536,58.3652
571.9696,108.8230,44.4325,58.3586
572.3408,108.8783,43.6902,58.2479
571.9770,108.0558,42.8166,58.2917
572.2628,108.1895,42.2451,58.0243
572.4996,108.3779,41.7713,57.6476
571.9396,108.5567,41.3306,57.2899
570.8464,109.3209,40.4212,57.3096
571.2195,109.3532,38.1417,58.7782
573.8025,108.8220,36.0109,59.8407
560.5729,104.1566,38.5058,57.1894
552.9023,103.9779,43.3483,53.0472
555.7475,111.8565,46.7545,50.9351
552.0321,111.6956,51.1092,48.1807
549.4127,108.9089,54.7845,45.9369
549.3737,106.1724,58.0320,43.4868
546.8683,108.1868,59.8533,42.6473
547.5414,104.8595,61.7242,41.2593
544.8097,107.3960,62.3463,41.0276
543.2899,112.0701,62.1474,41.3950
543.9939,109.6678,62.3618,41.3324
544.5400,110.4438,62.8943,41.4050
544.9470,107.4293,63.7140,40.8989
544.0263,108.1917,63.9177,41.0118
544.5180,105.9208,64.5769,40.6258
543.7739,108.3420,64.4191,40.7214
545.2524,106.8024,64.7526,40.5102
543.3449,107.9991,63.6275,41.4101
546.5551,108.7472,60.4969,43.2035
560.0494,112.9321,54.6643,47.8529
559.6178,113.9785,49.0733,52.2142
565.3050,108.0407,47.2683,52.9256
564.7889,107.2837,46.7233,52.8625
564.1365,107.2387,46.4604,52.9524
564.1434,107.2386,46.4468,52.9528
564.1255,107.2367,46.4825,52.9565
564.2300,107.2599,46.2734,52.9101
564.2840,106.4536,46.1655,52.9617
564.2940,106.4809,46.1455,52.9070
564.3252,106.4925,46.0831,52.8838
564.3560,106.5319,46.0214,52.8051
564.3915,106.5268,45.9504,52.8151
564.4480,106.5134,45.8375,52.8420
564.4694,106.5332,45.7947,52.8025
564.5154,106.4966,45.7026,52.8756
564.5449,106.5085,45.6438,52.8519
564.5006,106.6167,45.7323,52.6355
564.4637,105.9235,45.8061,52.4736
564.4218,105.9846,45.8898,52.3514
564.3815,106.0095,45.9704,52.3017
564.4077,105.9185,45.9182,52.4836
564.4662,105.8903,45.8011,52.5401
565.4371,105.7651,45.4070,52.7904
566.0201,106.1405,44.2411,53.5849
565.0363,109.8587,40.0534,56.9203
562.7463,104.6914,40.0695,56.6053
556.2085,99.3242,44.0438,52.1711
552.3782,102.6145,48.6767,48.6183
553.9153,102.0427,53.2635,45.1652
551.5053,105.3062,56.5347,43.2845
553.2034,103.8970,59.4126,41.3974
549.5037,108.6951,60.4871,41.2885
550.2790,105.2358,62.1277,40.2289
550.7037,106.7936,62.8809,40.3186
552.0970,108.9893,63.3252,40.7737
550.1199,105.8397,64.0201,40.5539
548.6099,110.2549,63.7672,41.5423
548.5317,108.4714,63.9235,41.8108
550.2167,112.8495,63.8656,42.9906
551.0472,104.2415,65.5540,41.7846
548.4662,109.1355,65.6761,42.0764
549.8680,112.2259,66.2459,42.6423
548.5514,108.8460,67.1744,42.5835
549.1672,112.7826,67.6603,43.2982
546.5094,110.8920,67.7655,43.6058
544.8153,109.1236,67.6667,43.6556
544.9246,110.5949,67.4480,44.1988
541.5734,109.5508,67.1558,44.5382
543.5060,107.9650,65.0406,45.9599
550.1603,109.5927,60.4398,49.6708
551.9738,113.2785,55.0809,54.4228
553.3599,111.5823,50.5841,57.8153
556.3215,109.1611,46.3671,60.9517
559.7707,106.5376,42.8411,62.8262
563.7757,105.0185,39.8009,64.2079
561.7577,105.1637,37.3303,65.5442
565.9559,103.4986,35.3531,65.6648
565.2427,104.0544,33.6339,66.1260
568.3081,102.5863,32.1531,65.9622
567.4089,103.3659,30.9075,65.9249
570.2476,102.7053,29.7294,65.7464
569.1875,102.9257,28.8965,65.3054
572.4698,101.7885,28.1540,64.6689
571.3336,102.2070,27.5599,63.8318
571.6469,103.1630,26.9335,63.3306
571.9246,103.4474,26.3780,62.7616
574.3239,102.3097,25.7021,62.2887
573.8091,103.4264,25.3762,61.4107
573.9545,102.4527,25.0855,60.6841
573.5031,102.6686,24.6671,60.2523
574.9464,102.3620,24.3956,59.5578
576.4630,103.5008,25.2407,57.2804
576.5361,101.1238,28.9191,54.3854
574.9500,103.1429,33.3877,51.6437
573.6522,104.8723,37.3147,49.5161
572.7162,106.1428,40.5507,48.3393
572.9401,106.4307,42.8998,47.7634
571.8668,107.3217,45.0464,47.4087
571.7743,107.3770,46.6873,47.2980
571.8115,108.0762,48.0930,47.3797
571.9951,108.7227,49.2293,47.5903
572.2783,108.4687,50.1877,48.0983
572.6548,108.1062,50.9823,48.8233
572.2849,108.5169,51.7221,49.5734
572.7491,109.0187,52.3888,50.1649
574.2327,107.8733,52.6515,50.8409
574.7526,108.3375,53.2415,51.5423
574.4957,108.0709,53.7552,52.0755
575.0644,107.8317,54.2844,52.5538
574.8692,108.2814,54.6748,53.3368
574.6511,108.0428,55.1109,53.8140
575.3383,107.8550,55.4519,54.1896
575.1628,107.6298,55.8028,54.6400
575.0218,107.4219,56.0849,55.0559
575.9372,107.2746,56.0043,55.3504
576.9242,106.8786,54.0303,56.1425
576.9323,109.2216,48.8094,60.1311
576.5877,105.8087,46.0719,61.8171
567.8671,102.1403,48.2627,58.9868
564.6048,102.1499,51.4135,55.5939
564.5540,102.9096,54.8848,52.3896
563.0922,103.3701,57.8084,49.7794
562.9209,104.9931,59.8441,48.2264
562.3117,107.9404,61.0625,47.4302
561.0546,107.2891,61.8716,47.0276
563.1564,105.2370,62.8007,45.9989
562.9355,109.3025,63.2425,46.4093
561.8804,108.4789,63.6311,46.3349
562.5766,107.8191,63.9651,45.9279
562.9838,105.7982,64.8753,44.7956
563.3923,102.9192,65.7781,43.6741
561.0189,107.9531,65.3805,43.8954
561.8124,105.5685,65.5061,43.5269
562.0785,109.3558,64.9739,44.4939
561.2852,107.5862,64.8442,44.6005
561.9844,105.3248,65.1618,43.9747
562.9380,107.6513,64.9651,44.4536
564.4205,104.5863,65.4313,43.7213
564.1770,102.4397,65.9183,42.8832
563.7228,105.7435,65.1229,43.0908
567.0204,108.5573,61.9183,45.9396
573.4300,113.3514,55.8747,51.5964
581.1854,110.7056,50.5166,55.1960
584.9366,104.5998,49.6716,55.7570
584.6795,103.7612,50.1858,55.7747
584.3505,103.7069,50.8439,55.8832
584.9091,104.4998,51.4069,55.9778
584.6807,104.3589,51.8638,56.2594
584.5242,105.0393,52.1768,56.6011
584.4622,103.9508,52.3009,57.0654
585.2141,103.8278,52.5188,57.3114
585.1263,103.7311,52.6944,57.5048
585.9064,104.4264,52.8692,57.8492
585.9651,103.3885,52.7517,58.1819
586.7831,104.1332,52.8622,58.4390
587.6832,104.0157,52.8144,58.6739
587.7214,102.1932,52.7378,58.8087
588.3791,102.2866,53.1785,58.6218
589.1746,102.9737,53.3476,59.0078
589.9916,102.8515,53.4824,59.2522
590.7969,102.7494,53.6466,59.4563
591.4897,102.6752,54.0416,59.6049
593.7455,101.9026,54.8975,59.3608
594.1472,101.9597,55.8930,59.2465
594.6033,101.0819,56.7939,59.1892
595.0657,101.0820,57.6955,59.1889
595.5989,101.9043,58.4697,59.3850
596.3453,101.6380,58.8330,59.9177
596.9778,101.5637,59.4380,60.0663
597.6030,101.4583,60.0695,60.2770
598.4134,101.2789,60.3440,60.6358
598.4235,100.1366,60.3238,61.0152
598.3455,101.0021,60.4798,61.1952
599.1815,100.0090,60.7238,61.2652
599.0975,99.9834,60.8920,61.3164
599.0323,99.9141,61.0224,61.4550
599.9722,100.7840,61.0714,61.6439
599.9681,99.7516,61.0794,61.7761
600.0516,99.6361,60.9125,62.0071
600.7842,99.1856,59.4472,62.9082
602.3558,104.2988,54.3774,66.1684
601.9808,103.1344,49.4391,70.3933
596.6895,99.1210,50.6223,69.0206
594.8414,94.9909,54.3183,64.1309
592.5250,100.3620,57.0875,60.8436
592.1111,99.1826,59.7722,57.6316
592.2916,100.4256,61.2600,55.1456
592.8163,101.2686,62.0433,53.4597
591.7903,100.9336,62.2775,52.3120
592.4055,100.6702,62.8500,51.0358
592.3018,100.4190,63.0574,49.7473
593.1154,101.6628,63.2036,49.0330
592.9126,99.6550,63.6092,47.7567
592.6555,97.6496,64.1233,46.5195
591.0977,102.8583,63.7651,46.5234
592.0104,100.7000,63.6714,45.6454
591.7820,97.8983,64.1281,44.3862
591.1008,101.3564,63.7888,44.2772
591.7448,98.5240,64.1957,43.1624
590.3821,101.8281,63.5557,43.2843
591.0371,98.9510,63.9208,42.3389
591.8013,97.6266,64.0572,41.6582
590.3494,100.2779,63.6501,41.3220
591.0522,98.1634,63.8882,40.6197
589.5499,99.9357,63.6216,40.3463
591.1856,98.4922,63.6043,39.9794
590.8828,100.7527,62.5892,40.3201
593.5516,100.8689,60.4738,41.6988
600.7389,105.0408,55.7126,46.1726
607.6254,106.7227,49.9531,50.8226
609.0355,100.5190,48.7200,52.1210
608.7277,97.1978,49.3355,52.4119
608.2103,97.0042,50.3703,52.7993
607.8044,97.5496,51.1822,53.3330
607.4491,97.2828,51.8928,53.8666
606.4232,96.9196,52.2793,54.5930
606.2963,97.3995,52.5329,55.3161
605.2319,97.0965,52.9634,55.9222
605.0942,96.7452,53.2387,56.6248
605.0377,96.3876,53.3518,57.3399
604.9473,96.1219,53.5327,57.8713
605.2032,94.9113,53.0209,58.5385
606.7341,98.4535,49.9592,60.2357
605.4739,96.8522,45.5456,63.4382
593.1831,93.8565,49.6013,59.1666
592.3036,96.2938,53.0715,56.0032
591.6649,97.6108,56.0665,53.3692
592.4308,98.3446,57.9812,51.9017
592.5851,98.8665,59.4023,50.8579
591.2380,98.4039,60.3615,50.0479
591.6055,97.9550,61.3635,49.2089
590.5304,97.3671,61.7749,48.6461
591.1555,96.8034,62.2606,48.0377
590.9847,96.2730,62.6021,47.3651
590.9313,98.9602,62.7089,47.1736
590.1366,98.0625,62.5722,47.2428
590.8560,96.6978,62.8587,46.5219
591.5503,95.3271,63.1877,45.8279
590.7908,96.8844,62.9953,46.1359
591.3489,94.6851,63.5927,45.3943
591.5081,98.7224,63.2742,45.8713
591.3661,97.2307,63.5583,45.4280
592.4622,95.4588,63.0764,45.5510
596.6396,96.9711,59.8369,47.6416
603.6917,101.1121,54.1820,52.8785
613.1497,99.7190,50.4396,55.6646
617.0620,94.1338,50.9673,55.1421
616.3747,94.5434,52.3418,54.3228
615.8642,94.7171,53.3627,53.9755
615.4875,95.5668,54.1161,53.9665
615.1422,95.5909,54.8069,53.9182
615.8220,95.4220,55.1594,54.2561
616.4714,95.3761,55.5836,54.3478
617.1417,95.3224,55.9743,54.4553
617.0375,95.2122,56.1825,54.6756
618.6425,94.2699,56.4642,54.8145
619.2537,94.2392,56.9941,54.8758
619.9260,94.9353,57.4112,55.2453
620.6492,94.7954,57.7389,55.5251
620.5853,94.6349,57.8666,55.8460
621.3499,94.5547,58.1280,56.0066
622.1534,94.4383,58.3183,56.2393
623.0212,94.3244,58.3867,56.4671
624.0061,94.2023,58.2255,56.7113
624.4000,93.9929,57.4379,57.1301
625.5707,98.8537,53.2921,60.0381
632.8276,96.6935,49.4819,62.5745
618.9355,92.5275,50.8413,60.3366
615.5959,93.3908,54.0220,56.8608
613.8159,93.4633,57.5822,53.2237
613.4180,97.9645,60.1226,51.1998
613.4636,98.6261,61.7830,49.8767
614.4366,98.4436,63.3490,48.4857
614.1471,98.8502,63.9280,47.6725
613.9465,99.1107,64.3291,47.1516
614.5358,98.5952,64.9010,46.4320
614.5323,99.5574,64.9078,46.2551
615.2953,99.8179,65.1263,45.7339
616.1248,100.8216,65.2066,45.4658
616.0475,100.8543,65.3611,45.4004
616.0414,100.8445,65.3733,45.4200
617.7530,100.0878,65.4254,45.1956
618.5293,100.1661,65.6076,45.0390
618.5282,100.1949,65.6097,44.9814
619.2805,99.5185,65.8392,44.6002
619.2974,99.5490,65.8054,44.5393
619.3169,99.5331,65.7665,44.5710
619.3338,98.7661,65.7325,44.3755
619.3676,101.1814,65.6651,44.7222
619.2923,100.4028,65.8156,44.5489
620.0341,99.7960,66.0619,44.0327
620.0252,100.5721,66.0797,44.2054
620.0720,99.7672,65.9861,44.0871
620.1518,100.5342,65.8266,44.2779
620.2059,99.7224,65.7183,44.1758
622.8691,98.4157,63.8365,45.0670
631.1500,101.7195,59.2352,48.7112
631.2137,105.5564,54.0139,52.9229
643.2784,96.6312,51.7770,53.9331
643.0895,93.3951,52.1547,53.7467
642.7365,94.1432,52.8608,53.9183
642.4608,94.0315,53.4122,54.1416
642.2571,93.9145,53.8194,54.3755
642.8298,94.6127,54.3779,54.6830
643.5852,94.4576,54.5846,54.9932
644.3320,95.0705,54.8167,55.4930
644.2712,94.0924,54.9382,55.7121
645.0312,94.8230,55.1607,55.9935
645.0220,94.6833,55.1791,56.2728
645.7728,94.6710,55.4327,56.2974
646.4978,94.6029,55.7422,56.4336
647.2801,94.5480,55.9442,56.5435
648.0938,94.4846,56.0882,56.6701
647.9658,94.4031,56.3442,56.8333
648.7227,94.3809,56.6127,56.8776
649.4677,94.4127,56.9101,56.8140
650.9966,95.3427,57.4340,56.7450
650.9408,94.3873,57.5456,56.8577
651.5712,95.2099,58.0864,57.0141
651.4092,95.0987,58.4105,57.2366
652.5156,94.9815,58.0189,57.4708
654.0981,95.0198,54.8537,59.2131
655.2693,93.6667,52.5113,60.1232
652.2269,98.1278,47.9596,63.6103
643.9654,93.3214,52.2140,59.2018
643.7978,96.8186,56.0566,55.7148
644.0269,97.2310,59.1189,53.1298
643.1104,96.3826,60.9518,51.2924
643.5154,97.8361,61.9076,50.1514
644.7548,97.4780,62.9535,49.1053
645.2969,96.2696,63.6307,47.9994
644.5425,100.5441,63.3856,48.2187
644.4556,98.9353,63.5596,47.9294
645.1335,98.3259,63.9551,47.3968
645.1961,98.4446,63.8300,47.1593
645.1332,97.7971,63.9557,46.7113
645.9692,97.1389,64.0213,46.2902
646.8560,101.3890,63.9793,46.4480
646.7775,99.7147,64.1361,46.3295
646.7076,98.9909,64.2760,46.0431
647.7469,99.7840,63.9287,46.1883
648.7006,98.1040,63.7498,46.0913
651.4866,97.4718,61.6261,47.3558
658.5719,100.8529,56.0185,52.5815
666.4392,100.4330,50.5440,56.8413
672.5000,94.7934,50.2551,56.2878
672.0084,93.5970,51.2382,55.3263
671.4463,93.9059,52.3625,54.7085
670.9194,94.9164,53.4162,54.3736
670.5111,95.0044,54.2328,54.1975
669.2995,95.1390,54.9485,53.9283
669.1447,94.9945,55.2581,54.2174
669.8896,94.8722,55.4922,54.4620
669.6063,94.8051,56.0590,54.5962
669.4630,94.6873,56.3455,54.8318
669.2296,94.6824,56.8123,54.8416
670.8278,94.5089,57.1325,55.1886
671.5279,95.1712,57.5011,55.6328
672.2034,95.8951,57.9315,55.9664
673.0348,95.7419,58.0625,56.2730
672.9426,96.4450,58.2467,56.6671
672.9634,95.4370,58.2052,56.8736
673.6655,95.4603,58.6131,56.8269
675.3206,96.3025,58.9388,56.9606
675.3672,95.2289,58.8455,57.2826
675.5574,95.0612,58.4653,57.6179
676.5546,95.6051,56.4709,58.3583
676.6520,98.8129,50.8512,62.7923
670.3128,97.2283,49.2321,64.1743
666.4091,96.1678,51.6935,60.9491
665.4812,95.5386,55.3215,56.8904
665.0513,99.5081,57.9485,54.2525
665.7392,98.8237,60.1060,52.0879
665.1627,97.8284,61.2591,50.5472
665.8680,100.7891,61.6072,49.9019
666.6388,101.8134,61.8192,49.6069
665.8201,100.9298,61.7045,49.6221
665.8386,101.7189,61.6674,49.7945
665.8419,100.8720,61.6608,49.7354
665.8250,101.6875,61.6947,49.8562
665.8631,101.6889,61.6185,49.8532
665.9008,101.6873,61.5431,49.8566
665.9381,100.0619,61.4685,49.6034
666.2760,99.9685,60.7926,49.7902
670.0914,99.9637,58.3798,51.5393
682.2614,99.6734,53.0716,55.5801
682.9559,102.1468,48.2607,59.1880
685.8597,97.2118,49.2128,57.2286
684.8528,97.3988,51.2267,55.1796
683.2004,98.8437,52.8560,53.9651
681.5488,99.3513,54.4771,52.9500
681.0280,99.6841,55.5186,52.2844
680.6503,99.8143,56.2742,52.0239
680.3410,99.8306,56.8926,51.9913
680.2767,98.9331,57.0213,52.0721
680.2775,98.7621,57.0198,52.4141
681.2153,98.5677,56.8670,52.8029
681.2386,98.4043,56.8204,53.1297
681.3936,97.3680,56.5105,53.4711
682.4656,97.1786,56.0983,53.8500
683.2522,98.1247,52.7937,55.4203
684.8926,100.4092,47.8088,59.3715
677.1257,98.0132,48.1738,59.1074
672.1624,95.5713,51.3515,55.5547
668.9769,100.2818,54.3560,52.8667
668.4053,98.2310,57.1875,50.2142
667.6190,101.4574,58.7602,48.8328
667.6996,99.7023,60.2914,47.2653
667.3965,102.4755,60.8978,46.7910
667.0473,101.1454,61.5961,46.0668
666.8477,101.4019,61.9954,45.5537
666.0273,102.9763,61.9475,45.7824
665.8760,101.4705,62.2501,45.4106
665.7632,100.8279,62.4757,45.0055
665.8140,103.2492,62.3741,45.2239
665.7080,100.8766,62.5860,44.9018
665.1298,103.9127,62.0555,45.5777
665.9684,102.2104,62.0683,45.6022
665.0982,100.6399,62.1181,45.3620
667.1833,98.9055,61.3228,45.4559
671.3796,101.0894,57.9609,47.7957
675.9341,105.3635,52.1789,52.5558
682.9445,100.0167,49.7038,53.3532
683.2718,97.3592,50.6718,52.1774
682.5579,98.6185,52.0997,51.2785
681.9136,99.0042,53.3881,50.5070
680.7128,99.2184,54.1537,50.0786
679.5912,99.3614,54.7557,49.7927
679.3687,99.3107,55.2008,49.8940
679.1729,100.0286,55.5926,50.1127
679.1174,99.1807,55.7034,50.1444
679.8411,99.0809,55.9225,50.3441
679.7645,99.7580,56.0755,50.6627
679.7469,98.8361,56.1106,50.8262
679.6492,98.7347,56.3062,51.0289
680.3935,99.4486,56.5074,51.2910
680.4681,98.5526,56.3581,51.3858
681.2792,98.5045,56.4322,51.4820
681.9800,99.2872,56.7297,51.6157
682.0268,99.1886,56.6362,51.8129
682.0406,98.3349,56.6085,51.8128
682.8163,98.2961,56.7640,51.8903
682.7855,98.3129,56.8257,51.8569
683.5182,98.3138,57.0713,51.8549
684.3079,99.1562,57.2068,51.8850
685.0862,99.2126,57.3676,51.7723
686.7417,99.2717,57.4931,51.6541
688.3735,100.1402,57.6660,51.6353
689.1136,100.1398,57.9062,51.6361
689.8847,101.0875,58.0885,51.4650
691.1813,102.2948,58.9444,50.7749
691.3501,104.4488,60.3334,49.9202
691.7057,106.4788,61.3564,49.3289
693.6663,107.6587,62.6567,48.7097
695.0400,109.4997,63.4101,48.5284
697.3207,111.3334,64.1254,48.3789
698.7101,111.3578,64.8814,48.3300
700.2159,112.2904,65.4259,48.2429
701.9131,113.0900,65.6014,48.4286
703.6025,113.8823,65.8040,48.6347
705.3307,114.7219,65.9416,48.7526
708.0908,115.5120,65.8249,48.9736
710.6874,118.3367,66.0406,48.7331
714.3565,119.2327,65.9117,48.7433
716.9608,120.2979,66.1047,48.4136
719.6245,122.2220,66.1714,48.1613
721.3407,124.9291,66.3289,48.1319
724.2960,126.6665,65.8087,48.2508
726.6772,129.1741,64.6280,48.6083
730.0215,130.7881,63.2758,48.9378
731.3001,132.5772,62.4822,48.8868
734.3136,133.4001,61.7069,48.9915
736.3495,136.0564,61.1159,48.9001
739.2084,136.9212,60.5878,48.9004
740.2719,139.5339,60.1826,48.8402
743.1060,141.2718,59.6581,48.7935
744.0097,142.2651,59.5564,48.5128
745.8701,143.1893,59.2349,48.3639
746.7792,144.0399,59.1090,48.3551
748.6506,144.8509,58.7466,48.4233
750.7488,147.1535,57.9216,48.8754
752.9582,148.5986,56.8636,49.3458
754.3190,150.9171,55.8136,49.7235
754.5468,151.6855,55.3580,49.8479
754.7130,152.3107,55.0255,50.2538
753.9706,153.5098,54.8528,51.1706
753.5235,153.7529,54.0777,52.3539
751.5026,154.8225,53.0914,53.5667
746.7519,155.3672,52.5149,54.1570
741.1290,156.7775,52.0020,54.6960
736.3146,159.1115,51.5497,55.0686
731.1697,160.1007,51.7667,54.7689
724.0966,162.7624,52.4926,54.4782
715.3314,164.7604,53.1777,53.8511
702.3724,171.1307,53.8136,52.9090
693.2866,178.2936,55.1787,52.0284
686.8026,186.8799,56.3298,51.7370
684.0836,193.5542,56.6634,51.9999
683.6906,197.7976,57.4496,52.0674
685.6207,198.6773,58.7616,52.0323
686.3478,199.1426,59.0513,52.8456
688.8379,195.5777,59.3557,52.9295
688.4722,194.7405,60.0871,52.8364
690.5643,193.2969,61.2350,52.1686
691.7852,190.6300,62.3622,52.1491
694.2579,186.6941,62.8215,52.8149
701.2722,181.8378,63.3475,53.4307
709.2858,182.2366,62.0193,54.4704
724.8892,170.6653,61.9824,55.6108
744.9108,166.3052,60.8140,56.9262
742.9782,165.8955,59.1173,57.7457
733.7233,162.7689,59.2240,56.6376
727.2431,162.2863,59.4129,55.7783
722.1343,160.6650,58.7476,55.3933
720.2711,157.0773,57.0822,55.3794
717.5486,154.4804,55.4431,55.2602
716.4103,154.0326,54.2330,56.1559
715.3309,152.6772,52.9152,58.8666
715.4535,148.2283,52.6700,60.7256
714.2687,147.5608,53.2550,62.0606
710.5074,147.5911,53.5190,63.8146
708.9206,145.9554,54.8465,63.3941
707.4713,145.5328,55.8844,62.3785
709.7016,147.1144,57.0088,61.0768
713.0093,147.2385,57.8308,60.8287
718.9733,146.5782,57.1138,62.1493
725.3159,144.5317,55.6950,64.3645
731.1154,138.7262,53.5435,64.6389
731.3380,139.3800,51.2391,65.1903
2
0
0
0
0
1
742.7759,188.8786,19.2373,49.4297
742.3572,192.2616,20.0749,50.0482
741.2160,197.4812,21.2784,50.3968
739.9207,195.9621,22.7640,50.1193
733.0623,210.4719,22.9522,50.4115
729.6919,197.4471,22.8834,51.4929
726.2800,181.9328,22.8108,52.6367
2
0
0
0
0
1
733.2328,166.0677,19.3533,55.7536
729.0371,163.8008,20.8596,54.5497
723.2495,161.3335,23.1746,52.5392
718.6972,161.5261,25.2609,50.9842
716.2325,161.4288,26.6398,49.9954
712.9256,161.0719,27.2898,49.5163
709.6995,160.6429,27.7580,49.1776
707.1691,159.9884,28.0196,49.2867
705.2983,158.8809,28.1435,49.0901
703.0897,158.0615,27.7406,49.5238
702.6256,156.8729,27.4642,49.4917
699.6888,156.0201,27.3405,49.9979
696.1349,155.1443,27.2197,50.5448
695.6292,154.9448,27.0203,50.9437
692.1777,156.4553,26.6439,51.5625
692.6942,157.2079,25.6109,52.4891
689.0283,161.5649,24.4615,53.4676
687.2453,169.5355,23.2045,54.4076
684.2601,179.3402,21.9912,55.1520
680.5269,193.5879,21.1523,55.1318
676.1386,211.5782,20.5597,55.4568
671.4824,233.4855,20.5508,55.9177
665.9074,257.2498,22.3282,52.9095
664.6781,273.5670,24.7869,49.2779
667.7957,275.4840,25.4537,47.7446
654.0801,268.6256,27.8204,45.5115
659.8725,278.1078,28.8461,43.7431
