1
144.0799,130.4446,83.6402,189.1272
141.0927,133.0477,85.4002,183.9211
138.8214,132.1678,85.7729,181.5111
136.4099,133.0000,86.4549,179.8467
133.6936,131.5494,87.7587,178.6192
129.9231,125.9804,87.0328,181.4903
128.4147,123.9200,85.8868,185.6110
127.1386,123.5749,84.2361,190.5042
127.6476,126.1442,83.2182,193.8553
119.9770,126.6136,81.4572,197.1921
116.9017,124.4204,79.0228,201.5784
115.5836,122.0224,77.3469,206.3744
113.8942,119.6237,76.3746,211.1719
109.8350,120.0834,75.6887,214.6546
107.8366,120.2063,75.2460,218.8483
105.6693,120.8300,75.0893,222.0921
103.3554,121.7638,75.1826,224.7593
103.2558,121.1700,75.3818,225.9469
103.1328,120.7223,75.6278,226.8421
102.9885,119.9905,75.9163,228.3059
100.5807,121.8930,76.0938,229.1389
100.3461,124.0896,76.5630,229.3991
100.3894,126.3879,76.4764,229.4682
100.3113,128.7298,76.6325,229.4493
100.0939,128.7980,77.0673,229.3130
99.9345,128.7605,77.3862,229.3880
99.7464,126.5468,77.7624,229.1349
99.7137,124.3083,77.8277,228.9281
99.6395,126.7803,77.9761,228.6660
99.6165,127.0318,78.0222,228.1630
99.6006,124.9819,78.0539,227.5882
99.5258,128.0053,78.2035,226.2084
99.5278,128.8073,78.1994,224.6045
99.5658,129.2509,78.1236,223.7172
99.5988,129.8063,78.0575,222.6064
99.4267,133.1487,78.4019,220.5176
99.4236,134.2754,78.4080,218.2642
101.7113,137.6303,78.3728,216.0948
101.8880,138.4491,78.0194,214.4572
102.0880,139.2761,77.6194,212.8032
102.3595,139.5992,77.0765,212.1570
102.5262,142.0423,76.7431,211.6998
102.6092,142.4861,76.5772,210.8122
102.5439,142.7525,76.7078,210.2795
104.4538,145.1539,77.2832,209.8720
106.2818,145.2178,78.0274,209.7442
107.8062,139.8394,79.3900,207.2662
116.6838,142.0906,83.6376,198.3634
111.6571,144.1615,89.3428,189.8734
122.9150,146.5061,97.1038,180.8590
129.1837,147.2430,101.8761,175.0578
140.0541,148.0307,101.7499,173.4823
145.9619,150.8360,102.8266,172.1692
153.6285,166.3295,104.6777,166.9586
158.5579,167.6582,103.3180,164.3012
156.5881,172.1800,103.0706,163.6317
151.7545,174.9270,104.3921,162.3107
163.5484,174.1372,101.6802,163.8902
162.7581,177.1104,99.1074,166.2507
158.3525,172.6169,99.6280,166.9472
153.3652,167.5436,101.2737,164.6003
148.2683,158.6950,103.1532,161.5117
145.0942,151.6643,105.3588,159.0028
144.5688,146.6443,106.4096,156.6178
144.7254,146.9389,106.0964,156.0285
143.4923,146.5082,104.4535,156.8899
145.1088,137.0110,101.2205,159.5047
148.5347,136.4032,98.4489,160.7205
150.0831,137.6564,95.3520,162.2659
151.2417,136.5944,93.0349,164.3899
152.3438,139.2570,90.8307,167.0944
153.2368,139.7452,89.0446,170.1351
153.7949,142.7398,87.9284,172.2085
152.0119,140.0671,87.4519,173.5114
151.7018,142.1169,88.0722,173.4652
151.9982,143.5808,87.4794,174.6008
149.8688,145.1261,87.6682,175.5800
149.3874,145.0620,88.6311,175.7084
149.1385,142.9409,89.1288,175.8444
146.5158,145.5115,90.2578,174.8198
146.4874,145.5147,90.3146,174.8134
148.3082,147.7240,90.7947,174.5168
145.6112,148.5015,92.0630,172.9618
145.6478,148.3596,91.9898,173.2455
147.7316,150.3857,91.9499,173.3211
147.1429,153.1497,93.1273,171.9210
146.7521,155.5998,93.9088,171.1486
146.5446,157.7706,94.3239,170.9365
146.2499,157.7895,94.9132,170.8987
148.0564,157.8194,95.4434,170.8389
148.1829,157.3324,95.1903,171.8129
148.2129,156.7312,95.1304,173.0153
150.1683,156.3934,95.3976,173.6908
150.1356,158.5017,95.4628,173.6668
147.9436,160.2499,95.6536,174.3636
147.2211,160.5250,97.0985,173.8134
146.9821,162.3321,97.5767,174.4226
146.7802,161.9441,97.9805,175.1986
149.1616,161.1512,97.4764,176.7843
148.9667,160.9401,97.8663,177.2067
150.7550,160.8006,98.5763,177.4857
152.5492,160.3216,99.2906,178.4436
151.8618,162.8321,100.6655,177.7517
151.3781,165.1941,101.6328,177.3701
151.2135,162.6722,101.9619,178.0607
153.5802,162.0818,101.5975,179.2415
153.3779,163.9241,102.0022,179.9372
153.2680,161.3454,102.2219,180.6973
153.3317,160.6185,102.0946,182.1511
153.4354,160.0299,101.8871,183.3282
153.6117,161.6054,101.5345,184.6227
155.8402,161.2689,101.5361,185.2958
153.6093,161.3271,101.5293,185.1794
153.7159,160.7755,101.3161,186.2827
153.9417,159.9226,100.8645,187.9884
153.9953,159.4943,100.7573,188.8450
153.9240,159.2750,100.8999,189.2836
153.5845,159.1839,101.5790,189.4658
150.6871,159.5207,102.8430,188.7922
149.8033,162.6395,104.6106,187.0972
147.2112,162.8925,105.2471,186.5912
149.3108,165.3555,105.5988,186.2161
148.4646,166.0368,107.2912,184.8535
150.1286,166.1911,108.5234,184.5449
150.3876,163.8084,108.0053,184.7340
148.2885,164.0250,107.6332,184.3008
147.9943,166.1721,108.2216,184.5643
147.9886,165.7912,108.2330,185.3260
148.2847,161.1061,107.6407,185.5303
150.5697,162.8098,107.6468,186.6988
148.4615,162.5661,107.2697,187.1864
148.4327,162.4646,107.3274,187.3892
148.8345,162.0539,106.5237,188.2108
146.3696,160.2798,106.8568,187.1623
145.6676,158.4173,108.2607,186.3003
145.9528,155.6183,107.6905,187.3006
146.5449,154.8199,106.5062,188.8973
141.8602,152.2276,106.6624,189.4754
142.2130,151.6359,105.9569,190.6588
142.6090,148.9190,105.1649,191.4693
143.4332,145.9018,103.5166,192.8819
141.1314,142.0917,103.5058,191.2734
137.0623,148.8569,107.0536,186.9240
134.4684,147.2056,107.6545,185.6399
136.5140,144.0674,108.1412,182.7606
132.8306,147.8815,110.9647,179.6759
127.4902,148.9921,112.5557,177.4547
124.7858,151.3343,113.4262,177.3086
124.5022,151.3079,113.9934,177.3614
118.8811,152.2936,116.1134,175.3899
115.3397,155.4097,118.6293,173.7246
114.2389,156.8991,120.8309,170.7459
113.6537,157.7820,122.0013,168.9801
110.1694,161.2829,124.4026,166.5457
108.0208,159.5539,124.1298,165.4338
106.8668,158.9103,121.8895,166.7211
108.3862,157.7687,118.8506,169.0042
109.8150,154.8738,115.9930,170.2780
110.4024,152.5779,114.8182,170.3820
111.4612,154.1116,112.7006,171.7845
109.6086,149.8500,111.9501,171.3961
107.4061,150.5571,111.9175,169.9819
108.0551,150.7229,110.6194,169.6503
103.9647,153.4851,110.0220,168.5151
104.8860,153.3707,108.1794,168.7439
107.9230,152.4507,106.4403,170.5839
99.8163,152.4446,105.3207,170.5960
102.4786,141.9804,104.3107,169.9512
102.0903,140.9036,100.7992,172.1048
102.0221,136.3940,96.6747,176.8632
101.8099,135.6601,92.8381,182.5922
97.5376,131.8551,88.5441,185.9227
98.6506,133.4804,86.3180,191.1795
95.3504,133.7922,84.3358,194.8473
93.9225,129.9932,82.8820,198.1357
92.5583,129.0154,81.2789,200.0913
91.9645,134.9036,82.4664,196.9771
87.5389,141.8722,87.0104,191.6545
79.0732,144.4638,91.0106,186.4714
75.3146,148.8245,94.2231,182.0546
64.2005,127.7825,94.9739,181.1834
45.6173,125.3622,93.4795,181.7285
47.4933,143.1658,98.2833,176.0666
40.0651,142.8136,100.3093,172.4944
70.2355,151.2824,103.8438,168.3318
40.0925,145.6357,104.5452,166.8571
28.8163,140.1464,105.8685,165.0982
34.8530,128.7466,110.7616,158.2063
23.8124,125.3813,111.7467,156.4985
13.8532,134.0561,110.6172,155.9874
0.6939,111.7697,107.6530,158.7274
1.6518,119.9622,105.7371,159.0452
32.0519,122.7269,107.1662,157.6642
60.5472,153.7191,116.6006,149.6503
58.0071,146.7841,121.6806,146.7808
56.3240,146.8038,125.0469,142.5182
55.4316,137.6510,122.6203,143.9783
61.8363,135.7497,122.3961,143.5859
63.4829,132.4480,123.2882,141.8186
65.9037,128.4938,122.6190,141.3823
62.5040,134.5471,121.1086,141.7402
56.6360,134.8892,120.4361,141.0561
57.0643,133.3213,119.5795,140.0772
56.8047,130.0510,120.0988,138.4459
59.0678,119.9163,119.6414,138.3704
59.1635,122.4520,119.4501,137.3595
59.1174,124.3082,119.5424,137.6888
60.1879,127.2715,121.4497,135.8106
60.2622,125.8968,121.3011,134.5102
60.3776,124.4951,121.0702,133.2864
60.1428,125.2252,121.5399,131.8263
56.4114,128.5959,121.0243,129.0741
56.4444,138.5867,120.9583,124.8446
49.5775,144.3167,119.2089,121.1261
57.6345,153.0341,122.0188,115.0456
68.2317,164.0939,126.9547,107.8577
77.7940,160.9585,129.9986,103.0441
80.2790,168.3697,132.3563,99.2133
83.2098,166.9835,130.1321,98.3482
84.0530,165.3154,128.4457,98.0951
84.4426,158.7921,124.1070,100.4629
84.3436,151.1530,120.7733,101.6145
83.5978,150.8466,118.7660,102.2274
94.7505,159.8388,117.3273,101.6319
95.5299,152.7210,115.7685,102.0836
96.7171,146.7305,113.3940,103.7774
103.0363,143.8210,111.0133,106.1774
102.4599,137.2273,108.7459,109.1043
114.8492,149.5929,107.9824,108.3881
121.4806,154.2545,108.3491,105.8797
128.3157,153.3029,108.1735,104.4092
131.5609,155.7628,108.3783,102.8370
123.2723,145.4382,108.3257,103.5308
126.9592,143.2137,107.6242,104.6436
146.3061,138.4402,102.3577,110.8479
154.2928,140.5164,96.4549,116.7662
148.2809,134.0131,95.0627,119.7108
151.0215,134.1964,92.9582,122.7210
151.6204,131.4216,91.7604,124.8821
160.3974,129.2841,87.8131,129.1571
171.7697,136.7218,82.0752,134.6894
188.0195,153.5709,76.6827,138.2635
204.7192,167.0150,73.4339,138.1758
206.5382,180.1735,73.0891,134.9114
203.3955,188.2457,72.8960,131.7239
193.2651,195.3429,74.0235,130.2850
191.3584,174.9810,74.6500,129.5802
196.0111,171.1323,74.9057,127.7167
195.0904,175.1074,76.7470,126.0939
203.0121,189.2505,73.5862,132.6845
209.9066,177.8540,69.4417,139.4032
209.4415,177.6269,67.1295,143.0999
205.4198,185.9955,68.6604,139.3876
208.9958,156.3752,67.9658,140.5120
213.8367,156.6541,67.9832,139.9542
186.2207,197.0588,78.0623,130.0992
173.0116,200.3033,88.2185,120.3577
156.6307,201.7023,98.0559,111.0100
149.2457,200.4716,106.2443,103.5990
144.8272,184.1074,108.4723,103.2819
150.3454,194.5310,114.1082,99.1069
171.3923,186.0639,112.2820,99.2628
181.6563,171.4007,108.4032,101.9506
179.4423,169.5183,106.2068,102.4032
180.3222,166.2737,104.4469,102.3222
182.2535,164.9890,103.8405,101.6355
184.3174,161.9920,102.9485,101.1578
184.6835,160.9332,102.2162,100.0613
183.7208,159.4490,100.9563,99.8442
180.2582,157.5739,98.3948,100.4322
180.9844,156.2065,93.8113,103.1670
183.8922,161.6980,87.9957,107.6896
187.9714,170.8870,82.9150,110.8561
189.5981,177.7274,79.6618,112.3931
194.8783,143.3743,75.1283,117.8161
207.8936,142.0316,70.2366,123.5212
215.6997,157.0025,66.7138,126.8251
227.3335,159.1351,64.5222,131.5925
238.1882,174.3986,64.1133,134.5378
261.5203,179.2503,63.6315,137.1497
267.0806,192.3534,64.9447,135.8112
286.6660,204.2069,69.3402,130.7754
306.3124,211.2229,73.6446,126.0857
339.8309,231.9660,75.2065,128.2533
361.9836,224.6500,81.7292,123.8248
386.9935,237.5902,86.4504,123.7050
420.2148,259.6051,89.2344,125.8262
454.7210,268.1143,91.0866,125.6804
467.2798,278.2590,93.1911,125.8075
444.1371,230.9281,94.7667,127.6105
457.2246,229.9252,96.5311,129.6163
