1
209.9906,138.9943,92.2426,52.4514
207.4882,139.1568,94.9904,52.1265
205.1911,139.2477,97.2925,51.9445
204.3457,140.4241,98.9833,51.9148
199.8672,141.5827,100.8985,51.9448
198.9370,142.7641,102.7588,51.9580
193.1425,143.7834,104.7341,52.3227
192.1750,144.6922,106.6691,52.9438
191.5348,144.5482,107.9495,53.2319
190.7386,145.5858,109.5420,53.6581
187.3533,146.6895,111.2482,53.9829
185.7926,146.5775,111.8070,54.2067
183.8654,147.6855,113.0866,54.5656
182.1821,147.5383,113.8536,54.8599
180.8014,148.6140,113.9990,55.3244
180.3841,149.5953,114.8336,55.9880
180.1978,149.4290,115.2062,56.3207
179.8010,149.4445,115.9998,56.2897
180.8555,149.3934,116.5629,56.3918
178.0323,150.6138,116.8451,56.6332
177.7035,154.7482,117.5026,56.4358
176.0827,156.0384,118.0474,56.5521
175.9856,157.2528,118.2417,56.8300
170.7798,158.2044,117.7962,57.6411
170.7769,157.9323,117.8020,58.1853
169.3768,157.7027,117.8707,58.6445
169.3185,158.6859,117.9874,59.4185
166.9320,159.7757,117.2495,59.9944
165.5723,159.6125,117.2143,60.3207
164.3836,159.5459,116.8319,60.4538
160.7193,160.7274,115.8914,60.8473
158.4603,160.6581,114.9106,60.9860
156.2093,161.8519,113.9380,61.3355
154.1922,163.0212,112.5144,61.7259
154.6953,163.1986,111.5083,61.3712
155.2738,164.6094,110.3512,61.2433
155.8543,164.8634,109.1901,60.7352
156.0943,165.1463,108.7101,60.1696
156.1960,165.3692,108.5069,59.7237
156.5126,165.4547,107.8735,59.5528
158.2789,165.5188,106.9500,59.4244
157.1207,164.3436,106.6733,59.1816
156.2270,163.1996,105.8756,58.8847
155.0998,162.0196,105.5619,58.6767
151.3822,160.9956,105.3173,58.1647
152.9068,162.2625,104.8156,58.1784
154.4438,162.1817,104.2822,58.3401
155.0550,163.4114,103.0598,58.4159
155.4207,163.5441,102.3284,58.1506
154.6452,163.4576,101.3761,58.3236
151.2388,163.5082,100.7130,58.2223
152.9795,163.4996,99.7121,58.2396
153.4803,163.5285,98.7103,58.1818
154.0750,163.3199,97.5209,58.5989
155.8161,163.3350,96.4781,58.5688
157.4633,163.3847,95.6072,58.4693
157.3908,163.6755,95.7521,57.8878
158.7665,163.8795,95.4018,57.4798
158.9457,163.9904,95.0435,57.2579
160.4964,164.0522,94.3220,57.1343
161.6044,164.3327,94.4730,56.5732
161.2953,164.4719,95.0912,56.2948
158.8792,165.7191,95.1947,56.1649
160.3371,165.7006,94.6425,56.2018
161.9196,166.8434,93.8337,56.2725
162.6070,166.5828,92.4589,56.7936
163.3554,166.2054,90.9622,57.5485
164.0400,165.9544,89.5930,58.0504
163.4003,165.8269,88.5605,58.3056
161.5285,165.6826,87.7030,58.5940
159.5817,165.6538,87.0118,58.6516
159.8528,165.6819,86.4696,58.5954
159.9263,164.7940,86.3225,58.0973
159.7089,163.8685,86.7573,57.6848
155.3416,163.6309,86.4394,58.1601
156.8905,163.5355,85.6079,58.3510
157.4920,164.5999,84.4048,58.4789
156.1445,164.1812,82.6182,59.3164
154.8127,163.8066,80.8266,60.0656
152.2881,162.5874,79.2374,60.2912
153.0372,162.4442,77.7392,60.5777
151.7374,161.1153,75.9908,61.0615
149.0941,161.0699,74.8121,61.1523
148.5092,161.0433,73.8433,61.2053
148.7976,161.1321,73.2667,61.0278
148.0032,161.1628,72.7428,60.9664
147.2171,161.4261,72.2113,60.4399
147.4224,161.8470,71.8008,59.5981
146.6574,162.1113,71.2637,59.0694
146.9300,161.5334,70.7184,58.1749
146.5193,161.6334,69.5126,57.9749
146.1672,161.6571,68.2111,57.9276
145.7354,162.6756,67.0898,57.8753
145.3878,162.6347,65.8184,57.9572
144.9359,163.5873,64.7741,58.0002
144.5056,163.4088,63.7019,58.3571
145.1182,163.2370,62.4766,58.7009
145.7649,163.0742,61.1832,59.0265
148.2337,162.8905,60.0316,59.3937
148.7603,163.6328,58.9785,59.7900
149.2876,163.6359,57.9239,59.7837
150.2688,164.0471,57.8152,58.9614
153.3286,164.4289,57.2125,58.1978
155.4121,164.7130,56.6804,57.6295
156.8277,164.5843,55.6493,57.8869
158.1797,164.5066,54.7333,58.0424
160.5200,164.3311,53.6041,58.3932
162.0300,163.0748,52.3476,59.1425
161.7825,163.7194,51.0875,59.6083
161.5540,163.2824,49.8027,60.4822
162.8513,162.2416,48.9429,60.8291
163.5165,162.0121,47.6124,61.2882
161.8048,161.9235,45.9010,61.4654
160.9939,160.9166,44.1501,61.7927
160.7760,160.8239,42.9233,61.9783
161.9626,160.0439,42.1952,61.8931
161.2188,159.5013,42.0511,61.3464
161.7130,161.0400,41.0626,61.5115
162.0030,160.2546,40.4827,61.4749
160.3032,159.1433,39.0909,62.1004
164.1938,155.4181,37.6426,63.2180
163.5195,156.2979,37.4156,63.0339
164.9232,157.1083,37.7463,62.9820
166.2951,158.7314,38.1501,62.8835
166.1356,160.5947,38.4691,62.3151
165.4031,160.1097,38.3581,61.7090
165.7609,162.6191,37.6424,61.3854
164.4953,162.0230,37.0771,61.0295
164.6367,160.8873,36.7944,60.2340
165.0317,160.0580,36.0043,60.3756
166.2985,159.0245,34.9762,60.9372
167.4988,160.1917,34.0723,61.5959
167.7515,158.6500,33.5668,61.6974
168.5092,158.0371,33.5353,61.4394
171.5995,157.3150,33.2724,61.4041
172.7410,159.2496,33.9382,60.4837
172.4361,159.6865,34.5480,59.6100
173.0011,160.0092,34.8877,58.9646
177.8821,161.7675,35.3861,58.3797
175.5178,159.6899,35.7183,58.1383
176.5876,160.7083,36.5135,57.5691
176.9001,160.8843,37.3609,57.2170
177.1409,161.1170,38.3604,56.7516
179.5755,160.6755,39.4545,56.1438
180.5486,160.9920,40.5077,55.5107
181.4880,162.0102,41.6440,54.9819
181.8823,162.9214,42.3735,54.6775
182.1433,163.1554,43.3767,54.2095
182.4775,164.0720,44.2427,53.9107
181.9145,164.4397,45.3687,53.1754
182.2216,164.8365,46.3052,52.3818
182.4689,165.2777,47.3640,51.4994
180.0279,165.7705,49.1328,50.5137
180.0458,166.2574,50.6663,49.5400
179.1264,167.5707,52.5051,48.4913
177.3384,169.0284,54.4909,47.1660
175.3754,170.4614,56.8169,45.9000
173.3531,170.8636,59.2462,45.0956
171.2942,172.1574,61.7248,44.1475
170.2896,172.4488,63.7340,43.5646
169.1849,172.8404,65.9432,42.7813
168.1900,173.1498,67.9330,42.1625
168.1464,173.4212,69.7422,41.6198
168.3769,173.5701,71.0208,41.3220
169.4442,173.7433,72.3937,40.9756
169.5787,173.9053,73.8927,40.6517
171.6479,174.0214,75.1087,40.4194
173.7331,174.0907,76.3344,40.2807
175.8735,174.0175,77.4968,40.4272
176.2758,174.0252,78.5262,40.4117
178.4609,174.7570,79.7024,40.7971
179.4014,178.4796,81.5668,40.8428
178.8571,179.3675,82.6555,40.9678
180.5330,180.0521,83.1415,41.5175
180.9142,181.9191,84.3147,41.6548
180.2952,182.7320,85.5527,41.9841
179.2975,186.6022,87.5482,42.1594
178.0429,187.3299,88.0462,42.7152
178.7095,188.0909,88.7411,43.2213
178.2277,189.0777,89.7046,43.2945
178.9350,192.0004,90.3525,43.6363
177.2017,193.1629,91.7413,43.3889
176.5049,195.2257,93.1350,43.4509
174.7366,197.2718,94.5564,43.5888
175.3681,197.1271,95.4316,43.8782
172.9886,198.8217,95.8787,44.8009
170.4485,199.4527,96.6015,45.7175
166.1596,200.9603,96.3588,47.1126
170.1903,199.3946,97.2009,48.0183
158.2246,203.5383,94.0856,51.0001
161.6545,202.7265,91.7448,52.6239
165.4155,202.6096,90.9806,52.8576
165.5459,201.7215,90.7197,52.3887
164.3790,201.2121,88.5868,53.4074
165.3089,200.3113,88.9458,52.9901
165.2982,199.3431,88.9672,52.7093
168.3266,199.3914,89.5489,52.6128
167.7600,199.2295,90.6820,52.9365
166.9577,199.1541,92.2867,53.0873
167.5116,200.0424,93.4472,53.5791
168.5763,200.6178,93.6118,54.7223
166.1649,201.2736,93.8030,55.7266
162.4733,201.1959,94.1794,55.8820
163.1088,201.3676,95.2522,55.5385
163.9465,201.4085,95.9308,55.4569
164.7402,201.6508,96.7061,54.9722
163.2444,201.9337,97.3318,54.4064
163.1074,202.1139,97.6058,54.0459
162.2483,203.4712,96.9604,53.6949
161.8330,204.6675,95.4431,53.6501
162.3714,204.7674,94.3663,53.4504
162.8717,205.0746,93.3658,52.8360
163.5888,206.5288,91.9315,52.2078
164.1200,206.7940,90.8690,51.6773
165.9374,206.8869,89.4579,51.4915
167.7884,206.9455,87.9554,51.3743
169.7444,207.0735,86.2184,51.1184
170.2274,207.1820,85.2524,50.9013
169.4045,207.4678,84.7712,50.3298
169.6002,207.7185,84.3799,49.8284
169.9381,207.9060,83.7039,49.4533
169.3228,208.0591,82.8551,49.1471
170.1759,207.9054,81.1489,49.4546
170.5171,207.9973,80.4665,49.2707
170.7713,208.0658,79.9580,49.1338
171.0444,208.0996,79.4119,49.0661
172.4617,208.1587,78.5865,48.9480
173.6662,209.5004,78.1723,48.2594
173.9305,209.7813,77.6436,47.6975
174.2361,210.0629,77.0325,47.1343
173.0878,210.0050,75.4468,47.2501
173.5056,209.1642,74.6112,47.0123
173.1672,209.2250,73.3849,46.8907
172.7365,209.2692,72.3637,46.8023
172.3934,209.2163,71.1841,46.9081
172.7805,209.1968,70.4099,46.9472
173.0483,209.2363,69.8743,46.8682
172.2748,208.3296,69.5917,46.8520
171.5146,208.3053,69.2873,46.9007
172.6636,208.1928,68.8105,47.1255
170.9731,207.9113,68.5558,47.6887
171.3129,206.8768,67.8764,47.9344
171.2808,206.8786,67.9406,47.9309
168.3588,206.8275,68.3307,48.0330
168.4919,206.6758,68.0645,48.3364
167.5800,206.5303,68.0618,48.6274
170.9731,206.5356,68.6007,48.6167
174.4940,206.6398,68.9158,48.4083
176.0124,206.1088,69.5601,47.6299
178.0094,206.0818,69.2408,47.6838
173.0525,206.4063,69.9871,47.0349
174.4853,206.3072,68.9555,47.2330
177.1942,206.1560,67.1811,47.5355
183.8430,205.8631,64.6832,48.1213
185.4951,205.8772,63.1506,48.0930
188.7774,206.0463,61.8295,47.7548
190.8996,206.1588,61.0295,47.5298
191.8240,205.7014,60.8870,46.7384
193.0659,205.0870,60.0944,46.2759
194.1233,205.3175,59.6513,45.8149
193.9059,205.6362,60.0859,45.1774
194.4704,205.0960,60.6105,44.6043
193.9974,204.4835,61.5565,44.1773
194.1609,203.0682,62.8890,43.6889
193.4894,200.7305,64.2321,43.3495
192.6289,201.0890,65.9530,42.6326
192.1324,200.3546,66.9460,42.4014
192.3430,200.4494,68.2360,42.2116
193.3935,199.6122,69.5894,42.1588
191.5605,198.9263,71.5089,41.7841
191.5812,198.9008,73.2362,41.8351
193.5871,198.6700,74.6101,42.2968
192.0796,198.4692,75.8015,42.6983
191.5836,197.3594,76.7935,43.0700
195.8450,197.0779,77.6151,43.6331
195.3761,196.9321,78.5527,43.9247
195.9669,196.7262,79.2806,44.3365
197.5730,196.5714,79.9228,44.6460
198.4334,196.3179,80.1440,45.1532
200.1352,196.1167,80.6482,45.5556
201.7789,195.9254,81.2971,45.9382
203.2344,195.7799,82.3545,46.2291
204.7774,195.5459,83.2783,46.6971
205.6249,195.3009,83.6097,47.1870
205.1285,195.1856,84.6024,47.4178
204.9793,194.8922,84.9010,48.0045
210.3592,194.4641,84.5048,48.8608
210.4050,194.1718,84.4133,49.4453
211.4832,193.8336,84.3467,50.1217
211.1360,193.6914,85.0411,50.4061
213.7985,193.5977,86.0627,50.5935
214.8732,194.4780,86.0471,50.9667
216.2949,194.3458,85.3437,51.2312
220.4511,195.3719,85.5672,51.3128
219.3396,195.3732,85.6515,51.3103
221.9021,195.5115,86.9461,51.0337
224.9470,195.5612,87.3195,50.9343
227.1498,194.5268,87.2305,50.8448
229.2691,193.5591,87.3030,50.6248
230.4834,193.5504,87.0271,50.6421
232.6496,193.4710,86.9926,50.8009
232.6545,192.5322,86.9829,50.5275
235.0364,192.4838,86.5118,50.6243
234.6879,191.6285,87.2089,50.1937
235.6319,190.6132,87.4650,50.0803
239.0042,190.4401,87.1584,50.4264
240.0560,190.2977,87.2020,50.7113
242.1406,190.2053,87.3385,50.8960
241.9593,190.1342,87.7010,51.0382
246.2183,190.0873,87.8459,51.1321
246.0796,190.0003,88.1232,51.3061
244.6250,191.0534,88.8559,51.3764
247.3066,192.0575,90.0584,51.5568
248.3180,192.9891,90.2451,51.9029
250.2304,192.8126,90.8565,52.2561
249.7431,192.6457,91.8312,52.5898
251.6672,192.4625,92.4895,52.9563
253.9084,192.2342,92.5455,53.4128
254.7505,193.3499,93.1391,53.4592
254.4467,192.3290,93.7467,53.2135
256.5070,194.5381,94.2106,53.3798
258.7187,193.4601,94.3911,53.2339
260.7733,193.4796,94.8859,53.1950
265.3926,194.4766,94.8824,53.5098
270.1910,196.5678,94.5419,53.9555
273.5921,195.4070,94.6894,53.9603
276.8164,197.5580,95.1974,54.2961
277.8865,196.4415,95.3895,54.1970
277.6721,196.4563,95.8182,54.1675
279.7296,197.6349,96.3813,54.1493
280.7531,196.5375,96.6814,53.9971
282.9536,196.5362,96.9784,53.9996
286.3987,196.6427,97.1484,53.7865
287.5080,196.7119,97.2822,53.6482
289.8506,196.6651,97.3008,53.7419
294.5760,195.5417,97.2650,53.6349
296.7606,194.3571,97.5986,53.6527
296.6600,190.8914,97.7998,53.5140
296.6911,189.8294,97.7375,53.2810
296.5717,187.6514,97.9764,52.9323
298.9654,184.1615,97.8888,52.8624
297.4203,183.1593,98.6316,52.5193
300.3596,182.0753,99.8103,52.3348
301.1786,182.1666,100.5390,52.1522
304.3692,181.1180,101.2805,51.8752
306.4218,179.9753,101.9360,51.7802
307.7814,178.7615,101.6050,51.8196
307.8019,177.7277,101.5641,51.5031
307.8590,176.6774,101.4499,51.2257
307.9525,175.4607,101.2629,51.2873
309.2518,175.3137,101.0342,51.5814
310.2913,175.2961,101.3269,51.6165
311.2321,175.2504,101.8218,51.7081
313.4217,174.0083,102.2132,51.8069
312.1212,173.0186,102.4215,51.3934
313.3051,172.9678,102.4423,51.4951
314.3245,172.8959,102.7944,51.6388
315.2425,172.8974,103.3568,51.6358
315.0176,172.8549,103.8065,51.7207
315.9166,172.7297,104.4233,51.9711
315.6988,172.5693,104.8589,52.2920
316.7232,171.2659,105.2500,52.4588
318.0616,171.0152,105.0219,52.9602
319.4117,170.8343,104.7755,53.3221
318.3697,170.5266,104.4031,53.9374
316.7985,170.4734,105.0837,54.0439
316.9084,170.2843,104.8638,54.4221
314.4419,170.1325,104.8434,54.7256
314.4322,169.9814,104.8627,55.0278
315.2094,170.0751,105.7955,54.8404
316.4397,169.9297,105.8325,55.1312
316.0822,169.9863,106.5475,55.0181
314.3936,169.9552,107.4131,55.0802
315.1171,168.8746,108.4916,54.7158
317.6769,168.8009,108.4421,54.8634
315.0484,168.8305,108.6253,54.8041
316.0511,168.9023,109.1585,54.6605
316.1081,168.7750,109.0445,54.9152
315.3326,168.6407,108.0489,55.1837
315.4701,169.8497,107.7738,55.3023
317.0674,168.5324,107.1138,55.4022
314.9251,169.7280,106.3451,55.5378
316.2290,171.1082,106.2550,55.2952
316.0701,171.0507,106.5728,55.4101
318.4125,171.0423,106.9257,55.4269
319.6002,172.4013,107.0748,55.2333
319.8007,172.2386,106.6738,55.5587
321.7120,173.2298,105.3741,56.0993
324.7186,174.2609,104.3871,56.5502
326.1619,175.3123,104.0069,56.9536
326.0482,175.3269,104.2342,56.9245
324.2840,176.6218,105.2522,56.8451
325.2761,176.4737,105.7921,57.1413
323.5948,176.4422,106.6175,57.2044
324.9048,177.2539,106.5478,58.1313
327.4595,178.1898,106.5690,58.8247
331.4673,179.1639,106.2855,59.4538
334.5275,178.8054,105.3328,60.1708
336.2724,178.5190,104.4249,60.7436
340.5245,178.2524,103.6555,61.2769
343.3491,179.3526,103.1580,61.6524
348.5110,179.1740,103.1334,62.0095
352.6353,178.9918,102.6259,62.3740
355.3187,178.9581,102.4173,62.4413
357.9822,177.6837,102.2443,62.4131
362.8781,177.7614,102.7485,62.2577
365.1155,176.5347,103.4315,62.1321
369.9761,177.7919,104.0581,62.2047
373.8878,177.6582,104.0271,62.4722
374.8607,177.6150,104.6828,62.5584
380.1453,178.7300,104.5648,62.9411
381.4239,177.6165,104.6249,62.5509
382.8351,177.6194,104.4143,62.5449
384.0910,176.3413,104.5110,62.4927
384.1280,175.0378,104.4370,62.4905
384.6232,173.4669,103.4466,63.0245
383.9461,172.1725,102.1986,63.0111
384.4258,170.9918,101.2391,62.7891
382.4522,170.9354,100.0557,62.9019
382.9018,171.0858,99.1566,62.6011
384.7328,170.2697,98.0257,61.7023
384.2291,170.3672,96.5339,61.5072
383.3096,170.6824,95.8995,60.8769
380.8875,169.9422,95.8366,59.9037
379.7408,170.0987,95.6939,59.5908
378.5841,170.2026,95.5785,59.3830
376.3354,170.1276,95.2284,59.5329
376.7353,169.9431,94.4287,59.9020
378.2789,168.8674,93.7566,59.6381
380.3672,168.9980,91.9806,59.3770
382.0345,169.2362,91.0159,58.9007
382.5159,168.2410,90.0531,58.5436
384.2280,168.4278,88.9558,58.1701
387.3338,168.5593,87.3526,57.9071
388.8710,169.0392,86.5540,56.9472
392.8919,168.1360,85.2556,56.5059
395.8374,168.3067,83.8065,56.1645
398.4203,167.4010,83.0277,55.7824
400.0371,167.5034,81.9696,55.5775
403.9096,167.6077,80.6928,55.3690
406.5397,166.4955,79.6995,55.4601
408.8301,165.5023,79.3586,55.3265
411.2955,165.4591,78.6529,55.4129
413.8346,165.4279,77.7814,55.4751
415.2958,165.3902,76.9502,55.5507
415.6926,165.1911,76.1565,55.9489
414.7804,164.2216,75.9065,55.8135
412.7826,163.1485,75.7657,55.8914
411.9667,162.7533,75.3300,56.6819
409.1047,161.4003,74.8327,57.3141
408.1063,161.2419,74.7532,57.6308
408.5659,161.0123,73.8338,58.0902
408.0845,159.8206,72.7229,58.3997
407.9966,160.5045,70.8368,59.0938
407.9296,160.2597,68.9267,59.5833
408.8574,160.1953,67.0712,59.7122
408.8570,160.3259,65.0763,59.4510
409.1682,159.2098,62.4933,59.7225
409.8850,157.5090,61.0596,59.2750
409.2615,157.8337,60.4118,58.6257
406.9006,157.8617,59.5098,58.5696
405.4465,158.5905,58.6990,58.9716
408.1439,159.4846,58.8635,59.0364
407.6501,160.4577,59.8511,58.9469
403.1870,160.2178,59.4232,59.4267
398.7651,160.7156,58.9087,60.3029
403.1014,163.3205,59.6227,60.7250
398.9255,161.8141,58.4983,61.8426
397.2348,162.4820,58.0899,62.4018
394.0733,162.1476,56.8240,63.0704
392.8894,161.7959,55.4168,63.7739
392.5775,161.4318,54.1649,64.5022
397.1232,161.6692,54.4085,64.0273
395.0166,162.9435,54.8945,63.3422
395.6828,163.4380,55.4228,62.3532
393.1573,163.5340,54.9122,62.1612
392.1642,163.6737,55.0555,61.8819
391.5092,163.8421,54.5247,61.5450
391.4997,164.1952,54.5438,60.8390
392.5399,164.6760,54.2796,59.8774
391.8513,165.1256,53.8598,58.9780
392.9705,165.5862,53.3978,58.0568
393.7687,166.1207,53.5561,56.9879
394.7655,167.4042,53.3032,56.1616
395.4288,167.8325,53.7003,55.3050
395.3472,169.0811,53.8636,54.5243
394.8855,168.1180,53.0802,54.7436
396.0934,168.2090,52.3623,54.5617
396.9527,168.4951,52.3275,53.9893
397.6394,168.4846,52.6282,54.0103
398.2506,168.5693,53.0851,53.8410
398.1837,169.4073,53.2189,53.8489
397.4417,169.3644,53.0168,53.9346
395.8023,169.1875,52.9271,54.2885
395.6443,169.0808,53.2431,54.5018
395.5460,168.2396,53.4397,54.4876
395.3399,168.2619,53.8520,54.4430
395.2335,168.2243,54.0647,54.5181
393.3762,167.4451,54.3594,54.3665
392.8197,166.3846,53.7601,54.7754
392.0773,165.6346,53.5358,54.5661
392.2659,165.7723,53.1586,54.2908
392.7754,165.7837,52.1397,54.2680
395.0271,164.8545,50.9874,54.4508
396.4718,164.7202,49.7582,54.7193
396.8740,163.9029,48.9540,54.7091
397.9575,163.9347,48.4187,54.6455
399.4730,163.3562,48.6324,54.1801
397.8483,162.5962,48.6448,54.0817
399.2769,161.0895,49.0219,53.8607
400.0941,160.2171,49.0071,53.9858
400.7638,160.0740,49.2893,54.2719
401.0678,159.6184,48.6814,55.1832
401.0951,158.5519,48.6267,55.6813
399.0296,158.0461,47.8326,56.6929
399.5463,157.2145,48.4438,56.7115
399.0690,156.3527,49.3983,56.7803
399.3220,156.4675,50.5635,56.5508
