1
334.3843,118.2711,19.3171,25.3758
328.0313,117.1063,19.5511,25.9041
324.7841,115.6956,19.7051,26.0154
322.0862,113.4727,19.4312,26.8827
316.1093,114.0806,18.5024,28.3162
313.8829,113.8019,18.1870,28.7197
308.3060,113.7243,18.1291,29.1127
305.2613,113.3119,18.3566,28.8919
300.6739,112.8018,19.0809,28.1704
298.4876,112.8213,19.1218,28.3041
294.8014,112.9448,19.3140,28.5194
291.1433,112.3575,19.5771,28.8236
288.9413,112.1584,19.6597,28.8116
285.9168,111.2381,19.6336,28.7533
282.0916,109.4850,19.4581,28.9395
278.4550,110.3352,20.1788,28.5700
277.2195,112.3746,19.7135,29.0471
273.4634,109.9426,19.3511,29.7306
269.9715,112.0546,19.3364,29.7439
266.8615,107.9836,19.2882,29.9884
265.5563,110.9967,18.4725,30.9898
263.2629,109.3145,18.2042,30.6704
259.7788,109.8630,18.9066,30.7003
255.9656,110.4240,19.1152,31.2803
250.0839,111.5247,19.4273,31.2506
244.3909,111.5982,19.8598,31.0090
240.4073,112.3309,20.1946,30.9993
233.1377,110.8980,20.6591,30.8908
228.1736,110.9029,21.1871,30.9179
221.5467,110.3982,21.4628,30.5724
215.1051,110.7085,22.0261,30.2897
211.9759,110.1260,22.5563,29.8409
211.0591,111.4153,21.8539,30.1869
203.4388,109.5346,21.4760,30.1622
203.0393,110.6959,20.3853,30.7842
198.0161,110.9275,19.4834,31.7257
192.4487,111.7212,20.1879,31.4114
192.1237,109.8046,19.5490,31.1910
185.5124,113.0064,18.7543,31.4000
180.5277,113.6968,18.3345,31.7851
175.9057,114.1500,19.0399,31.1261
170.6789,114.1542,19.3390,30.2471
166.6341,115.6712,19.3669,29.6887
162.9832,115.7384,18.9787,29.9917
158.2984,118.4930,18.8717,29.8632
154.2428,117.5461,19.3357,29.8106
152.7258,118.5724,19.2984,29.7879
150.3322,120.2511,20.8232,28.2436
147.6732,121.5450,21.7031,27.4996
145.9386,123.7335,22.9372,26.2800
145.8949,125.2065,23.1283,25.9888
146.4232,125.9158,22.0959,26.7868
146.8472,126.7343,21.5371,26.9680
147.9049,126.1380,20.7554,27.9197
149.5619,125.9414,19.9814,28.5499
150.9047,126.8291,20.1684,28.1448
152.1071,126.9266,20.0515,28.5678
153.9947,127.1999,19.8661,29.4384
155.7540,121.4582,20.5449,29.0024
156.0809,116.6002,20.8436,28.8199
157.8946,118.6466,20.4733,29.2417
159.9447,123.7272,20.6414,28.9556
162.1062,125.0881,20.8132,28.6643
164.6842,127.8305,20.3439,29.4885
167.6314,129.4797,20.2625,29.8736
170.0816,131.2159,19.4356,30.9381
172.5811,131.7172,18.7581,32.5020
175.6392,132.1438,18.5495,33.7269
178.5991,132.5064,19.5177,33.8541
182.1568,134.4591,19.9779,34.6324
185.3818,137.6196,21.7807,33.5488
188.7056,137.0765,22.5657,33.6709
191.8236,137.3490,23.4860,33.4831
195.5989,138.4176,24.6163,33.0811
205.2380,138.5817,24.8270,33.1882
208.8330,138.8646,24.8763,33.5123
212.3953,139.4639,25.6816,33.1070
216.3840,140.0334,26.8028,32.8598
226.6419,140.8064,26.6857,33.5975
230.2257,140.2978,27.7423,33.2489
234.3705,139.1020,27.5519,34.5138
238.9801,138.5432,28.2584,34.9119
243.6227,139.4092,29.7830,34.4198
249.2448,138.4849,29.8334,35.3732
254.5636,139.0244,30.5141,35.3544
260.2228,139.0938,30.7479,35.6697
265.1877,139.4771,30.1058,36.8881
270.1816,138.9837,29.3818,37.8357
274.9054,138.3283,29.3658,37.9004
279.9327,139.2070,28.7720,38.7836
283.0290,138.9706,27.8592,39.4615
286.5086,136.9602,27.5057,39.3638
287.1912,137.3890,27.2812,38.9970
289.0548,136.8134,26.0988,39.8275
290.6531,136.5465,26.2566,39.0362
292.3485,136.1835,24.8883,40.1778
293.9135,136.1952,24.7771,39.8344
294.5498,136.6928,24.1169,39.5929
294.6030,136.5170,23.4462,39.0557
295.5882,135.0759,22.9527,38.7039
296.1514,136.0571,22.9701,37.8352
295.5903,136.5468,22.4954,37.9903
296.9161,134.4853,22.1382,37.8480
296.9220,135.7607,21.4540,38.1274
297.3565,135.8321,21.3660,37.2413
297.2532,134.7907,20.7761,37.2192
297.9276,134.6957,20.4502,36.7844
297.8856,133.6447,20.0674,36.6307
298.5100,134.1853,20.4187,35.3295
298.9565,131.7375,20.0139,34.8618
300.1230,134.4023,19.9959,33.9927
301.2261,133.7881,19.7738,33.7664
303.2736,133.7716,18.9859,34.3489
304.8444,135.3492,18.4799,34.3082
304.6010,131.7661,18.3066,33.3008
305.1321,133.1878,18.0765,32.8049
305.5922,134.2648,18.0911,31.9623
305.2861,131.4027,18.1790,31.3245
304.7861,133.7912,19.0359,29.8141
306.1758,133.3244,18.6149,30.6248
306.9126,133.7515,17.9485,31.1405
307.0110,130.1773,17.9953,30.5218
306.6252,133.1489,18.2724,29.6756
306.9567,130.8491,18.4164,29.2890
306.8040,133.3014,18.8649,28.3377
307.4277,132.7621,19.2519,28.2087
307.8480,132.4377,19.3682,28.3960
307.2049,129.6474,19.3387,28.4665
306.7549,131.5414,19.7817,28.3660
306.4792,131.6183,20.4782,27.9743
306.5595,130.1311,20.8969,28.1148
306.7511,129.2897,20.8257,28.5289
306.6290,128.4812,20.9665,28.7843
306.6100,130.1421,21.5347,28.2208
306.9931,128.9431,21.7166,28.1406
306.8540,130.3891,22.6813,27.2965
302.9150,125.5636,22.7372,27.8269
304.0780,127.9595,22.7909,28.0170
305.4001,127.8623,23.9492,27.5047
306.5392,128.0037,24.3505,27.5898
307.6584,128.4080,24.1942,27.9001
304.0201,128.0170,24.6710,28.0641
305.8354,126.4854,24.7776,28.8704
305.1286,127.0254,24.5946,29.1657
304.9521,123.2800,24.4793,29.3566
305.4359,125.8536,23.7568,30.4461
307.7793,125.3645,23.8471,31.0456
306.2756,121.5273,23.8549,30.8490
306.5948,123.3680,23.2798,31.7188
306.9051,124.1244,24.2598,30.5133
305.5829,120.3153,24.3053,30.2232
305.7137,121.5198,24.7659,29.5248
306.0341,122.8555,25.0210,28.9532
306.1898,123.2163,24.6565,29.0633
306.8226,122.8307,24.5509,29.2191
306.6371,122.8707,23.9567,29.2579
307.8904,122.9026,23.6099,29.3475
307.9225,122.7046,23.1816,29.3076
306.3066,120.2773,23.0589,29.2602
307.5618,121.4287,23.0703,28.9662
307.1172,121.2922,22.1899,29.8026
305.9590,121.3366,21.9507,29.6209
306.3013,117.6442,21.6438,29.7503
307.0119,118.5544,21.1534,29.9963
307.7345,118.6565,20.4881,30.0805
308.2321,119.2929,19.8837,30.2778
308.0111,116.2584,19.5340,30.4100
309.0616,118.1816,19.2867,30.4140
308.5342,116.2267,18.6487,30.7215
308.8481,118.1590,18.5317,30.5357
309.9428,119.5347,17.3989,31.7913
311.0478,119.9511,16.7244,32.6863
310.1482,116.7113,16.7818,32.5146
310.6710,119.1127,16.6347,32.2862
310.4054,119.3703,16.8653,31.8301
310.5239,119.6946,16.6325,31.9371
311.3710,120.0867,16.5576,31.9554
309.1941,120.2716,17.5630,30.8316
310.0813,119.7039,17.2811,31.2038
309.5987,118.8339,17.3882,30.9735
309.7389,118.0138,17.2619,31.0105
309.9911,115.3811,17.1609,31.0003
310.4916,117.4070,16.7296,31.4424
310.7661,117.8248,16.9081,31.2650
309.5516,118.8089,17.2755,30.3748
309.2609,117.1334,17.2848,30.5533
307.9955,116.9457,17.6804,30.8915
307.1815,117.4182,18.3227,30.8469
307.1249,117.0937,18.7813,30.9904
307.2819,116.3715,18.9223,30.9032
307.2182,116.0193,19.1767,31.2524
307.4813,113.9226,19.3513,31.3980
308.3104,114.3477,19.2887,32.2517
309.4715,115.8005,18.6435,33.7023
309.0938,113.0576,18.5822,34.3523
310.3179,113.0074,18.9429,34.2051
311.0507,113.4361,18.3337,34.5154
311.2738,112.8557,18.0486,34.5173
310.7603,113.5377,18.0561,34.6460
311.4319,113.2240,17.7099,34.7101
311.3962,112.7124,17.5620,34.7417
311.9651,112.3989,17.2763,35.0790
312.2573,112.9300,17.1709,34.8584
312.5235,112.5376,16.6915,35.0834
313.1353,111.9935,16.6595,34.4724
313.3670,110.3254,16.5906,34.5205
310.7957,107.1771,17.2924,33.8496
309.7823,107.9040,18.1037,33.1243
304.1339,107.5938,18.5987,32.7348
302.4922,107.5046,19.6351,31.8688
303.2296,107.4522,18.9443,32.5960
302.0602,106.9716,19.7747,31.8421
303.3200,105.7031,19.2174,32.3416
302.7835,105.4585,19.3348,31.8725
303.0337,105.6481,19.5313,31.2045
302.6530,105.1758,19.3556,30.7984
302.7782,104.0463,19.0941,31.1035
301.7535,105.0299,19.0979,31.1042
302.2685,106.1176,18.6982,31.4041
302.9649,106.2307,19.1223,30.8456
303.2739,107.1940,19.3087,30.4201
302.9409,107.0721,19.5588,30.0283
302.5761,107.2791,19.9707,29.2310
301.9739,106.6588,20.0822,29.3075
302.2601,107.2001,19.3015,29.8151
300.7897,103.8985,19.5484,29.7114
300.0554,106.3859,18.7986,30.5370
298.6331,106.1026,18.3879,31.0508
297.5221,106.5256,18.3299,31.2430
294.2915,106.8446,18.8307,31.2601
293.1006,106.7497,18.7903,31.2109
291.6051,106.5744,18.6681,31.7246
290.2339,105.3661,18.8830,31.2023
288.7430,105.0019,19.6115,30.0583
287.7099,105.8786,19.8403,29.8616
283.4972,105.4652,20.9504,28.7286
283.4791,104.8599,21.0947,28.6070
282.6971,104.0725,21.6942,27.9149
280.5704,104.3808,22.5959,27.0755
280.0617,105.0797,22.8498,27.1768
278.1568,105.0742,23.1266,27.3942
276.4004,105.2806,23.6548,27.0795
276.4568,106.3604,22.5705,28.8135
275.5981,106.6004,22.4106,29.7975
275.6873,108.5366,21.4707,31.3109
274.3019,107.5950,21.2996,31.8858
273.3116,108.8837,21.1706,32.6219
272.2171,107.7830,21.5528,32.5912
271.1414,107.5334,21.5917,32.6235
269.3228,107.7500,21.9125,32.6312
267.8454,108.6500,22.2828,32.2928
265.9626,107.9251,22.2190,32.4505
265.2415,106.7912,22.1216,32.4629
262.1728,108.8208,22.2495,32.5912
260.7516,109.2060,21.5048,33.0169
260.1984,106.2461,21.5127,32.9634
258.1940,107.8442,21.5376,32.8014
257.5399,108.5412,21.3845,32.8837
256.4194,109.3770,21.8638,32.7309
254.7467,110.2713,21.8579,32.7725
254.0627,110.9620,22.1344,32.8942
253.0923,110.6260,21.9786,32.7613
251.9572,111.0713,21.7152,32.7276
250.5836,111.3017,21.5429,32.7697
250.5666,110.8106,21.6477,32.4487
250.4746,110.1413,21.1156,32.7679
248.5006,110.8812,21.8774,32.1764
248.2901,110.6906,20.8783,32.8740
247.0683,111.8758,20.9430,32.5300
245.4837,112.3853,20.4665,33.1207
244.4427,111.1292,20.4769,32.8180
244.4372,109.3931,19.9460,33.2137
244.8047,109.5342,19.0902,33.7204
244.9947,108.6353,18.8960,33.8677
244.4949,108.8896,18.7676,34.1029
243.7814,108.7902,18.6570,34.1125
244.0804,110.8266,19.0069,34.0871
244.1154,111.6656,19.0794,34.3640
243.2350,111.4528,18.8802,34.9459
243.1344,111.2485,18.8297,35.2880
247.7514,110.3631,20.6362,33.8297
240.8357,110.8137,20.9272,33.2459
241.3098,111.3412,20.6972,33.3824
246.6613,109.9100,21.6513,32.5137
246.1444,117.2057,21.5642,33.4599
240.8688,118.1423,20.5352,35.0201
240.9417,119.0432,19.3941,37.0557
236.0391,118.7032,19.3548,37.4615
2
0
0
0
0
1
234.8271,118.4254,14.7939,21.4902
236.1649,117.2231,14.4292,21.2884
235.6474,117.3379,14.1396,21.0544
234.9134,117.6972,14.6042,20.2469
232.0863,118.8015,14.7733,19.8087
232.3493,117.7553,14.5530,19.6975
229.5558,118.2137,14.5682,19.2881
230.7154,118.4472,14.7718,18.4785
227.8264,118.7196,14.7113,18.1334
226.0901,117.3288,14.7761,17.7671
226.8982,117.9572,14.6857,17.4806
226.9791,116.7350,14.7461,17.4863
223.4874,118.2983,15.7555,16.8319
222.7542,117.2356,15.9134,16.4785
220.5594,118.3490,16.2539,16.0651
220.4278,116.8165,16.7035,15.4919
217.4453,116.5871,16.2760,15.8811
215.1708,116.7043,16.3823,15.7383
212.1266,117.3859,16.0065,16.1225
211.2525,118.2492,16.1342,15.9513
207.1934,119.4446,16.3793,15.6313
204.2470,119.9277,16.3938,15.6453
202.1966,121.0294,16.6212,15.5476
201.8070,118.8188,16.7810,15.5500
198.2211,119.7270,16.9193,15.7189
197.9954,120.2411,16.7992,15.9359
193.7639,119.8254,16.6745,16.4771
190.4087,119.4038,16.4411,16.8508
190.6502,114.3317,15.7416,17.3862
187.3096,110.9008,15.6331,17.0599
183.4704,111.5076,16.0109,16.4008
180.0736,112.0528,16.2249,15.7683
176.4758,112.2572,16.1117,15.6350
172.3736,112.8830,15.9429,15.6903
172.4055,113.0673,16.0347,15.4041
171.7082,113.3909,16.1111,14.9692
169.0932,113.1282,16.0341,15.0376
164.7236,112.8528,15.6926,15.3109
164.7648,112.7042,15.7469,15.1063
160.3440,112.0646,14.8853,16.0383
160.1688,112.1428,14.7108,16.0147
155.0220,113.0500,14.9558,15.7122
152.9827,112.6412,15.1479,15.6573
149.7973,113.5117,14.6715,16.0882
147.0855,110.7817,14.0024,16.6315
147.4836,111.9528,13.8310,16.6130
145.7243,112.6587,13.9957,16.1810
141.9402,114.3013,13.5918,16.6096
140.9349,111.7073,13.2757,16.9553
136.5853,113.4143,13.2520,17.2288
135.7025,116.0824,13.7944,16.7940
134.7480,117.5241,14.0870,16.3447
130.1124,116.1627,14.3795,16.1792
127.8190,117.2799,14.9217,15.7199
121.3236,117.8545,15.9543,14.9067
115.4095,118.3871,16.5769,14.5235
110.3009,118.9427,17.2187,14.2362
107.4203,119.1395,17.2365,14.1411
102.4208,119.5445,17.0162,13.9444
97.3578,120.1494,17.5606,13.5811
92.1510,120.3979,17.6672,13.5011
90.9835,120.1386,17.4148,13.7317
87.1845,119.9592,17.2622,13.9719
83.6702,120.8720,17.1742,14.2323
91.5488,117.5574,16.2295,14.7504
87.3910,118.2331,15.7828,14.6704
83.8247,118.6157,15.9745,14.5465
80.9181,119.1799,14.5856,15.5318
77.3538,118.9676,14.0322,15.8729
73.5538,118.7252,14.3144,15.0809
72.7567,114.2524,14.1706,15.3389
68.6857,113.8179,14.0821,15.1872
64.8525,113.4159,13.6524,15.5057
61.0016,113.0759,13.6740,15.4306
58.3883,111.9076,13.4549,15.3808
55.0614,109.1639,14.4843,14.4514
48.2997,110.0194,14.7856,13.9436
45.3181,110.7536,15.1142,13.4566
42.3478,110.4415,14.7310,13.6548
38.9932,109.1171,13.6939,14.6315
35.6470,108.4120,13.4041,14.8344
31.3427,108.0238,13.3696,14.7847
