1
141.9078,29.2096,35.0111,120.0983
141.8429,30.4007,37.4898,117.7161
140.9581,30.1508,39.2595,115.8548
140.3213,30.7352,40.5331,114.6860
138.6573,32.3557,41.4874,113.8186
138.2866,33.7053,42.2287,113.4979
136.8091,34.0560,42.7965,112.7965
136.4768,34.4204,43.4609,112.0676
136.1606,34.6786,44.0935,111.5513
134.9526,35.6238,44.1166,112.0538
133.6229,35.6766,44.3754,111.9481
133.6642,36.7691,44.2929,112.1668
133.6236,36.9227,44.3741,111.8596
133.3611,38.2270,44.8991,111.6532
132.2752,38.2967,44.6621,111.5138
132.2754,38.1530,44.6618,111.8012
131.2173,38.0467,44.3713,112.0138
131.1616,39.1904,44.4827,112.1309
132.3811,38.4334,44.4518,111.2368
131.3599,37.0278,44.0996,111.6533
132.5711,37.1128,44.0716,111.4834
132.6485,35.9296,43.9169,111.4583
132.6946,35.7881,43.8245,111.7411
132.7301,35.6956,43.7536,111.9261
133.8622,35.8026,43.8815,111.7122
134.9740,35.8976,44.0493,111.5221
134.9012,35.9091,44.1949,111.4992
134.8798,37.0439,44.2377,111.6235
136.1417,37.2220,44.1104,111.2673
136.2916,36.9413,43.8107,111.8287
136.2472,36.9150,43.8995,111.8814
137.3314,38.0823,44.1251,111.9409
137.2912,37.9299,44.2057,112.2457
137.1030,38.2604,44.5819,111.5846
136.0392,38.0147,44.3074,112.0761
135.9108,39.3882,44.5644,111.7332
134.8197,39.2039,44.3425,112.1018
133.5830,40.5930,44.4108,111.7289
133.7150,40.3589,44.1467,112.1972
133.6479,40.2229,44.2809,112.4690
131.3506,40.3389,44.0569,112.2371
131.4031,40.2148,43.9517,112.4852
131.3551,40.1720,44.0478,112.5709
132.4861,40.3079,44.1924,112.2991
131.2719,40.4194,44.2154,112.0760
132.4197,40.4272,44.3224,112.0605
132.4117,41.5775,44.3385,112.1642
132.3888,41.4823,44.3842,112.3545
132.3562,41.4230,44.4495,112.4731
132.2645,42.7360,44.6328,112.2595
132.3230,42.6261,44.5158,112.4795
132.4318,42.3877,44.2982,112.9563
132.4186,42.3120,44.3247,113.1077
132.4069,42.2207,44.3480,113.2903
131.2782,42.2910,44.1831,113.1497
131.3979,42.0890,43.9437,113.5536
131.5137,41.8791,43.7120,113.9735
131.5818,41.6234,43.5758,114.4848
132.8482,41.6466,43.4688,114.4384
133.0272,40.5338,43.1108,114.2409
133.1438,40.3756,42.8775,114.5572
134.4614,40.5839,42.6566,114.1408
134.6109,40.5878,42.3576,114.1329
134.6583,41.8113,42.2628,114.0847
135.8427,42.0918,42.2902,113.5236
135.9521,42.2548,42.0715,113.1977
136.0747,41.4361,41.8263,112.4549
137.3445,43.2231,41.6519,111.2459
137.4558,42.0181,41.4291,111.3113
137.5666,42.1409,41.2077,111.0657
137.9760,42.0975,40.3888,111.1526
138.1648,41.8466,40.0113,111.6543
137.0404,44.4662,39.9391,111.0568
135.8303,45.1059,40.0484,109.7775
133.5248,45.5116,40.0699,108.9660
128.7318,45.7692,40.5221,108.4508
122.7894,46.1876,40.9857,107.6140
122.6129,47.0008,41.3387,105.9876
114.6935,45.1455,41.3325,105.1711
107.5744,44.5819,42.0604,104.0466
106.6372,43.5469,41.6862,103.8681
100.0775,41.2512,41.3698,103.9808
99.2264,38.2241,40.8368,103.3293
98.0717,37.5421,40.9299,102.4768
93.3618,39.9142,41.5266,99.9386
93.1120,41.9801,42.0263,97.9864
92.7927,43.5903,42.6649,96.9266
91.6367,46.8363,44.9769,94.7473
93.1916,49.7020,48.3626,91.1810
93.5207,52.4587,52.0475,87.8393
95.4580,54.3412,56.9122,84.0743
94.1105,54.6455,61.8171,81.2557
93.4601,52.8173,65.3660,80.4162
95.8713,51.3460,67.4216,81.0661
120.1514,48.2227,63.2439,84.9768
123.1929,44.9331,59.4889,89.2281
125.4281,35.3263,55.0184,94.4601
120.7596,33.6359,55.0217,97.8409
121.0929,30.7790,54.3552,101.1712
119.6251,31.9619,52.4481,103.6481
114.7460,30.7252,52.5066,103.6966
112.9823,31.3038,53.6073,102.5393
116.9487,32.5182,52.9605,102.5390
119.3860,32.7290,50.5034,104.5351
118.9357,32.0279,48.9998,105.9372
121.4793,32.6562,46.3109,109.4775
123.3864,30.4868,44.8990,109.0114
123.1718,32.3482,45.3283,107.6593
117.3277,40.3976,47.5816,103.3541
115.5017,42.5638,51.2336,99.0218
114.2395,44.0221,53.7580,96.1051
117.2836,39.4360,54.6789,95.9317
127.3551,37.5794,50.9823,99.6450
129.1431,37.2653,47.4062,104.9551
130.2280,39.8003,45.2364,109.3100
129.3963,38.6864,44.5189,109.1568
124.4693,40.1853,44.9090,108.5250
118.5643,43.1739,47.2638,107.2754
127.7867,39.1311,45.5308,108.1989
130.0864,35.0111,43.3015,109.3285
133.7154,35.1464,40.7369,113.7514
134.3243,39.3384,39.5190,114.8233
135.3616,41.3009,39.8016,113.2555
131.7318,46.8918,42.3813,109.0934
130.6088,46.7866,44.6274,104.6501
133.6262,47.4521,45.5011,101.0161
137.4530,48.7455,44.6442,98.4294
137.7144,49.2821,44.1214,97.3562
137.8567,49.8201,43.8367,96.2803
136.7740,57.3974,43.8346,96.2987
136.7139,60.4467,43.9548,96.7036
136.6099,62.7476,44.1627,96.4534
135.6423,70.7599,43.9221,97.8352
134.6965,76.9789,43.6221,98.5471
136.1713,78.2760,42.8691,98.1497
136.1333,79.7983,42.9453,97.2829
127.7148,80.8889,44.6170,95.1016
123.8438,79.9306,48.0308,90.5260
108.4815,74.8816,55.0372,83.3745
124.9845,51.4922,65.3965,73.7785
130.2380,53.4994,74.6061,65.3827
123.7281,48.8261,81.0159,59.3058
119.3165,40.3359,78.8232,60.8640
123.1789,33.8320,73.2936,65.0907
130.6656,25.5398,64.8553,72.9618
139.1215,25.4069,58.7905,79.7358
140.4511,46.7841,56.1314,82.6623
155.5083,53.1353,56.4769,83.0142
151.7877,60.2020,57.3579,82.0013
152.1164,65.5893,61.0727,77.7848
142.3504,76.4613,65.3253,71.3202
143.8549,84.4742,73.0732,63.8998
141.1213,93.5226,78.5404,58.7381
142.2948,100.3745,78.3497,60.1280
145.8335,102.7838,73.4483,66.1895
149.1273,98.4789,66.8607,72.6012
151.7165,96.7128,59.4864,78.3291
152.6509,86.5090,53.2872,83.5800
149.4882,81.8870,48.9019,88.5397
142.6937,70.1376,47.4981,90.6204
127.3618,71.7974,48.0838,89.4490
121.8062,69.0819,50.6301,86.3151
125.0766,51.3353,59.0569,76.9055
111.5892,42.6164,66.8029,68.7050
109.2816,37.8843,71.4183,63.2317
120.6343,39.3636,72.0272,60.2731
127.3274,38.7826,71.1296,59.3537
125.8371,37.5372,70.0046,59.7916
128.6548,34.7237,64.3693,63.3762
133.8737,29.2917,57.9549,68.2050
137.9138,24.6463,51.8598,73.5255
147.2241,30.0866,47.0096,74.4481
154.9485,30.2172,42.9637,74.1870
156.2925,31.7427,40.2757,72.9643
156.4786,38.1549,41.6680,68.9632
160.6275,43.0086,45.4726,62.7135
166.2133,50.0343,49.5858,57.1537
159.5904,63.1845,52.7522,52.6916
159.7388,66.2507,54.1161,49.8803
161.2063,66.8400,56.0932,47.0643
157.3779,71.9691,54.0121,48.1669
159.2160,72.9444,48.7274,54.2587
161.3612,74.1826,44.4372,61.5096
162.3156,78.4657,40.8652,66.2478
164.1228,76.9436,38.9258,67.6171
164.8022,76.9463,37.5670,67.6117
165.4435,75.3646,36.2845,67.4963
166.9082,72.7930,34.9707,67.7923
166.7299,72.9715,33.7298,67.4352
166.5006,71.4849,32.6176,67.2666
166.8287,68.7541,31.9613,66.5317
166.2216,68.0293,31.6485,66.4544
166.1063,65.7065,31.8792,66.5386
167.1353,65.0404,32.8725,66.3452
166.5981,64.3938,33.9468,66.0983
169.2302,64.7041,34.9029,65.4776
167.7963,65.0173,36.2084,64.8513
167.9848,65.3284,37.4068,64.2291
168.1501,65.6954,38.6627,63.4951
167.5742,66.0091,39.8144,62.8677
168.6712,66.2377,40.8342,62.4105
167.3026,67.2369,41.9542,62.0290
161.7745,66.5344,43.2312,61.8042
161.0228,66.8298,44.7347,61.2134
160.6649,66.9029,45.4503,61.0672
160.2085,66.6866,46.3633,61.4998
156.2504,66.5428,47.5017,61.7873
153.1254,69.0215,48.5994,61.9821
153.0434,65.0208,48.7633,63.0307
152.6272,67.4021,49.5959,63.5388
155.1369,66.0283,49.9112,64.5082
156.7049,63.8829,50.3716,65.2025
157.3549,62.6312,50.8880,65.8897
153.6412,61.3171,50.9745,66.6825
163.4610,59.0118,49.8221,67.5957
166.2108,54.5539,48.0101,69.1364
170.3048,52.7190,45.3342,70.9688
171.3846,49.2797,43.1745,72.3863
175.7269,48.0364,41.7109,73.0676
175.7705,47.6236,39.8332,73.8933
178.9858,47.3148,38.7149,74.5107
178.7424,48.5945,37.4411,75.4726
180.8058,47.4790,36.8198,75.9510
181.4072,50.8469,35.6170,77.9601
183.6237,49.9164,34.6985,79.8210
183.8937,52.8733,34.1586,80.9798
185.9836,53.0017,33.5293,82.4982
187.1568,52.4471,32.9691,83.6074
188.1627,52.1277,32.7493,84.2463
186.4925,52.6468,32.4951,85.0052
185.6048,52.3896,32.4670,85.5198
188.5677,50.7421,31.9726,87.0041
186.7142,51.1888,32.0339,87.9337
190.3099,50.2613,32.1915,87.9513
186.4794,51.9680,32.4911,88.2188
190.9085,51.2492,32.8809,87.8068
188.0999,51.2844,32.9460,87.7364
189.8911,52.2489,33.0652,87.6582
188.0044,51.9311,33.1348,88.2939
187.9593,54.0512,33.2250,87.7782
189.8347,54.3309,33.1872,87.2188
189.9028,53.1889,33.0511,87.6550
189.9595,52.1032,32.9377,87.9748
188.0455,52.8510,33.0574,88.3333
192.6770,53.0767,33.1017,87.8820
188.9224,54.0299,33.1877,87.8314
192.5803,53.2802,33.2983,87.4742
188.8863,53.1533,33.2723,87.7279
192.6923,53.9682,33.0870,87.9548
189.0109,53.6537,33.0236,88.5838
193.5306,54.0349,33.3063,87.8213
190.7265,53.0016,33.3388,88.0294
194.6306,51.6786,32.9792,88.8132
192.7170,50.5330,33.0726,89.2374
189.9512,52.2580,32.9801,89.5369
193.6289,51.3979,33.1339,89.3798
191.7505,52.4333,33.1350,89.1868
189.8026,53.0621,33.2806,87.9293
186.8688,56.7116,33.5692,86.2093
183.8877,56.6839,34.0110,84.4245
184.7505,57.2388,34.1077,83.3147
182.9371,56.8122,34.1182,82.3597
183.8412,58.4086,34.1046,80.9614
184.7738,58.9075,34.0135,79.9637
185.0221,59.1492,33.5168,79.4802
182.6298,60.1350,33.0747,79.2510
185.4515,60.5530,32.6247,78.4149
183.1510,61.6583,32.0925,77.9153
184.2011,62.1403,31.6867,76.9514
183.5353,62.5504,31.3450,76.1313
186.2961,63.6849,30.7894,75.5177
185.7344,64.1618,30.2762,74.5638
185.8911,65.2614,29.9628,73.9783
187.7759,65.1214,29.3927,74.2585
187.2434,66.1794,28.8642,73.7360
187.5704,66.2451,28.2102,73.6047
187.8058,67.1489,27.7394,73.3600
187.9409,68.8801,27.4692,72.9998
188.8811,68.7617,27.1297,73.2365
189.1147,68.5888,26.6626,73.5824
189.3880,67.5661,26.1159,74.0930
189.4538,67.5942,25.9843,74.0367
190.2311,67.7705,25.9588,73.6841
190.3602,67.8099,25.7006,73.6054
190.5014,67.8543,25.4181,73.5165
190.5430,67.9569,25.3349,73.3114
190.5567,68.7149,25.3076,73.3022
190.6521,68.5666,25.1168,73.5989
190.7043,67.7372,25.0124,73.7506
190.6313,67.8478,25.1583,73.5294
191.3893,67.7554,25.1491,73.7143
193.6513,67.5770,25.1528,74.0711
193.6560,66.9120,25.1434,73.8867
193.6407,66.2864,25.1741,73.6263
193.6715,65.4545,25.1123,73.7818
193.5892,66.4228,25.2769,73.3545
194.3222,66.3907,25.3174,73.4187
195.0984,66.2135,25.2731,73.7731
195.0719,66.1257,25.3260,73.9488
195.0526,66.0595,25.3646,74.0812
194.9880,65.3682,25.4938,73.9454
194.9928,64.6998,25.4843,73.7634
194.9928,64.8620,25.4843,73.4391
195.1142,64.1477,25.2415,73.3562
194.5608,63.9204,24.8425,73.8108
194.6696,63.9808,24.6249,73.6901
194.8314,63.6985,24.3013,74.2547
194.9021,63.6678,24.1598,74.3160
194.2010,63.7070,24.0624,74.2376
194.2207,63.7591,24.0229,74.1333
194.2291,63.7647,24.0062,74.1223
193.3340,63.8551,24.3023,73.9414
192.5791,62.8267,24.3151,74.5012
190.1915,61.3298,24.5749,74.4849
189.8710,64.6472,25.2158,73.8888
188.7833,63.4799,25.8784,73.1975
187.0720,63.0275,26.2708,72.5872
186.0903,63.6456,26.7206,71.3509
185.0516,66.5888,27.2942,69.9763
184.3645,69.1152,28.6684,67.9125
183.2412,71.1217,30.9150,65.3887
179.4477,76.2995,34.0257,62.4937
173.4274,77.8693,37.0461,59.3540
174.0618,80.8916,40.3009,56.3253
169.6198,82.0794,43.1192,53.9496
172.6744,81.8060,44.6414,52.9703
175.2679,82.1243,45.5976,52.3337
171.7561,81.0332,44.9145,52.9746
162.7419,77.6496,42.9196,55.1210
162.6206,76.3357,41.6213,56.2078
160.2639,75.0893,40.1893,57.1643
161.1172,74.4536,38.4828,58.4357
160.9068,74.3057,37.3854,58.7315
159.4139,73.1115,37.3626,58.1113
156.9429,73.5288,37.8207,57.2768
156.4537,76.5550,38.7992,55.6935
150.7274,74.7192,39.8768,54.9188
150.1127,74.5524,41.1064,53.7642
150.1387,72.9889,41.0544,53.9099
148.9436,72.7612,38.9684,54.3652
150.1430,72.8844,36.5695,55.5836
149.9782,73.0621,34.0121,56.6718
150.8970,73.5879,32.1745,57.0371
149.0556,72.2985,31.6838,56.8334
147.6167,71.8847,31.8019,56.2812
150.7513,69.8524,31.0273,57.5985
154.0345,67.6803,29.9806,59.1829
155.9920,65.4708,28.8360,60.8314
151.0158,52.4018,27.6729,60.5703
155.0568,52.6650,26.4175,61.4093
153.3389,51.5000,25.7871,61.0285
161.0021,53.0416,25.1868,61.9614
165.8723,55.3200,24.8368,62.7707
167.3736,55.7294,24.5281,63.2988
171.5578,55.9789,24.2537,62.7999
172.3495,55.5962,24.0072,62.2283
173.0708,55.9955,23.8889,61.4297
174.5101,55.9104,23.6316,61.5999
175.6805,56.1322,23.9079,61.1563
174.8412,57.1674,24.2792,60.3929
176.9182,60.9637,25.3363,58.0114
176.1336,65.9791,26.9056,55.7032
174.7722,67.6836,28.3472,53.5752
175.9669,72.5179,29.7821,51.5549
178.5470,76.1351,30.9688,49.3981
178.2530,78.8034,31.5568,47.8332
182.2796,80.2477,32.2091,46.1884
189.0066,84.8016,33.5115,44.4587
190.6256,85.1989,35.1727,42.4393
181.0517,86.4042,37.2281,40.0286
185.1799,86.9621,37.4866,38.9129
187.4528,84.7810,37.7532,38.4627
190.6618,77.3101,37.3365,39.0017
188.1678,75.1592,36.3140,40.8993
189.0243,73.5384,34.6009,42.9253
190.0930,70.6942,32.4636,44.9563
192.8569,66.6089,30.5815,47.0509
192.9977,63.4813,29.0843,48.4435
191.8371,61.5319,27.7713,49.9194
193.7516,64.2858,28.7863,49.2556
196.2022,69.3264,29.9770,47.7031
192.8799,66.7750,32.9756,44.2987
190.5749,71.7359,35.1585,41.6587
185.3521,73.7113,34.7263,41.3339
185.1583,71.9653,32.7205,42.4325
187.6062,66.5715,30.1869,44.9529
189.3879,63.1674,27.8010,48.2284
194.6339,45.9913,25.6143,51.7326
195.2110,43.3073,24.4599,54.6994
195.5229,42.6811,23.8361,55.9519
190.0172,36.1308,25.0013,55.5137
184.7307,32.4067,26.8594,53.0021
182.2112,32.9049,28.1764,50.7651
182.8974,18.1801,26.8038,51.9157
184.8891,13.8670,25.2681,53.1992
185.2949,14.6440,24.4564,54.0772
184.7298,15.0050,24.3721,53.3550
182.6932,18.8837,24.8376,52.8132
174.6743,22.2455,26.4413,52.1038
176.9523,22.9103,27.9869,50.7742
175.1430,21.5676,26.6963,53.4596
175.7819,17.8008,25.4185,56.0149
172.1488,20.4669,23.8676,58.2401
168.8003,24.6261,22.9782,58.7726
169.4540,20.8734,22.9270,58.7408
169.5620,21.7030,22.7109,58.3363
166.4917,22.8490,22.6259,57.2896
166.4369,20.0756,22.7355,56.6936
165.1637,34.9198,24.0601,53.8877
165.2921,46.5513,25.0081,51.1072
164.2755,52.2453,25.8605,49.1666
165.5758,55.8118,24.4269,51.3711
168.5094,57.0208,23.2584,54.8263
168.6660,57.3326,22.9453,56.6115
168.9654,61.3982,22.3463,59.5006
169.1973,62.2695,21.8826,61.5239
169.3919,59.9299,21.4935,63.6514
168.5958,60.2550,21.7865,64.3004
168.9652,57.4506,23.6751,62.0268
167.4707,54.4559,25.3488,60.1237
163.5606,51.4817,26.5795,58.1648
161.1296,44.1736,28.8192,54.4244
157.8147,46.0202,31.5629,50.7313
158.8868,44.8753,31.9932,49.1596
156.1207,50.6957,33.7128,46.4147
155.6889,52.7411,34.5765,44.8397
155.6428,49.8105,32.1726,46.9567
154.5658,51.9218,29.3639,50.1782
154.4464,50.4980,27.1190,51.7840
151.1306,54.7347,26.3866,50.6743
146.2441,60.5814,28.9693,47.3696
148.9882,60.6790,30.6418,44.7876
143.3563,62.3526,32.4445,42.6231
141.8186,66.3332,34.3404,40.5592
137.7711,68.7983,35.3644,39.1645
135.8370,73.0572,34.5393,38.8598
136.6694,75.3340,32.8746,38.9277
137.8409,74.7954,31.6613,38.8752
138.5670,72.4069,30.2091,39.2148
139.4929,69.6274,28.3573,40.4099
140.8711,69.2112,26.6797,41.2422
142.9722,65.2842,25.6680,42.7154
146.1394,65.8627,25.7446,42.6269
145.5760,65.5024,25.8029,42.2790
146.8923,65.7919,25.2988,42.7642
148.7732,64.3814,24.7261,43.4592
149.7164,63.9071,23.9033,44.4078
151.1559,63.8866,23.1514,45.5124
151.9560,65.0453,22.6181,46.3957
152.5731,65.5217,22.4545,46.5135
153.0887,67.1243,22.4927,46.5166
153.0021,67.8306,22.6658,46.1742
152.9164,68.5361,22.8374,45.8314
152.8724,68.7824,22.9254,45.3388
153.4992,69.9823,22.7322,45.0599
153.9917,70.0570,22.8002,44.9104
154.0458,69.9875,22.6920,45.0495
154.1746,69.2714,22.4343,45.4296
154.3883,69.7004,22.0070,45.6247
155.0299,69.0939,21.7724,45.7892
155.1857,68.9574,21.4609,46.0622
155.3656,68.8226,21.1010,46.3316
155.5190,67.5555,20.7942,46.7796
155.5967,66.8965,20.6388,47.0532
155.0935,66.7148,20.5997,47.4167
155.0475,66.1362,20.6917,47.5237
154.8698,64.4933,21.0471,48.7030
155.2830,63.4322,21.2973,49.7486
155.3950,62.5158,21.0735,50.4852
155.8345,63.0029,21.2972,50.6138
156.4059,62.6635,21.2631,51.2927
156.9906,61.9570,21.2115,51.5878
157.1606,60.9397,20.8717,52.5012
157.3486,60.4631,20.4955,53.4543
157.3839,60.6302,20.4250,54.2555
157.3381,60.8448,20.5166,54.9717
157.8395,59.9518,20.6712,55.6003
157.5788,59.9649,21.1925,55.5740
156.5847,61.0444,22.0026,55.7714
154.9883,62.3656,22.8043,55.5203
153.3222,63.0809,24.9301,54.0897
152.6756,63.4335,26.2234,53.3844
153.2172,63.2303,26.3754,53.7909
156.7367,62.4574,25.5558,55.3367
156.3459,62.0596,25.0852,56.1323
157.9247,62.3316,24.4386,56.8436
158.2444,63.0392,23.7992,57.9373
157.7766,63.2530,23.4760,58.7685
157.1836,63.8949,23.3969,58.7497
157.4245,65.2370,22.9151,59.8554
157.6385,64.6989,22.4871,60.9316
157.6921,64.9867,22.3799,61.6344
157.7575,65.4520,22.2492,61.9902
157.1131,64.5166,22.2488,62.5719
157.0384,64.5653,22.3981,62.4746
156.2887,65.4108,22.5987,62.0822
156.6142,66.4726,23.2445,61.2555
155.6055,66.8516,23.9653,60.4974
154.4723,67.7049,24.9331,60.0895
144.8200,69.6954,28.5175,57.4185
148.2006,70.9019,29.7607,56.3396
139.0846,73.5599,33.2565,53.7029
138.4447,74.9843,35.8962,52.2142
137.5161,75.5496,37.7534,51.0836
136.8372,76.6264,39.1112,50.3249
135.3180,76.4855,39.3383,50.6066
136.6708,76.9746,39.4600,51.0422
136.6931,77.5170,39.4155,51.3796
135.4258,77.3466,39.0964,51.7204
136.3119,77.0754,38.7510,52.2629
135.9762,76.7975,37.9930,52.8187
134.9971,75.9470,37.1007,53.0943
134.9557,75.0639,35.7686,53.4458
135.5327,73.9982,34.6147,54.1792
136.9345,73.2835,34.5906,54.2188
137.6004,72.4723,34.6489,54.4511
138.3467,71.5321,34.5507,54.9371
138.3026,70.6446,34.6390,55.3120
138.4249,69.9652,34.3944,55.2637
139.2499,67.4649,32.7444,56.0572
141.1354,67.0223,30.3597,56.9423
142.8804,66.5336,28.2284,57.9198
144.3990,65.8994,26.5276,59.1882
145.0829,66.2327,25.1600,59.8467
145.6295,65.8591,24.0667,60.5939
145.9651,64.5879,23.3955,61.8344
144.6966,65.0190,23.3173,62.2798
144.6762,66.0312,23.3580,62.8807
144.7542,67.0861,23.2020,63.4148
144.7200,66.6597,23.2703,64.2676
144.0491,66.2154,23.2720,65.1563
143.2803,65.9992,23.4566,65.5887
142.4983,65.9365,23.6582,65.7139
142.4415,66.5115,23.7718,65.9319
142.3560,67.0037,23.9427,66.3207
141.6077,67.4644,24.0576,66.7809
141.5632,67.0393,24.1467,67.6312
141.5112,66.7661,24.2507,68.1776
141.5204,66.8682,24.2322,67.9734
141.5513,66.8679,24.1705,67.9740
142.2345,66.7692,24.2135,68.1714
142.1754,66.5977,24.3317,68.5145
142.7803,65.9593,24.5421,68.3710
143.4764,66.0223,24.5718,68.2450
144.1474,66.1155,24.6505,68.0587
144.8246,66.3560,24.7155,67.5776
144.7451,65.7289,24.8744,67.4182
144.7533,65.6369,24.8581,67.6021
145.4186,65.5618,24.9441,67.7523
145.3006,65.2463,25.1802,66.9631
146.0047,64.4851,25.1851,67.0720
145.2344,64.0300,25.3109,66.5673
145.2766,64.7064,25.2265,66.6245
145.2197,64.9310,25.3403,66.1753
145.1454,65.9836,25.4888,65.4750
145.1100,66.0755,25.5596,65.2912
144.9814,66.9782,25.8169,64.8818
144.8249,67.2132,26.1298,64.4118
144.6581,68.0608,26.4635,64.1103
143.6436,68.1729,27.0971,63.8861
142.5844,68.7171,27.8125,64.2009
142.3072,68.4495,28.3668,64.7361
142.1874,69.0880,28.6065,64.8971
141.4166,69.2594,28.7034,64.5543
141.3949,70.0370,28.7470,64.4403
141.4517,69.2319,28.6333,64.6102
