1
511.3932,197.9104,53.7557,31.9138
506.4815,196.7145,53.9659,33.0842
496.3312,196.2585,51.9052,34.3232
485.4281,197.3844,50.5308,34.8960
478.4962,197.2326,50.4303,34.0958
465.4057,196.7204,50.9369,32.8754
446.6765,193.9376,48.6571,33.1387
440.8981,191.1778,44.8917,34.6185
432.7729,189.4194,43.0847,35.5636
420.8590,186.6117,40.7429,37.9832
414.9141,184.9734,38.5143,41.1032
403.2322,182.2571,38.3550,42.0698
392.0802,179.2495,38.1839,42.4637
385.0096,175.8092,37.1037,44.3563
373.1958,175.8562,37.3101,43.6123
360.0454,177.7984,39.2530,41.6426
352.0186,177.0258,40.1385,40.3308
341.5717,173.8510,41.0968,39.0782
328.4739,170.6787,42.6646,37.5563
318.3232,165.3566,42.6367,38.4409
316.2156,164.4973,43.9919,37.4173
313.8412,171.8637,43.6990,37.8597
310.7445,177.9577,44.6487,37.5139
305.2970,184.8649,45.8438,37.1430
2
0
0
0
0
1
217.9297,163.6702,41.2731,28.0965
220.7023,159.9708,39.2795,31.5476
211.2960,154.7903,38.4647,32.6745
194.1065,153.7596,38.4518,32.2178
180.7446,159.5566,38.7408,32.1811
165.5143,154.7074,39.0331,32.4635
156.4467,148.6009,37.9313,33.7225
157.0357,146.2076,37.8082,34.0751
157.8292,146.7244,36.7060,36.0769
153.5645,147.3030,36.3501,36.9637
157.1566,151.4256,35.6696,36.9914
160.4712,159.7845,34.6714,37.4407
164.3244,163.4355,34.5402,36.6360
167.3329,167.4739,33.5124,36.3021
169.6913,166.1255,32.9291,36.0589
172.4609,171.6871,31.9257,35.7456
178.1390,174.3028,30.3194,36.9292
179.5273,175.6786,28.8495,37.8182
181.3468,177.1688,28.8217,37.6019
183.7535,178.7025,28.7289,37.3948
187.5277,179.0428,28.2467,38.0911
194.8193,180.7543,28.2317,37.7772
197.4138,182.1259,28.5275,37.2671
199.8797,185.4686,28.9729,36.6826
202.4461,188.3015,28.6070,37.0739
2
0
0
0
0
1
171.8261,177.3480,35.6154,39.0885
175.9757,179.2692,33.2566,39.6443
179.9207,179.5430,32.1068,39.8622
181.8648,179.3163,30.9286,41.2192
184.9603,178.5865,30.3332,42.1530
188.8737,176.9290,29.7556,42.8803
190.8004,177.5258,28.8765,44.1873
194.9705,179.4284,27.5725,45.0900
200.2907,181.1611,26.1573,46.9146
202.4897,182.9003,25.2780,47.4416
205.6300,186.9369,25.5197,47.2753
208.7783,188.2907,25.2476,47.0790
210.0509,190.7534,25.5905,46.4293
213.8460,193.4263,27.1651,44.1009
217.2384,194.2181,28.4736,42.3972
219.3741,195.9402,29.6987,41.1583
221.2469,200.4544,29.4190,40.9658
224.0662,203.6313,29.3881,41.0655
222.8940,209.3863,29.0469,41.6767
223.1918,212.4851,28.5758,41.4044
222.1032,220.7939,28.1710,42.0816
221.0030,228.7157,28.1973,42.3687
214.0805,236.7159,30.5620,40.0521
209.8748,237.5352,32.0754,38.1013
210.0865,237.8239,33.0446,37.1153
212.4282,239.2275,33.1575,37.1178
216.4868,242.1329,33.7704,36.5402
220.0671,245.4754,34.8352,35.9896
223.9240,249.3620,35.6753,34.9484
226.5336,254.9345,36.1201,34.5456
229.6180,256.1178,37.5157,34.1127
234.7440,257.9314,38.3691,33.8309
244.1718,259.6695,38.3301,34.3232
254.1196,261.4837,37.4326,34.7108
265.1563,264.4359,37.2611,34.3636
273.2981,268.8879,37.3909,34.4192
275.0800,271.9752,37.1135,34.7726
275.0367,273.4203,37.4792,34.7969
276.4328,276.4530,37.7732,34.6398
282.3224,279.3115,37.1492,35.1286
284.8336,281.8174,35.9272,35.9549
289.9597,284.6366,35.4263,36.7054
293.6034,285.9978,35.9116,36.1869
294.9013,287.3417,35.8437,36.1060
298.1428,285.4268,35.4256,36.0422
299.4890,286.5550,35.7263,35.6710
300.2545,286.4355,35.3358,35.9276
300.4493,286.1461,35.2333,36.2074
298.8938,284.8392,35.8935,36.5511
297.2333,283.1718,36.3051,37.1975
303.7812,274.9637,36.5813,37.2885
287.7584,258.7419,34.5526,40.5484
288.7088,258.4333,33.1108,42.9796
293.1198,261.4160,31.8418,44.8734
296.1700,259.5205,31.0735,45.6496
295.2568,260.4280,31.4091,45.6299
296.2423,263.4947,32.7884,44.0690
296.2543,266.8648,34.1019,42.5691
295.4836,269.8320,34.6474,41.3653
296.9153,278.6736,34.2161,41.4640
300.2451,283.4109,32.0568,43.7138
303.4353,286.5608,30.8490,45.1785
304.6158,290.2112,30.6068,45.6869
305.2853,292.6710,30.4729,46.0708
305.4510,292.7361,30.2323,46.4545
307.8823,297.9804,30.9855,46.1474
308.8583,302.7673,31.6936,46.2737
2
0
0
0
0
1
249.1594,321.2645,52.2411,34.8548
252.6122,324.2882,51.1918,37.5405
252.6149,327.9008,50.5440,40.2817
254.0322,330.4496,52.7260,40.7649
255.5383,333.5425,52.3407,42.3584
256.4540,335.7860,50.2990,44.2939
257.0008,340.9752,48.9193,44.9770
258.6029,342.9389,49.7599,45.4681
261.3002,343.9556,50.0031,45.7240
256.8601,345.5780,50.4260,45.7517
255.0612,348.1344,50.6801,45.9821
249.7722,365.8227,53.1815,46.3990
2
0
0
0
0
1
231.2974,342.7198,38.6713,34.9133
234.9202,340.6082,38.3868,38.2287
234.9744,341.1650,38.9299,39.8215
235.0111,341.3650,40.7743,40.6489
234.4677,341.3727,42.0125,42.2384
