1
713.2940,230.7877,21.9852,24.2307
715.1287,231.1606,22.1044,24.3741
716.4797,231.5600,22.0634,24.4552
717.6824,230.7691,22.2142,24.5915
719.6086,230.3743,22.5799,24.1907
717.2548,230.8757,23.4229,24.3844
719.7210,230.1534,23.3264,24.7799
721.0247,229.8750,23.3307,24.7652
721.6087,230.6596,23.4923,24.5068
722.3367,230.8404,23.6358,24.3529
722.6210,229.3696,23.3912,24.7304
723.1991,229.8608,23.6368,24.5877
722.6087,230.0941,23.8245,24.4520
722.1871,230.0827,23.9277,24.3991
722.4176,229.8928,24.1450,24.3465
722.1816,229.6745,24.2933,24.3424
721.0505,229.4924,24.2978,24.4393
718.6097,229.3462,24.6169,24.5726
719.3715,227.8514,24.1785,25.2157
718.8041,229.0765,24.2383,24.9402
718.2175,228.1762,24.4394,24.8074
715.2923,228.4808,24.6696,25.1310
715.4951,227.8649,24.5452,25.2990
711.4723,228.8085,24.9619,25.1010
711.4608,229.4938,24.8989,25.1025
710.8521,228.1802,24.8964,25.1713
708.0159,228.4473,25.1662,25.2288
705.4220,228.6263,25.3316,25.2925
702.8523,228.3243,25.4324,25.4534
700.9117,228.1716,25.6407,25.4389
697.0950,228.1698,25.2224,26.2161
694.5126,228.2182,25.1656,26.5598
690.2017,228.6295,25.1581,26.8299
689.2816,227.4028,25.0862,27.1378
683.6980,228.1149,24.4987,27.5509
679.8386,228.9749,24.6050,27.9332
676.6574,227.7346,25.2152,27.9195
670.6769,227.8840,24.7827,28.2796
667.2989,226.8193,25.9607,28.1261
661.2098,225.9991,24.6248,29.3426
656.3172,225.9448,24.2563,29.8168
649.9611,224.1455,23.8685,30.8251
644.4805,225.6568,23.4297,30.7615
636.1771,225.2475,22.9486,31.7901
632.4555,214.6108,22.0596,33.9761
631.4041,222.9334,22.9496,32.5733
641.2189,222.9672,21.5200,33.9935
644.6741,224.2554,22.0223,33.8980
654.5381,223.1373,20.9712,35.3464
658.3486,224.8835,22.8654,34.2746
662.2609,225.2943,24.5136,33.2596
672.5859,226.9755,24.8942,32.8546
676.4753,227.5627,25.1042,33.3159
686.4550,227.2386,24.1869,33.7884
689.9946,227.9521,24.6479,33.8093
693.7880,228.7746,25.5114,33.6494
702.4564,228.0444,25.3569,33.7916
704.9053,229.5228,25.4994,33.2460
708.5667,231.1836,27.0647,32.0446
712.3388,232.4660,27.6846,31.5932
715.8027,232.6347,27.8179,31.5673
719.3620,233.2774,28.0134,31.4537
722.8859,233.0727,28.2316,31.0654
725.6908,233.3047,27.9140,30.6795
727.6653,234.1720,27.8278,30.1590
729.8368,234.1256,27.2679,29.9713
732.0255,234.8377,27.1353,29.4002
733.5964,234.3180,26.7441,28.9578
734.4495,235.4413,27.0291,28.3242
736.1851,234.4984,26.7332,27.7257
735.0265,235.5485,26.5570,27.3506
734.7024,235.2231,26.4070,26.5901
735.1740,235.6634,26.1154,26.1989
734.3776,235.3331,25.9057,25.7927
732.3942,235.8464,26.0773,25.1620
731.8378,236.6736,26.1029,24.8125
730.3536,235.5937,26.0254,24.8243
726.9748,235.8600,26.5103,24.5441
724.8690,235.8811,26.6534,24.3096
723.2245,235.7329,26.4912,24.3917
719.4171,236.1450,26.9165,24.4746
715.7120,236.7755,27.1214,24.7283
713.8601,235.8776,27.4908,25.2588
710.0637,235.7428,27.6399,25.4562
706.2056,236.0855,27.8593,25.7491
699.9727,236.9185,27.6689,25.9799
696.9216,236.6680,27.9588,26.1500
693.4136,236.0053,28.0968,26.2896
685.8640,236.5213,27.3494,27.0178
680.4499,236.5312,26.8882,27.7341
674.1402,236.1270,26.6833,28.4155
671.3165,235.7964,27.7818,28.5474
662.9132,235.3551,27.3443,29.4199
654.5402,233.2529,26.4469,30.6053
647.0861,233.8792,26.3723,31.1554
641.8653,235.3419,25.1108,32.2488
652.4012,231.5164,22.4782,35.9198
656.0621,234.6871,23.8612,35.1555
666.4120,233.9642,23.0637,35.8271
675.6151,233.6975,22.5528,36.3464
679.0777,235.3977,24.2484,35.0805
682.7031,235.9657,26.0953,33.8144
692.2737,236.1117,25.6970,33.7744
696.0090,237.2557,26.7599,33.2308
699.7783,237.9458,27.5344,32.8455
703.7494,239.2244,28.6142,32.2258
708.0877,238.5054,29.2019,32.4706
710.9800,238.6285,30.5931,31.8720
715.6377,239.5354,31.6521,31.2275
720.0690,239.1049,31.2648,31.2777
723.5813,240.1818,31.6846,30.4705
727.4803,240.3634,31.5307,29.8854
730.4844,240.5021,30.7276,29.6384
733.4620,241.2509,30.5735,28.9425
736.2856,241.1546,30.1626,28.5829
738.6812,241.9891,30.1142,27.9246
740.5809,242.3979,30.3693,26.8563
741.5905,243.0647,30.5026,25.8046
742.6909,243.6370,30.6383,24.6958
743.3495,242.9143,29.9422,24.9037
741.8039,244.5132,30.2632,23.8602
742.1714,245.3350,30.7345,22.8997
740.9447,245.8327,30.6212,22.1990
739.2206,246.6821,30.4319,21.6129
738.4532,246.8208,30.2633,21.1357
735.1172,247.0174,30.0240,21.1016
732.6349,246.9738,29.8873,21.0518
730.3890,246.3870,29.5816,21.2816
727.7795,245.2257,28.8704,21.9307
724.9666,245.0851,28.6388,21.9842
721.6674,244.3026,28.9415,22.5787
719.6456,242.5945,28.4220,23.4997
715.2091,242.4660,28.8263,23.4228
706.6613,242.7550,28.4796,23.5885
703.8281,242.6985,28.7542,23.8109
699.5484,241.7325,29.5562,23.7910
693.4576,240.6897,28.4371,24.7854
689.0010,240.9143,29.1301,24.4752
679.9808,239.6090,28.5093,25.3338
672.0825,240.3734,28.8179,25.2481
669.4993,237.5519,28.7440,26.0788
659.7796,237.5798,28.0894,26.4235
651.3694,236.5893,26.8325,26.7306
644.4543,235.0456,24.9303,28.3746
646.4580,236.6558,24.0941,28.3974
656.3139,236.6427,22.8000,29.8965
659.2285,237.8991,24.4102,29.1918
669.4373,236.7904,22.7854,31.0194
679.1804,237.2616,22.2956,31.7084
683.0514,238.1108,23.4670,31.2998
693.0613,239.1062,23.6026,31.0062
696.4454,239.2478,24.1136,31.0043
705.5255,240.3044,24.4585,30.3341
709.1425,241.4091,25.4206,29.9159
712.2933,242.4645,26.0835,29.5843
716.8937,243.0620,26.4040,29.4773
720.8008,244.1064,27.7378,28.3452
724.9833,245.2256,29.0207,27.0070
728.9582,245.8448,29.6338,26.1042
732.2806,246.7185,30.0738,25.3146
735.8064,247.9581,31.1875,23.9289
738.8467,248.6376,31.7193,22.8721
742.6287,248.2724,31.1538,22.7194
744.8989,248.7326,30.2944,22.7448
746.7425,248.8411,29.8843,22.3887
748.9216,249.8272,29.0572,22.2415
750.5801,250.3787,28.8252,21.7252
751.6407,249.8986,28.2777,22.2382
750.9739,251.0172,28.1684,21.5908
750.6096,251.8003,27.9773,20.9618
750.1166,251.7799,27.6989,20.7602
749.1507,252.0446,27.7665,20.4882
746.3209,251.9541,27.8791,20.4508
743.2691,251.8964,27.8782,20.2908
741.3605,251.5127,27.5653,20.2572
737.8712,251.5523,27.1803,20.1181
737.1901,251.1267,26.8848,19.8913
733.0084,250.7766,26.6231,19.8178
727.9691,250.0153,26.7596,20.4912
724.8249,250.7594,27.6133,19.8520
721.0439,249.8872,27.4629,20.3241
718.2071,249.8719,27.8634,20.8466
709.1490,248.0969,27.4294,21.8971
704.9498,247.4781,27.8205,22.1471
699.9810,247.5955,27.5148,22.5796
693.1556,246.1875,26.8240,23.5373
686.8574,244.8448,26.1235,24.2908
683.8272,243.2940,27.0523,24.6346
673.7272,243.0860,27.2779,24.7080
666.7588,243.5102,27.1797,24.7999
657.3118,242.0569,27.0695,25.6429
654.0648,241.2726,27.7522,25.9970
651.9839,240.3707,25.8365,28.8623
655.1089,240.7751,26.8418,28.6720
658.1178,241.3433,28.2247,28.1431
670.1352,240.0525,27.7409,29.6073
674.8798,239.7027,27.4492,30.8532
684.8033,240.0350,26.6410,31.0736
688.0397,241.0240,26.4424,31.0957
691.7781,240.2934,26.1591,31.7644
695.2232,242.4497,28.1220,30.4052
699.3257,242.7925,28.8623,30.0722
702.6052,244.7743,29.8435,29.1537
706.4171,244.5013,29.6004,29.1730
704.4155,245.3291,29.9280,29.1097
709.1190,245.8641,30.5336,28.7979
713.2283,245.7164,30.0782,28.9509
716.1094,245.7646,29.4782,29.0781
718.6558,244.5114,28.7467,29.5214
719.9227,245.9377,29.4092,28.1992
721.9405,244.5566,28.7504,28.2691
724.4839,241.9966,27.6615,29.1766
724.9468,243.6957,27.6549,28.3360
724.2613,245.3015,28.6448,26.4129
720.9236,242.8082,28.9655,26.6797
721.7217,244.8561,29.4478,25.2983
721.1248,245.5232,29.3583,23.9680
721.9935,246.5112,29.7026,22.5411
723.0218,246.3414,29.7052,22.0386
722.2469,246.1093,30.1878,21.3608
716.7704,247.7860,30.4932,20.6710
715.8417,248.7614,31.1236,19.8164
711.1050,249.0032,31.8500,19.6923
707.6241,248.3391,32.1272,19.6330
709.4490,248.0738,31.9343,19.7582
709.3696,247.7094,31.8241,19.7748
705.0564,247.0901,31.6710,19.9265
703.0798,246.8644,31.6118,19.5988
700.2321,247.0576,32.3575,18.8182
694.4036,246.4681,32.3565,19.0258
691.3431,246.6928,32.7484,18.5505
684.2362,246.9968,33.2378,18.0141
681.1134,245.1020,32.2234,19.2310
676.5651,245.8349,32.0835,19.2693
673.9741,244.9385,31.2446,20.3460
670.3449,244.7879,30.5728,21.0101
666.9066,243.8476,29.8957,22.0262
666.2310,242.1150,28.6924,23.0143
663.7142,241.0475,28.2490,23.5164
654.0485,241.4603,28.7728,22.4770
651.7073,239.3705,28.2796,22.8976
650.3094,235.0442,27.5552,24.0393
644.3658,236.3521,25.7337,26.5095
645.2219,236.3058,24.9556,27.0977
645.2498,237.4918,26.2033,25.5178
647.6343,237.8986,26.7621,24.3770
650.0922,238.4042,26.7852,23.9712
652.2722,238.5664,26.8776,23.9425
655.2664,237.7083,26.4978,24.8689
658.2514,237.9366,26.7269,24.3615
661.4358,237.9824,25.9524,25.0218
664.0098,237.3276,25.6015,25.5070
665.4769,238.5412,26.1975,24.5412
666.7249,239.4004,26.4578,24.1142
669.6100,237.9530,25.9002,25.2492
672.2188,237.2941,24.9747,26.3993
672.6849,238.1242,26.2886,24.8609
675.2785,237.4127,25.6426,25.4228
676.5568,237.7693,25.1614,25.7298
677.8475,239.2432,25.1180,25.2711
679.8021,239.7000,25.4310,24.8501
681.8810,238.7592,24.4438,25.7537
684.0624,237.9105,23.6918,26.3976
685.7294,237.2059,22.8885,27.2773
686.7471,237.3170,23.4975,26.6070
686.5652,237.8190,24.7411,25.3711
687.2694,237.1423,25.1454,25.1974
686.4601,238.0606,26.0958,23.8490
687.2481,238.8796,26.3883,23.2946
688.4045,238.1820,26.2450,23.4420
688.4333,238.8662,26.8356,22.4332
689.6041,239.0269,26.7907,22.1715
689.5229,239.1519,27.1972,21.4195
689.7201,239.5870,27.4793,20.7185
691.1487,238.6375,26.7695,21.3768
691.0705,239.3570,27.2959,20.5260
691.3222,239.6915,27.2706,20.2319
691.5472,240.7843,28.1281,19.1469
691.8399,240.9124,28.0849,18.9902
692.5112,240.9520,27.9869,19.0460
688.4780,241.3452,28.6871,18.6648
689.1761,241.5429,29.4794,18.1455
686.7822,240.2965,29.3732,18.5217
688.6736,239.7589,29.3990,18.9729
690.5048,239.6872,29.2393,18.9050
687.4725,239.6631,29.1327,19.2255
690.7549,238.8486,28.3686,20.4287
693.1791,237.4518,27.5038,21.2364
694.4147,237.3096,27.7312,20.9898
692.4520,238.7554,29.1667,19.0132
691.8137,239.8909,30.0418,17.5400
693.0847,239.3549,30.1876,17.1160
692.6658,239.8593,30.0338,16.6494
690.9689,240.9820,30.7933,15.6417
690.9047,241.3596,30.6100,15.1415
686.5150,240.8526,31.1608,14.9875
688.8152,241.0842,31.5112,14.8328
689.7132,241.2679,31.8121,14.3854
684.7222,241.1971,31.9956,14.2769
692.7661,240.3367,31.0287,14.7050
693.0246,240.9205,30.8277,14.5375
693.6797,241.7744,31.4549,14.0691
686.8353,242.1272,32.3876,13.6648
686.6114,242.2057,32.5737,13.4294
688.5620,242.2249,32.6533,13.4073
688.6434,243.2363,33.1774,13.0306
694.3432,243.0899,34.1323,12.5193
688.4850,243.4261,34.3541,12.4853
690.3608,242.8980,33.7077,12.7788
695.7150,243.6109,34.1211,12.7357
691.2307,243.6010,33.8712,12.9430
697.1498,243.4083,33.8562,13.2668
704.7400,243.8444,34.2059,13.4626
714.8596,242.8403,33.9015,13.9256
694.0334,243.0564,34.0472,13.8462
686.2346,243.4508,34.1480,13.6722
666.9391,243.7614,36.2059,13.3480
656.7651,243.3622,36.4710,13.8319
2
0
0
0
0
1
682.8657,227.8608,35.3168,37.5323
693.5923,225.1113,32.2848,41.1224
696.0490,226.4031,34.5557,38.9448
695.5044,225.1366,33.8556,39.9355
695.5618,226.4879,34.1104,39.1913
691.5382,228.5188,36.5676,37.2010
692.9169,230.3376,37.4555,36.3668
684.4877,232.7940,39.7931,34.7275
679.1458,232.3986,40.7460,34.1647
682.6298,233.2124,41.8045,33.8914
678.0707,232.4997,42.4157,34.1456
679.5997,233.3685,44.2979,33.9709
673.1288,232.5769,44.1586,34.8565
666.0685,230.6108,43.6961,35.7108
662.0428,231.4506,45.7312,35.1486
663.5098,229.7520,45.2027,36.0972
663.8553,228.5641,44.5818,36.5254
662.8007,228.6888,45.1304,36.4742
660.3478,228.9095,45.5646,36.6712
653.4048,229.2896,45.2418,37.0916
