1
709.1951,231.8245,22.2643,23.5236
710.8235,233.1570,22.6125,23.0217
710.8922,231.6712,23.1939,22.4002
713.2175,232.3162,23.5693,21.8281
715.5212,231.4734,23.9651,21.3693
714.1965,231.8484,23.7600,21.3331
715.4630,232.4154,24.0665,20.9088
715.7017,232.2932,24.2969,20.4453
717.7128,231.4670,24.4985,19.9859
717.2332,231.6841,24.7582,19.5517
717.1110,231.8922,25.0025,19.1356
717.4401,231.6579,25.0378,18.9106
717.7585,231.4164,25.0913,18.7032
717.3152,231.9151,25.2901,18.3937
716.8770,231.7362,25.4810,18.0657
716.4885,231.5405,25.5745,17.7738
716.4769,231.9923,25.5978,17.5500
715.5399,231.3320,25.4422,17.5176
714.5825,231.0192,25.3361,17.4695
714.5259,231.8621,25.4491,17.1262
713.4341,232.3555,25.6311,16.8066
712.1061,231.7981,25.6281,16.5921
711.4145,231.5801,25.6893,16.3671
708.7697,233.0363,25.7132,16.0875
706.9097,232.3870,25.5097,16.0783
706.5215,233.1737,25.6355,15.8064
703.9792,233.2221,25.5359,15.7096
702.1348,232.9024,25.3553,15.7041
699.9117,233.9374,25.3065,15.5605
697.3928,233.6786,25.2326,15.4392
694.8801,233.7477,25.1711,15.3009
691.7985,234.7278,25.0082,15.2385
689.3367,233.5112,24.8990,15.1551
684.3815,234.1889,24.7918,15.0519
681.3235,234.2388,24.6804,14.9522
677.2972,234.3310,24.6805,14.7677
672.0814,235.3643,24.6348,14.5501
668.1418,235.4479,24.5586,14.3828
662.2529,234.7862,24.1766,14.4903
658.2349,233.7496,23.7548,14.7511
653.7543,235.5897,23.6825,14.6842
648.4010,233.1484,23.5884,14.7667
641.6590,231.9225,23.2723,14.8185
631.2947,234.1390,23.1357,14.5584
626.9573,234.6511,22.9641,14.7138
628.7114,233.6463,22.9947,14.3643
637.7831,232.9999,22.3830,14.4882
644.6812,234.8049,21.8651,14.3420
653.4777,233.8361,21.8523,14.0113
659.5886,234.7607,21.4197,13.8463
665.3266,236.7500,20.9868,13.7328
673.4697,236.3328,21.0140,13.4797
679.8148,236.9204,20.7427,13.3843
686.2973,238.3781,20.6009,13.1405
691.1799,239.2187,20.3417,13.0435
696.8961,238.5628,20.4065,12.7876
702.9567,239.3896,20.2288,12.6919
706.9080,239.9251,20.0517,12.6509
712.8337,241.2771,19.9692,12.5054
715.2142,241.5388,19.7804,12.4900
719.0103,241.8622,19.7625,12.3481
723.3045,242.9054,19.7130,12.2709
725.8577,244.1966,19.6094,12.1898
728.4657,244.3932,19.3668,12.2940
731.5062,243.4003,19.2316,12.2979
732.0724,243.8754,19.0861,12.3346
734.3515,244.1291,18.9555,12.3194
736.3834,243.3909,18.8097,12.3265
737.1985,243.8660,18.6423,12.3516
737.5110,242.8864,18.5030,12.3686
737.8295,242.8649,18.3498,12.4114
737.9180,243.5506,18.1728,12.4865
738.4756,241.8600,18.0190,12.5027
737.0405,242.3941,18.0171,12.3918
734.9101,242.8824,17.9865,12.3688
733.2829,243.3498,17.9089,12.3860
734.2861,241.9278,17.8031,12.3793
731.0040,242.3939,17.7397,12.3940
731.9959,242.1662,17.6465,12.3767
727.5087,242.6867,17.6724,12.2776
723.0464,243.6540,17.6720,12.2219
720.6815,243.0157,17.7136,12.0921
723.7626,241.1437,17.6263,12.0978
715.8702,243.2487,17.5648,12.0824
710.0345,244.2336,17.6140,11.9722
704.9831,244.0151,17.5131,11.9453
701.7512,243.8405,17.5113,11.8327
701.1335,243.6164,17.3668,11.8209
694.1011,243.3879,17.2470,11.8205
687.4833,242.9838,17.2656,11.7171
683.4448,243.4741,17.1647,11.6452
675.4219,243.8612,16.9525,11.7743
669.0167,240.8587,16.6971,11.9220
662.3805,237.8385,16.4958,12.1238
656.1795,235.2573,16.3150,12.3430
651.0307,235.0010,16.2574,12.4055
654.4987,238.7856,16.0771,12.4924
660.6846,242.2600,16.2778,12.2789
671.1910,245.9599,16.3496,12.0569
676.5772,244.9114,16.2829,11.9237
682.8408,248.0043,16.1561,11.9379
690.3117,247.6477,16.2141,11.7689
694.2248,247.5158,16.2952,11.5934
700.4214,248.3554,16.1555,11.6646
705.8465,248.2044,16.2224,11.5300
713.0574,249.3313,16.1714,11.4535
717.0883,247.6871,16.3452,11.2744
722.3400,249.0075,16.2366,11.2324
727.5726,248.3483,16.1103,11.2584
731.2728,249.2183,16.0081,11.2356
734.7408,249.6404,15.9103,11.2462
738.2120,249.4124,15.7851,11.2761
739.1000,249.4194,15.7078,11.2621
741.2866,250.8503,15.5674,11.3632
743.0278,251.0383,15.4674,11.4099
745.8430,251.8243,15.3238,11.5262
750.7763,252.1773,15.1581,11.6638
753.5833,252.3621,15.0236,11.7157
750.7236,252.9194,14.8589,11.8619
750.5996,253.2591,14.6868,12.0227
750.8892,252.9887,14.5277,12.1435
751.1688,253.5524,14.3881,12.2749
753.9403,252.5020,14.2994,12.2780
750.4573,252.8420,14.1552,12.4343
746.3051,253.2248,14.0895,12.5058
745.2703,253.2155,14.0658,12.5245
742.5642,252.1861,14.0367,12.4903
739.4122,252.0203,14.0772,12.4045
738.5570,250.6201,14.1203,12.2870
737.9631,246.4495,14.0611,12.3160
735.0987,244.7554,13.9778,12.3829
729.3403,248.2689,13.8761,12.4099
726.9022,244.9257,13.7870,12.4756
721.5602,243.4682,13.7212,12.4964
717.6768,241.7810,13.6455,12.5687
711.4800,245.3171,13.6570,12.5130
703.4803,241.7803,13.5872,12.5821
698.5653,241.3390,13.5284,12.6407
691.1929,240.0551,13.4392,12.7362
685.0423,240.8482,13.3752,12.7986
676.2538,239.7622,13.2293,12.9098
669.4896,238.2821,13.1738,12.9886
663.1600,236.9930,13.0610,13.0947
662.2459,239.3040,13.2416,13.0036
654.2272,241.4355,13.1601,12.8739
662.3977,241.7294,13.2181,12.6959
668.7686,240.7069,13.1267,12.7006
674.8487,241.1764,13.1679,12.5750
679.8848,242.6187,13.2299,12.5280
685.9214,243.2627,13.3246,12.4569
691.7874,243.6822,13.3654,12.4297
698.2473,244.9270,13.4424,12.3771
702.8354,242.9305,13.6162,12.3050
712.5870,251.5279,13.7007,12.2493
716.6562,252.7647,13.7321,12.2266
722.0200,253.5981,13.6290,12.1945
726.4634,253.6148,13.6854,12.1611
731.1490,254.2090,13.6719,12.1933
735.7795,253.8496,13.7757,12.0977
742.9004,254.0835,13.7873,12.0371
747.6071,255.2518,13.7223,12.1392
749.9091,255.3824,13.5960,12.2850
753.0434,255.7132,13.4391,12.4383
755.1441,256.4624,13.3121,12.5697
756.4272,256.6056,13.1910,12.6909
756.6883,257.1668,13.0765,12.7912
760.4048,257.7303,12.9760,12.8862
759.8318,257.2828,12.9002,12.9668
762.7195,258.8957,12.8277,12.9997
758.6835,257.6325,12.7652,13.0858
755.8538,256.9954,12.7252,13.1388
754.8657,257.5887,12.6651,13.1741
753.6925,256.9256,12.5700,13.2794
753.9392,260.9934,12.4836,13.2846
753.9626,258.7911,12.4368,13.2259
760.1356,260.4639,12.6176,13.1131
760.3348,259.2441,12.6244,13.1216
754.8078,259.0788,12.7318,13.0467
752.5698,258.4714,12.7424,13.0436
2
0
0
0
0
1
683.5490,242.4211,30.0639,34.7794
680.4918,241.2839,29.0350,36.0333
669.4327,240.0047,29.6658,35.5221
665.5978,239.1013,30.1567,35.2779
658.4162,238.4138,29.0748,36.6529
648.1844,237.7798,27.8378,37.9208
643.6189,236.8706,26.6436,38.7067
647.4770,235.2497,25.0760,39.8990
654.8018,234.7008,23.6415,40.9967
661.5130,234.6445,22.3236,42.1182
670.0984,234.7364,21.1972,42.9371
675.5570,235.0050,20.2339,43.3952
682.6139,236.3781,19.9143,43.6050
686.7786,236.3730,19.4471,43.6151
690.8882,237.4215,19.0254,43.4677
696.2599,238.4603,18.8986,43.3203
699.5906,238.7376,18.9625,42.7657
703.4003,239.4008,18.9740,42.3932
706.9583,239.6917,19.4473,41.8114
706.5079,240.2090,18.4511,41.7252
711.1517,241.2746,19.3910,40.5238
714.5441,241.2741,20.0360,39.5960
715.9357,241.7331,20.9583,38.6781
719.6192,241.2954,21.9500,37.6959
718.3057,242.6206,22.7148,36.9077
720.0923,243.1675,23.8029,35.8140
720.6939,243.9668,24.4679,35.1495
720.4844,244.1808,25.8219,33.7863
723.1183,244.3468,27.1105,32.5177
721.0452,244.9235,28.4426,31.3643
730.6442,250.6378,29.9588,30.2930
743.2139,250.7160,31.3871,29.1877
746.1704,262.0505,31.1967,29.4093
2
0
0
0
0
1
698.6794,240.3764,32.7783,33.4562
696.6560,241.1145,34.7388,31.9800
694.8634,241.2318,36.2231,30.6950
691.7062,239.2083,37.2730,29.4772
691.3099,240.3774,38.0656,28.1884
691.9430,239.2616,38.8803,27.2988
679.6021,240.3556,38.6456,27.1871
677.8909,239.8181,37.9365,27.2293
685.2610,229.9473,36.4923,28.5611
686.0651,225.1003,34.8842,30.0747
687.2489,220.1533,33.5388,31.7904
686.5352,229.0809,33.9376,31.4233
671.6628,233.1075,34.8671,30.5740
661.5049,235.3314,35.6127,30.2462
648.3209,253.1079,37.1098,28.8908
646.2815,238.3380,39.1138,27.3096
634.6006,237.2754,38.5118,26.3091
648.3987,227.9966,39.3712,25.5576
629.7083,237.9935,38.1175,24.8811
629.5139,238.3797,36.5330,26.0820
631.8101,236.0124,37.8363,24.9209
634.8578,238.4942,38.6222,23.8894
637.1827,237.7701,38.8605,23.3824
644.3364,237.7346,37.1969,24.4262
646.5580,237.1685,35.6492,25.5582
651.2358,236.6652,34.9391,25.6043
652.8873,238.4691,33.5374,26.7496
657.2089,237.3854,32.4773,27.0211
659.2373,238.0165,33.1006,25.7589
658.6939,239.1240,34.1873,24.4691
659.9790,239.8015,33.4582,24.0345
663.4940,238.9977,32.7446,23.8376
662.0380,239.5849,33.8801,22.6630
667.8594,240.5428,34.6421,21.6332
668.8605,241.3666,34.4003,20.8659
669.9205,241.4562,33.1443,21.5507
673.3475,241.8708,32.2855,21.5780
674.2181,241.8278,31.3885,21.6638
677.1945,241.5285,30.4273,22.2624
679.3754,241.5945,29.3745,22.9578
680.2245,241.4071,29.3214,22.5100
680.4391,241.3399,29.7068,21.8299
679.9700,242.0125,29.8358,21.2939
680.8486,241.6391,30.4858,20.4361
682.5579,241.6950,31.0571,19.5261
682.2373,241.6570,31.6983,18.8107
682.4808,241.6409,32.0002,18.0540
685.2239,241.9358,31.9780,17.4642
683.9716,241.8694,32.1722,16.8269
685.7484,242.5410,32.4293,16.2458
683.3372,241.8320,31.9605,16.1519
686.9899,244.3459,32.1288,15.6085
685.0638,244.1031,31.5384,15.3538
687.5638,245.0585,31.6300,14.8977
685.2081,245.9149,31.2960,14.6263
684.9846,244.9978,31.0320,14.3271
680.1404,245.9002,31.5929,13.9264
683.3975,245.0856,32.1110,13.4461
681.4145,242.4080,32.5658,13.1835
682.5530,241.3074,32.4013,13.2723
683.9863,241.3876,32.3478,13.1119
685.4398,241.4618,31.5400,13.6633
685.4929,241.9218,30.7360,14.1388
684.1035,240.1641,30.7367,14.1817
684.8947,241.0017,31.2401,13.8971
692.5665,240.7186,31.2432,13.7657
699.1732,237.3871,30.5455,14.1708
697.5311,239.2627,29.6760,14.5735
700.1423,243.0959,29.2599,14.4599
701.8203,242.9719,29.9755,14.0292
700.9604,240.7079,30.3321,13.7867
706.4517,242.5884,30.9514,13.4379
706.7732,245.8724,31.6790,13.0377
705.1102,247.0308,32.2500,12.7872
709.5572,246.6954,32.3585,12.7653
700.4551,243.2950,32.5273,12.6295
699.9266,248.7669,32.1971,12.7843
709.2524,246.3516,32.2208,12.7731
718.5361,243.2493,32.3325,12.7515
2
0
0
0
0
1
703.6494,233.8591,36.2230,36.7300
704.6194,233.4348,37.7295,35.2808
688.9026,228.8955,39.2733,34.0130
698.3956,229.0468,39.8947,33.7105
702.4286,227.7004,41.0936,32.9289
710.4529,221.0721,41.3400,33.3821
712.7431,219.2103,41.4599,33.5807
705.7077,227.1183,42.5494,33.1061
723.4774,235.8943,43.8723,32.2016
2
0
0
0
0
1
694.9049,230.4584,34.1835,37.4272
700.8563,213.9515,34.6824,35.4905
709.5510,209.9371,34.9741,35.7839
715.3341,200.0166,35.6650,35.5679
2
0
0
0
0
1
672.7570,234.1559,29.5111,34.4516
671.0157,235.3146,27.9611,36.1604
670.7875,234.1733,26.4019,37.4353
669.4510,234.3923,25.0688,39.0004
666.5812,235.9247,23.7876,39.9475
666.6138,233.4504,22.7266,40.9136
664.2560,233.9742,21.4907,41.8500
662.2835,233.6118,20.5131,42.5746
661.6444,232.8779,19.8349,43.0644
660.5720,233.2019,19.0593,43.3898
