1
527.1440,57.1296,19.0487,19.3939
526.6697,65.0878,18.7864,19.2176
524.3138,81.4250,18.7106,18.8611
523.0022,90.2430,18.3753,18.9755
519.6439,105.9013,18.0339,18.8325
519.6520,114.8420,18.0176,18.9478
517.8019,126.5328,17.6432,18.8498
506.8152,142.0868,18.3558,18.1963
511.3169,154.6501,17.9867,18.3971
520.3499,165.7120,17.6828,18.0459
529.8682,171.0722,17.2135,18.0159
536.9712,176.2326,17.4312,17.6807
2
0
0
0
0
1
601.7061,240.4913,12.3275,16.6671
607.8975,254.8460,12.6939,16.6434
610.8403,263.7949,12.8007,16.2620
610.6783,267.4775,13.1248,15.7498
616.2456,264.9511,13.3464,15.3517
620.0090,265.0994,13.4978,15.0551
624.8183,265.8674,13.3184,14.8675
627.8708,266.0575,13.4252,14.4874
630.8126,267.4724,13.2551,14.2944
635.6498,271.1765,13.1237,14.2605
636.3284,274.2462,13.0601,14.1572
640.2425,272.1430,12.9454,14.0783
642.4797,270.3136,13.1513,13.9078
642.2062,268.6487,13.2721,13.8290
644.0139,268.5951,13.0708,13.9361
644.0350,268.6407,13.0287,13.8449
645.5517,272.6441,12.9574,13.8780
645.8754,274.7025,12.7325,13.9867
645.8842,278.5855,12.7149,13.7926
652.2809,278.0888,12.8593,13.5338
652.1119,278.3113,12.7819,13.5046
652.2238,276.9198,12.9719,13.3902
