1
310.8181,541.1523,17.1394,47.0248
308.6230,526.9684,17.8213,47.8558
302.6194,535.6274,20.3058,46.0883
322.0618,524.4867,22.9913,43.4653
314.0666,518.6656,24.7309,42.7646
302.7529,493.2359,27.7399,41.0999
288.1317,478.3358,28.0321,41.8827
286.4994,460.9674,28.1060,42.5677
289.6048,447.1361,26.6090,43.9014
302.3712,439.3015,26.0054,44.6677
320.5756,432.6971,27.3255,42.7973
330.4918,431.5157,26.6196,43.7375
334.8368,433.6960,24.5349,45.3354
338.5339,426.0359,23.5770,45.8235
351.6210,428.9238,24.5558,44.1482
372.1279,434.7295,25.6089,42.2484
389.4391,432.9696,25.2499,42.5095
390.9219,418.6656,23.6047,44.4025
374.3423,403.7635,23.8648,44.3803
372.7374,394.3602,22.3610,46.4409
372.9868,390.5388,21.3461,46.9695
372.4084,382.7408,21.3590,46.5224
365.2446,375.9926,22.2862,44.6641
352.8851,371.8208,23.8438,43.1467
345.8766,360.2106,24.5072,43.0019
347.1881,350.1774,23.9769,43.8803
346.1088,328.8141,24.6981,43.6707
346.8469,317.3030,25.7506,42.0550
367.1264,296.4022,25.8021,43.0162
369.7517,282.0182,23.5730,45.5428
370.6195,257.8461,22.6920,46.4775
385.9580,238.4290,24.6501,44.3177
399.2361,237.2955,25.3591,44.2456
411.0540,255.9407,26.2736,44.5884
428.4186,268.9138,29.6936,40.8713
445.4023,283.4760,27.1694,45.0238
454.0283,290.0447,26.4307,46.2567
458.2155,295.9049,26.2006,45.9133
441.0622,307.6805,28.1513,44.0553
436.4029,307.2563,27.7093,45.0291
426.8985,316.5886,30.1710,43.4757
399.0829,320.9557,34.3548,39.5657
369.2684,325.6140,34.5957,40.2231
344.3112,312.9883,35.5321,40.1832
309.4176,312.8698,39.5452,38.2628
287.0483,306.1882,35.3540,44.4898
287.1471,294.4896,32.7282,48.1195
271.9727,292.3407,31.7339,52.0514
259.6931,279.3462,29.9250,54.7023
245.3373,269.4646,29.4605,57.3768
243.0736,258.2498,29.3490,57.9946
265.3145,266.6391,32.7524,55.0838
287.8536,283.6229,35.2546,52.9409
317.1765,306.9918,35.7617,51.6512
332.6466,317.0874,32.4482,56.0985
328.5632,321.3036,29.9075,60.1318
332.0160,313.4202,29.8508,58.6712
340.6850,327.7272,28.6927,61.0618
347.0671,345.1892,27.7275,63.2616
348.6027,373.5546,26.5973,65.5702
344.5357,383.2403,26.1350,67.4549
324.7098,382.0699,29.0553,64.9583
302.4684,366.5266,29.5332,65.0063
293.0133,342.6134,28.3100,66.4372
290.2515,340.9952,26.9539,67.9588
295.6962,337.4072,26.6104,69.2710
292.8021,347.5368,25.7371,70.3342
292.5221,340.2065,25.0985,71.5772
296.7206,338.2444,24.7491,71.7529
295.1696,327.1875,24.6724,71.5949
284.6517,336.5590,24.4539,73.5851
288.8170,340.9111,26.1045,71.4277
310.6433,342.8378,25.2488,72.6246
301.2976,341.4678,25.2456,73.5742
286.3053,327.9568,25.2115,73.3383
285.1932,322.5992,25.0012,74.3042
292.7315,334.5670,24.9366,74.5210
303.1374,335.4317,24.7420,73.9968
300.8599,347.7856,24.3718,74.2957
305.0977,346.7841,25.2648,73.5203
316.3570,350.4181,24.4672,74.1247
322.9645,364.0783,24.5481,74.7158
333.8021,361.4736,25.4427,73.4784
338.8999,360.1528,25.0435,72.1874
339.5898,344.8750,24.1092,71.7390
348.0143,335.3773,24.9314,69.5890
372.4592,338.8157,27.8455,66.0695
394.7571,329.7365,26.3571,68.1894
397.6699,318.2891,25.3806,69.4320
392.0805,318.9209,25.1716,70.0636
394.6534,314.5482,24.9567,70.5397
408.8289,301.7537,24.8385,69.8577
412.2858,307.0018,23.7547,72.7466
436.8333,306.9687,25.9610,71.0009
458.4397,308.1604,25.3649,73.7817
467.7316,318.4125,24.6433,75.1236
477.1053,313.2236,23.0353,76.8353
479.1918,301.9077,22.3535,76.4430
483.0802,303.2460,22.7968,75.7326
493.0552,298.2458,25.2951,74.4856
513.7061,281.1797,25.5658,72.2074
524.5438,279.0439,26.7370,70.2731
541.3932,268.2651,27.9391,68.7401
557.4272,257.6723,26.6635,69.8407
566.0251,247.0561,25.0764,71.0109
574.4254,232.1812,24.5757,70.8681
582.6292,217.0850,23.9152,70.6029
591.9938,209.8330,24.0220,69.6949
602.3403,207.5560,23.6911,70.2814
607.8268,206.9530,23.8418,70.9457
599.6275,199.1713,24.4001,71.6576
582.3047,194.8263,25.8702,69.8108
576.9839,199.9781,25.5915,71.0383
566.1645,192.9798,27.3874,69.9129
536.5671,176.5928,30.3971,67.4486
515.2113,169.2715,30.5849,66.8759
508.2368,158.7954,29.1280,68.0705
493.3854,139.6186,29.7428,68.0319
467.8192,140.7455,34.7311,63.2708
450.2981,144.6971,33.3485,67.1571
451.7476,147.5400,30.1588,71.9913
465.8352,160.1729,31.8632,68.8160
481.2471,178.7453,31.6630,67.8816
485.1003,189.0679,32.0492,68.0254
489.4813,185.3921,30.3321,71.1471
500.8297,178.8453,30.5649,71.7980
518.0200,171.9451,29.9693,74.7105
535.6545,165.6942,30.5626,75.9055
