1
187.5608,219.9072,42.1574,101.5817
186.6312,217.7526,42.9200,105.2578
185.1531,220.9769,43.3722,107.6294
184.0597,220.0015,43.8957,107.6376
179.2314,222.4227,46.1398,105.1312
175.8276,228.9512,47.9794,104.3320
178.6087,231.2740,47.4043,104.1356
177.6425,235.2214,47.4882,104.8852
174.2184,235.2429,48.0594,106.7585
169.0497,240.0406,50.2023,109.1575
171.9104,237.8447,51.0303,110.9751
171.8096,237.6084,52.3130,109.8504
177.2052,235.0545,51.6570,110.4066
177.7415,233.2772,51.5992,110.9572
177.4550,233.9239,50.9894,113.9666
180.3278,228.1046,52.0995,113.8448
182.6289,221.4456,56.0520,110.9668
187.5277,217.9726,60.1463,111.4027
187.2112,216.7204,60.3325,113.1017
192.2441,218.7615,61.7522,114.1293
196.8241,220.6798,61.3747,114.5961
198.7843,221.3536,62.4989,116.5770
199.2833,222.2945,65.0341,117.6213
202.4430,224.4463,66.2326,115.8888
203.2970,229.0340,66.4745,116.2447
203.8173,232.3659,64.2558,117.5681
214.8620,231.1772,64.8872,115.5115
213.5638,230.2515,65.4878,116.1251
221.3029,230.5760,67.0991,114.2174
224.0439,226.5258,66.3022,112.7366
227.0086,228.0751,66.4090,112.1803
234.2948,226.4719,65.9842,111.6025
240.7437,227.5219,64.3117,111.4790
247.7093,226.3005,61.7563,111.2356
254.7157,226.0142,59.7157,109.4139
259.4070,229.5751,58.7740,109.4149
261.5311,230.4456,60.2950,108.8380
263.7073,233.0132,62.6646,107.3309
263.2944,235.3068,64.9729,106.7488
269.0314,237.2562,66.5628,105.8518
267.7123,235.3656,67.7123,103.8525
272.5901,238.9068,68.2265,102.3137
268.8411,238.8229,68.7675,100.8341
273.7615,236.9952,67.2696,99.0349
277.2515,236.5698,63.8177,98.5415
272.7475,236.4881,64.1939,97.2937
277.7267,235.1227,61.0442,97.1916
276.1631,236.8153,60.7332,97.2285
278.3574,236.0473,58.9754,97.5272
280.0708,234.3670,58.0135,96.6593
280.5177,233.1711,56.7156,97.1425
280.3047,231.5421,55.8612,97.8919
273.9506,229.8465,55.9111,97.0008
278.0233,231.0297,54.7681,97.9298
273.2497,230.7460,53.2577,98.5977
274.7934,233.1158,52.7215,99.2336
274.5292,233.8535,52.4566,98.6772
272.7639,234.1836,54.3300,96.1606
267.2867,239.4192,58.0673,94.3241
259.7133,241.3469,60.7499,92.4293
255.2104,242.0511,61.4988,91.6261
254.6424,244.0879,61.0760,91.1463
251.5907,243.6106,61.0295,91.5058
247.3142,248.1064,60.0001,90.2316
240.0695,243.8122,59.3912,89.0812
234.8296,241.2079,58.8453,87.9894
229.1672,240.1852,58.5878,86.6654
220.6942,240.8311,58.1659,85.4759
218.7707,244.3485,57.0126,84.1346
214.8913,242.9679,56.8140,83.5342
209.3756,242.0574,55.6808,83.3747
202.9677,244.8845,55.3411,83.1734
195.2349,242.3726,55.8842,83.0133
186.0874,239.6927,56.3108,83.5494
177.3116,237.9791,58.3934,84.3097
172.6119,235.4044,57.8406,87.5304
166.9763,238.2584,54.3067,93.5299
163.8535,236.5822,51.4869,96.6217
161.3436,234.9108,51.5186,94.4966
158.3901,233.6081,50.6651,95.9559
148.8367,229.3523,48.9352,97.4326
143.2766,228.5639,50.5947,98.4578
141.3861,227.0756,53.1068,100.2444
138.6687,226.4613,54.7577,103.5563
129.8104,224.1493,55.0001,104.3951
126.8266,223.3937,54.4861,105.2423
122.6610,224.9497,52.4641,107.4544
119.4141,224.9996,50.0505,110.2526
111.1897,223.5647,50.8511,110.5729
111.3505,222.2344,50.7356,110.7079
113.6538,220.3535,50.8181,110.2166
110.7117,218.3240,50.3160,110.7455
108.6772,216.8833,50.0672,110.2715
107.5000,214.6023,51.6476,110.3398
105.8653,211.1368,52.2053,110.3519
103.7830,211.0989,52.5879,110.2296
105.4027,211.9153,51.8565,108.9970
101.5975,212.6912,51.1449,108.2684
100.5816,215.2567,51.7000,109.0049
101.8129,211.8427,52.1850,109.9065
108.7372,209.5986,51.8959,110.3359
105.7859,206.5863,52.1434,110.1863
107.6197,204.2573,52.4763,110.5826
110.0633,201.1412,52.9187,109.4094
110.0031,198.3074,52.8743,109.4901
116.7120,199.0772,53.1424,109.3344
116.7885,198.7584,54.2261,109.9383
116.1829,198.7949,54.0928,110.2089
125.9807,199.1549,53.2763,110.4078
130.1106,197.8333,51.5257,109.8250
135.2925,195.6320,49.0252,110.1600
140.9418,194.8855,47.5517,111.2801
142.5598,192.0279,47.9863,111.6312
147.1546,190.1892,48.5479,111.2593
147.9396,185.7859,48.3152,111.2314
149.2734,185.8580,48.1181,109.9277
153.4802,185.6966,47.5087,109.7924
153.5544,185.0388,47.3068,109.8419
159.8836,186.7614,46.0676,109.4919
163.9207,187.8505,46.1161,109.4450
169.4283,186.4969,47.1313,108.8535
174.5006,185.8763,47.8841,108.6913
175.3493,181.8551,49.0559,107.4160
177.5210,181.2962,50.2655,107.3924
180.4535,178.7598,51.6841,106.9138
182.0173,177.3300,53.3435,105.3598
184.5320,176.5593,54.6979,104.5694
189.4057,176.6002,55.6443,104.2100
190.9603,177.6847,54.8043,102.6582
192.6325,178.1838,53.7060,100.9878
198.4375,178.3650,52.7134,100.6553
198.7585,176.7972,49.9640,101.6777
201.5401,174.1048,47.4351,102.7451
206.4999,174.1465,48.1089,103.7763
206.3016,171.5250,48.5301,106.0296
204.6498,169.8606,48.9527,105.8210
203.9863,167.6427,48.3170,104.4956
203.7359,166.0844,49.0622,103.0017
205.9685,167.7962,49.2715,101.8128
206.9278,167.7233,48.9821,100.2527
211.1052,168.1895,48.7632,100.3737
211.6390,168.3104,48.7469,100.2235
215.8847,168.3684,49.0954,99.9093
215.2797,168.3278,47.9148,101.3570
214.2600,164.1263,47.5175,101.2170
219.2337,165.9380,45.9688,103.2575
218.6463,163.3794,46.1888,102.9198
223.2582,165.1352,45.5863,102.6326
222.3672,165.8915,45.5610,102.9975
226.1900,167.8917,44.0156,104.2015
229.1566,165.0880,42.7521,104.2879
231.4904,165.6093,42.6545,103.9738
232.5199,165.1367,43.5739,103.0562
232.9599,165.6773,44.9169,101.4188
233.5443,165.3761,46.4338,97.5684
234.7267,165.6490,49.1430,94.1508
235.5215,166.2725,52.7665,91.3869
236.9059,166.1851,54.0532,90.8261
237.6038,166.3696,54.3420,91.1823
243.6722,167.5559,54.6938,91.1748
244.1717,168.3722,54.3656,91.7654
248.8005,167.0302,54.2113,92.3789
248.3330,165.7337,51.9664,92.0127
250.8949,166.0737,48.9635,93.9788
252.8173,162.6512,45.9315,96.6120
259.8010,161.2756,42.6996,98.7278
260.3546,161.1252,41.2434,100.5697
266.7682,159.6353,40.3815,100.9469
266.5914,160.5397,39.9688,99.7631
270.9626,162.2065,40.0444,98.3943
273.1059,162.4079,40.2422,98.4332
272.7991,162.3159,40.1777,97.1315
274.6590,164.1837,41.2567,95.8070
272.9051,161.6354,43.6590,94.3324
273.1110,163.8530,47.5789,93.3710
270.7578,161.0783,52.3747,91.7124
266.7482,161.5520,56.4810,92.2449
266.3995,160.2347,59.2693,92.8658
265.1165,160.6257,61.0015,93.3164
269.6994,158.2176,62.1066,94.5491
272.9395,156.9178,62.4891,95.9715
273.5106,154.7675,59.3275,98.8025
274.2287,152.3457,55.0109,101.4178
273.7490,149.6662,49.7703,103.5098
274.3334,146.1533,46.0936,105.4276
277.5742,145.5455,43.1484,107.0879
277.7943,144.4391,40.8736,107.3989
277.9756,143.4840,39.2562,107.1384
279.1118,145.3807,38.8157,105.5425
277.5070,148.1917,37.8981,104.9701
275.2439,148.7666,38.0834,104.4667
277.4200,154.0804,37.5303,102.7470
277.6738,153.3719,37.9938,101.4819
278.4476,153.2458,38.0201,101.3838
279.7592,151.5333,38.1908,100.9511
279.0618,155.2301,38.9281,100.2749
276.9346,158.5857,39.8775,98.9671
274.4148,162.2610,40.6992,97.8232
273.6996,162.3594,40.4795,97.9902
279.4817,160.9237,39.1651,97.7053
278.9483,160.1933,38.2541,98.7682
279.0567,159.8767,37.5230,99.2781
279.3694,160.1035,37.6415,99.3331
279.4845,161.7185,37.7859,99.9208
279.5182,162.0990,38.7801,100.3161
278.7176,161.8296,40.1812,100.4955
276.6141,164.6131,42.3289,99.0132
275.4716,165.1936,43.9246,97.9673
275.6308,167.0059,45.6310,97.3999
278.3038,166.2660,46.6296,97.6759
277.1571,168.9582,47.8231,97.6873
277.9000,167.0269,48.6237,98.8376
278.1132,167.7419,48.6180,99.0431
277.9594,167.8686,47.9044,99.4221
276.2494,166.9245,45.5786,99.6074
275.3216,163.7503,42.6801,102.6184
275.5323,163.3232,40.4044,106.0486
275.0866,163.5149,38.1624,108.3484
274.4363,164.4646,37.3277,111.5935
273.3618,165.9934,37.4819,112.1435
277.3271,167.9751,36.7706,112.3416
276.8508,166.7958,36.8855,112.3934
274.8174,170.0704,37.8419,112.7023
271.3469,171.9719,39.0704,112.4189
268.9058,172.9315,40.8524,111.6592
268.2713,174.5231,41.7659,112.3605
267.1710,174.5285,42.1575,113.2980
265.6597,173.4719,41.2229,113.9057
264.3502,172.4896,40.3109,114.6405
262.9420,171.4046,39.0199,115.2698
261.4703,169.5006,38.4846,115.3271
259.2822,170.7619,37.5172,115.8497
257.1318,170.4010,37.0755,117.3910
254.4492,170.7451,36.3795,119.0361
251.2773,172.8328,36.1404,120.3399
248.2348,174.4022,36.2467,121.9240
249.0133,176.3762,35.9884,122.6783
246.5801,176.5076,36.0250,122.1964
245.8878,174.5012,36.7836,120.0017
244.3998,176.9178,37.0932,120.0084
241.8841,178.2163,38.2498,119.4678
238.5206,181.9420,39.0477,118.9415
235.1297,185.1742,40.7321,118.8690
232.4449,186.0667,43.1672,118.3734
229.1319,187.9751,44.9095,118.1388
226.0650,187.5720,46.1945,118.6091
223.3961,185.5286,46.7117,118.9170
220.8849,183.9337,46.6742,118.5063
219.0630,182.1648,47.1151,117.0571
217.9434,182.4014,47.3294,117.2634
216.0867,182.3980,48.1327,118.5648
214.7430,182.8945,49.1094,120.8580
212.8454,183.5756,50.1866,123.2961
211.5196,183.6797,51.4857,124.6194
207.9603,186.5486,51.8238,125.4160
207.0883,186.6699,51.9037,125.7335
203.2848,187.7220,51.8535,126.0066
200.1743,188.2087,51.3236,126.3994
196.1574,189.9318,51.3098,125.4378
194.2551,190.8531,51.7184,124.7390
192.8196,191.4977,51.7695,124.9368
190.5355,191.5397,52.4268,124.0725
188.0980,190.6056,53.2228,121.9452
186.1642,190.9342,54.1149,120.5615
183.0149,189.5288,54.7596,119.6207
181.4748,187.3858,54.2252,118.8259
180.5002,186.5291,53.2052,118.5856
180.5641,185.3469,52.5143,119.9941
182.7436,186.3524,51.4858,121.7346
182.0284,184.6846,50.8498,123.6701
184.2101,185.3102,50.5182,125.3199
185.2037,186.4693,49.5984,127.0712
183.0883,186.3156,49.4926,127.1986
185.8211,187.5379,49.4128,127.2825
185.1079,186.5229,49.9611,125.9237
185.5503,188.3175,50.4958,125.6173
183.3599,185.6550,52.0178,125.0455
180.3900,183.0794,52.2804,124.8829
177.9165,181.3033,52.4812,126.0962
179.5773,178.9776,53.2549,124.7511
176.5386,178.1011,53.5207,125.6969
174.9531,177.8660,55.3222,124.6902
176.0015,178.3069,56.2788,126.6724
175.9117,179.3217,56.2778,127.6887
176.2047,172.5708,57.3052,127.2996
185.2585,146.7006,53.8661,135.2315
192.9179,114.1796,51.1948,142.8391
198.6293,110.3414,50.4309,144.3389
205.5085,104.3436,52.4820,140.0218
212.7301,102.0421,53.2716,135.6417
210.5052,101.9190,54.3618,133.6223
217.3414,101.4274,53.5081,130.8081
220.6128,102.9671,52.2694,127.3055
224.1239,103.6531,51.4346,124.4879
226.6539,105.3700,50.5684,122.6484
2
0
0
0
0
1
172.7180,191.7755,47.1848,98.7220
169.8529,190.8689,46.1517,101.4848
165.7099,191.1880,45.7486,103.6707
163.5862,192.8057,45.8028,106.7624
161.5576,198.7110,45.6723,112.2169
158.2204,199.0026,44.5255,116.9747
155.4535,199.1764,44.0195,121.5618
155.3779,199.0842,42.9796,125.2063
151.3040,199.1893,42.8955,128.2708
146.6985,200.1474,43.3071,129.5675
143.4665,200.9924,43.8930,129.5011
139.9394,200.9681,45.1721,129.4255
136.0990,203.3380,45.7896,128.9851
133.2029,203.5313,46.8586,128.7113
129.5375,205.6354,48.6006,126.9657
127.1102,204.2823,50.7653,126.7554
123.7234,208.0865,52.3775,124.9980
121.9645,208.9962,52.9726,124.4223
122.9109,208.4321,53.0107,124.6154
122.7860,208.0589,52.7712,124.1732
122.3441,207.6029,52.5638,123.7868
121.2159,209.0569,51.4248,124.0094
121.2342,208.5141,50.5284,124.0214
122.1433,207.5344,49.3877,124.5362
122.3961,207.6812,47.9830,125.0832
125.5442,206.6072,46.7054,125.9406
124.8594,207.4250,45.4215,126.7971
127.0767,207.1731,44.6198,126.6521
126.5827,208.2587,44.0356,126.7719
126.3305,207.4924,43.6708,127.1736
129.4614,207.6527,42.7146,126.7094
131.0435,207.6963,41.9201,126.3679
131.7731,208.5505,40.9318,126.1403
132.9632,209.7524,40.5871,125.7410
134.9008,210.0935,40.2374,126.0141
136.2325,211.0409,40.0609,125.6230
137.8338,211.6908,39.8735,125.2524
138.8958,211.8125,39.6133,124.5318
140.0643,212.7868,39.2267,123.7037
140.8898,212.9141,38.7745,123.6300
141.6541,212.7686,38.6752,123.5179
142.4841,213.1386,38.4928,123.2213
142.5027,213.1627,38.1985,122.9156
143.7128,212.8408,38.1877,122.6944
144.1003,212.7278,38.4175,122.8644
144.0764,212.3160,38.4642,123.0180
142.9451,212.6936,38.4538,122.7680
142.0432,213.0647,38.5582,122.4641
142.3742,212.9482,38.4277,121.9626
141.0327,213.9521,38.4783,121.6973
141.4964,212.7780,38.8175,121.2794
141.0455,215.3670,38.7939,120.9077
139.3321,214.9496,39.2161,121.0706
139.3265,215.1333,39.2032,121.3693
139.2079,214.2393,39.1245,121.3756
138.8132,214.6541,38.9139,121.4556
137.8873,214.4506,38.5592,121.9653
137.2436,214.3463,38.4056,122.4029
136.5927,213.2872,38.4344,123.3681
135.9086,213.3887,38.3939,124.1654
136.8828,212.4447,37.9430,125.3254
136.6875,210.8062,37.9122,127.4596
136.8103,207.4046,37.8572,129.1548
137.0670,207.1550,37.9244,129.4245
137.8230,207.5425,37.9658,130.1646
138.0240,207.6301,37.7103,130.7222
139.2733,208.8790,37.5454,131.2476
139.5707,210.0252,36.9300,132.2149
137.3355,208.9799,37.2534,133.4653
142.1109,212.8560,36.6304,134.2563
143.2414,210.7182,36.7541,133.5600
140.6640,210.5898,36.5260,134.1989
145.1129,213.6560,36.3662,134.3516
141.6209,212.9833,36.9401,133.6451
144.1217,213.4184,36.4336,134.6090
146.3790,212.0407,36.1043,134.4598
143.2279,212.2055,36.0619,134.2133
147.9432,214.9553,35.6617,135.5210
147.7820,211.5260,35.6266,136.1728
148.9346,213.8049,35.6451,136.0391
149.9180,212.6600,35.5926,136.0331
149.8852,215.6114,35.5790,135.4421
150.8329,214.9593,35.9061,135.6588
150.6211,216.2874,36.2204,135.8849
149.4685,217.1780,36.6531,137.3389
148.7863,218.1887,38.3684,135.9140
148.8399,216.2335,38.6852,134.8405
148.7438,215.0060,38.7615,134.2361
149.0609,218.5946,38.3666,133.8982
148.9790,219.2144,38.1703,132.1513
150.5654,220.1638,38.5054,130.7625
150.1651,220.0404,38.3696,129.9669
149.9546,221.5084,38.3521,128.5407
150.0225,218.4882,38.2331,126.7615
150.7188,220.1586,38.0431,125.5758
149.4891,222.0763,38.3477,125.2259
150.2292,223.1709,39.5396,123.4691
150.8336,222.6286,40.5965,123.0515
149.3866,221.3506,40.8714,123.1818
150.3993,222.1062,41.6519,122.2552
151.4329,219.6167,41.8902,122.9965
150.8652,221.4425,41.8778,122.9318
151.7242,219.8893,41.6297,123.1168
150.9919,218.8023,41.4705,124.2554
152.2842,218.4628,41.3965,125.4495
153.9426,216.4625,41.1332,126.9305
153.4276,218.9620,41.3320,127.6170
154.1401,215.8157,41.3455,127.5043
155.6833,216.2978,41.5887,128.1997
155.8433,213.7727,41.5389,129.2762
155.2592,214.1702,41.1036,130.5168
156.2604,216.3401,40.9372,130.3620
157.7015,214.3094,40.7742,129.6739
157.3078,215.9568,40.9845,129.7198
158.5012,216.7131,41.2026,128.4654
159.4212,217.1926,41.2467,127.9392
159.1942,216.6990,41.3979,127.6676
159.7458,218.8426,41.7878,126.8283
159.8368,218.6935,41.7062,127.1084
160.3544,219.1993,41.3393,127.2287
160.9369,219.2692,40.6992,127.2349
162.3595,218.4231,39.8980,127.6805
163.7625,216.9254,39.3432,128.7769
165.1618,217.0765,39.0052,129.0711
165.7048,215.6497,38.8771,129.2693
167.7075,217.5688,38.6515,128.9684
165.7020,218.1778,38.9867,129.4403
168.5004,220.5737,39.0984,129.3194
169.2203,221.4065,39.6367,128.1482
170.5133,223.6546,39.8126,127.2622
168.9730,223.3715,40.9803,126.3197
174.6222,222.9747,41.3877,125.4310
173.3716,222.7980,41.3321,124.6400
178.4692,222.1997,41.2161,124.4867
177.0078,219.9555,41.7169,124.8447
183.2289,222.6803,40.8956,125.4444
181.5856,221.7450,40.5613,126.3255
187.8728,222.0809,39.5884,126.5400
186.1850,220.1499,39.5690,126.3983
192.3186,217.3826,39.6425,124.7304
194.9817,218.5454,39.1338,121.2444
195.2066,220.7293,38.7906,119.8345
197.2064,221.1977,38.6344,119.2261
198.1922,220.1863,38.3093,118.0456
197.2913,220.1662,38.2348,119.7720
202.4091,222.6613,37.8792,120.3058
204.4660,220.8517,37.3331,121.2962
202.9596,219.5882,37.2145,121.9784
208.8765,220.3988,36.5824,123.5021
211.1995,217.2984,36.6477,123.2979
211.0812,220.1068,37.2433,124.4440
213.6319,219.5710,37.4991,124.1866
215.7400,220.5282,38.6720,123.8419
216.7036,223.1954,39.8981,122.9272
219.7062,224.8389,40.0846,121.4369
223.5638,225.0945,40.2526,118.9461
226.6537,225.3331,42.4521,114.5724
230.7997,225.6763,45.4141,109.9839
234.4787,227.4231,46.8363,106.5099
239.6561,228.8365,50.1222,103.8572
242.7928,226.8694,51.9650,100.7284
247.4567,229.0075,51.8783,101.0425
254.1767,227.1062,50.5105,100.9579
258.6550,219.6807,49.2665,100.5040
262.0933,226.2039,49.3865,102.0895
276.2209,206.0916,46.5749,110.7032
280.3038,187.4409,45.8652,117.7666
282.3010,178.7791,47.7938,121.8690
285.5279,179.0972,48.3050,125.2408
285.6873,177.9297,49.1273,126.9807
269.8337,170.0051,50.0498,126.1699
268.7368,171.8295,50.8691,124.0939
2
0
0
0
0
1
364.6359,220.9786,44.2766,82.8543
369.7930,215.4239,42.9324,87.4390
372.4283,204.1968,43.6570,89.9314
375.8055,198.9637,45.1934,89.7556
375.0328,198.3017,45.7176,91.3554
370.5299,200.2311,46.1300,92.9718
367.7838,200.9205,46.5972,92.6972
366.8521,210.0042,45.1287,96.7921
365.6703,212.8331,43.7795,100.7112
2
0
0
0
0
1
410.1634,211.8961,38.3134,112.7008
408.0917,209.5436,38.8538,114.2423
405.3806,206.4052,39.4334,114.6503
403.5923,203.3512,40.5902,115.5559
400.8650,200.8443,41.6394,116.0538
398.2230,199.4045,42.8763,115.8474
395.1149,196.6248,43.3273,115.3607
392.0266,194.4511,43.3444,114.4035
388.6720,192.4021,42.8760,115.2756
385.6222,189.0765,42.4055,115.8764
381.9904,187.4226,42.5173,115.7292
378.2851,187.5920,42.6934,115.9017
373.1747,187.1615,42.6187,115.2160
369.3648,188.6716,43.0008,115.9557
365.1550,187.3237,43.2365,115.2241
362.4940,188.5532,43.1428,115.0845
358.8904,187.8624,42.8717,113.9533
356.4661,189.2645,42.7561,113.2108
354.1872,187.7336,42.9677,111.0342
352.5025,187.7506,43.4792,109.1513
349.2913,187.6251,44.7115,107.0179
348.4341,184.9715,45.7462,105.6641
346.9448,184.1843,46.1452,105.1467
346.0658,182.2399,46.3137,105.1997
345.3007,180.7077,46.1356,104.8322
343.8031,179.6602,44.5187,105.3369
342.5514,178.3167,43.2498,105.0595
341.6104,177.0500,42.0056,105.3268
340.8571,173.8045,41.5793,103.4562
345.7087,174.9829,40.7516,101.9437
345.1674,176.1062,40.1416,100.0931
346.8973,177.5746,39.4635,99.1509
346.6379,175.5517,39.0460,98.7780
345.9433,175.6911,38.3066,97.4753
345.7149,175.3904,37.5073,96.3631
345.0384,176.2009,36.4866,94.2825
345.7193,177.6707,35.6476,92.5409
344.7823,179.1826,35.5610,92.0638
343.9972,180.1171,36.4224,90.9664
343.6620,180.1462,36.6626,89.4926
343.3794,179.7194,36.2343,88.9628
340.9877,180.0453,35.5417,88.8999
339.9695,180.2232,35.3037,89.8260
340.0633,181.4407,35.5646,90.8679
338.7546,181.0787,35.3962,91.8279
337.4013,181.6746,35.4251,92.5455
336.7836,183.9724,35.5679,93.8167
335.9511,183.8195,35.8837,95.7422
335.4467,184.5216,36.2082,96.8159
335.5035,186.1754,36.5380,97.7587
334.1853,186.2154,36.6111,98.6473
333.5056,186.5694,36.5612,99.5164
332.3898,186.6366,36.5833,99.5792
330.7320,186.1431,36.6708,98.9526
328.7994,186.5359,36.9601,98.6957
326.1157,185.0423,38.3366,98.3076
323.8019,183.1422,38.8714,99.1834
321.8324,181.5049,39.4939,99.7718
320.7035,181.2874,39.7772,100.5715
318.3080,178.9265,40.1116,101.0888
319.1681,180.9522,39.3895,102.1925
317.9670,179.0090,39.5716,102.8908
316.5692,180.1060,39.8996,103.4893
315.5083,179.8270,40.0772,103.9861
315.4046,180.9836,40.3932,105.2640
314.0202,180.8094,40.1531,105.7582
312.7357,182.8322,39.9987,106.2158
311.8490,184.6790,39.8569,106.4669
310.5532,183.1897,40.6194,107.8546
308.2435,183.1152,41.5440,108.3317
305.3821,184.5545,42.3909,109.1759
302.6885,185.3051,43.3582,109.8910
298.8973,186.5488,43.9525,111.1330
296.8835,186.3765,44.7862,111.0622
292.3401,185.7088,45.2259,110.5368
291.5458,186.4367,44.9787,111.1091
290.6685,183.9554,45.4454,112.0163
291.3701,181.7296,47.5481,112.6186
290.1507,180.3868,48.4720,112.1880
289.2626,178.3668,48.7826,113.1424
289.1204,178.5380,49.0428,113.7480
290.1075,176.3332,49.1549,113.6256
290.6362,176.1043,49.1238,113.6591
290.4889,177.7538,48.9492,112.7532
291.4104,176.8029,47.5281,111.5606
292.0820,178.1102,46.6627,110.2629
291.6489,179.4972,46.3441,109.8908
290.4169,180.1028,45.9469,109.2317
291.8300,179.4655,46.9116,107.6636
291.4215,178.2802,47.3949,107.7486
290.4700,177.3847,47.8552,108.2803
290.9181,175.8120,48.8958,108.3461
289.4576,174.7647,50.3612,108.3744
286.8097,173.2165,52.0667,108.3661
284.7716,172.9958,52.5933,109.3204
284.2055,171.6813,53.6816,109.6065
284.7829,170.3510,53.8968,110.1520
285.1306,167.6790,53.6207,110.0132
285.6406,166.4628,53.2627,110.0598
285.9803,166.2002,52.1120,109.8795
285.4442,164.8720,51.6315,108.9355
285.3958,165.7396,50.8723,107.4297
285.5213,167.1157,50.3200,106.7595
286.1689,168.2719,49.4771,107.1113
286.8486,169.0074,48.6480,107.5571
287.6782,167.7032,47.7140,107.4103
293.9526,166.8630,46.4725,107.1125
297.0049,164.8938,45.0762,108.4858
300.3710,163.1296,44.2073,109.7892
302.1160,162.0530,43.7855,109.9991
304.5906,162.2253,43.6454,109.6030
307.9965,162.4463,43.6468,108.9071
308.3939,162.1232,43.4663,108.2566
309.7019,163.1554,43.6304,108.1734
316.0133,164.2866,43.8299,107.6430
316.3113,163.1314,44.1197,106.6334
320.7554,163.1530,43.9363,106.2821
323.4284,162.8863,43.6556,105.7267
325.4625,162.1238,43.3847,105.6564
327.2174,161.7464,43.3138,105.7051
329.2198,160.9541,43.7362,105.1230
327.8904,160.7715,44.2227,104.0411
330.4204,161.1359,43.9903,103.7223
330.0710,161.2145,43.0923,102.1784
328.8620,160.6010,43.4110,102.5688
332.9558,159.7751,42.9976,102.9025
332.0631,156.2905,43.4135,103.5645
331.0562,153.4836,42.8885,105.9354
327.9051,148.6304,41.8812,106.0306
329.8662,145.0070,41.4921,104.2379
328.2529,137.8087,41.6072,100.4242
327.0753,135.7425,40.6393,97.3327
326.5826,138.5430,39.4712,94.8262
324.2749,138.3414,38.2707,97.6168
327.1591,136.8199,36.3008,99.1701
326.9736,137.7951,35.5998,99.5556
328.1287,140.1132,35.0748,98.9551
327.5208,143.7485,34.2756,98.2303
330.2392,148.9479,33.3764,97.0852
329.9505,151.0217,32.7854,95.1228
330.1403,152.8013,32.4144,94.3777
330.3175,154.7868,32.4089,94.3727
329.8704,156.5780,32.5781,94.1373
330.0203,157.0578,32.5747,92.5951
330.5536,160.5252,32.2134,93.1654
332.5389,160.8337,31.9617,93.2645
333.1830,159.6247,32.1568,92.3437
334.2076,158.9184,32.2047,90.3360
334.2173,159.2273,32.3780,87.9291
334.9055,160.2832,32.2247,86.4456
334.4645,162.3598,32.5356,84.8374
333.3690,161.4649,33.2341,81.9091
332.2637,164.4125,33.7947,79.2351
331.6851,166.6558,33.7811,77.9776
327.1584,167.5581,34.2920,76.5931
332.1651,172.5284,33.3665,77.6332
334.8128,172.9678,32.1124,78.6589
334.9835,176.0710,31.9753,78.5033
335.5616,181.6253,32.2411,76.9349
337.4210,179.9776,32.2567,76.4205
336.8145,177.9644,31.9694,75.5218
337.1415,182.4053,31.5801,73.6921
336.5656,178.7811,31.0942,72.1066
327.2715,170.0003,32.7479,69.8984
331.2869,172.0949,32.1858,71.2177
340.0785,185.4022,31.1767,71.1599
343.6205,188.2273,29.8963,71.1282
343.0818,198.6476,31.0256,68.1858
344.4303,203.4951,31.1638,66.9781
345.7196,205.4340,31.2964,66.1546
343.0883,207.9951,31.2385,65.9970
343.1683,207.5590,31.5800,64.8576
342.2254,209.2161,32.4009,62.7066
339.9181,210.3200,33.9326,60.5657
340.1646,212.3917,35.3859,58.3438
341.0506,215.7012,35.0970,58.4155
341.7943,217.0214,34.8002,58.7431
343.6515,217.9710,33.5721,59.8326
345.3166,219.0953,32.3061,61.8769
345.7513,217.7854,31.6258,64.0938
343.0932,219.2838,32.7134,67.1363
344.4204,219.5148,33.5105,68.1755
343.6176,224.9797,33.2746,68.5849
341.4334,219.6963,35.0299,68.8373
344.4579,216.5522,35.1296,68.6445
347.5981,216.9375,33.9775,68.1508
344.9339,216.9772,35.8482,67.1127
348.9877,215.9313,35.9044,65.7358
347.5595,218.1258,36.3621,65.6130
346.8099,220.8751,36.8958,65.8835
345.9306,218.6680,37.3795,65.9291
345.2949,218.4901,37.3688,66.5401
344.8884,214.9184,37.5255,66.5794
344.5482,215.2555,36.9813,67.7472
344.9712,217.9519,36.3262,69.8231
345.2003,218.6673,35.0718,72.0999
345.1878,213.6782,34.9345,72.4200
344.8206,213.4971,34.3448,73.0009
344.2964,213.6188,34.5598,72.9563
344.0009,212.3388,34.6621,71.5284
343.6608,211.1497,34.6403,70.4201
344.5479,211.8533,34.4494,69.5068
344.4445,213.4016,34.4807,68.7152
345.7108,213.5215,34.0883,68.9661
344.8972,214.0543,33.0755,68.1779
345.8898,211.7266,33.5186,67.2570
344.3414,213.3658,34.2138,67.1067
343.9132,212.6112,34.5309,66.5138
341.3311,212.5836,34.8477,65.8737
341.4323,211.6153,34.5937,65.9188
339.7236,210.7364,34.7758,65.6128
338.4162,213.5627,36.0775,64.7128
338.5742,214.1732,36.5579,64.2173
337.0802,215.9966,37.2879,62.9829
338.1984,217.7604,37.1734,62.2612
337.5884,218.9378,37.1403,61.5069
338.0542,220.0749,36.9433,61.4833
340.6612,223.5758,35.7296,63.7410
339.2906,222.6981,35.8089,64.3668
338.9290,218.2420,36.2602,63.1602
339.1360,219.6667,35.2569,64.2481
339.4100,218.7010,34.5941,64.0270
338.6963,214.8268,33.9240,63.6687
336.0869,216.0210,32.5382,65.4221
333.9280,216.2714,32.8073,66.0623
330.9761,216.1512,33.5288,66.1989
326.9658,212.6531,34.6246,64.7987
326.1646,209.1432,35.1806,64.9591
322.0297,207.3915,35.3708,65.2966
317.8245,204.2977,36.1832,65.3846
