1
534.2214,239.4555,39.6678,17.2896
538.8141,243.8802,38.5028,18.1854
538.3371,245.4793,37.1814,20.0617
540.0713,250.8352,36.6760,21.4977
544.5807,253.6047,36.4196,22.6235
550.1808,262.3250,35.8894,23.1014
549.4116,263.6754,35.9471,23.0679
550.6757,267.4040,35.8535,22.9931
548.3027,272.7598,36.9990,21.8309
554.2614,273.9147,37.7239,21.0098
554.8690,278.8353,38.9215,20.2665
550.4088,282.6928,38.7653,20.4567
541.5692,285.5209,41.7894,19.4386
545.6432,294.2924,42.6304,18.9666
557.2642,294.2856,41.7486,19.9723
563.1996,300.2497,41.3651,19.7016
562.8536,305.5989,40.8845,19.3680
564.1522,306.8269,38.8977,20.7378
563.9743,307.2178,37.2633,21.7871
561.4973,312.5058,37.0015,21.4086
558.0425,322.4762,37.1784,21.2362
557.5019,327.8932,38.2896,19.6260
558.2347,329.6447,36.5464,20.2714
560.0119,330.3880,35.1710,21.2815
563.1710,332.9325,32.5755,23.6367
564.9894,341.5790,31.7641,24.1119
562.5062,348.7021,35.6462,21.3070
564.6889,349.4424,37.6816,20.3568
563.9427,349.9279,34.0652,23.3581
562.7520,355.4799,31.4051,26.2606
563.7934,359.0198,33.0138,25.2993
564.5899,362.5237,33.8004,25.1253
559.4984,356.9356,32.9716,26.3102
562.6291,361.2720,30.1512,30.0562
562.0620,361.6143,29.6060,29.5344
568.1062,358.0024,31.9959,29.0300
570.1622,354.8261,30.0058,31.7391
573.8987,342.4584,28.7488,33.7538
571.4688,351.4363,28.3775,34.2147
565.8785,351.9180,31.3155,31.2373
563.7961,340.9979,30.2598,34.5514
561.3606,336.2299,28.4025,36.4503
561.8853,335.4467,28.1570,36.0414
563.6402,334.9602,29.2449,34.0243
561.8909,332.9195,31.6962,31.1798
551.4521,319.4257,32.2324,30.3975
550.8068,314.9595,30.0328,31.6787
551.1769,311.5055,30.0210,31.5259
547.8666,305.9842,29.4282,31.7030
547.9539,309.3563,31.3305,28.6376
541.7935,309.9258,35.5833,25.5369
545.4183,312.2550,37.0597,24.1680
543.7854,308.0291,37.5633,23.3314
541.1167,305.2026,35.4259,25.0982
540.3467,301.7858,33.2925,27.1934
540.6086,309.3434,33.7682,26.5807
536.2880,316.2009,35.6415,24.7728
537.3110,316.1422,37.1481,23.4581
539.9405,316.3888,35.9074,24.0829
535.9294,316.1350,33.0068,27.0044
538.5112,320.6608,32.4573,27.5801
540.1253,328.3062,34.0052,26.8249
540.3544,338.4507,34.6848,27.6553
542.5479,336.6633,36.0668,26.5204
539.4315,337.1570,32.7295,29.9239
543.8579,345.6981,33.2071,29.8375
538.7582,354.0146,35.5016,28.5001
545.7592,357.5993,37.1541,27.2118
552.0916,350.1393,35.7549,30.3844
548.7838,350.7790,34.4691,33.0283
548.0533,364.1754,36.6717,30.6167
550.6357,362.9909,38.1470,28.9990
551.9966,354.0026,38.0204,30.1334
546.4033,347.7736,35.4328,32.8960
549.1724,349.9825,33.9238,33.8967
542.3826,351.3669,37.4272,30.3502
541.6745,347.0779,40.5670,27.9625
544.2614,347.0483,41.7546,26.4232
541.0122,344.0273,41.5973,26.3881
544.4326,336.1594,39.8868,28.3173
545.9878,335.6556,39.4827,28.2115
541.0492,339.5890,43.3969,25.3794
546.9489,348.0528,46.4589,23.9551
554.2398,349.7023,45.8198,24.5813
551.4816,345.0296,47.5771,23.4041
561.6441,339.0518,44.1377,26.3088
548.6676,333.9674,44.8850,26.5174
547.5784,346.8092,48.2023,24.5696
553.6123,355.2398,47.6475,26.0083
561.1995,357.9063,44.5187,29.1573
567.3923,355.8946,45.4590,29.7099
572.7714,354.7291,41.6706,33.1115
568.9180,357.9853,42.2342,34.0464
571.4628,366.3668,44.3801,32.0687
572.1501,371.7558,46.2292,30.8177
579.4485,377.5431,45.6657,31.8373
582.3964,384.3494,44.1268,33.2838
585.4808,391.1100,44.7798,31.5137
593.1926,393.3658,44.0941,31.0318
596.8226,389.8199,41.8294,31.6677
599.6340,389.4664,38.3431,34.0141
599.5303,388.3937,40.3552,32.1753
597.8043,389.7385,40.9290,30.7658
599.5452,386.7449,40.4891,31.0251
597.8621,379.4589,40.2943,32.6513
607.0842,366.5709,38.2429,36.1050
607.5165,370.0801,38.4403,34.8644
602.1850,367.3354,41.3545,31.9087
609.3239,366.7152,41.4483,31.1406
614.8641,358.7625,43.6860,29.8384
615.5822,341.6238,39.5657,34.9790
623.5299,341.4305,41.6752,34.4594
619.5966,341.9575,45.4657,31.7288
615.7795,341.5969,44.6425,31.1223
617.8799,330.3055,43.8150,34.2049
613.7415,312.3532,38.7163,40.3195
616.3039,310.1009,38.7080,41.5363
611.1506,312.9737,40.5368,37.8371
613.8061,310.5494,42.0779,34.6945
614.1822,306.1291,42.3235,33.8135
609.2902,293.4239,39.5558,35.9028
607.7357,284.3384,38.1852,37.0279
607.2787,284.4104,38.8231,36.3921
604.9041,285.8607,40.9914,33.3729
607.2086,282.7347,41.1098,31.5394
603.6499,270.4746,39.7336,34.2751
603.1702,268.7719,37.6218,35.7547
603.3262,257.6194,35.0088,38.8957
609.6799,248.7710,34.1090,42.1758
606.8690,255.7993,35.9295,41.0269
604.3413,253.0451,35.7550,40.6540
596.2648,248.1256,35.6137,41.8327
598.3495,240.7264,34.0105,45.9056
597.9500,236.6787,31.0391,48.6676
601.1805,235.9431,33.0121,46.9095
597.0074,247.0443,38.0331,41.5107
600.3051,247.6264,43.7130,36.1253
594.2268,246.2448,47.4833,32.9701
593.8663,240.0762,43.7199,36.3051
598.7409,239.4254,42.6877,37.9873
606.2395,245.9209,46.7792,34.8920
587.7618,260.0481,49.0438,33.6621
592.9562,256.9822,52.7306,30.1586
592.3433,256.0193,55.8155,27.2536
595.3304,253.2055,55.6123,26.5914
597.7283,254.4879,52.8967,27.6654
604.0210,254.4051,52.0246,28.1743
605.6233,258.5585,52.7256,27.7452
606.1956,262.6996,54.0679,26.0868
585.8793,275.1555,55.1156,25.7238
587.0671,278.7538,52.8302,27.7552
589.4813,280.2667,54.0237,27.3320
592.0909,280.4690,53.7377,29.6657
592.0424,284.8372,52.9902,32.7390
589.9822,295.0071,57.7021,32.5675
582.9256,318.2047,56.4647,33.0061
591.8351,319.2355,54.7770,32.9742
599.7285,324.3865,58.3729,31.3873
598.4291,326.0081,59.3232,32.8241
611.4865,332.0010,60.0023,33.1891
607.1930,348.8973,60.1562,33.1303
601.7097,354.5122,61.7959,32.0449
607.6198,357.9165,62.6185,31.4529
619.4382,361.1519,64.3445,31.0474
616.6186,373.5562,57.9833,36.8981
616.2590,372.0071,52.2962,42.1374
621.7072,364.2079,49.7620,46.1455
634.1367,367.5446,50.7283,46.0300
632.4587,381.2565,54.2288,43.6092
629.1832,379.8954,52.7001,45.0701
626.9877,379.3437,47.4866,51.8780
625.7354,377.0488,49.0757,52.5340
626.1974,384.1984,54.2254,50.0572
622.1213,392.6165,57.3559,47.6916
621.0550,385.2769,57.1880,48.2414
613.9593,375.8634,55.3435,47.3429
621.5481,377.6473,57.6872,44.3179
622.3172,377.3674,60.7794,41.1395
612.2080,382.2136,62.3047,37.4700
609.7792,369.2652,61.6303,38.6022
612.3036,360.9949,56.7458,41.3357
615.2982,362.6124,57.0729,40.4984
610.9417,362.2690,58.9681,37.9300
603.6658,361.1732,58.4382,35.7579
606.0916,348.7871,58.0471,36.0339
600.0901,337.4594,53.8328,38.8643
602.8885,333.5169,52.4833,40.1939
603.9183,332.8379,54.8138,38.0107
585.7302,332.6971,58.8979,33.5845
597.1263,322.0671,58.7864,31.6468
598.4387,315.8074,54.9707,33.6819
591.9113,302.7224,49.1109,38.6011
596.3819,300.9035,47.5250,40.0515
600.2078,303.7715,50.8418,37.6517
594.7228,301.7395,51.2819,34.4331
598.1162,299.5886,51.0334,31.8652
598.2795,297.8528,54.3117,28.5944
598.4968,294.7239,52.8731,27.6625
597.2523,287.9611,48.2559,30.7661
601.3854,290.1595,49.6284,30.2879
594.2373,295.7755,54.7233,27.4789
590.7953,300.4266,54.7899,25.3892
594.9272,298.8979,53.0937,24.4162
597.9132,298.9349,54.5994,23.0021
595.1237,289.0903,49.4605,27.6857
596.6905,293.5343,48.0228,30.0861
590.8398,303.9993,52.8977,26.6475
587.8146,312.5525,51.2736,26.3346
589.9987,313.3080,49.1884,27.0483
581.4859,311.9259,52.5381,24.7031
584.4449,310.2804,49.3727,26.5748
587.7587,310.0869,47.3344,28.6731
593.3395,314.9030,48.1611,28.7837
589.2030,330.2513,50.4049,27.6605
595.3386,327.5641,50.2263,27.8643
586.9030,323.0962,46.2825,32.8631
587.5724,322.6076,48.0708,33.5616
603.0661,332.0327,51.1260,33.6700
601.3950,342.6497,52.7410,32.5335
594.2991,353.1163,51.1447,32.2721
593.2034,348.3650,49.4630,35.0976
595.9111,351.3417,52.0246,35.0673
604.8080,360.2279,58.0993,33.3617
599.4266,371.8312,57.2397,33.6911
606.2733,374.3736,57.9870,32.0084
615.8206,371.3549,56.6536,33.4175
614.8145,377.0141,59.0906,32.2018
611.7074,391.9048,58.6075,32.2581
606.9944,395.8806,57.3669,31.1395
616.0671,385.5507,52.2860,37.4526
615.1519,391.6480,50.3864,40.2170
616.6306,397.2540,49.6074,39.3384
617.2144,399.2165,49.6285,38.5709
628.3604,388.5530,51.0813,38.7675
626.4322,380.4465,51.5915,39.0523
627.5237,383.0274,54.4735,36.1516
622.1429,381.9579,54.7813,34.1210
626.8903,380.5925,56.6011,31.5494
623.7792,371.7601,55.0862,32.1790
619.0232,364.4702,51.4174,35.3330
617.7685,364.2851,53.3253,34.1628
616.1259,363.0016,52.9953,32.9882
615.8033,362.0345,51.7637,31.8836
621.9916,360.1889,52.3503,30.2351
613.6271,344.7335,47.1693,35.7140
616.4465,344.3492,48.1061,35.4161
615.6901,343.6960,50.3482,31.6974
613.8491,341.8180,49.8324,30.0128
617.9188,339.2036,51.3109,28.8646
610.4274,323.2043,47.0022,31.5382
611.0226,309.2633,42.5608,36.2476
617.2288,306.1684,43.2045,37.3978
612.8502,304.2314,43.2205,36.3828
611.2570,310.8845,45.4154,34.8642
618.4479,296.9801,44.1284,34.8266
619.3507,290.9016,40.6349,37.0243
620.1505,285.3435,37.1938,39.5517
621.3203,273.2314,34.1623,43.5968
627.6587,272.9149,37.4985,41.4647
622.4220,286.7351,40.2280,39.1911
623.2433,284.3128,43.7509,35.7556
617.6076,273.3077,43.3205,36.9635
617.2499,265.3252,38.8260,40.9189
617.4921,263.3683,35.8405,43.9689
624.9833,266.2529,39.8097,40.7017
622.8755,276.0354,44.8585,36.1273
609.7427,283.2704,46.0426,35.0639
609.3060,284.5475,48.1999,32.2883
601.7688,281.6703,51.4751,30.2600
603.3483,281.1623,52.5469,31.4318
613.3953,292.4599,54.7134,29.9610
608.8723,301.7926,54.8589,30.1196
606.8469,311.8712,52.0554,32.9561
601.7413,306.7444,55.2254,31.0581
601.8042,306.7851,54.3177,34.1968
606.0460,317.4080,56.6733,34.0610
589.8951,329.5356,59.4132,33.1233
589.5751,336.3604,54.5465,37.7164
593.1616,342.0993,57.2018,35.2593
593.1866,346.0915,57.0586,35.5325
598.8530,352.6918,56.6276,35.6965
587.0147,358.8844,57.3288,34.6059
587.8533,374.5642,58.8065,32.4773
596.4637,378.0430,60.1216,30.0591
602.8758,375.1528,57.0888,33.7541
606.1103,381.2101,58.0609,33.3181
607.2415,392.3083,60.3398,32.0420
611.5222,399.0436,55.7728,36.3375
614.2230,390.4209,51.4398,39.9354
613.9391,395.0723,54.9225,37.4518
617.3098,400.3790,55.1956,35.9352
620.5558,399.7926,53.8531,34.9612
619.7171,383.5584,49.7581,39.1116
617.4108,386.8895,51.0788,38.8650
615.7143,403.8745,53.4485,37.0298
631.3752,407.6273,51.6112,37.4021
637.1012,405.4034,53.1144,35.8183
636.1911,396.2539,48.7366,40.5184
632.8878,389.1313,44.8138,44.4525
632.8154,409.0753,47.2214,41.8856
647.5830,409.8975,50.9498,39.0698
646.1447,407.7520,52.1746,36.4813
651.0820,386.4232,51.1820,38.3014
638.7954,391.0380,54.5062,36.5178
637.7029,415.3746,52.6924,38.1837
653.5975,409.4970,54.3660,37.0688
651.2078,403.9760,52.5733,37.2356
650.2845,394.7587,53.3651,35.6561
636.1357,388.5012,53.9443,36.2096
647.5361,391.7478,53.6207,37.2838
648.3739,396.6641,57.2997,34.0543
636.2189,402.1113,56.2979,35.1404
622.7640,393.6715,58.5705,33.6957
619.5123,376.4868,53.4607,38.9938
611.5776,380.1794,50.9130,42.5108
599.5153,387.6642,54.3009,39.3116
587.5734,393.1674,56.3595,36.0771
565.8502,392.0257,56.8521,35.9309
555.4222,382.9915,57.3359,35.3723
533.6541,372.8766,53.0555,39.8463
523.0937,373.2795,50.8249,41.4027
501.3036,378.5791,53.4386,37.4813
477.0351,383.0284,53.1547,37.3285
451.3562,376.2128,55.2584,37.8558
421.1837,363.1232,54.3807,40.9899
400.3833,364.3261,53.2946,40.6532
385.4476,359.1550,52.4732,40.6043
362.6573,371.5345,54.7654,37.4631
334.0791,367.6402,57.2797,35.4018
294.9767,352.6651,56.6354,36.2800
264.2360,353.2289,58.6165,34.2845
245.2284,338.6946,54.1370,39.1468
215.2935,342.9518,55.1068,38.5495
193.2276,347.6096,56.8556,34.8353
165.0895,349.3133,54.7134,36.1466
134.6990,332.9272,57.6595,33.8615
94.1068,324.6584,55.2369,36.7410
67.1350,318.2315,51.9166,39.2076
