1
762.6960,241.7724,151.3024,93.3158
761.7229,244.4828,153.5220,92.9586
760.2884,244.1829,155.1807,93.8812
764.8143,245.3069,156.0912,94.5326
762.9088,245.3722,157.5452,94.0545
764.0574,244.8465,159.6918,94.8489
764.1119,244.5509,163.5065,94.9183
760.6826,243.8299,164.6964,94.6792
762.1516,242.6381,165.2106,95.2557
768.9523,242.1482,166.5652,97.2220
766.1638,239.7169,168.4232,98.6198
763.1963,237.9422,168.8903,99.3387
762.4372,237.8463,169.9318,100.7905
764.2715,236.7787,170.1839,102.7867
772.8492,234.0757,168.9557,102.9007
766.0882,234.0351,170.9028,101.8588
765.6426,232.9599,171.4774,103.4203
772.7590,229.4841,171.2471,104.7385
772.8004,229.0403,174.0258,104.8891
773.9752,225.9729,175.0679,106.0952
774.2219,223.3245,177.0660,108.3018
774.8492,222.3610,179.8991,109.5237
773.8197,220.3128,180.9411,111.8809
773.8581,218.7664,181.3495,113.7563
773.0729,217.8198,180.3434,115.9527
771.4485,215.1989,179.3826,118.2490
770.8193,215.4910,179.8016,118.2985
770.5468,214.2199,180.0521,118.5559
770.0737,213.6412,180.1394,119.9402
768.9846,213.1452,179.9014,121.0570
799.9371,212.6629,171.8049,123.1150
796.6179,211.9450,170.0501,123.2401
792.3444,214.1667,170.4908,122.5443
789.0132,214.9846,171.0361,121.9398
784.3618,216.8404,173.0278,121.5732
811.4767,212.6439,163.9330,123.0818
805.6762,213.5324,162.7920,120.8152
800.8857,215.0809,163.2751,119.5635
794.5488,215.4956,165.4652,118.7226
819.1609,212.2603,157.0611,119.8908
810.9453,215.0966,157.1548,117.7175
804.1071,215.2549,157.7809,117.4228
823.6458,202.9082,150.1077,119.0251
814.8441,209.9737,150.4610,118.5028
829.0558,199.6534,143.9595,120.9845
816.0718,208.7446,145.6950,118.7564
835.5657,205.8530,138.3144,121.4007
811.7767,210.7999,143.7490,119.1328
830.0836,206.2118,137.9575,123.8315
844.0208,201.2218,129.9427,129.1762
851.4860,199.8700,123.4148,133.1131
853.6990,199.6765,117.7297,135.2582
860.2530,195.4908,112.5343,136.2904
865.6768,181.6467,109.7197,132.8774
866.2430,186.8422,105.3510,132.2064
868.1815,187.5077,102.3089,129.7569
871.4119,186.8382,98.9163,128.2976
871.8276,187.3633,96.1106,126.2471
874.8895,187.9853,92.7844,126.0830
876.8726,187.3597,91.6775,122.7361
879.7564,185.9243,89.6249,121.0016
879.4358,185.5163,88.2365,118.1165
880.9232,185.2795,87.0578,115.9239
882.2693,186.8266,85.4115,114.4587
884.0613,188.9911,83.8156,114.2707
886.2832,191.8435,81.1365,114.4562
887.6463,192.3976,78.7925,114.1605
889.1831,192.2373,76.3698,113.0126
891.0379,192.6516,75.7780,110.2446
893.4937,194.0664,74.3375,108.5990
893.1116,195.8711,73.2859,107.9642
894.9299,196.8509,71.6854,107.7345
895.0050,196.5882,71.3291,105.5751
895.5259,197.2875,70.4399,103.2845
896.6147,196.8458,69.9044,101.1005
896.1675,195.7234,69.5464,98.3897
898.8470,197.2134,68.9972,95.4438
897.7341,197.3191,68.4163,92.1013
898.7150,199.0148,67.7046,89.9478
900.1335,198.2990,67.3131,87.7794
895.5226,202.0889,67.5412,87.9481
894.7277,201.5673,68.4130,88.4872
894.3459,202.5550,69.6635,88.7430
892.5526,201.6336,70.3186,88.5612
892.9267,203.0625,70.4893,89.6681
892.0499,204.0256,70.4181,91.4369
894.8298,195.3045,69.6533,91.0985
895.1185,197.9231,68.7876,90.3494
895.3358,198.0217,68.8322,88.3551
895.9853,198.2781,68.9193,86.5737
895.9639,198.9027,69.4736,85.0839
897.0635,198.5336,69.0629,84.3078
896.4987,199.5592,69.2172,82.4341
896.9881,199.9693,68.8412,81.5956
895.8315,202.0350,68.1600,81.7270
897.3942,199.8297,68.5939,81.5465
895.4952,202.2689,68.0823,81.9237
895.1352,205.3457,69.0958,82.3987
895.3710,207.3185,68.8402,84.5513
895.1174,206.9932,68.7365,86.8950
894.2332,207.4504,69.0074,88.7828
895.5520,204.2841,70.0043,87.8473
894.1788,203.4487,71.2805,87.1129
894.2043,203.1871,72.3968,85.1730
892.7085,205.2797,72.9102,83.8760
892.9691,204.2348,73.2295,82.4594
895.8717,203.1223,72.6068,82.0329
894.6392,203.3016,71.7649,82.2331
894.0410,203.3321,72.8520,80.7427
893.7209,204.1805,72.3304,80.9725
893.5704,204.8095,72.2921,81.4562
892.0950,205.5116,73.3541,80.7240
892.3632,207.4146,73.6965,80.5213
889.4927,209.5705,74.4600,80.3839
893.2404,202.7285,74.4127,79.0608
894.2629,207.4601,74.0514,78.9808
894.8547,210.7084,71.8802,80.4874
894.2910,210.1387,70.8368,81.5374
895.2181,209.8714,70.0571,81.2578
895.5854,208.5981,69.0869,81.1837
896.5794,209.9415,68.5414,80.8918
895.1954,208.8922,68.5561,79.9765
896.0925,208.5925,68.1527,79.4085
896.3455,207.7927,68.0452,78.7899
897.0676,207.9588,67.5285,78.7377
897.4625,207.5879,67.1490,78.1047
898.6489,204.6196,67.0859,77.9721
899.1808,204.8424,65.7330,78.5440
896.6855,205.7244,66.2248,78.4997
893.9399,206.8041,68.4942,76.8204
891.6072,206.4207,70.2477,75.8213
891.7842,207.1361,71.0356,75.4072
890.9835,207.4617,71.6533,74.8564
900.5399,205.3613,69.4514,76.5483
895.5836,204.7817,68.7571,76.8423
892.8374,206.5997,70.1759,75.6943
890.7231,207.7040,71.7418,74.9561
889.3020,207.7678,72.4991,75.2804
888.1295,206.2427,73.4851,75.0527
888.5554,205.4026,74.5547,74.5775
887.2640,205.0719,75.1246,74.3251
885.4745,204.7560,76.8321,73.5714
886.0685,206.1546,76.7848,74.7050
887.2935,204.6407,76.8333,75.6576
886.3460,205.3614,76.9838,76.1124
886.0023,205.7800,76.8669,76.6795
884.4416,205.6992,78.0508,76.1208
883.8994,205.7115,78.5937,76.4877
885.1516,205.0842,78.3005,77.4847
887.8104,204.5390,77.5363,79.2607
887.5112,204.3632,78.0905,79.5326
885.1023,204.3303,79.2560,79.5495
882.6638,204.6637,80.2236,80.0956
881.7061,202.6853,81.7443,80.8431
865.4829,196.0490,83.4683,83.0581
863.7214,194.5433,87.4189,82.5520
859.4546,193.0670,91.3084,82.1909
853.6698,191.8470,95.2760,82.7604
845.2050,189.8136,99.9905,82.5340
837.4673,186.7353,103.7143,83.0855
835.8904,186.2196,106.7255,82.3541
833.8771,186.9521,109.2164,82.2147
834.2345,186.2026,109.3994,83.2929
834.8923,186.6225,109.9589,85.3696
835.1863,187.7299,111.1544,87.7469
841.7360,189.0869,112.2032,90.7234
839.0944,188.9750,115.2782,92.2290
838.3289,190.4451,118.6511,92.0547
839.6707,196.7766,122.0940,91.0613
834.3394,203.0463,126.4910,89.9774
831.7266,204.8278,130.2632,89.1467
828.7485,209.3968,133.9976,88.2371
826.7123,210.2070,136.4862,89.2496
826.4512,210.1025,137.5262,91.0898
826.3871,208.9167,138.8156,92.6243
823.6913,209.0532,140.5022,93.2624
812.7364,212.7318,141.6025,94.2209
817.6794,210.2477,144.4566,93.3414
807.5734,217.8732,144.7651,93.1649
799.6107,219.2779,144.3982,92.3552
812.8039,216.0467,148.5676,91.4165
811.5852,214.7771,150.3709,92.3491
809.5283,218.6791,151.8876,94.3931
791.9336,222.6327,155.5206,96.3367
780.5712,223.6881,155.2624,98.6552
790.6714,221.9143,162.3754,97.3392
791.9688,221.6145,166.8365,98.4066
792.0859,221.0952,170.1624,100.2012
789.2014,220.7682,172.0746,102.1897
784.3766,221.6186,175.5499,103.9914
784.2135,220.6704,178.2491,104.7326
781.3863,221.4162,179.9134,107.0991
781.1503,219.8964,181.1953,108.5946
779.6406,220.7078,183.5868,108.2634
780.3731,219.5307,184.7876,108.5430
779.1606,218.4790,187.4663,109.1212
773.5470,219.0349,190.0181,109.5992
775.0308,219.7484,190.1455,111.3015
773.2723,219.8881,192.1578,112.1606
771.4510,220.7936,195.6407,110.8743
760.4276,220.5709,198.8717,111.4523
753.2366,222.9502,203.3055,110.9244
749.4307,220.2373,206.0593,110.5798
756.7540,220.2424,207.3261,109.9528
757.6624,221.3710,206.6640,111.0964
760.2776,220.4773,207.9168,111.6357
757.3206,216.6559,207.9215,114.2927
752.7758,218.2197,207.1919,115.3443
753.4167,219.0328,209.8013,113.5029
750.2100,217.9700,208.4512,114.3947
756.5541,217.6939,207.4324,114.6071
753.3189,216.8621,204.2790,116.1295
754.8790,216.7270,202.9500,116.1446
756.6870,214.9613,200.7107,116.6126
752.1600,218.0064,201.1035,115.7694
749.8467,218.1482,199.8876,115.5263
752.7145,219.4563,198.0813,115.5112
749.6334,218.9013,197.5592,115.3807
755.9971,221.6560,198.1216,113.7309
750.0837,223.6681,198.2573,113.4779
744.9751,223.3489,197.7487,113.0195
754.6226,226.2547,200.2621,108.9852
748.5378,225.7567,199.1536,108.2621
746.8106,226.7660,199.6183,108.2628
755.3212,226.5180,197.8182,107.6645
750.7593,226.7171,195.1003,107.4965
746.6253,224.9892,190.7776,109.2699
751.4512,219.2838,186.0938,111.3900
762.6607,221.0713,187.1588,110.2780
761.8046,221.0282,185.9052,111.8268
760.1680,220.3330,184.2122,113.2187
766.5862,218.7129,184.5702,114.3903
758.6759,222.2137,184.0546,113.7096
769.5070,221.8803,184.9115,112.7666
759.7247,221.4558,185.1461,113.4195
750.8552,221.6644,185.2823,113.2673
743.8415,221.1911,187.9633,110.9361
754.5666,217.1063,187.5278,111.2756
755.3967,218.4961,187.7233,111.4794
733.3911,206.6635,177.6814,117.6305
714.0062,201.4206,173.6862,121.1507
723.5107,185.9974,165.0220,130.3616
732.2507,197.3585,166.2761,128.0901
709.7408,206.0672,166.6264,127.7409
674.8416,208.5134,160.5225,134.8605
611.7403,211.5401,163.7608,139.5845
533.0562,153.3144,163.7226,145.1183
501.1300,148.3483,170.1198,140.1355
476.1859,149.3981,176.9074,131.9534
473.0229,156.4546,177.6704,130.9379
472.5066,156.7734,178.2876,131.2845
463.0262,158.8930,179.1640,131.7318
441.7926,160.7832,179.7517,132.2223
444.0904,163.3985,184.7787,128.6453
438.8303,163.3200,184.8041,130.8555
438.8198,162.5805,184.4231,133.5185
441.6452,165.0854,181.6761,138.5771
438.5060,164.4158,183.4187,139.0579
423.7969,162.8143,184.1929,138.3824
426.4139,166.3979,179.1738,143.5205
432.0104,164.4313,178.0579,143.3929
431.3980,165.1597,178.3793,141.9819
434.2728,165.5591,177.7957,142.4223
432.5312,165.2825,180.0598,140.9652
424.4911,163.7079,183.7233,139.7747
427.4176,163.7425,184.8808,139.8617
413.5786,164.5232,187.9933,137.3394
413.0859,167.5686,190.1159,139.2804
411.5690,171.8826,193.1212,139.0670
407.6741,168.5296,191.9835,142.4284
411.9373,166.2563,189.8408,144.2740
404.9581,171.1665,193.1055,142.6559
409.5237,169.3003,191.2470,142.8241
405.9074,169.8957,192.1518,141.9431
402.6741,172.4410,191.2639,140.6083
403.4534,169.2659,190.9564,142.1397
402.8614,170.5735,192.3742,140.1669
398.0997,170.6677,189.7042,141.4308
394.2380,170.2072,185.9611,141.8581
397.2133,172.0212,182.0131,141.2812
398.5651,168.8674,178.5760,141.7533
387.3897,170.6270,174.6792,140.7204
396.2983,171.8360,169.7133,143.4270
398.7083,157.1068,167.3514,142.4206
398.4806,169.4525,167.1741,139.6460
396.5929,171.0816,163.0491,140.7330
395.6165,170.4653,159.7220,142.9336
399.5743,168.6345,155.7395,144.9312
389.8554,172.0496,153.5389,143.6638
401.2239,170.4250,150.6071,144.8079
400.6924,167.5634,147.3092,144.7601
392.4406,175.0721,145.5302,143.7459
400.2977,174.0045,143.2894,144.0579
396.4743,173.5003,141.8225,143.2534
393.9932,176.9919,142.2214,141.7794
395.7543,182.8941,141.8647,141.5696
397.1663,181.3792,140.4457,141.2071
388.9068,189.3716,139.4457,141.6587
392.5212,189.9072,137.1215,143.1218
391.6345,192.0226,135.2153,143.6045
381.2121,194.7628,133.0715,143.5148
390.7272,194.2130,129.8617,143.3645
387.3616,195.0782,127.9864,143.0023
387.3960,194.2720,126.2670,141.4272
389.4742,194.0358,126.8909,137.6966
386.4776,196.3033,127.1735,135.4270
389.2260,198.7361,126.9801,132.0426
386.8526,200.3941,126.4725,129.2310
386.9236,203.0163,126.3345,126.0384
385.6736,206.9896,127.5671,121.8123
383.9594,208.6474,127.6818,119.1161
383.5091,208.8156,128.2743,116.1516
380.4235,208.9697,128.8052,114.6676
381.0775,210.2017,127.7916,114.2944
380.2238,211.6885,127.8637,113.0200
380.1603,212.0332,126.2820,113.0089
375.2430,213.3150,126.2766,111.6616
378.2325,211.6436,124.6342,112.8284
377.9825,210.7106,123.4863,113.9674
377.7496,209.3239,121.8818,115.1119
379.1427,208.4115,120.9209,115.2670
376.1807,207.7337,121.5668,114.5886
380.8420,206.9151,119.6813,116.4261
379.8892,207.5642,121.0969,115.7897
380.0153,207.9903,122.6121,114.9520
377.9764,208.9916,122.1332,116.0853
377.5372,206.4789,121.6076,116.7266
375.4481,206.9450,123.6667,116.2647
374.7266,207.6454,125.3052,116.0509
371.8505,209.0596,129.6569,114.8268
368.9219,208.9758,132.5849,113.6771
368.8959,208.0535,134.8820,113.5495
365.0976,207.2915,137.1851,112.1957
365.2286,206.5656,137.8331,111.4760
367.6762,205.3320,137.7648,111.7980
362.5838,203.8864,139.4637,111.3149
366.9789,203.9910,138.9421,113.1964
366.2657,203.4743,138.1669,113.1382
362.3197,204.5756,139.3102,110.8147
365.5161,202.7714,138.9443,110.5675
364.3800,203.9958,139.1349,109.5292
360.7532,204.5279,141.7597,107.1508
348.4957,206.4012,146.6811,103.7486
345.8352,205.7456,151.7997,102.0710
339.1946,206.1058,157.4303,100.4680
339.7461,208.0105,161.5513,100.1442
336.7785,205.8002,165.3720,98.9938
341.8166,204.7174,165.5545,99.8105
332.4393,204.9189,165.6293,101.5279
325.5302,203.9684,169.3068,100.8569
327.8951,205.1900,170.0584,103.0361
316.2543,206.7518,175.1578,102.0392
313.8784,206.2102,181.9870,101.3925
311.7050,205.0734,186.3520,102.4894
305.1143,204.2012,188.4281,105.2195
309.6669,201.1349,189.2286,108.0198
316.5633,198.4142,185.9561,112.8600
302.9236,202.3085,190.0450,112.3536
309.2237,200.1580,190.1033,114.2538
310.6088,198.2458,190.0842,116.6449
309.1655,197.3563,192.9747,117.9230
312.7856,194.6529,194.1338,119.9259
302.7414,197.8722,199.1982,119.0827
289.5711,203.4038,205.2399,118.8493
280.8098,210.9178,210.9237,121.9875
281.8874,210.1116,214.7538,123.0673
279.5056,209.6813,219.6704,123.1526
268.8894,210.4745,220.4901,123.6528
268.3158,209.5558,219.6026,125.5074
265.7505,210.1590,216.8914,127.0479
265.8285,210.5958,213.1689,129.4263
265.3739,210.1949,213.1207,129.2374
256.0933,211.7191,216.5229,126.0710
255.4557,212.4423,214.5795,125.9162
253.1569,212.6666,212.1749,125.8431
252.9011,211.1263,210.3584,125.3247
242.3254,212.1361,208.2382,123.8874
248.1024,212.9518,204.9073,122.8552
237.8259,218.1775,206.8150,119.0539
246.5352,214.9532,202.5870,118.8993
241.3476,217.1382,199.0755,118.2534
234.8510,219.3056,197.9188,116.9269
232.9476,218.4905,201.0007,111.8123
238.3063,218.3311,197.2734,111.3210
227.5061,216.8973,194.0138,111.9292
231.2820,219.1440,189.5640,111.4738
230.2550,220.1620,190.7641,107.9730
237.8047,218.7282,188.5738,107.4542
242.2388,218.6072,187.8546,105.2447
239.1898,217.4378,186.9400,103.1877
239.5612,217.8409,187.9915,101.5577
230.5746,220.2839,187.6440,100.8424
208.7867,224.2962,189.6307,99.6678
208.0606,227.3069,188.5225,101.1475
208.1512,228.7993,189.8156,101.3148
183.9368,232.5199,191.4350,102.4085
185.2099,234.7833,190.1616,102.6426
155.6334,235.8196,195.0203,101.5237
139.7492,236.1253,195.6664,102.9095
145.9790,237.0285,196.3822,103.3205
133.4178,234.9789,197.4352,103.9179
134.2643,234.0446,200.6422,103.7744
137.3504,234.7951,200.6566,104.5024
124.3844,232.9560,200.8768,105.4252
131.2756,234.9332,203.4486,105.3852
117.5437,232.8980,203.2052,106.5040
119.7101,233.5278,207.6750,105.4765
128.5238,232.2143,209.6566,106.2333
118.7082,233.3051,209.3618,107.4241
119.6709,232.2824,210.0343,108.8541
120.0356,232.3236,210.8118,109.7929
109.3728,230.0589,210.7160,111.4974
110.6752,229.6392,210.8126,111.1106
108.3212,231.1401,213.1518,109.5932
109.8216,230.6360,214.9746,108.4873
106.0102,229.4132,216.5927,107.9627
102.0136,230.4242,219.2506,109.9274
115.3716,230.5325,217.2701,111.1342
107.4020,228.9395,217.0238,112.7816
99.0588,227.5384,217.4438,112.6591
115.3744,227.0670,218.7878,112.9797
103.2405,227.0792,218.7413,114.5350
97.2068,224.7384,222.6110,112.4645
96.6294,227.2816,225.8078,110.8756
106.8596,227.6520,226.2358,111.1906
101.0339,226.7396,225.7454,112.8614
92.5718,223.0153,226.7518,112.6251
107.6804,226.3410,228.6432,111.3515
101.4154,224.2951,229.9774,112.1105
95.9739,223.8048,231.0822,112.3755
105.0461,222.5187,230.1059,112.7562
90.4472,222.8244,235.4745,112.4144
103.4064,224.8320,236.2962,113.2012
99.0583,225.6547,237.2332,113.6228
90.7931,223.5428,235.7522,117.0656
91.9423,221.4757,237.0228,118.8372
93.8931,221.3329,236.7932,120.0615
104.7136,224.4360,236.2921,120.4395
86.9742,222.7768,240.8665,117.8491
95.7109,227.2961,241.5020,118.9194
89.6781,224.5426,240.9604,120.0404
77.9720,222.5862,243.1264,117.8144
72.6907,222.5346,244.5335,117.6919
71.8621,226.3802,246.0810,116.0642
73.1422,226.0672,244.0161,116.6740
62.1187,223.7962,243.9695,114.9563
58.9537,226.0505,246.2080,113.7131
56.2477,228.3751,247.8861,112.6281
49.1086,222.8992,247.5641,113.0230
58.7131,226.2221,245.7780,114.4458
57.4685,225.2455,242.2923,117.6571
59.5018,219.9039,238.7592,119.6218
62.6828,226.7728,234.7562,120.9126
65.0316,224.1814,229.7741,122.0171
70.9233,225.8858,224.4130,124.3118
73.7747,221.4846,217.4955,127.7545
78.7577,219.2591,211.6372,129.3431
76.4692,217.6252,205.6395,132.1237
75.6615,217.7992,201.8268,131.2261
75.1159,217.8932,196.4036,131.2628
75.6564,215.6412,192.8767,130.1628
74.3687,215.7299,187.6118,130.0138
73.6423,215.0795,183.9504,127.3174
85.3628,221.1958,185.3061,123.9475
73.1517,219.3571,182.2251,122.7615
81.6040,217.8660,180.6994,123.4204
75.1182,218.9006,178.5627,123.0112
82.8300,219.7157,179.3214,121.0884
73.0828,221.2604,175.9797,121.1203
77.4208,220.2819,173.6956,120.4213
78.6159,221.3297,172.4761,119.3606
71.4986,221.5604,171.5078,116.3258
64.6080,221.9610,172.6573,113.9442
58.3223,210.6276,171.5095,113.0941
51.7633,222.9675,174.6074,109.5464
55.5322,209.7686,175.2563,108.1502
46.6591,223.9573,184.0613,102.4033
44.2137,211.5004,186.4641,102.3308
42.8260,223.7695,188.8362,99.9270
38.0046,227.3300,191.8534,97.8265
33.3183,221.2075,196.0969,98.1685
26.2006,222.9475,198.8602,98.8679
27.3390,223.7704,198.6525,99.5424
31.0420,221.9563,197.6635,98.9435
25.4629,220.7121,198.6004,99.1955
23.4758,219.7587,198.7046,99.8571
20.5212,218.4556,198.6095,100.8547
15.8021,218.0290,200.7957,101.5987
14.7231,216.2610,204.3845,101.6229
12.4158,212.2831,205.9576,101.9015
10.5412,211.0409,207.7638,103.5085
9.0831,211.5458,208.8227,104.6438
6.0985,211.0005,209.8396,104.8662
4.1909,212.5817,208.6195,107.5352
4.3276,211.4726,207.2148,109.4038
5.1973,210.2585,204.8776,110.9820
4.8258,208.9730,203.4120,113.0264
6.9386,209.8422,202.5259,113.4172
6.0332,208.0785,203.9777,113.6945
9.6100,208.9437,201.5481,115.2266
7.5982,208.8262,202.3920,115.7234
7.9855,205.9745,202.1350,117.6271
7.5102,204.7912,201.9830,118.8813
7.0728,205.3448,203.2722,119.4450
5.9580,205.3813,206.4632,118.3965
1.6965,206.1964,208.1131,117.8631
5.8966,208.8517,210.2521,116.2281
6.6333,210.3067,212.7571,115.3411
7.4013,211.5461,213.7523,114.1274
6.0177,210.6479,214.6465,113.8772
4.6511,210.6033,216.0566,114.0955
2.2995,210.6919,220.0005,112.8268
-2.6831,210.2919,221.6894,112.6107
-1.9058,208.5562,220.6138,114.3079
-3.9042,205.2412,218.5683,116.6992
-0.4449,198.0273,216.1930,119.8125
2.5589,197.7623,213.0458,123.1408
8.1954,199.5151,209.1119,126.4332
0.5932,194.8669,209.5012,127.6005
1.4767,192.9230,206.9865,129.8166
3.3008,192.3412,205.5174,131.5853
2.7269,192.5365,207.4627,131.1135
4.5899,192.9878,208.2020,130.8018
1.5176,191.5500,208.3628,131.8953
1.0993,188.4589,208.6504,133.4892
2.0474,191.3763,211.1185,132.3461
-1.1554,188.0352,212.2995,132.3538
-0.8262,189.0742,213.5038,132.3844
-1.4340,188.5623,213.5396,132.6396
-1.3486,188.3422,213.3034,133.0818
0.6741,189.2065,215.4691,131.7542
0.4162,186.0274,213.7598,133.6176
-2.4044,182.6329,211.1838,137.2320
-0.3562,185.4171,212.0498,137.4709
-4.2072,185.3215,213.1793,135.4474
-3.7490,184.5668,212.7069,135.9759
3.0584,185.3896,210.2554,137.4159
8.1768,185.4268,208.2027,138.2868
13.2413,179.8471,202.2243,143.6229
13.7036,180.3755,198.2005,147.2543
17.1221,178.1297,194.5425,149.2670
16.8732,178.2788,192.9303,149.2884
18.6871,177.9837,190.4725,151.0913
12.3886,176.0861,190.5484,150.9881
20.2344,181.4911,191.1787,149.1670
13.1751,175.3941,191.0635,149.3496
21.5078,179.7372,190.2942,148.6757
16.1244,179.3526,189.5595,148.1880
19.6163,180.9131,190.2942,147.5804
15.1867,179.4024,189.9186,148.2016
15.8595,178.6489,188.8752,149.9747
18.2203,178.9370,188.4463,150.7940
17.3087,177.7349,189.7940,150.5736
19.3156,177.7527,189.6506,151.2397
18.5519,174.9094,188.6088,153.3723
21.1652,176.7215,187.7356,153.9723
20.6593,175.5562,186.9423,153.4035
23.5378,177.7899,185.4497,154.2878
32.9002,192.1929,183.4683,149.2227
35.5387,191.4348,178.3350,146.7451
40.6564,195.7067,174.6797,143.4538
44.4042,202.7533,172.3887,139.1242
49.2006,209.1359,171.3982,133.3705
48.3416,212.6663,167.5539,129.1468
47.6287,216.1057,163.8508,125.7732
49.2143,217.5956,159.0268,123.1356
48.7323,219.2118,154.6841,120.3027
42.4601,218.4061,152.0550,116.1355
56.9314,222.6632,148.7964,112.7878
48.4696,222.1263,145.4252,111.5938
50.6327,221.3946,142.2001,111.0372
46.4898,221.5457,140.9544,108.8108
44.7464,222.8584,141.1790,106.3147
43.2560,222.1590,140.0786,105.4086
42.4211,223.0239,139.6354,104.1192
42.5676,222.0923,139.7205,102.9894
43.2477,223.5758,139.8717,101.3877
42.8415,222.9902,139.7101,100.1214
42.8915,223.3494,139.7690,99.8511
42.6750,224.9309,139.1353,99.9610
42.9099,224.6172,139.5794,99.6248
59.9207,222.8601,129.9205,104.3660
59.0550,220.0667,129.6124,104.5265
72.1632,219.8613,126.2627,105.8351
74.2936,222.4162,129.1176,103.5827
70.1673,221.9617,131.0476,100.9864
70.3713,215.3959,132.4412,99.2522
68.2017,221.9426,134.9164,97.7585
70.0785,222.1861,136.3431,96.8745
67.6808,222.3730,136.1578,96.6355
67.4194,223.9515,137.7213,96.3072
63.8460,225.1276,139.2012,95.2694
66.8059,224.7413,138.9446,96.0469
62.1873,226.6501,142.2618,94.5850
66.1123,226.8734,142.4914,94.7461
60.7221,226.9942,144.3810,93.3901
66.0046,227.4284,144.1552,93.6049
65.2281,227.6500,144.9290,94.4563
66.9312,228.2173,147.0749,93.9135
78.2948,229.1842,149.4651,93.4876
79.7539,219.5443,150.2642,93.2114
84.9015,229.2201,156.7561,90.3718
76.7855,230.7799,160.6684,89.1404
75.3502,232.2178,162.9929,88.9452
74.8881,232.3329,163.8531,89.0684
74.8299,232.8693,164.0380,89.2662
76.6272,231.8448,163.3235,89.9101
76.7013,231.0243,164.1755,90.0777
83.2764,232.4160,162.7734,90.9706
80.5876,232.8758,162.3671,90.3986
82.1930,232.1161,164.1233,89.9605
79.6830,233.2632,164.9670,90.3161
84.1102,233.6315,164.4543,90.7716
80.6001,231.7081,163.4371,90.4379
82.4962,233.0095,164.2535,90.1033
80.5950,231.7598,164.2731,90.7762
82.6017,233.3603,165.4007,90.0841
79.9136,232.7767,165.2764,89.9224
81.6291,232.3121,165.9292,89.9784
80.9962,232.4675,165.6240,90.6911
82.6574,233.1966,165.6932,90.7112
78.9842,232.7395,165.1165,89.7657
77.2569,234.4025,164.7734,90.5655
78.3179,233.3872,163.0103,93.4934
75.7722,230.8549,163.9637,94.6572
74.7187,232.2760,163.0644,96.2502
74.5365,232.2358,161.6904,98.0461
75.4108,231.2748,160.4469,99.0789
75.5586,231.8532,159.7561,99.6852
76.6784,230.5738,159.8315,99.8610
76.5508,231.1573,158.6008,100.8270
77.4920,230.3471,159.4662,100.1814
79.0450,230.3663,159.1706,100.3263
79.6878,230.5565,157.8081,100.7431
80.6445,231.3404,158.1674,100.1706
79.7190,230.4876,157.0318,99.8119
80.7888,230.3083,157.2771,100.3439
94.1579,226.3355,155.2679,102.2525
93.5837,229.2779,159.3714,98.5491
91.3616,230.4139,161.9834,97.1593
89.0118,229.9271,162.5043,96.6502
87.2902,229.4260,162.4614,96.9771
87.8508,229.9099,163.6735,97.5911
89.5233,230.6054,163.9823,98.5239
92.3047,232.7531,163.0948,99.7192
85.8396,220.9483,162.6028,99.0013
82.1070,228.2231,162.8129,98.3845
84.7404,230.7857,168.5186,94.5296
80.3755,235.5099,173.6797,91.9305
79.7619,236.0608,177.2635,90.2099
84.3261,237.0286,177.4664,90.6234
88.2668,240.4289,180.2924,88.3842
90.5401,242.7996,181.2879,89.3021
89.2508,228.5956,180.5303,88.7426
92.8771,239.7642,188.1599,85.5122
91.0948,244.4255,191.1931,86.6630
88.5755,243.8347,194.2308,85.7902
86.3651,245.5713,197.5614,85.4961
87.6885,245.6402,201.2202,84.4250
87.2941,245.3885,200.2714,86.2022
86.4865,246.9676,201.5517,85.9155
76.7831,244.2935,203.4263,85.1076
76.5726,244.4598,202.3300,86.7489
78.5830,244.9312,201.5242,86.8813
76.1807,242.9580,205.1134,85.6569
67.8449,238.9330,206.3463,85.1995
75.2791,241.5752,205.6170,86.5489
73.4058,242.0633,208.7927,85.8085
67.8401,235.7133,209.8116,85.9044
67.5083,233.4911,213.0525,86.0119
67.9346,233.3703,214.1898,87.6949
67.7726,231.9044,216.7798,88.5115
71.7278,231.4296,222.2186,89.5472
77.4034,231.5070,225.9728,90.6781
78.7319,230.4345,229.4017,91.3044
77.7440,227.4988,231.4891,91.5053
75.8442,226.2381,233.2416,92.6935
75.9405,224.3581,235.6438,93.8302
78.7853,224.0474,237.9055,95.4953
79.8565,222.8570,241.5922,96.7674
82.4711,220.1830,244.3264,97.5377
81.1434,218.2957,243.1445,98.4435
81.3247,220.1487,244.7799,98.6391
82.8440,218.8360,245.8678,99.3127
77.6799,219.6499,249.0213,98.8671
73.4434,221.8972,250.4876,100.5437
67.8884,224.4789,252.7390,102.0352
84.9338,224.7447,249.2089,108.0016
86.9771,221.3230,243.0231,114.7978
98.1310,221.5838,233.2159,121.8637
105.3161,218.5005,227.6108,126.7078
106.0055,213.4432,223.7549,130.0307
107.3558,210.6966,214.7081,132.6202
105.4383,209.5546,209.7337,131.0219
111.5297,210.5679,209.5699,130.1239
112.6144,207.8926,206.0176,128.9975
125.9756,206.5598,202.0763,128.5626
129.4192,208.6541,201.1211,128.0642
134.1121,209.6574,201.0172,126.5401
138.7600,209.7713,201.8201,123.1478
136.0143,208.3571,203.1948,119.1546
143.7798,211.9393,203.4668,117.7739
140.1470,211.2167,203.6353,115.2686
148.1125,214.2042,204.5516,114.1927
157.3692,213.0166,201.3422,116.2382
155.7875,211.9038,200.8014,115.9290
153.8769,215.3650,201.2266,115.1269
155.5218,212.5811,199.2484,115.4131
153.4620,210.3611,197.4324,116.7620
152.8669,210.2883,197.5914,115.9173
153.6758,209.0553,196.3775,115.6357
156.9940,208.0223,196.6093,115.3014
157.9426,206.5485,197.9422,114.0155
159.1433,208.2279,196.7272,113.7853
162.6055,208.2695,196.5751,113.1348
162.8596,209.3751,199.0668,110.5710
164.7115,209.6057,199.0787,109.5178
165.4183,210.8746,201.1468,107.6909
168.9858,212.4742,203.2962,105.5741
175.1142,213.2246,206.9207,104.5971
179.2536,214.1971,211.0813,104.1725
183.0739,212.5485,214.2624,105.0472
190.3090,213.4500,219.0396,105.3959
195.6061,212.6771,222.8118,105.9939
202.2193,210.4518,225.4633,107.9653
204.6458,210.4713,228.7669,109.2432
207.9954,209.6936,233.2085,108.7217
207.5752,207.6487,237.7696,107.5237
210.8586,209.0408,242.3041,106.7803
209.6241,208.3272,246.2448,106.6852
205.4164,207.9981,247.6009,107.1470
204.4134,210.3302,248.4091,107.6887
201.8917,210.2554,248.8092,109.2440
208.4774,208.2228,251.1886,108.8279
210.2624,208.3454,252.2770,108.8601
212.5540,207.2109,254.5414,110.2190
211.2040,206.6363,256.1857,111.5337
213.6448,208.1068,258.6473,112.7482
210.9913,210.3370,259.0546,114.6441
212.5500,209.6063,261.0030,113.6338
213.8013,208.5233,259.0641,115.7479
215.5984,207.5218,257.8686,116.8093
215.8946,206.0478,257.0844,117.4829
216.4513,206.4683,256.0504,119.3154
218.6560,205.5952,256.1315,119.7059
219.3224,203.4824,255.9143,119.6034
217.6065,204.5364,255.9657,119.4140
219.5486,204.8917,253.5963,121.3793
219.4000,205.1953,253.2193,121.0002
219.9144,205.9000,252.9932,120.7698
220.1198,207.7307,254.5593,119.8037
218.8046,208.4403,254.3393,119.3229
219.6059,207.4264,256.5000,120.0691
218.6636,207.2628,255.8982,120.4094
219.4203,207.2736,255.7563,121.4154
219.2985,208.1319,255.2849,121.7452
218.7319,205.2489,255.6572,121.9176
221.0255,204.8023,253.6032,123.4596
222.4869,204.8973,251.9499,124.3372
224.3354,204.8532,251.9417,125.1329
227.1551,203.2600,252.3611,125.7004
227.4629,201.0301,252.7060,126.4313
228.2382,199.0729,251.4413,128.7112
228.7168,199.2266,252.7631,129.0848
230.1851,197.8347,252.4680,131.0355
234.9345,199.7297,252.3256,131.2176
228.7713,197.3493,254.6539,128.3583
229.5457,198.1510,252.7504,128.6562
229.9993,198.9128,252.4700,128.2765
237.4908,200.8360,251.1927,128.8785
234.5226,202.0083,251.6884,128.7160
228.4611,203.5669,251.4333,128.6432
231.9080,198.6395,252.3902,127.9504
229.8509,200.9151,253.7072,127.2960
228.9521,199.1286,252.0102,127.9368
228.0941,199.4503,249.8463,128.7754
225.5856,198.0573,248.8322,129.3086
226.3438,198.8761,248.1870,129.7591
226.5974,198.5658,248.6582,129.6093
228.4648,198.8519,248.7532,129.4975
227.3854,197.6497,249.5177,129.2096
232.7500,197.6615,248.5777,128.8695
237.2962,197.2096,248.3403,129.1815
231.8871,197.3971,251.0397,127.1211
229.2725,197.1420,253.7215,125.2728
230.9626,201.1482,253.1896,126.7456
228.0078,198.6693,252.0651,127.2307
226.9386,198.7441,248.7867,129.1200
227.6613,198.5554,247.4481,130.7162
227.3502,197.9579,247.3545,131.1775
227.2742,197.2522,247.6803,131.5094
231.5420,197.5391,247.3792,132.0836
232.3038,198.3144,250.2596,131.1988
229.5725,198.1589,252.5418,130.2836
230.1394,197.3720,255.3230,129.4265
232.1382,198.0318,258.0974,129.6701
228.4236,194.0243,258.4326,130.3475
239.1423,193.4230,260.8349,129.9920
226.5707,190.9284,267.9503,130.2270
223.8308,191.5429,271.9371,131.3416
235.0859,191.8711,271.8614,133.1520
232.2484,191.2467,273.7088,133.1953
233.8237,189.8031,273.3890,134.4451
227.0773,191.4608,277.0005,133.9773
226.5166,193.4524,278.4474,133.6861
224.2878,193.9966,278.0773,133.6337
223.0269,192.8352,278.7317,133.9023
219.0179,190.5647,279.4987,134.4502
216.7074,190.0363,280.8497,135.7785
226.2727,188.5025,280.3442,138.2364
224.4590,183.5000,276.4382,141.1242
220.4942,181.2816,273.1765,143.4728
227.0060,179.0155,271.5927,144.9728
229.5993,175.3368,265.8997,148.1221
223.9781,178.4213,264.0391,148.2798
230.3538,177.0752,263.5616,149.6113
229.8377,177.0244,260.8114,150.4084
232.9588,173.7868,261.6497,149.6995
231.9296,175.1726,258.8430,149.8382
232.9183,175.3735,256.8904,149.7998
231.7882,174.8553,251.0113,150.5614
232.4839,176.1104,249.2166,149.5267
233.8695,177.1291,247.5950,148.4984
230.9155,178.2091,246.8310,147.9810
228.2555,180.2967,245.2657,147.8119
233.8052,181.0435,243.5372,147.8863
229.0857,184.1496,242.8163,146.4637
241.3047,184.0845,240.0136,146.0320
236.1839,184.9829,240.8797,144.7901
239.6734,184.7302,241.4529,143.9809
235.0160,186.1161,241.0822,144.2061
242.4165,185.3066,240.4041,145.0504
244.1512,182.8840,239.0036,144.6994
240.4890,183.5050,237.9217,143.8994
238.1407,183.6835,239.0141,144.1360
237.4002,182.7682,239.4803,144.8201
239.0897,184.7693,240.3556,144.1168
236.3493,186.8310,241.2203,143.1316
234.3079,187.5588,241.0531,142.1684
234.6895,186.1566,240.6715,141.2526
238.3826,189.4075,241.0540,140.6692
238.3403,187.6612,240.2247,139.8272
234.4529,189.6791,239.3571,138.7560
235.7182,186.9922,240.6466,138.1503
238.6364,188.6983,241.3397,138.1641
235.9607,189.1263,239.5578,137.6083
234.3278,190.2289,237.8695,137.5577
235.5800,189.8477,238.3544,136.6028
236.5094,189.0780,237.6497,136.6985
233.6072,190.7749,236.9386,136.0172
233.8489,189.1393,236.5668,136.0268
232.6541,189.2430,238.2403,134.8272
232.5464,189.9791,238.4989,134.8802
232.0687,190.5951,239.3452,135.1140
231.0371,190.9270,238.5596,135.1560
232.3357,190.4774,237.1778,136.3302
234.3374,189.6635,236.0314,137.7210
236.0500,189.5393,236.3108,137.2641
236.9558,190.5910,235.0874,137.1451
236.6214,191.2940,235.0049,136.9774
240.6280,189.3436,234.8815,137.9891
243.3185,187.4746,234.0179,138.3268
240.0115,186.3082,232.0426,138.5066
236.4538,191.2408,234.6175,137.4832
241.2458,189.5897,234.1194,137.9097
241.3074,189.1370,232.9134,137.2589
247.5420,188.5516,231.5808,137.3636
242.8582,190.1496,229.6398,136.1437
241.4040,191.2757,229.3611,135.1496
240.8336,192.0446,228.1434,135.1693
240.0673,190.3846,228.7546,134.6351
247.1290,188.8168,227.5190,135.5728
245.3283,188.9844,228.1943,135.8490
248.1840,190.2118,228.7441,135.4925
245.7819,189.7432,228.8969,135.6892
242.6856,188.4978,230.0369,136.5517
249.0626,186.7589,229.3850,137.1670
248.1021,186.8518,229.0505,137.1087
241.7163,189.1077,228.5808,137.3939
249.0730,190.2997,226.1193,137.8321
244.7556,190.0293,227.9481,138.1385
242.1144,189.7712,227.3548,137.4566
241.2598,191.2864,227.6256,136.3128
240.9149,190.7272,228.7546,135.9042
241.2671,191.5251,230.0871,135.1647
240.9678,192.1959,230.6802,134.7417
239.5082,191.3250,231.8685,133.9611
237.8242,191.8844,233.3647,133.7081
237.9498,190.7749,235.5423,133.0432
238.1996,192.1805,236.9964,132.9635
240.9651,189.9094,237.8001,132.4688
242.3056,191.3068,239.4770,130.5961
252.5697,191.7180,237.1231,130.5057
245.6039,192.9300,241.1184,128.4222
249.5303,193.8036,241.3302,128.7052
247.5124,194.2994,243.5680,128.2813
251.1633,195.5115,243.9941,127.8500
248.7672,193.8615,243.1665,128.4940
245.7851,194.0491,242.7558,128.5229
246.1905,195.0925,242.0946,128.2684
247.1255,194.8888,243.6983,127.7196
247.3671,195.3779,244.5863,127.3979
249.0779,194.9957,244.1901,127.7225
250.0900,195.9122,243.0075,127.9066
259.9963,196.7041,242.0266,127.3142
260.2993,199.1603,246.0441,123.0602
269.0797,198.3532,249.2465,120.9284
259.7480,201.1975,253.8747,117.2239
261.2413,201.7569,255.2705,117.2793
261.2281,201.4526,256.3268,116.1679
261.7899,199.7597,255.7242,115.8666
261.5104,201.0345,255.0085,116.4242
260.9238,200.0086,256.4572,115.0952
262.4788,200.7841,257.1562,115.3572
261.8807,199.6843,256.1582,117.1520
264.6429,196.9628,251.9386,121.5165
268.9032,199.2621,253.3743,121.3750
268.8535,200.3414,253.1456,121.6695
273.2550,200.9384,251.1364,123.9088
276.7597,202.1764,247.1478,125.4980
282.3564,202.8382,243.3847,127.3992
289.4471,202.0542,240.5194,126.6992
291.9963,202.4888,240.5701,125.1904
299.4657,202.8349,243.3732,122.1398
302.2621,203.1708,246.4980,120.8122
298.7859,202.2928,249.1966,122.3526
311.3285,197.3271,251.8121,121.0749
312.9296,196.5296,256.0387,121.7500
312.8776,196.6972,260.5357,121.9226
300.5947,197.0898,263.0281,120.9562
313.8871,197.1611,262.6338,121.4534
328.9642,195.2655,265.4784,119.1503
317.8166,197.6899,266.3897,118.4491
328.9950,195.0732,265.9114,118.3222
337.1590,193.6134,264.5170,119.1239
345.3719,190.9272,259.8111,121.6615
345.0678,191.0613,257.5996,120.9007
335.3771,192.5863,252.4055,120.5852
351.1143,193.7166,255.1156,117.4761
354.3382,194.1856,251.1401,118.3054
361.2025,194.5413,245.8976,120.7438
373.9244,197.3889,237.1568,126.4057
372.5673,200.9644,228.4997,129.4337
385.7268,201.8880,224.9094,130.0463
394.5056,202.5237,215.4968,136.3251
408.7560,200.1207,208.9371,144.5686
434.6746,197.2849,204.0324,155.0089
451.5540,178.7617,208.5109,159.2861
460.9783,179.7370,207.5553,170.5301
478.7282,180.2590,213.0009,178.8406
476.6852,180.6493,220.7377,183.5066
490.3725,175.5793,227.4272,188.1521
496.3207,170.2944,232.6459,190.4513
480.9324,166.9131,235.3383,193.6260
493.6241,168.3173,238.5592,198.1537
482.4555,167.3040,242.1590,198.5066
503.9867,172.9948,244.7159,202.6199
518.2179,172.9832,246.6511,207.1537
517.9724,176.3889,248.8269,211.2901
508.1017,172.2089,256.5030,210.6546
534.5594,173.8893,255.7477,215.9838
542.9543,175.0449,259.4169,220.3535
543.1404,173.4510,270.5008,218.7610
548.1713,175.8491,279.3210,218.1263
547.2727,176.4465,288.7163,214.0717
543.8516,176.2411,292.5079,215.8012
543.5189,175.9272,299.9709,211.9281
535.7101,177.4480,306.9199,211.0314
530.6680,179.6771,308.8577,211.1778
544.0775,180.6521,317.2273,209.7512
526.4000,177.8390,321.8032,208.7400
541.9234,182.1944,328.9885,208.8515
529.3987,180.3443,332.7347,211.1931
534.7473,180.5953,333.1726,214.1296
520.5073,181.7093,335.4328,219.2168
525.5262,181.7932,335.4788,222.0226
525.9060,180.8715,337.5977,221.5996
519.0336,178.6185,338.2571,220.5283
531.9564,180.3116,337.1215,223.2041
514.9526,175.8861,339.3557,225.2856
535.4366,180.3129,342.1897,226.5446
518.7681,178.5774,350.5264,228.5179
520.5883,175.6011,350.4685,228.5696
521.9090,173.8056,350.0101,229.1358
516.9957,175.5061,352.1421,233.8279
528.1331,172.3454,357.0820,231.1280
527.8014,173.6903,355.4875,233.6017
524.5328,175.7132,354.3736,232.7040
510.8627,171.5275,360.2575,233.6194
529.2731,171.5382,360.3365,235.6857
526.0278,172.6119,354.8135,238.6642
510.3081,173.1021,359.0546,237.2397
525.1873,176.2078,356.3328,240.0839
507.2032,169.6382,360.9191,238.4370
524.3552,169.9930,357.5560,241.5663
509.3279,165.5302,360.9330,242.8923
521.0765,166.7428,355.7605,245.1592
514.8374,165.7609,355.7617,243.4840
