1
624.6144,664.3464,58.5145,28.6144
617.0334,658.4355,60.1589,29.6222
604.8210,655.3103,60.8979,30.2994
579.8262,655.1686,62.7496,30.5828
556.6371,649.6469,62.7977,31.4916
541.0692,642.8256,63.1839,33.4200
526.8121,636.9854,63.1380,34.5782
508.1742,631.1477,63.8781,35.5975
482.7578,631.0836,65.0906,35.7258
463.5510,625.4403,65.8066,36.0171
440.8059,611.9009,65.2949,37.7156
413.9111,586.3028,62.8182,42.2911
393.4615,566.0425,60.8862,44.9224
379.5054,558.8926,60.5523,45.9301
360.7411,543.8397,59.6034,47.5961
336.4243,516.6286,57.6710,51.4523
323.5849,497.9073,55.8655,52.8216
315.8904,494.4850,55.8515,52.8204
298.1969,495.9507,58.7257,49.8888
278.3354,493.0767,60.8495,47.0917
257.5742,502.2764,63.3546,43.9600
232.6998,516.6561,64.2941,42.1299
206.4478,540.6843,63.4586,42.4123
196.2772,553.7606,62.2328,42.8039
190.5265,561.3342,60.5580,44.1268
178.9945,574.9619,58.9695,44.8109
176.4092,586.7979,55.9875,47.2274
183.1309,601.1498,52.2879,51.0028
190.4365,617.0050,49.0628,55.0776
199.0060,650.6288,46.6777,58.3208
213.4415,693.8899,44.2223,60.9513
224.0797,722.3352,42.7584,61.8467
225.2811,724.3857,41.9959,62.6671
236.1247,737.6029,43.2713,62.4757
254.6613,755.7496,44.3420,62.6677
271.7542,775.4865,45.4151,61.8110
287.1304,788.3755,46.6523,61.2877
298.6653,799.5351,47.3255,62.7116
305.2335,800.4359,48.0181,62.6386
317.2877,806.9436,49.9920,60.0562
337.1909,813.6935,51.7351,58.6748
356.8138,824.2948,52.4606,58.3269
375.1889,841.2480,52.3359,59.3020
377.4341,847.6335,51.3599,60.5888
379.1134,848.8356,49.7628,61.7076
380.0453,847.2327,49.6519,61.4075
377.1554,848.7128,51.9388,60.1937
376.1709,853.4484,52.1431,61.3105
376.4706,852.2278,53.3289,60.1814
375.5716,852.2154,51.5534,60.2061
377.4208,855.7512,49.6136,61.9280
380.5845,855.5693,48.5480,60.5379
384.4135,856.1752,49.4663,59.3261
388.3356,863.7722,48.4681,61.2471
389.0068,863.9787,48.8506,59.1093
387.5246,865.7216,50.1169,57.3217
386.1653,868.5087,51.1443,58.5115
382.7903,867.9366,52.7166,56.2039
384.1058,869.4898,53.5159,54.8125
383.5293,869.5867,54.6688,52.9129
379.1162,870.3206,55.0243,51.4449
375.9457,874.3875,54.6596,51.6935
374.6509,872.7943,55.5745,51.5306
378.3310,868.8349,54.9599,51.0173
374.6368,870.8432,55.6736,50.3380
378.4286,876.5538,54.7660,52.2684
379.8842,874.9399,53.5400,52.1252
379.9323,875.0825,51.7800,53.5041
380.9193,874.8253,51.4639,54.0185
380.9391,875.2033,53.0854,53.2624
383.8434,874.7006,52.3011,54.2679
387.4550,874.3647,51.7907,56.6179
385.9293,869.4628,53.1352,56.1807
389.7123,868.7805,52.4545,55.8240
391.2339,867.5515,52.8213,54.8722
387.7657,866.4352,51.2781,53.7128
393.7709,873.0969,49.1876,56.9223
389.9324,868.3607,48.5150,56.3755
394.2744,875.4740,49.7349,55.3541
406.2709,883.5484,53.8659,52.4401
406.6867,885.0119,54.7084,49.5131
410.4026,887.1221,55.4805,46.9335
411.2869,888.4888,58.5462,44.2000
409.9571,889.3473,59.5917,42.4831
408.6259,890.1796,60.6523,40.8184
407.9442,890.4211,60.4253,40.3355
406.1086,892.0464,59.3600,40.2426
398.7832,893.6315,61.5203,38.6338
401.0467,892.9438,61.6939,38.4422
398.7307,891.0609,63.1935,37.5092
395.9288,891.1897,64.0785,37.2516
394.3192,891.2779,64.1342,37.0751
391.3318,892.2578,65.3703,36.6948
386.5779,892.9543,66.9212,36.8933
388.3560,893.2688,68.2182,36.2643
393.4668,893.0272,69.3788,36.7475
392.4067,893.0759,69.8475,36.6501
392.2771,892.8518,70.1068,37.0983
390.8053,886.8062,69.7141,39.1807
389.8026,888.5147,70.0216,39.1595
385.6442,883.9928,69.8278,41.3949
384.0047,883.5845,69.6324,42.2114
385.7762,883.2784,69.5855,42.8237
386.6317,882.6314,69.6321,44.1177
394.2962,886.9611,70.3233,42.5784
392.3265,886.9454,70.7337,42.6098
392.2521,887.6720,70.8827,41.1566
393.0574,887.9434,74.5183,40.6139
394.1224,888.8638,75.9751,40.5663
397.2886,889.4038,76.8987,39.4863
405.4139,889.0755,76.9291,40.1429
405.2345,889.3897,75.4672,39.5144
406.9899,889.3644,73.7449,39.5651
408.2018,890.2340,74.8489,39.5899
408.3821,886.4659,72.7077,40.0035
413.6616,886.5006,70.9298,41.6902
411.1203,884.8902,74.2538,41.3940
411.2426,885.0081,74.0091,41.1581
412.9115,883.3917,79.6471,39.0055
408.4586,884.4282,83.0301,36.9325
409.6233,879.6410,84.4086,35.3831
407.0454,881.1082,85.8712,34.2954
414.4088,880.9523,84.0825,34.6071
429.6739,880.3557,82.8017,35.8003
448.9192,873.4790,80.9253,36.7386
458.4557,868.3699,78.2324,37.8567
468.8009,862.1376,75.5451,37.7191
489.1153,855.5795,75.3653,36.7662
515.1653,854.7502,75.4502,36.6854
541.9345,851.3791,74.0918,38.2095
555.3052,851.1646,71.7917,40.3842
560.3618,850.4506,68.6752,41.8124
562.0071,853.8708,65.3844,45.3341
563.1638,852.6284,63.0711,46.0827
566.0266,853.2355,60.7731,48.2958
568.7711,852.8597,60.4286,47.3327
567.8547,852.0648,62.2612,45.5348
567.6445,851.4258,62.6816,45.1202
568.5821,841.5780,64.1906,42.8195
568.7776,842.4632,65.4762,41.0491
569.9943,841.1824,66.3761,40.2777
571.3792,840.7242,66.9401,39.5271
583.3029,840.2959,68.0332,40.3838
586.7307,841.5638,69.6446,39.5413
592.5939,847.5323,71.5425,37.8226
596.7613,840.7571,70.0146,39.4612
609.4864,840.5349,70.1717,39.9057
607.7310,838.8544,68.5313,41.5494
606.9911,836.2001,66.5702,43.4172
607.7061,818.5223,66.8627,44.3233
608.8151,813.1268,66.3866,44.6629
607.2005,810.9418,66.1350,43.8115
608.1760,812.5192,65.9066,44.1017
608.4604,812.5274,65.3377,44.0853
608.1908,812.1082,64.1618,44.9239
606.7452,811.3439,63.6306,44.7412
605.9216,810.8340,63.5778,44.0608
606.3826,810.3284,62.6558,43.3839
607.0267,809.6690,61.3676,43.0397
2
0
0
0
0
1
722.2645,751.5250,44.6533,43.4282
732.7252,735.8157,45.9251,44.3310
748.4669,712.4325,47.1317,45.6158
761.2672,694.2360,47.8209,46.9559
773.4256,676.7524,50.3696,46.1023
777.2987,670.7326,51.7365,45.9909
777.3417,671.4141,53.1889,44.6279
780.8339,675.4080,55.4383,42.7958
779.5173,675.4027,56.5277,41.2627
778.8308,675.6568,57.9006,40.7545
779.0201,677.0986,57.5220,40.9664
779.2980,676.8372,56.9662,41.4893
778.8893,681.8840,57.7837,40.6696
778.2325,687.8515,59.0972,39.5468
779.3884,689.7604,59.8770,38.8205
780.1817,694.3581,58.2904,40.4431
783.8328,694.8255,57.1822,41.0568
779.2462,699.7934,55.5626,41.9140
778.6775,705.0494,53.6373,43.6524
775.6100,709.6727,50.5916,46.6466
777.8380,706.7010,49.1977,47.9969
775.6946,711.9157,47.3621,49.8123
776.5938,710.9540,47.0940,50.2054
771.6716,710.7314,44.6815,52.1827
767.3144,712.1363,42.7261,53.9458
766.7492,713.4243,40.8169,55.9294
758.2709,714.7471,39.5466,57.8403
747.6464,719.6467,39.4193,58.7293
735.3406,724.8369,40.9587,57.5780
717.3645,733.6300,44.4400,55.4539
701.1315,744.3530,48.6327,52.8569
685.0219,751.6318,50.4916,51.0826
674.6494,755.9791,53.6410,48.7863
674.2784,756.7957,55.9957,47.1530
673.3446,758.0323,57.8632,46.3028
672.0004,751.1613,58.9138,45.3038
672.4166,751.4720,59.7190,44.6825
672.0270,751.8721,60.4983,43.8822
671.7049,752.1652,61.1425,43.2961
665.1406,753.3669,62.8002,40.8927
670.8397,757.5103,62.7688,40.7251
670.8491,757.5080,62.7499,40.7296
672.0502,759.8263,60.3478,42.5743
668.7581,760.4807,57.2434,44.4950
668.1182,762.2258,55.3251,45.8019
666.0200,762.7677,54.7493,46.3089
666.7277,762.1194,54.9239,46.0154
667.2429,762.3807,55.4815,45.4929
665.9358,757.2365,58.0957,43.0756
663.2356,757.6315,60.3185,40.6968
662.4552,757.6993,61.8792,38.9778
662.5555,757.3975,63.2566,38.0036
655.9768,755.4070,63.7563,37.2379
661.3041,749.8296,64.1387,35.7792
662.7258,741.2182,61.2952,37.4261
666.3939,729.2487,58.5890,39.7595
661.3593,723.5629,56.3246,41.8809
660.1046,711.2036,54.2070,43.4643
652.4607,692.3576,52.6009,45.8327
647.1805,685.4598,52.3168,47.2345
642.6331,679.7584,53.5754,46.0996
626.2147,669.8945,55.0406,45.4357
612.8458,659.5082,56.4905,44.0813
591.5674,642.4110,57.9467,43.4984
569.9983,637.3650,59.6538,42.4359
533.8191,630.3005,61.5248,40.5449
491.2045,631.5305,65.2108,38.0852
470.5929,636.1104,66.1184,36.9884
456.7489,640.3352,66.4797,36.5760
425.6040,648.9199,67.7510,35.4642
392.2559,654.8164,68.6244,34.9092
363.0408,666.7180,69.1418,35.2365
343.6518,678.0645,68.9934,35.2504
325.8687,694.0577,65.6798,38.9037
312.0721,719.9301,62.2378,42.6958
302.4817,746.9386,58.3841,46.2648
299.9998,765.2219,55.1217,49.1841
296.8250,793.8363,51.6196,52.7073
302.4667,805.4456,48.5508,55.7756
304.7032,803.2803,45.7198,58.4641
314.2564,798.2947,44.6271,60.2473
327.9145,804.0504,45.3097,60.2648
337.6101,808.6601,45.8194,59.3373
351.1483,814.7974,48.4897,56.9782
370.0980,826.3297,50.4198,55.4880
392.7521,829.2495,53.4651,52.9832
399.3941,832.3649,55.2683,51.7813
413.0794,842.1975,54.8672,52.3433
431.7398,852.0236,54.6876,52.9500
428.6275,850.3886,54.1322,54.5250
429.4088,848.9478,52.5694,57.4066
425.9332,842.3741,50.8634,60.1650
426.7863,844.0870,49.1570,61.9802
420.6964,840.9135,47.3587,63.0853
408.4773,838.8629,49.2436,60.2470
387.7123,841.7209,52.8878,56.2532
366.5917,837.9500,57.3210,51.7652
345.8863,833.2128,60.9504,47.5008
324.6168,828.5570,64.2835,44.8801
303.5805,814.5659,65.2605,43.7531
279.2964,796.1660,65.9942,42.9686
259.4417,777.7241,64.7514,44.0193
228.7182,751.1592,63.1088,45.9951
205.5304,725.8276,61.5236,46.9849
188.5949,700.3038,59.5907,48.5886
165.1756,675.8044,58.7899,49.9482
154.2312,668.7038,60.1467,48.7504
141.1286,663.5275,62.3760,47.1149
146.7890,663.6447,63.0956,46.8807
144.4388,664.9944,64.3416,45.9085
142.7482,666.5679,65.9927,44.4917
141.2744,668.2098,67.2086,42.9394
141.3016,669.3483,67.1542,42.3864
141.4190,668.6335,66.9195,42.1021
138.1167,664.9106,66.7011,42.7250
139.0919,664.8316,66.4636,42.8830
139.5985,662.2426,65.4505,42.9253
137.4862,654.8733,64.5828,44.0841
131.5336,649.4307,64.5623,44.7472
129.3818,636.4367,62.0086,46.7347
130.5567,627.6052,59.6587,49.0233
130.5585,612.7958,57.9457,51.2906
123.5584,599.9738,56.4708,52.8622
108.8426,573.7300,56.6361,53.7033
110.6040,553.0655,54.8507,55.0705
114.5777,544.8047,52.0964,57.7436
122.6597,529.7463,49.7660,60.1934
123.3393,507.2584,46.6770,61.9268
127.0618,483.8524,46.0564,62.6748
133.8969,451.4057,44.3374,64.3983
143.2964,422.4836,42.5889,64.2699
149.6675,389.3000,41.5658,65.3460
156.6479,364.6154,40.9905,64.5190
168.3471,349.3253,40.7090,63.7262
186.2389,339.9041,45.7913,61.3184
195.1393,329.4287,49.8608,58.7167
195.5449,331.9726,52.4665,57.0457
195.1955,330.1862,53.1653,57.1700
195.9127,329.1313,53.4682,57.5426
194.9052,327.1149,53.7354,58.0796
198.1167,321.4934,52.5939,58.7595
201.5685,315.9983,50.9490,59.2321
202.1365,314.9653,49.8131,59.5640
202.8207,315.7924,48.4447,59.6308
204.2630,315.7825,47.2598,59.6505
205.5765,315.6865,46.3136,59.8424
205.9225,315.6818,45.6216,59.8518
206.0381,315.7643,45.3904,59.6869
205.3238,319.1036,46.8190,57.9612
205.5438,318.1811,48.0267,56.5105
204.2939,321.3098,48.8816,55.1879
204.1435,320.5746,49.1824,55.0202
205.6610,321.8288,49.4280,54.1521
210.6818,324.9886,50.8018,52.7248
216.3117,326.3951,54.2144,49.9118
225.2763,328.6171,57.5978,47.1072
226.5694,325.9883,58.3052,45.7776
235.3226,318.3418,55.5240,47.9814
241.0144,304.6827,52.2852,50.8658
249.0428,296.8695,49.2233,53.4971
251.1176,294.1053,46.6911,55.7910
255.7885,291.7590,45.4107,57.2590
263.9673,285.4705,45.1947,56.9227
276.7270,276.6609,46.9687,55.2760
283.8296,270.0947,47.2429,55.5378
286.4131,263.3905,45.3105,57.6254
288.0846,252.7035,43.5856,59.5817
287.5328,245.6597,43.0694,60.7109
283.3787,233.6854,43.2355,60.2333
284.2311,233.0645,43.1545,59.8512
282.3095,226.4576,43.7642,60.1305
284.7292,226.2093,45.4489,58.9960
282.7162,227.0595,47.8336,57.2956
280.6127,228.4464,50.3868,56.1757
279.5339,227.1826,52.5444,55.3483
280.0055,227.2844,53.3002,55.1446
254.2462,227.3388,55.2946,53.3282
252.8560,226.8283,56.3645,52.6387
249.5764,228.5422,57.7746,50.9271
243.2126,235.0125,60.2363,48.2526
235.5246,241.5401,61.9652,45.4326
230.6564,243.2842,63.2701,43.6307
225.3262,249.6913,62.1960,44.2273
2
0
0
0
0
1
276.0550,237.7667,43.2833,35.8888
277.2010,237.8849,43.4822,36.8979
279.3409,235.6194,42.9967,38.8993
277.5846,231.1199,42.6414,41.4518
273.7238,229.1851,43.7417,42.6730
272.4241,228.8324,44.9802,43.3783
270.1813,228.2220,46.6830,43.2076
265.6579,229.3700,48.6532,42.3271
261.9822,230.9122,51.7089,40.6744
259.2185,232.4056,54.3317,39.1401
255.1074,235.2091,56.6855,37.9343
249.0480,238.1836,58.4250,36.4336
246.2939,241.3577,59.4820,36.0205
242.2298,247.8478,61.6397,34.9810
230.9212,253.6738,64.6654,33.8782
219.2332,259.7971,65.0492,33.8941
207.3971,275.3050,64.1018,35.1917
191.8825,290.5901,62.6436,37.1089
171.9625,310.9296,60.4179,40.0535
167.3839,323.1974,58.5567,42.2771
163.6726,328.4221,58.0655,42.9070
163.7129,327.0360,56.3992,44.0936
167.7321,321.3843,59.4180,41.1806
176.2437,310.1014,56.5941,44.8140
182.3258,300.6660,52.4015,49.3364
192.3704,289.9904,48.3321,53.0656
202.8589,276.0568,46.5117,55.3907
219.6610,268.9695,48.1787,55.1361
243.2692,249.2876,49.7447,53.8480
259.1550,238.5034,52.2254,52.5813
290.0357,215.9389,54.8335,51.4965
321.3620,204.8641,57.4778,48.5318
358.5049,199.4617,59.9181,45.9930
389.2730,195.4837,63.2889,42.2990
413.5179,203.5135,64.4360,41.1305
451.4860,221.4929,64.5058,41.5224
480.1449,246.5612,61.9648,44.5027
489.1804,253.8906,58.9328,46.5539
496.7896,259.6812,58.6396,46.5811
510.5847,261.5477,60.8266,44.5025
531.5909,257.1681,63.4651,41.6855
563.7737,244.9917,63.3329,41.3332
600.2237,219.9134,62.5559,42.3150
609.3259,213.5033,60.7893,43.6286
611.2257,210.9912,58.6287,45.3751
612.1860,207.7939,56.7081,48.5006
608.4515,207.4071,54.2435,50.9299
608.0217,206.2671,51.7912,53.2098
604.9855,202.7406,49.5959,55.3022
601.0921,198.1283,47.4748,57.9216
596.9781,197.2627,45.7561,59.6528
589.6093,190.6117,43.9301,61.3601
577.2748,184.8653,43.8129,61.2860
563.2063,179.6532,45.5598,60.1645
535.6487,171.1805,47.5237,58.8393
508.8262,158.4167,49.3170,59.2774
484.5317,156.8489,51.7807,57.2879
477.5163,156.8589,53.7920,55.5508
478.6747,159.0647,53.1970,56.3049
493.1990,161.1282,50.0124,59.0750
503.4958,164.5639,48.2995,60.7856
510.7235,167.3300,47.5645,62.1137
522.1719,174.0113,50.5191,59.0916
541.6121,183.1265,54.7596,54.6598
564.6173,198.3098,58.7201,50.1403
599.8904,211.9946,61.8331,46.7528
637.0657,225.2546,64.2475,44.1151
659.8550,239.3068,64.5448,43.1967
673.9358,259.6500,61.7090,46.4079
689.2146,290.4099,58.3251,49.4257
711.5783,312.2295,57.6785,49.8673
734.8434,319.5157,60.2312,47.1425
750.1578,336.3744,61.6704,45.4931
766.0969,350.1218,60.0826,46.6058
776.0402,376.9964,56.9637,49.8670
772.8240,400.2643,53.3073,53.7747
768.9775,433.0536,49.1961,57.3355
757.7717,475.3088,46.4611,59.9997
751.3506,517.1589,44.2449,61.6305
748.1196,552.4645,42.3985,62.4725
745.4244,586.1331,41.2131,62.5365
726.6127,611.6611,43.0821,60.2364
704.9627,619.4209,47.4674,56.0669
684.6189,621.6912,52.3158,51.5265
658.2509,620.6183,55.9928,47.1309
630.0189,611.7203,58.9145,43.8344
612.1216,590.5329,57.5932,45.8661
594.4072,557.6483,55.6089,49.8222
583.4515,516.1587,52.6246,53.1355
571.7668,472.3575,51.0113,55.7968
556.5471,426.5859,49.5006,58.2155
548.1924,384.0084,47.5656,60.3192
546.1586,359.0111,46.5452,61.1296
540.1900,351.4015,46.6400,61.1229
527.7972,322.3590,46.0273,61.6384
506.7859,282.7105,47.4644,59.7646
492.4431,270.0309,49.1762,58.1498
486.6633,252.2112,48.9150,58.3267
482.7268,215.8795,46.6646,60.1268
490.0580,177.0145,45.4296,60.6499
501.4913,159.7272,44.2241,61.8998
503.0638,159.9246,42.7446,63.1705
501.3319,165.9071,41.2278,64.4868
492.2907,171.2499,42.7631,63.7295
478.3494,174.1157,45.6123,61.3357
464.0509,173.9542,49.0143,58.2993
443.7141,175.8909,52.5431,54.4258
412.2555,177.8785,56.5035,50.4507
384.3068,181.4205,60.2080,46.7341
357.0385,196.0739,62.6403,44.3197
325.6671,221.2095,63.2889,44.3952
301.7581,228.0440,63.8072,44.2404
272.9139,230.1375,65.5754,41.7479
253.1816,238.2100,66.4073,40.7200
241.9058,256.9512,63.8357,43.4347
230.2218,286.3459,60.2975,46.8661
212.8058,327.4663,56.3907,50.5245
202.9239,372.6895,52.5915,54.3301
211.0209,424.0952,49.8674,57.5947
224.6062,476.9167,49.7563,58.4988
242.7814,530.0327,49.1776,59.5819
245.0052,560.2310,46.4409,60.7736
244.6925,576.0884,45.3817,61.0672
233.1526,585.5884,45.0561,60.4569
216.8783,603.7700,46.1182,58.8948
191.4536,619.2643,49.0977,55.9678
155.1464,639.8640,52.2571,52.8032
146.4018,641.8734,54.8560,50.4391
153.4461,641.3069,54.0300,51.5720
157.7678,641.9222,53.7011,52.0041
151.7584,643.5151,54.0677,52.1477
147.7306,645.9047,53.7603,52.3864
148.2351,647.7181,52.7513,53.7742
154.1643,647.0488,50.9582,55.1128
154.0923,649.0142,49.4320,56.1923
160.7980,652.3633,47.6583,57.8067
162.3882,656.7407,46.1369,59.0055
168.8995,666.7437,44.6830,60.4843
174.9727,681.5433,42.4456,62.2636
186.9194,699.5673,43.1758,62.3302
203.4096,713.6947,44.9430,60.5497
220.4586,736.9617,45.6368,60.4049
228.8861,750.2906,45.4407,60.4013
238.3538,755.6376,46.4569,59.6831
248.1060,764.1307,48.6398,57.7110
264.0336,769.8523,51.9237,54.6344
277.0585,758.6168,56.0770,50.2583
305.4444,750.6616,59.5671,46.0814
342.9753,741.8299,62.5424,42.1600
378.4593,742.4272,65.4208,39.3244
408.8625,749.0082,66.8082,37.6192
427.0446,749.0254,67.8970,35.9564
444.5089,756.7946,66.9049,36.5783
472.5954,777.6339,63.9303,40.0376
485.8820,795.5183,60.1273,43.3034
494.9595,821.9305,56.5832,47.2992
508.5289,842.6354,53.9591,50.0159
512.1307,841.9409,53.3037,51.4048
519.0691,834.9136,55.9159,48.9707
522.4960,834.0479,58.9672,45.7496
521.4959,834.3221,60.9674,43.5553
520.8667,834.2592,62.2258,42.0407
527.4318,834.6660,63.8040,39.5930
531.9471,837.8606,64.4760,38.0550
531.9717,838.6973,66.0280,36.3815
531.4163,839.4172,67.1389,34.9418
531.7226,840.0409,68.1138,33.6944
532.4411,831.9902,65.0965,35.5738
534.5752,831.3375,62.3966,36.8793
535.8221,830.7278,59.9028,38.0988
537.8724,824.5164,58.8697,38.2514
539.6965,820.3434,56.7423,38.9933
541.6853,819.9925,55.7671,39.6952
542.6876,809.7266,53.7625,40.7528
544.0981,811.1578,52.4262,40.8604
551.3090,813.4004,51.2009,40.7739
552.6844,811.9547,49.8961,40.7731
551.8570,811.3905,48.6988,40.4754
552.3139,810.8695,47.7850,40.1146
559.7606,813.6724,48.1038,38.6576
567.6863,808.8408,48.6240,37.4064
568.9038,807.6701,48.8928,37.0439
574.3182,806.4574,48.8649,36.7692
580.1656,802.5500,47.9317,37.8579
581.6522,803.5761,46.3071,39.8518
584.3818,802.2831,44.9157,41.0819
590.4559,802.9575,43.5992,42.4410
605.0778,794.7099,45.5188,41.3221
608.8454,808.7010,43.4523,43.4176
609.7785,814.3107,44.3221,41.7744
608.7560,815.7728,45.0115,40.2060
2
0
0
0
0
1
618.4197,788.0905,55.7807,26.2864
619.2407,788.3033,56.6815,27.1322
621.4359,788.3826,56.1888,28.2729
621.6177,787.7854,55.8251,29.4673
623.5063,787.3669,56.0292,30.3042
624.0715,786.9686,56.2432,31.1009
627.6086,788.0485,57.3359,31.6634
627.9677,788.3585,58.0048,32.4302
628.5011,789.2166,58.3478,33.5339
630.3060,790.3580,59.0392,34.1185
629.9572,790.2357,59.7367,34.3630
631.7303,790.1783,60.5955,34.4778
634.4439,789.9492,62.5834,33.4529
635.0829,788.3908,62.8002,33.5799
644.6917,782.6887,64.5865,31.4820
661.0686,776.5108,64.6184,30.4253
675.7126,763.5107,63.3046,32.8681
691.5494,746.9534,60.0447,36.0737
697.8441,732.4191,56.4665,39.6106
702.3834,725.8389,53.4167,42.2208
703.3388,725.2034,51.5058,43.4917
705.2643,719.3864,49.1496,46.1576
706.0869,717.7663,47.5044,47.8971
707.0830,715.2800,45.5121,49.8648
706.4276,713.8235,43.8198,51.2762
707.7658,712.3298,42.6397,52.7672
709.0021,710.2513,41.6675,53.9236
