1
129.2045,326.3151,78.7312,93.3065
130.0713,323.3961,76.9975,99.1445
121.0361,331.6375,75.6891,104.8089
121.3601,335.0243,77.8743,106.5350
124.7732,356.4037,82.6294,104.3104
131.4965,355.2711,86.8167,103.6366
129.6656,339.9108,90.4783,101.3974
118.1555,314.0639,92.3555,95.7028
111.1027,279.7613,88.6926,99.1565
117.3484,252.9000,82.1153,105.5655
127.4904,242.8323,76.5805,110.9516
130.9623,230.5517,72.5775,114.9270
132.1092,219.3198,70.2838,116.8533
132.1807,221.0164,73.0649,116.3842
136.3786,224.3306,76.5247,109.7559
153.4746,237.7388,83.2387,103.3923
138.2889,247.6519,90.1319,95.3054
141.2845,249.1377,92.9005,89.4138
148.5539,240.3437,92.7166,86.9051
149.1903,222.5054,94.2720,82.9852
144.9088,203.4199,100.0451,76.5156
137.5997,177.9604,98.0175,74.7229
143.3135,155.2751,92.0181,79.3815
143.7021,138.1444,85.8463,86.6692
154.1417,133.3683,81.2676,93.5045
164.2312,124.2415,77.5923,100.7556
165.1271,118.7079,75.8006,106.2175
165.1882,124.1088,75.6784,109.6976
175.2530,120.4755,75.8976,111.1503
169.9479,128.7994,77.7103,112.0977
170.5128,128.5450,79.5573,109.6296
168.3763,126.8902,80.8605,106.9994
175.1906,126.1579,81.9882,105.5128
174.0414,123.8699,78.3926,107.1420
172.3776,125.3448,72.9811,110.0182
175.4178,128.4864,69.7678,109.4690
175.9426,138.8723,68.7183,105.5289
181.0157,151.7994,72.2156,98.7756
189.3752,170.1190,79.6583,91.6673
192.0644,182.9495,85.0654,84.8811
196.2841,179.9485,87.3312,80.1778
207.6936,172.3434,85.6111,79.5639
211.1461,162.1543,83.9074,79.1363
209.0071,148.8857,85.6181,77.4326
208.2842,128.7464,87.0639,76.6406
201.5474,97.8502,82.5006,81.7452
214.8682,68.1289,76.5513,89.4569
229.3212,55.5202,71.1562,96.3880
245.8063,43.4819,64.4961,102.0476
247.6521,40.7991,63.4105,102.2012
235.3787,63.1638,69.8265,96.3235
268.7316,51.1298,76.1504,91.7013
244.2707,90.7236,80.1837,86.4475
258.7870,90.1896,74.7639,90.1392
272.3347,70.3266,71.0152,93.5481
277.5787,52.0722,70.8691,93.8604
269.9723,28.8753,78.3184,88.4974
239.9179,1.6033,85.9112,82.6482
252.9431,-5.0414,91.7131,77.3570
253.0510,-3.7812,86.1770,74.8366
254.0637,-2.8193,81.6176,72.9127
255.9597,-2.8032,77.8256,70.4480
257.9774,-2.9635,73.7902,68.4344
259.1280,-1.2962,69.2496,67.3391
260.5814,-0.7763,66.3429,66.2992
260.2976,0.0213,62.7326,66.7930
260.2019,2.5445,60.8846,67.8650
261.2302,3.6621,58.8280,69.6835
261.6688,3.4873,57.9508,72.0551
253.7695,-0.8441,59.4391,72.5406
253.4088,0.4637,60.1606,74.0768
252.1652,1.4872,60.5365,74.1409
252.0045,0.3104,60.8579,76.4945
253.2576,-1.7221,62.6708,74.0808
252.0718,0.1504,65.0425,72.4875
249.5423,1.8172,67.9364,71.3191
248.7685,3.9545,71.6768,71.4300
240.4461,6.2085,74.7997,71.4294
242.0932,7.6036,73.8081,73.2445
245.3544,8.1324,71.9173,74.5028
246.0756,7.6706,70.4751,75.4263
241.8105,9.3389,67.5185,76.6845
243.5728,8.1258,66.2637,76.8408
240.6078,8.8137,65.4374,77.7171
241.3292,8.6449,66.2471,78.0547
237.8045,9.6179,66.4847,78.3792
236.6979,15.8535,68.6979,75.0257
235.6400,25.9727,73.0764,70.6269
227.3561,29.6987,78.3294,65.4380
237.0915,41.3280,85.9999,60.2736
238.2550,44.7004,92.8515,55.8234
261.1202,47.2858,95.9064,55.2987
255.3639,48.2294,100.3401,55.7711
264.6530,46.0204,96.3615,60.1892
268.0047,44.8763,97.0047,62.4774
262.4461,38.7638,100.6315,62.2185
269.6769,36.0777,101.4500,62.4975
265.6996,29.5704,106.8411,60.1306
271.9174,27.9107,110.0273,58.2427
266.8069,19.9551,115.0114,55.8253
249.2997,11.1668,118.2298,54.8543
253.8412,7.1700,119.8654,54.8090
249.8037,3.9160,114.4271,55.9117
253.2649,2.4005,110.1473,56.2999
256.8386,-0.3462,105.5866,56.6199
260.0782,-1.5949,101.6326,56.5921
261.4852,-1.9986,96.3523,57.3995
266.1083,-1.5382,89.5079,58.8807
269.4540,-1.5178,82.8165,61.1642
264.9686,-1.7521,75.9604,63.8937
267.5844,2.6159,70.7289,66.1597
267.9611,1.9783,65.6646,69.5902
268.7499,3.7562,61.9572,72.4238
270.5459,8.5226,58.3652,75.5787
270.5344,8.0488,56.2832,78.6313
271.0050,8.7362,55.3419,81.4913
274.2174,7.4945,55.3521,83.9746
274.4748,8.4568,57.0198,86.4151
272.5297,10.8469,58.6631,88.3756
272.1661,6.8147,61.6940,89.5289
270.9930,14.5553,64.0402,90.6472
271.5536,21.6808,67.7731,90.9582
264.6588,19.5441,66.6044,92.7385
259.5739,17.2396,61.7689,97.3475
261.4801,21.2609,57.9564,101.7553
262.8396,25.5869,55.2376,105.5602
262.4225,27.3900,53.5705,106.9560
263.0412,34.6944,52.3333,107.3040
262.9122,34.7389,52.5913,107.2149
263.1641,38.5903,52.0875,106.9510
264.7777,47.3005,51.3273,106.7995
267.1412,56.1252,53.9550,103.8597
269.6896,70.0024,58.6743,98.1915
267.3530,81.6517,65.7980,92.0473
270.1443,88.4412,72.6013,85.8997
281.0195,77.6342,70.8018,87.5626
293.6329,70.5489,65.4985,94.2620
304.6884,70.0659,63.4331,100.2394
311.6455,77.9633,59.7636,104.9341
321.2838,79.7744,55.9019,109.0193
322.7759,80.8502,52.9178,111.9943
322.0538,95.1772,51.8069,114.0007
324.0794,107.6699,55.4501,114.6634
320.2247,118.9672,57.8834,113.1734
315.8408,127.9594,58.6760,111.1394
315.4084,130.3221,59.5410,109.0561
316.4642,133.7676,60.0556,110.0440
319.3325,140.0021,59.6182,110.8232
321.6947,138.3649,60.2012,111.4441
325.9848,137.4707,59.6393,113.2325
