1
184.2732,20.3558,49.4628,37.7887
183.8492,23.2293,49.7685,37.0557
183.7413,24.3591,49.9687,37.2963
182.5724,26.2809,50.0031,36.6680
182.2953,27.7969,49.9637,35.8365
181.1940,29.7466,50.4318,35.2479
181.1605,31.3312,51.3125,34.7367
179.8614,33.0087,52.0641,34.2779
179.0667,34.8183,52.9838,33.8322
177.3651,37.2422,53.9418,33.5969
177.7970,39.1869,54.7208,34.2802
176.4189,40.4297,54.3568,34.4611
175.8081,41.8663,53.9678,34.7381
175.8566,43.7471,54.4406,34.6632
176.1342,43.7274,54.9379,34.4662
176.9547,46.5843,56.0685,34.3728
176.1332,47.0934,56.6468,34.4761
175.4953,48.0513,56.7126,34.2186
174.6667,49.3283,57.1917,34.0414
174.6948,50.0060,57.0541,34.1827
175.0394,50.9029,56.0936,34.0988
175.5751,52.8082,54.9333,34.2609
175.5152,53.1415,54.3717,34.5553
175.6706,54.2051,54.0962,34.9049
176.1379,55.1193,54.2674,34.8576
174.5532,55.7037,53.7797,34.9804
175.7590,57.0648,54.3378,35.0874
175.2784,57.5151,54.9727,34.9275
173.8783,58.7094,54.4379,34.7817
174.8252,59.5842,54.9653,34.2944
174.8367,60.3111,55.6630,33.9470
174.0642,60.3449,55.0854,33.8467
173.6559,60.1361,54.2928,33.6454
173.9338,59.7262,53.9830,33.6675
173.6772,59.8008,53.9267,33.6522
174.0007,60.0310,53.8859,33.4680
175.7177,60.6582,53.9147,33.6697
175.5733,61.2514,53.3705,33.7746
175.9017,59.8396,52.1110,33.7013
177.3823,59.2299,51.7060,33.6961
178.6632,59.2577,51.8794,33.4640
177.7572,59.3480,51.7057,33.5613
178.6305,59.0376,51.6195,33.2833
179.7020,58.8079,51.4413,33.2863
180.4944,60.3128,50.6233,33.3751
180.5466,59.5448,50.0566,33.5300
179.4863,60.2936,48.2995,34.1339
181.1766,60.3313,47.5299,34.6300
183.1886,59.7800,46.7257,34.9849
183.6443,59.1994,46.5759,35.2751
185.6101,59.2283,46.8809,35.5424
186.4376,58.7715,47.2776,35.9531
187.6684,57.8244,47.2545,36.2833
189.3878,56.8800,47.1009,36.5228
191.9171,55.3812,46.2803,36.8808
193.1741,54.5818,45.4570,37.2229
195.6244,53.7536,44.6089,37.4356
196.6775,54.1433,44.0385,37.7259
197.4858,53.2541,43.4325,38.0798
198.6110,52.5896,42.9140,38.6233
200.4134,52.1463,42.8192,38.7617
202.4930,51.2315,42.1894,39.5800
202.8077,50.0518,41.7348,39.9425
204.1947,49.4765,40.8479,40.6594
204.9956,49.9183,40.1202,41.0686
205.0728,50.0710,38.7410,41.2654
206.3645,49.1678,37.6566,41.4160
206.6295,49.1871,36.9662,41.1922
206.4348,48.7573,35.5494,41.3525
207.0776,49.1966,34.7463,41.2825
208.2190,49.4730,33.9283,41.4708
208.3844,49.5808,33.0151,41.6208
209.2215,48.9462,32.2204,41.7988
209.6039,49.0760,31.6830,41.9624
210.5389,48.0735,31.0806,42.3410
211.9558,48.9727,31.5580,42.0389
212.3411,49.4549,31.9528,41.7433
212.9653,49.4308,32.3611,41.5063
213.4283,49.6122,32.7361,41.2978
215.0322,49.3268,32.8483,41.2244
216.3621,50.0258,33.1652,41.1363
217.2135,48.5450,33.5513,41.2276
218.5073,49.6840,34.4199,40.6413
218.8022,49.7743,34.7882,40.4004
221.7951,50.0490,35.9103,39.7586
222.6846,49.4014,35.7918,40.0227
223.8212,48.8967,35.7559,40.2885
224.8642,48.4426,35.8199,40.4876
225.5666,47.3143,35.7641,40.7712
224.9143,47.3236,34.7172,41.3547
225.4038,46.4496,33.1800,42.0939
225.6253,46.1787,32.3790,42.3012
226.7365,45.3920,31.5017,42.6344
226.6494,43.7061,31.1981,43.1162
226.2923,43.4170,31.2908,42.5412
226.2970,42.7405,31.7618,41.9913
225.0444,41.8398,32.7211,41.9159
224.6235,40.9767,33.5713,42.0796
223.6449,38.5203,34.6599,42.4501
222.6669,37.8781,35.4624,42.8388
221.1060,36.2529,36.4459,42.9098
220.9023,33.8986,37.2810,42.9350
219.4173,32.8436,37.1392,42.9268
218.7393,30.9812,36.9247,43.0934
217.3618,28.1707,35.9215,43.1603
216.2272,27.0848,35.2354,43.2137
215.7335,26.5063,34.5986,43.1705
214.4218,24.4194,34.2807,42.8235
214.7021,24.2337,34.6253,41.8090
214.2980,23.9597,34.5287,41.2273
213.2985,20.4657,33.6736,41.7694
213.2213,19.7344,33.2841,41.8884
214.1504,19.2609,33.1601,41.4117
214.6645,19.2346,32.5852,41.4273
216.0164,17.8724,31.8675,41.4833
215.8204,15.1668,30.8559,41.9196
215.7237,14.8757,29.8848,42.7077
215.5400,13.3897,28.7292,43.6485
215.5030,10.4877,27.7405,44.9863
216.1521,9.0445,26.3911,46.2183
216.1774,7.0224,25.4953,47.1016
217.5998,7.1388,25.1757,47.3114
217.3264,6.4723,24.4276,47.7449
218.2489,6.2440,23.5912,47.6992
219.9454,5.6693,22.4363,47.9138
220.3024,4.1610,21.5567,47.8153
221.9434,4.7438,20.2861,48.0613
222.1495,4.3027,19.9423,47.3878
223.6580,3.7275,19.1559,47.4308
224.8158,3.5317,18.4327,47.4436
226.0237,3.9679,17.5320,48.2228
227.8086,2.6036,16.9506,48.5808
229.4984,3.4366,16.5611,48.6517
230.8287,1.9656,16.2478,48.8671
232.3891,4.6119,16.2619,48.9029
233.5495,6.3114,15.7155,50.1208
234.3856,9.7136,15.7190,50.5097
234.8834,11.0194,15.3286,51.7965
237.9526,13.3325,14.6867,54.0703
237.8197,16.0118,14.6753,55.1157
240.1842,18.4492,15.0476,55.5597
241.0209,21.0631,14.5824,56.7627
244.6419,24.8725,14.5548,56.9240
245.1966,26.2963,14.8806,56.9418
245.1864,29.0774,15.5305,56.8162
246.0210,37.9934,15.7621,57.0067
246.8470,41.1258,15.7653,57.5127
247.5532,43.5925,15.7385,58.2791
247.9963,51.1211,15.4887,59.4604
248.3625,54.9472,15.4610,60.1031
247.5300,63.1311,15.8719,59.2768
247.0013,67.4524,15.9676,59.4733
246.6005,70.1385,16.1318,59.0951
245.4957,70.5775,16.2497,58.5711
245.2759,50.1206,15.7962,59.8796
244.7363,46.5281,15.8668,60.2507
240.2202,39.4280,18.7820,56.5947
2
0
0
0
0
1
246.5914,114.4182,16.4882,49.5662
245.8154,115.1590,16.5701,52.2808
243.7931,117.8127,16.5062,55.9987
241.9646,123.1661,16.4193,58.7304
240.1829,127.3927,16.8622,59.3258
237.6032,129.3836,17.0192,60.6849
235.3129,129.5750,17.2414,61.9956
233.5444,131.1007,17.6671,62.0185
231.4375,130.8538,17.9963,62.6426
229.6631,132.0707,18.6552,62.3060
227.7555,136.3365,19.4790,61.0946
226.1182,139.4935,20.6557,60.4358
224.0626,140.7256,21.8706,59.9941
223.5929,143.0560,23.5036,59.1988
222.4775,144.0195,24.6456,59.0663
220.7514,146.6973,25.4234,58.5945
219.7694,148.1092,26.0490,58.5827
218.5380,150.6046,26.3603,58.6697
217.8563,153.5183,26.8741,58.2012
216.2133,156.1375,27.3661,57.7756
215.2976,157.8801,28.3669,56.7856
214.4597,161.7603,29.5228,56.0288
211.4944,165.3281,31.0860,54.6673
211.2982,169.1078,32.1745,54.1544
210.8180,172.1093,33.0305,53.7020
208.4407,174.5284,35.0615,52.3177
207.8044,177.4725,36.5578,51.3404
205.3832,179.3467,38.2224,49.9495
203.4876,182.1701,40.1049,48.5316
202.7448,184.0408,41.7989,47.4250
205.4239,184.2239,42.6437,46.8080
206.3711,184.8709,43.1119,46.3914
208.9457,184.8437,43.4482,46.1669
205.1699,185.4805,43.6614,46.1865
211.4338,188.9092,43.1681,46.7925
212.5257,191.6923,42.5495,47.2556
226.0039,182.2315,41.3084,48.5322
228.6050,177.7094,41.0594,48.6163
229.4120,174.4034,41.4735,48.6260
228.9103,174.0465,41.9550,47.9579
227.6492,175.7441,41.6250,47.6696
225.4122,176.8545,41.1673,47.4712
222.6206,179.7576,40.6442,47.2477
219.4751,181.1758,39.9465,47.3000
216.9549,185.0560,39.4721,46.8020
213.9326,188.5502,39.3040,45.9353
210.8269,190.7309,38.5972,45.4520
208.4782,192.5802,38.0382,45.2176
206.4576,194.5770,37.0543,45.5668
204.8358,196.6886,36.2903,45.4869
202.4210,198.5541,35.8998,45.1417
199.7546,195.1989,35.8629,44.9386
198.0553,197.6076,35.1648,45.1828
196.0687,199.4570,34.4504,45.4218
193.2778,200.0659,34.4283,45.1507
191.6301,199.3787,34.1853,44.5895
190.1444,201.7556,34.0946,44.1725
188.1219,201.8716,33.1025,45.1126
187.0249,200.6563,32.5317,45.3895
188.7483,202.7549,32.8823,45.7369
185.9180,202.8132,32.4695,46.2272
184.5864,204.5473,32.8228,46.3322
183.3939,204.6497,32.7522,47.0528
186.6690,210.1249,32.2376,47.0107
185.6356,215.3586,32.0305,45.8863
183.4868,218.4009,31.2834,45.5891
181.2211,219.7889,31.4263,44.4188
179.5293,222.2558,31.0954,43.6859
171.1221,222.3684,31.2032,42.9822
170.3339,222.3653,30.2080,43.3641
167.9994,222.2357,29.9183,43.0285
167.6877,224.8360,29.1620,42.7313
161.5025,223.8665,28.3720,43.5125
160.5979,222.6856,27.4300,44.2089
160.5030,221.5547,26.4704,44.4809
159.6222,220.8515,26.3053,43.6156
157.9415,220.0459,26.2210,43.0564
162.7121,223.6641,25.8972,42.2986
162.3033,225.0951,25.4486,41.3336
161.6871,225.7489,25.0614,40.6255
161.5121,225.6900,24.8631,39.8269
157.6246,223.0523,23.5640,39.9654
157.2685,221.2849,22.1521,40.3515
156.2855,220.2730,21.1746,40.4613
154.8572,218.7922,20.5101,40.5055
148.8915,216.9591,20.3056,40.4339
147.5287,218.9793,19.5651,41.1145
151.5368,226.5802,20.4048,40.0960
150.0182,229.0330,21.3412,38.9871
2
0
0
0
0
1
72.3135,220.3413,55.5147,59.2591
71.9490,219.9883,54.9540,62.2301
75.2197,218.7875,54.0193,63.1633
77.0829,220.5596,53.0420,64.3331
78.0096,218.4543,51.6466,67.1220
79.9624,219.1486,51.0554,67.4378
85.2016,220.1628,50.3062,66.9178
89.0869,218.8533,49.6050,66.7244
91.8946,219.9596,49.6919,65.6827
95.3733,217.1197,48.5690,67.0928
97.1940,214.3597,49.2146,67.0249
98.6750,212.9809,50.7585,65.8043
102.3240,211.9597,51.4882,65.3961
103.5447,212.7143,52.4706,65.1784
106.3358,210.6811,52.5995,64.8364
107.1444,210.3089,51.6044,65.6125
103.7705,208.7432,52.4028,64.0064
103.5876,209.5664,52.2394,63.3462
107.2404,208.6965,50.9911,64.2796
112.0819,205.3466,48.6491,66.6603
2
0
0
0
0
1
164.2972,222.2137,51.8598,40.6082
160.9461,221.1273,57.2389,38.1722
156.2656,223.2005,61.8465,36.1937
154.9637,222.6210,65.0833,35.6752
151.0833,222.3468,68.1159,35.1955
149.7531,222.5352,71.5208,34.5681
145.4274,223.6586,74.7985,34.1910
147.4310,221.8361,75.5120,35.0992
143.9967,221.9591,77.6223,35.6691
145.6136,222.0573,78.7474,36.7538
145.7437,221.9357,79.7975,37.1720
149.1516,221.1867,78.6745,38.2450
150.8003,221.4443,78.6739,38.7419
156.1783,219.1914,76.2525,40.3990
164.0439,215.7522,72.6494,43.1650
171.2761,211.6213,69.1886,45.5083
176.4468,208.8287,66.8506,47.3251
180.4957,206.9803,64.6431,49.0849
182.9805,206.9228,63.5830,49.7229
183.9852,207.0894,63.2904,50.0425
184.8372,209.5575,63.8530,50.1422
190.2361,211.0242,62.4703,51.1041
196.5939,209.4975,61.0148,52.0610
201.5932,206.1487,59.7876,52.5813
203.9206,204.8579,59.1049,52.9899
204.6792,203.4619,58.5735,53.3609
206.9865,199.5538,57.9157,53.9031
209.4982,196.9098,57.7757,52.9609
211.3728,194.2664,58.0015,52.3335
213.7499,193.0765,58.2853,52.7211
217.5991,190.3868,58.5323,52.5149
220.0683,187.5120,58.6334,52.2557
219.6430,187.2693,59.2003,52.4236
223.8870,186.0856,59.5349,52.5180
227.8053,186.9938,59.3544,52.9312
233.9283,183.6263,58.5732,54.3026
236.5107,182.7584,58.5368,55.4829
240.9678,183.3068,58.0601,56.1993
246.3248,182.1478,59.3690,55.8530
249.5860,179.7913,61.2542,54.4096
250.8036,178.7151,61.4920,53.8776
253.0303,178.8319,61.6984,53.5688
256.0544,178.9471,63.1033,52.9139
258.2530,178.5300,65.3654,52.4395
260.1341,177.3307,67.8394,51.9596
263.3654,175.7829,70.0223,50.5678
266.7108,175.1717,71.7864,49.9140
269.2133,172.7543,72.9081,49.2752
271.7904,171.6194,74.2085,48.4604
276.5049,169.7763,75.4020,47.4033
281.5781,168.5848,76.5117,46.9718
286.2184,164.0253,77.0072,46.8689
291.2544,160.0905,78.8522,46.8559
297.8020,157.0364,78.7624,48.4132
305.6271,149.9050,78.4113,50.1110
313.2803,145.0716,78.1902,52.0959
321.9464,140.5919,76.7352,53.4430
327.6117,139.4685,76.6603,53.8573
333.3969,138.4400,76.6677,53.8287
336.0807,135.1290,77.9835,53.7056
340.8238,132.5675,78.8273,53.1138
346.3472,129.3686,78.7316,54.1245
352.7551,128.0361,77.7875,55.2252
356.4466,126.3257,76.5184,56.6807
357.9195,125.8894,76.0566,57.6694
361.9677,125.1833,75.8888,57.9976
359.2709,125.2674,78.2245,56.5329
358.2463,125.9657,80.7268,55.1759
359.6000,125.8244,82.1123,54.5365
358.4495,125.6128,83.6996,53.8417
358.7560,124.4265,84.8801,54.0527
359.1738,125.3265,85.2328,55.0205
356.8995,123.4940,86.7546,55.1917
357.5401,120.4966,86.4955,56.7240
361.5582,120.4746,84.6582,58.1686
362.1768,119.4885,82.9873,59.2077
361.9527,118.4745,81.5873,59.6219
362.3385,119.0869,80.3979,59.9971
357.5248,117.8397,81.4719,59.5767
356.5182,117.2427,82.1328,57.9491
356.7962,115.7983,82.7557,56.3973
