1
31.9823,57.6630,70.4037,85.8047
37.8636,65.1262,73.3830,85.6203
44.2583,69.7443,75.6065,86.3926
48.9838,70.9779,76.3545,86.4751
58.1031,77.1463,76.0570,86.9535
66.0956,78.2749,75.4658,87.2618
75.8763,80.0979,73.8311,88.7379
85.5136,80.3592,72.4586,90.7725
102.6570,89.9158,71.5366,92.1915
107.4746,91.1587,72.1945,92.2791
116.8689,89.8180,71.5031,92.3751
124.9024,88.5576,70.8891,92.3205
127.0465,82.1659,69.1655,94.8451
134.6360,79.4864,69.4362,95.0543
137.0451,70.7955,69.7829,96.9408
142.5798,69.5602,71.7979,96.7946
144.6701,65.6754,72.9126,96.6211
152.9667,65.1876,74.9624,94.9334
165.0043,61.4120,77.5963,91.8009
183.1103,63.9043,78.6988,89.4819
199.3193,65.1860,78.0467,86.9185
216.5457,67.7887,77.3540,84.3099
233.3535,68.9624,76.8274,81.9624
244.0490,69.2457,75.4388,81.3959
261.9894,68.9965,74.1294,81.8942
272.4326,67.4038,72.8935,82.6235
281.4258,66.3147,72.0424,84.8016
282.8164,62.3023,71.7290,85.4226
282.9305,61.2658,71.5008,87.4956
278.3613,59.0235,70.6364,89.4795
267.3961,58.7489,69.9124,90.0288
255.9856,57.6981,70.1096,89.6166
244.4947,57.7704,70.4951,86.9613
233.3703,57.7416,70.4578,84.5425
220.2244,60.9742,69.9270,80.5159
208.7235,66.6861,69.2516,78.5628
190.0797,67.9036,69.3132,78.4545
179.6663,73.6302,69.2065,78.6309
172.3714,75.0715,67.5075,80.4023
160.6923,80.7029,67.5950,78.4478
153.1922,89.8927,66.5072,78.4545
144.5135,90.2284,65.6170,80.0641
134.1992,81.8469,65.6234,80.7875
133.6008,82.6237,64.5176,81.5366
125.6960,89.6702,64.2542,83.5166
122.2616,89.3647,64.1565,86.4499
114.4089,84.5954,65.6704,86.5273
111.2496,84.1208,67.2066,87.4765
108.0404,83.8746,68.7636,87.9690
105.8740,84.5181,70.6327,86.6820
106.0854,83.9010,72.6842,85.4421
117.6548,82.8544,71.9386,87.5352
131.7390,80.8007,71.3626,89.1341
152.5806,78.3505,70.0576,91.5110
173.0622,75.6368,69.7146,91.8608
191.0415,72.3576,69.2954,90.8037
209.3385,72.9774,70.4346,89.5641
226.2381,73.0136,69.3324,89.4916
237.0743,68.7456,70.1252,88.0432
252.7455,68.5757,68.6248,88.3831
269.0535,68.9589,68.0884,87.6166
280.0186,66.5518,68.1833,87.5363
290.7960,61.7089,68.6564,87.4320
300.3745,60.8651,69.1285,86.6660
306.2172,59.1791,69.6909,85.1388
307.1633,58.3267,70.2338,84.4084
304.9598,56.9040,69.7754,84.8210
296.0954,56.5576,70.4821,85.5139
284.8332,63.1282,70.9226,87.0954
266.0742,70.0172,71.1624,88.2286
248.0289,76.4103,72.1621,90.4813
230.6768,76.8090,71.0647,92.2411
209.7213,79.4577,74.4809,89.5101
181.2318,83.9174,77.2834,88.3302
155.3578,83.7074,79.5053,88.7503
132.8711,82.8140,82.0997,90.5370
110.6926,80.5478,85.6885,92.3516
88.9483,70.5928,87.1278,92.6386
69.5811,65.7939,86.2333,96.5750
50.6208,61.8044,86.7435,95.9208
30.1021,61.0046,87.5212,94.6447
10.8578,67.6391,85.8550,95.7168
1.8651,68.1997,83.8319,97.4539
3.7694,65.2041,82.8761,97.7395
0.2087,67.5288,81.4718,98.7738
1.0231,72.9258,79.8430,99.3209
2.9682,70.0605,78.7702,99.4169
4.2850,60.7531,78.9378,98.4220
4.9007,62.7420,80.4954,97.2329
4.8129,62.5800,80.6710,97.5570
5.6491,64.0256,81.8022,97.4694
7.8304,65.6794,83.0805,96.9822
12.8442,68.3784,81.5535,97.2513
35.4777,77.9922,86.9223,92.0892
37.2562,81.0088,89.0030,88.8749
42.3255,84.0230,87.2681,88.4489
45.0049,83.2039,84.6765,90.0871
55.4943,83.4380,82.9606,92.3708
63.0390,82.8989,81.6719,96.2090
75.3204,83.3980,79.5005,100.8087
96.3471,85.5021,79.9654,102.2696
110.9279,85.8040,82.3129,101.6658
130.4113,86.9271,83.8523,102.3130
148.1269,86.1388,83.5587,103.8896
177.4687,87.8515,83.8270,103.4117
201.7245,97.4938,85.3736,101.7948
223.2998,101.6623,86.3934,99.3472
238.2733,97.9743,85.6793,100.8767
262.7097,105.7126,86.7090,100.0773
284.1035,105.0207,85.0764,101.4612
300.0429,103.8451,85.4800,100.8775
321.3791,104.3940,86.7916,99.7798
330.9704,100.5269,88.1634,98.7049
332.9471,93.3761,87.1515,98.2982
336.9439,89.9805,84.9962,99.2513
340.0464,84.0288,81.6906,102.4565
342.9471,76.9778,81.6800,102.0818
335.5158,71.0295,82.0954,99.5312
323.0338,69.8785,84.2037,98.9764
308.8935,68.5526,86.5428,98.7456
289.1142,68.0996,88.1890,99.6516
276.5556,67.8410,89.6522,100.1690
265.8825,64.6169,90.0812,103.6290
261.1456,64.7350,90.4090,106.4415
257.7996,64.6617,90.9061,109.6854
254.8627,64.0329,90.4691,114.0985
257.0405,69.2378,89.3297,116.5534
254.8236,69.6640,90.5282,115.7010
245.9710,69.4138,92.0251,116.2013
235.4790,64.6144,93.3673,115.9792
243.8912,54.1000,89.7110,120.5483
233.4492,53.3278,87.4791,122.0926
231.3761,54.9131,85.0473,125.5001
220.2396,63.6835,84.2176,127.7615
218.4039,73.6088,84.5683,127.8346
193.1929,62.5765,88.4050,123.2789
205.6925,63.5635,89.9840,121.3048
220.7811,69.0387,86.3525,123.6273
226.0728,72.0221,88.9442,120.9542
236.0275,81.0937,88.8098,119.2905
236.8259,84.4744,90.4813,115.7975
235.9747,87.9634,92.1839,112.0617
233.8715,91.0900,93.1776,109.0212
230.1275,93.9332,94.3021,106.5166
220.3423,95.9749,98.0671,102.4333
213.4948,96.6032,102.2902,98.0194
207.3092,98.3325,105.1986,94.5608
203.4882,101.4815,106.5511,91.4074
207.7171,90.8220,101.2085,94.0354
212.0293,89.1038,95.6583,97.4718
225.3398,81.8675,90.3271,102.8201
232.1940,76.3191,85.7389,107.8368
246.8975,66.2718,80.6797,112.7140
268.8791,69.6166,76.1728,118.1649
278.9574,63.6889,74.2714,120.8928
289.8241,58.7368,73.8981,121.6426
299.6612,56.2259,72.5620,123.6079
300.1053,57.4936,71.6738,127.1987
298.9937,46.2912,70.7959,130.9965
302.2124,48.9633,70.6430,131.9367
298.9197,57.3795,70.9214,134.0253
292.7475,57.6124,70.5096,136.7486
281.8087,63.7334,69.8334,137.3945
277.1243,73.4455,69.5429,134.0692
272.1556,85.2639,73.1483,129.4284
267.6032,87.1286,75.9347,125.6989
266.1367,79.7976,78.8677,121.4546
256.7762,74.3189,81.9046,116.7280
246.6915,69.4107,83.3778,114.0801
250.2146,63.7447,85.6321,113.0116
262.2838,89.9652,86.4603,113.6242
256.2176,125.0623,92.3053,106.3035
246.4693,126.7913,96.1731,99.7197
240.4210,122.0229,95.9306,96.9174
238.5389,128.8928,96.6577,92.2884
236.1525,131.3979,95.4798,90.2535
232.5992,80.5445,90.8879,95.4471
224.7213,61.8216,89.0386,97.6826
215.3205,65.7202,87.2622,98.7045
214.1875,85.6711,86.6011,99.7839
178.6227,87.7114,90.2633,95.7032
175.3789,88.9877,93.8226,93.1505
175.8605,85.8935,92.8594,93.4500
184.9374,81.8488,89.3757,92.7375
187.2559,86.4381,87.6065,92.1623
191.1688,88.5823,88.2729,90.7046
192.3344,83.8659,88.7603,88.8636
193.4100,78.6387,89.4064,88.1291
204.5419,77.0884,89.5091,85.6381
205.9977,71.4466,89.3555,83.1314
207.2119,66.0826,86.9271,80.2799
214.2560,67.5983,83.3696,77.2486
215.0991,69.3740,81.6833,76.2260
218.0493,72.2194,80.7556,75.5080
221.7555,72.9347,78.2644,76.5380
218.6565,74.0740,77.1488,76.6972
218.2835,78.3843,77.8950,75.3448
218.4095,81.0005,77.6430,74.9387
219.0697,80.0448,78.7252,74.4474
226.0201,76.2516,79.2961,74.7979
237.3092,75.1380,78.5557,77.0251
259.8517,71.4283,77.5718,81.9946
271.3585,74.3100,79.6843,86.2816
278.8563,71.6617,80.3674,91.5781
269.5904,64.5449,82.6611,92.2800
251.2210,65.1446,83.5987,91.0806
238.3376,71.1863,84.6135,89.9981
236.5759,72.1892,85.3874,90.7418
245.3980,76.3175,84.3834,93.5786
248.2890,76.1249,84.2046,96.7654
239.6154,69.7006,84.4625,101.0694
230.0457,70.1956,86.0890,102.9983
216.6557,68.4533,86.0960,103.5081
196.2668,76.5116,88.0982,102.3051
175.9302,78.5380,89.8184,101.2487
157.7119,82.7886,90.1639,101.7704
135.5796,93.6736,89.1105,101.1488
138.1365,95.5902,86.9913,100.3103
150.3807,97.8260,86.0851,98.7864
159.1904,95.3924,85.9235,97.8343
164.7992,84.8610,86.2752,95.7587
175.2058,75.7673,85.5218,93.8862
182.9518,65.3294,81.3282,94.9901
194.4159,54.7617,77.8219,96.7033
215.5497,53.1245,76.7204,97.2334
225.4863,47.5989,75.9898,97.3460
231.8196,48.6871,76.9458,95.1696
233.1544,51.4555,76.9829,92.3395
233.8359,58.4742,78.2837,88.9570
232.9767,64.2285,80.0021,85.3454
223.0751,68.1761,81.5803,82.6573
217.4053,77.4915,82.5743,82.1314
208.2440,81.4204,85.3342,79.4613
193.5110,92.4617,86.2575,78.1370
183.9496,101.5337,89.8517,75.5216
184.6594,101.7106,91.0340,75.1677
189.5009,101.0697,91.8084,76.4495
193.5359,94.4252,91.6793,79.1507
201.8076,83.2778,91.2665,82.6264
211.0982,71.8369,89.1110,86.3449
221.0267,71.0111,88.5951,90.7596
219.7067,69.3280,88.4105,96.9503
224.3980,67.8601,87.7828,102.8042
233.0202,69.8077,85.5337,107.9062
235.4677,72.5773,83.6800,111.4905
237.5702,74.5337,82.5407,113.7093
238.6555,73.3974,80.3701,115.9818
239.6815,73.1165,78.3181,116.5437
230.1688,69.6451,79.0201,114.3248
218.8912,80.5001,80.3506,110.8074
215.0949,82.2963,78.9408,110.2157
207.6251,85.1147,79.0373,107.5475
210.1596,88.9573,76.8980,108.6516
213.6225,98.7616,75.7949,109.4223
203.1743,102.7553,79.2627,104.3397
209.7379,105.2271,80.5586,102.2806
213.8060,95.1822,78.1709,105.1247
222.0051,94.5194,79.0452,103.5717
228.6513,86.6640,80.0997,104.9357
232.6657,84.3952,80.7929,106.5660
231.8996,83.6850,82.3251,107.9863
226.5528,77.0112,84.0480,109.3730
222.6767,67.3626,82.6818,113.4728
216.7858,71.9269,82.1456,116.6624
216.9365,81.2162,81.8442,116.7979
207.4258,60.7153,85.2852,117.2904
199.1973,56.1733,89.0213,116.8339
197.8406,56.5906,91.7348,115.9992
201.8812,53.1990,93.4509,116.2508
201.6251,52.2984,93.9632,118.0520
196.3118,45.4723,94.5894,118.3705
197.7064,47.2920,95.1487,118.0795
192.5907,45.9532,95.3211,117.4042
212.3487,88.0801,99.2962,113.4421
212.9946,96.3026,98.0046,113.7388
215.4185,84.7977,93.1567,116.7552
212.6505,81.4044,88.7914,120.2414
209.1188,78.5428,86.0071,122.6821
204.9812,77.4923,84.4612,124.7830
205.2846,77.0031,83.8542,125.7615
207.4213,76.0305,82.8655,127.7066
218.9682,71.6457,79.5550,133.1790
223.8054,82.0081,83.1744,129.0712
229.4273,99.9697,88.5449,119.7310
217.5698,44.9353,92.6355,118.5949
231.3048,55.3072,95.0470,117.7722
251.1238,66.6428,95.5696,118.5279
261.8875,68.0662,97.6094,119.0478
269.1566,67.3736,96.7024,120.4330
265.3268,66.8324,97.5331,121.5155
253.2356,55.1395,97.6047,124.2349
244.9046,55.7822,96.8304,126.4367
241.4753,56.2511,96.6725,129.0071
239.7260,57.2451,96.6262,130.5639
240.7374,58.4617,98.1713,128.1308
243.1320,61.4971,96.9380,125.6160
240.9995,63.1048,97.7056,122.4007
233.0557,66.3679,96.2892,119.3353
215.0136,70.6895,95.0745,117.4736
221.6299,71.6306,95.2123,115.5913
212.3810,79.2810,93.8148,113.5540
214.3623,76.9179,93.1142,111.7563
218.5320,71.4475,91.2207,113.0282
230.6544,83.9638,89.4593,113.6910
236.1859,79.5213,87.9771,116.1890
240.5249,81.3433,88.9216,115.7527
241.9110,76.2016,89.3656,116.3872
235.7602,66.2509,88.7345,116.8893
237.5781,65.0939,88.3292,119.2032
239.0862,65.6222,88.5723,121.4058
238.1338,64.0843,87.1805,124.4816
234.5365,57.4315,87.7345,124.5060
218.4385,49.2080,89.9621,124.3041
208.4586,49.9052,89.7413,126.2731
206.9980,54.3827,89.2730,127.4870
218.2173,63.0437,87.2359,130.5664
214.7798,51.7968,87.2852,132.5825
223.3744,45.5047,90.7603,131.3905
237.1082,46.6626,91.1630,132.5585
271.7939,51.6366,95.4608,129.6267
279.5035,54.1235,97.7139,124.6528
278.5054,44.0074,99.7102,120.4172
265.9586,42.6649,97.1017,119.6393
229.5233,44.3338,98.3912,119.7102
202.2999,60.3667,97.9490,118.5194
209.1397,76.6591,97.8898,119.9858
201.1242,77.0980,96.7873,122.5345
195.5260,84.3011,97.6399,121.9202
195.2705,86.5055,98.1510,120.9636
203.6606,74.5430,95.1545,124.2130
214.5918,65.6865,93.9741,124.6909
225.6021,62.5000,92.5638,127.6290
228.8518,61.3482,89.5211,129.9325
227.1068,69.9146,89.5697,130.0061
213.7534,72.0185,92.1742,125.7983
203.2294,83.8938,92.6877,122.5822
200.7510,93.7088,94.2627,119.8616
209.2865,91.2281,90.6557,121.4571
229.5289,108.0422,90.1494,117.8127
253.8652,102.3039,90.4928,112.9506
277.6710,99.1112,94.0644,109.7392
266.6414,112.5013,96.8809,108.6160
282.5873,97.7350,97.3377,112.2697
295.3895,61.8059,94.8249,111.5543
275.7789,57.6652,91.8300,113.3408
249.3597,49.8095,89.8162,116.1458
226.8826,59.4586,89.4544,116.2689
222.5823,83.7902,91.5893,116.0984
210.5186,80.8693,89.5968,118.6753
197.9962,80.0397,88.4667,120.3343
113.7657,82.6650,86.4395,118.3623
125.2746,86.9624,82.7143,116.1985
113.3226,69.9036,81.6473,115.9810
2
0
0
0
0
1
122.6586,94.8972,73.8404,82.9614
113.3399,99.7225,75.1998,83.1838
122.8168,97.8578,76.1935,84.4198
141.0550,88.4869,77.6448,82.9336
159.5551,70.3321,78.5714,81.3164
