1
756.8918,240.8148,156.4282,90.7924
754.5585,243.0511,161.9204,87.9587
755.4151,246.1621,166.4204,85.2213
756.8151,249.3879,168.7290,83.7841
753.5780,248.3477,170.8188,83.1811
754.3748,251.0441,172.1274,83.5105
755.3563,249.9729,174.1552,84.1926
752.7681,248.9933,175.0405,84.0355
758.1507,247.5296,178.0410,84.5192
762.9484,248.6298,180.4807,83.8284
763.6581,245.7512,179.3770,84.9550
770.2754,245.3978,177.0925,86.2167
769.9601,244.2701,174.7793,87.2020
770.6017,242.3418,172.3518,87.6831
772.6915,242.1919,169.6012,87.8200
777.2664,237.6414,167.6413,88.7898
779.2950,238.1303,164.4911,87.8708
781.2590,235.7582,164.2290,87.9058
786.0087,232.3931,164.9231,87.8704
784.3362,232.8304,159.3809,88.1166
791.2017,229.4063,156.3237,88.9874
792.2420,228.1670,154.0140,90.4758
797.2968,225.4008,152.1443,89.8423
795.9138,224.9104,149.6286,91.7477
802.3552,222.5760,147.8878,92.1614
806.8374,218.8670,147.0770,91.0761
806.2736,220.8195,145.8971,89.6913
807.4395,220.3139,145.3965,88.5852
811.2358,221.8645,143.8218,91.4179
817.2430,221.5227,139.7598,96.1713
825.8598,223.6641,138.0065,102.9562
826.0179,219.0229,136.3813,105.2726
830.1379,218.3919,133.4913,108.7005
834.4996,219.0445,130.3168,112.2782
833.2610,218.6248,129.3533,112.9225
835.1535,216.2529,128.8021,111.4103
834.4103,217.3623,128.3713,110.9367
836.8111,217.1280,127.0847,109.8923
837.8574,215.9236,125.6519,107.5029
839.3460,214.7509,123.9744,104.4915
843.0773,215.1416,121.2914,102.2874
844.7443,214.8322,119.3665,100.1125
848.6180,215.2953,116.3451,98.7473
850.2600,213.1210,114.0099,96.7934
852.2193,213.9612,112.2415,95.5261
857.0135,214.2917,108.4158,96.4478
859.6885,212.6695,104.0643,97.3518
860.5892,210.5241,101.2376,96.5460
865.6254,211.8346,97.1980,97.2520
869.8780,210.0844,92.9740,99.2346
876.7427,206.7661,88.0467,100.4229
879.3096,205.9740,84.7922,99.7894
880.7555,205.4801,82.4776,97.0545
882.7772,201.3356,80.0688,96.1051
883.9448,200.8990,78.1810,95.1539
884.6299,200.9146,76.5707,95.1902
887.7006,201.4790,74.6079,96.3200
889.5780,200.5659,72.2503,99.0512
891.4573,202.5577,69.3931,103.8320
892.3497,199.5302,67.8207,106.2141
895.5828,200.1530,66.4689,109.1350
895.8932,200.0340,65.1201,111.5466
896.1591,201.3520,64.4542,115.2429
896.8768,201.5357,63.8026,118.2827
896.7233,202.5592,63.1100,121.3262
897.8960,202.6237,62.2199,123.9063
898.3558,200.4273,61.1048,125.8043
900.8828,201.8661,60.0954,127.9932
900.2311,200.3094,59.1096,129.7927
900.8267,201.1221,58.7342,129.6202
903.1490,199.9410,57.7927,130.9300
901.6370,201.7085,57.3457,130.4364
901.1605,204.5774,57.5873,129.1246
901.3308,205.0531,58.3738,126.9383
901.1249,206.2856,58.4774,125.5689
899.7729,205.6643,58.9509,124.3350
898.2366,206.3708,59.4596,123.0191
899.4543,206.2083,59.7236,122.6824
897.5951,206.1561,60.5646,122.0504
898.0597,206.5093,60.7284,122.4553
894.1786,204.8584,62.7753,120.5919
893.3228,204.2040,64.2461,119.7404
895.0240,203.1900,64.3766,121.1398
893.3613,201.8208,64.9195,122.6141
892.7619,201.1115,65.9631,123.5515
891.7341,202.3561,66.6929,124.9117
890.6083,201.7719,68.1684,126.1309
891.1077,201.8151,69.1136,127.0838
891.0819,201.5415,69.4762,128.5166
889.9404,200.0379,70.4570,128.9607
889.5182,201.0237,71.2788,129.4665
889.6064,201.7908,72.0356,129.2201
891.4132,202.6003,71.7837,129.4393
890.9576,202.0231,71.2622,129.9254
891.0162,202.5445,70.7109,129.9838
892.0002,201.2330,70.5272,130.3963
890.8459,203.1303,70.6970,129.7003
890.3336,201.1720,70.7428,129.8568
891.2602,199.1513,70.9728,130.9073
889.9277,199.7242,71.2055,131.6010
889.3240,199.5911,71.6144,131.5778
887.3156,199.8966,73.6023,130.2955
880.5751,203.5959,78.2758,128.0919
878.5698,207.4294,81.8741,126.2420
870.8694,210.3903,86.5808,123.2171
866.5555,213.4878,90.7599,122.0048
858.9034,225.0807,96.9276,115.7417
854.0936,234.5844,102.7949,109.2588
852.6910,236.6275,106.8641,103.1113
850.3916,240.9663,109.0305,100.2032
849.1208,244.8716,112.3146,95.6533
849.4818,246.0312,113.5415,92.6420
847.9324,251.2957,114.8792,88.4386
846.9134,251.8509,115.8540,86.2492
844.0623,248.8190,114.1523,86.9855
845.0726,240.8158,112.0674,91.0196
839.4491,237.0045,115.7906,90.1890
835.8456,234.3662,118.7387,89.9198
834.8071,233.8036,120.1694,88.6824
831.5602,233.5190,121.8985,86.5799
832.3384,231.6096,122.0992,84.4549
833.7764,232.7153,122.7121,82.2646
834.9330,233.5114,122.7075,81.2856
836.0790,232.7841,123.7777,80.5342
835.8093,228.0574,122.8464,83.0289
838.0626,222.8163,122.2050,83.1063
837.2491,214.2473,121.5353,86.5180
837.4781,209.6169,121.7033,86.5930
836.3989,206.3573,121.7900,85.4645
836.2984,204.7289,122.1436,83.9518
834.2156,203.2097,120.7673,82.0924
831.4932,204.3559,118.5532,80.1903
834.8298,205.0790,117.1635,77.4927
835.8661,205.0317,117.0185,76.2780
833.2089,203.8753,114.1552,75.4380
834.2050,204.0398,111.1866,73.9070
834.6582,204.1325,109.0357,72.1463
835.4257,204.0102,109.0723,71.6161
834.7869,203.7521,107.0441,70.3255
834.8725,204.1489,107.9407,68.6627
835.9353,204.9516,107.8469,67.8369
835.1526,205.6850,107.1011,67.6996
834.0753,204.8081,106.1644,67.6623
834.8946,204.4277,105.1168,67.1752
834.8099,204.6099,104.4990,66.0620
833.5186,204.8265,102.1836,65.1327
837.2153,205.4200,98.0114,64.5850
842.4517,201.7607,93.9270,64.3431
840.5951,197.2811,92.0197,62.7902
838.2711,193.0947,90.0411,61.8391
834.8505,189.5277,89.6134,60.6311
829.8994,186.2542,91.3558,58.7927
828.4860,187.1441,92.0476,57.4903
827.0050,187.5341,92.5232,56.5592
825.9274,186.6360,92.7384,56.0074
823.4163,185.8719,92.9622,55.5122
824.0730,186.8285,92.1650,55.2335
823.1685,186.5635,91.6541,54.9017
822.7176,186.2501,90.6621,55.2174
822.7045,187.7531,89.5420,56.2788
823.1238,186.2521,89.9371,56.0009
823.2691,188.1824,88.8391,56.6146
820.6953,185.8339,89.4833,55.8628
821.6796,187.2627,89.1674,55.7648
821.0397,186.4645,89.0084,55.3806
822.5415,186.1713,87.9338,54.8212
822.2106,187.3204,86.6953,53.8761
829.0123,192.5311,84.2528,54.3597
831.7386,203.0453,80.4036,55.2120
832.2610,212.5720,78.8987,54.6931
829.5399,220.6268,79.4552,53.9918
827.8708,227.5847,82.3311,52.4266
828.3442,229.0499,84.0289,52.1699
827.7805,229.3385,86.0410,52.2300
827.5453,229.9995,88.0610,52.3253
825.7505,229.2828,88.2898,52.5930
825.9308,230.4686,88.6077,53.4933
826.0494,230.4025,88.0050,54.5340
826.2280,229.4449,89.2122,54.7609
825.5638,228.6554,89.9452,55.1140
823.5092,230.4942,90.7617,55.1744
813.4214,229.4140,93.7596,53.8621
807.2249,232.2128,97.3505,52.3853
800.1071,234.4676,100.2533,51.4535
795.5088,234.9566,103.0130,50.9056
794.1125,235.8835,106.0792,50.4048
791.3610,236.0129,106.3179,50.7926
791.7793,235.6784,107.6723,51.2377
789.2477,234.8850,106.5916,52.7509
790.8612,235.3992,106.6937,53.2695
788.9743,234.2717,106.4722,53.9600
776.1270,237.0261,110.1720,53.8951
762.9111,240.2417,111.3198,53.9695
755.0976,242.8822,111.5709,53.1765
745.8609,245.5713,109.6508,52.7123
741.4374,246.8535,108.0332,52.1471
742.0714,249.3360,107.4946,50.9550
743.6689,246.7857,107.7850,50.0372
743.6534,247.9691,108.8082,50.4461
741.9763,245.6048,108.6326,50.5793
742.1431,248.3610,108.8413,51.0647
740.2687,247.9104,107.6438,52.9272
736.7313,244.6759,108.1159,54.4091
735.1417,245.3614,110.9135,53.9004
736.4623,241.7695,111.8637,55.2139
745.7904,237.8200,110.0435,57.7309
752.9075,237.1852,103.9734,62.7854
760.7935,239.0256,99.0425,66.5008
765.2471,235.3320,95.5518,68.9489
766.7851,231.3681,93.3696,70.9400
771.9526,231.9238,93.4454,72.8224
778.3329,226.4301,97.0350,73.1965
776.3484,223.9821,99.9535,73.8706
784.9955,221.4196,107.4156,73.1477
808.4669,219.4503,116.9844,70.3265
816.7454,218.9749,121.9945,68.0672
815.3365,222.6737,124.8950,68.3541
815.1165,225.0863,127.6036,69.0190
815.3533,228.0368,129.6090,70.4995
813.3990,230.4675,133.7178,72.0938
809.7529,232.6566,137.4978,73.3974
792.4951,236.7532,141.2159,75.8859
769.5882,236.0595,148.6398,77.4538
757.6637,238.5380,158.3013,78.3600
763.0340,240.9809,169.1292,78.1378
769.3058,240.1056,175.8470,77.5581
776.1368,243.2386,173.8899,76.9363
772.5935,244.7119,173.7343,76.0712
763.1968,245.1030,178.2674,74.5561
762.2341,248.1216,180.6142,73.3502
757.8925,246.8306,179.6639,73.4772
749.2216,246.4279,180.8029,72.7592
752.6427,249.5352,181.0804,71.3029
745.0959,249.6104,183.5849,71.1806
741.3844,248.0885,185.7785,70.6917
738.2781,246.7091,185.7057,71.0821
724.6053,241.1972,179.7939,74.1488
720.6607,241.3032,180.6307,74.3058
720.9019,239.0312,180.3892,73.9103
706.6400,236.1060,176.0431,75.1712
710.1688,232.4103,165.7250,79.4763
704.1420,227.8606,162.5854,79.2426
694.4948,235.3763,159.2994,79.5616
695.4600,234.3625,155.5750,78.1009
697.6529,235.3433,148.6483,81.2271
699.1695,246.7044,140.6834,85.6220
697.2695,258.4824,127.0701,99.7304
679.3474,279.1100,119.3108,108.8970
2
0
0
0
0
1
426.7871,202.3912,142.5267,96.9397
427.4548,200.7841,140.7894,98.2332
427.9507,200.5155,139.0210,99.3030
426.8537,199.4961,139.7958,101.2804
427.0362,198.7123,140.0597,101.4245
426.2717,198.9816,142.3077,103.1304
424.9283,198.2309,143.5929,101.6723
423.3130,199.2994,144.9999,102.0063
423.9605,201.7332,145.5769,102.1641
426.9747,201.2556,145.3364,100.9380
425.7633,201.2047,146.0653,100.4788
422.9278,203.4853,147.7061,97.9641
417.5006,203.6628,150.8863,96.0012
413.1590,203.7034,155.4172,95.6993
410.0276,205.1833,159.1392,94.6307
406.9307,206.6340,162.9973,95.7539
404.7550,204.3766,164.2296,96.5207
404.7370,204.7863,165.3643,97.1475
403.3263,204.0127,165.0483,96.5419
402.9191,204.1474,164.4936,96.7358
400.8254,203.8089,163.5933,96.5236
398.7256,204.6223,163.0894,96.7189
394.5871,204.2029,164.4049,98.3840
392.4779,201.6742,166.2913,99.1558
392.1633,201.0807,167.3695,101.2601
392.4237,199.1419,168.2547,102.8272
390.9911,199.2325,167.3417,104.3289
391.3069,199.7500,166.2978,104.7287
392.3624,197.4853,161.3416,105.6154
394.6157,199.8852,157.0477,105.4929
394.9504,200.6740,153.2831,107.2346
395.1053,201.5931,150.4704,108.7091
395.4377,199.6488,148.1365,111.3036
397.3506,201.9487,147.9623,117.0837
396.6490,199.0493,145.4748,120.8478
398.0482,195.5236,144.9549,123.8059
398.0699,193.5152,144.3559,121.7539
395.7207,197.3223,142.0698,121.9715
397.4527,195.2552,139.2651,117.3448
395.5850,198.4782,137.7863,110.8759
396.8767,203.4861,137.4163,107.2524
394.3341,206.3831,135.5621,107.3270
393.5606,210.9944,133.9781,110.2995
392.7413,210.9149,133.4199,112.3709
390.1137,213.3839,131.2580,116.5261
389.6393,217.1764,128.6351,122.2880
388.6117,218.4400,125.7579,125.6438
387.4679,217.0214,124.4081,127.0837
383.8804,208.5667,123.4885,127.2499
384.3657,212.3394,125.7024,123.7164
384.7868,211.1656,127.8118,118.8175
381.7818,212.7151,128.8076,115.9570
381.5352,214.7186,128.6262,113.7076
380.1211,216.2314,127.0462,112.9964
379.6818,218.0216,126.4841,111.4497
381.0223,221.4685,126.2285,111.2442
380.6472,219.7269,125.6005,110.5113
378.8333,222.2794,125.4611,111.3353
378.5809,219.7833,124.6808,109.1352
377.7776,221.8318,125.0057,107.8652
377.0830,219.7988,124.7647,106.3748
377.0946,222.9152,124.5368,107.2005
375.1073,221.5685,124.9290,107.6130
372.9762,222.4601,125.2244,111.5746
372.8709,218.6204,124.8660,114.1238
372.6221,218.7171,124.3455,116.1636
372.8105,216.5854,124.0530,115.9424
372.8781,218.6831,124.5386,116.7998
372.1731,216.1821,122.8396,121.2538
372.7115,217.5287,123.9159,123.2917
373.0488,213.6340,124.5151,124.0247
373.6700,214.9171,124.8125,125.4533
373.4608,214.9079,125.8575,123.2035
364.4890,214.1118,133.8667,118.8916
358.6029,216.8047,140.9189,114.4507
355.3156,218.6801,146.2298,111.7980
355.0090,217.4653,149.9981,111.2776
353.0938,216.3012,151.8375,110.8438
349.9339,218.7738,153.4165,110.5184
349.6945,217.4765,153.8596,111.0850
349.5858,217.0107,154.4241,111.5719
347.8189,219.9232,155.9836,111.8262
347.6953,216.1858,154.7966,113.3956
344.1648,213.1615,156.1231,113.4881
336.5321,217.3031,159.7743,110.6544
335.0224,218.0379,162.7175,108.3107
339.0370,215.7881,163.2438,107.5250
340.8306,215.1761,161.6711,106.9551
340.8138,214.1422,159.8869,105.4100
343.9071,214.9615,159.0514,104.7856
343.3689,210.6444,159.0618,103.8530
338.2571,212.5810,161.2621,102.2494
340.3070,212.9376,161.0109,101.0636
332.6475,215.7539,164.2989,99.0473
331.0532,215.5580,164.5345,97.7610
328.9814,215.3109,165.6515,97.0050
328.4175,215.0644,166.3679,97.2283
324.9677,215.1338,167.4566,97.1593
326.2198,212.8363,166.7844,97.6960
326.6035,212.4777,166.5356,98.4608
328.7710,210.5862,165.9454,98.6909
328.1938,210.4908,164.8309,98.3973
328.0793,210.9154,165.0611,98.7911
325.6734,210.3654,166.2617,99.1292
323.9259,210.2336,167.3419,100.4900
322.4406,210.1333,167.3981,101.9454
317.3835,211.4677,168.1752,101.1464
317.4481,212.7604,168.9889,101.6441
320.7668,212.6128,168.9353,101.1826
317.5592,211.6574,172.3093,98.0876
317.4474,216.4440,173.6735,96.8726
304.3868,220.3030,177.9733,94.9538
302.6048,223.4311,179.0659,93.9878
296.2307,225.3103,175.3585,94.5465
297.8695,225.1953,171.6208,94.8551
295.6078,226.2483,167.3627,98.0726
301.8609,221.4781,166.6225,97.3687
289.3284,222.1916,167.7195,96.7147
283.4819,226.9681,164.2522,98.9069
281.5893,227.1053,159.7447,101.1400
271.9395,224.3743,163.8799,99.0195
273.1960,223.2897,164.7448,96.3768
271.3752,226.3953,165.5788,95.5351
263.6437,224.9581,163.1795,96.0073
261.2629,220.4733,165.1222,93.2950
259.4565,218.8967,165.8272,90.8845
261.9424,220.6203,166.1618,89.4205
262.3928,220.3151,163.2832,89.7979
257.3641,216.8721,161.6258,88.8582
256.6938,215.8915,160.3957,87.2032
256.0053,216.1426,160.0692,85.2171
256.4027,218.5111,157.9559,85.0334
258.6393,217.2686,157.1452,83.7499
256.4739,215.5026,156.5914,81.1870
256.2097,218.2052,158.8433,78.4534
253.2604,218.7120,159.3165,76.5525
255.3602,220.9123,157.6066,75.9667
253.4485,223.5926,155.3733,75.4629
248.6025,223.8414,154.5039,75.9982
242.2947,224.0108,156.7090,74.9878
241.1344,224.2906,158.5028,74.0958
235.4943,224.7271,158.5570,73.4332
235.2871,224.6839,154.2881,74.4803
223.9619,226.6008,151.9743,74.2618
222.7498,226.5875,150.1367,73.4815
220.7358,227.3282,149.3990,72.5444
222.0164,226.3622,147.4904,71.8285
214.7940,226.7005,147.9725,70.1804
203.3909,238.2634,144.3572,74.7791
175.1524,236.3303,149.6800,76.3156
158.8242,235.7717,150.8630,78.5315
152.6004,238.2858,143.9708,83.1392
146.8584,240.9773,139.8495,84.4496
129.9487,240.1978,140.3208,84.7833
131.9751,236.9831,137.7791,86.8463
134.7910,240.1659,136.2845,85.8645
143.4741,237.0983,134.0609,86.4908
138.8787,239.0235,130.5864,87.0251
135.4246,238.7100,129.7073,86.2650
135.2693,239.2401,127.9686,84.9747
136.8102,238.4035,128.0636,83.7745
132.6724,242.0573,127.2448,82.4160
132.1961,241.0534,126.7908,82.3265
130.5567,241.8538,126.2227,81.9434
129.4583,240.5693,127.1754,81.9600
127.4728,237.4878,127.6769,84.3871
127.3579,238.5072,128.4484,84.3980
127.2551,233.9795,127.5101,86.0224
126.8083,236.8063,128.4002,86.4017
127.4542,237.4491,128.1684,85.9833
128.2051,237.3758,127.4648,85.6282
125.7533,238.2859,128.2878,85.3419
124.3436,237.5172,129.9222,85.5664
124.4601,237.1238,130.9106,86.0514
121.4961,232.4608,131.4876,86.9062
122.8027,231.8915,132.0454,87.4624
122.7276,231.4886,133.7573,87.9361
122.8998,229.5770,132.6124,88.5148
121.6711,228.7470,132.7891,89.2030
124.3422,226.1221,132.9703,90.4800
124.3057,227.6835,132.0853,90.3150
126.7756,225.5472,132.9597,90.6364
126.8104,227.0787,133.5213,90.7431
125.7025,227.7165,134.4627,90.7190
124.2276,228.3111,135.3803,90.3430
123.0887,230.3058,136.1920,90.1648
121.0927,230.1231,137.5108,89.9778
118.9310,231.6913,138.9053,89.8920
119.3152,231.3542,139.1598,90.2946
120.6191,231.5101,140.1166,90.8556
118.5904,233.2650,140.6773,91.4249
114.2870,232.5061,141.0091,92.3872
117.6204,232.6910,141.9642,93.3844
114.2540,232.0733,140.8566,94.0284
106.1265,234.0578,141.8950,93.8559
104.2618,234.0835,144.4325,94.1445
94.6489,234.5142,150.2329,93.8654
87.8657,235.7766,155.3358,93.4189
81.5730,236.4238,159.2449,92.7309
83.4617,237.2413,159.3197,94.7654
82.4564,237.8360,157.4788,96.5894
84.2553,235.2858,155.5461,98.6198
84.5961,235.2127,153.1349,100.0092
86.5160,235.5648,151.2217,101.4727
89.4746,236.1481,148.5093,101.9618
89.6943,234.9997,145.1443,102.1236
89.5364,234.4061,142.0108,103.2773
90.3528,234.4670,139.7809,105.1962
88.8998,234.1794,137.2223,106.8378
86.3312,232.9296,139.1119,106.7206
84.1085,233.8828,139.7456,106.5894
84.5978,233.7150,140.9684,105.9450
82.9482,234.0930,141.9898,105.4242
83.0827,234.0664,141.8207,105.1704
81.7998,233.7691,142.4960,105.2016
78.7425,233.7529,143.4343,104.3165
79.3188,234.5648,142.7157,103.4161
77.5067,234.3851,142.3341,102.6853
69.2088,233.7109,143.7815,102.1606
56.6803,235.3928,149.6759,99.9280
49.8645,236.1599,155.0143,97.9524
42.4560,235.9365,161.4975,96.3581
37.3603,236.6785,167.0526,94.3353
33.6277,236.8237,171.5488,93.6951
30.4259,236.7715,174.3492,93.5381
27.4796,236.2215,175.5139,93.7787
25.9732,235.1569,175.5497,94.3704
29.1129,233.6330,175.7476,95.2219
25.5398,234.2468,175.8947,94.6736
27.6574,233.2247,176.0411,93.2828
23.2942,234.8929,176.8336,92.4434
25.7092,235.1922,176.2272,91.6925
22.9676,235.4793,174.1214,92.8957
22.1233,233.8963,174.8850,93.8228
19.8335,228.0484,174.3240,96.4483
20.2331,224.4662,174.4931,98.7248
19.9542,222.0136,174.8778,100.7833
20.2844,221.8496,174.3571,102.1493
21.2400,221.6895,171.9310,103.6472
18.7952,220.6900,171.1220,104.9864
18.7752,220.6061,170.1620,106.0098
19.8571,219.9208,170.7373,107.1229
19.4579,220.2690,172.4552,107.6237
16.8914,219.2521,171.1470,108.1399
19.8977,220.6498,170.7628,108.8214
19.2352,218.9355,170.6386,108.9005
19.2098,218.7164,169.5526,109.5524
21.3023,218.4058,168.9081,111.4328
19.6428,213.3077,167.9553,113.6255
16.0176,210.8955,170.0557,115.9487
15.2166,209.5028,172.2257,117.2874
14.3360,209.5618,175.1573,116.8676
11.4191,212.0721,177.8430,114.5390
13.0773,215.3103,178.9776,111.9266
10.3601,215.2249,178.3526,110.2367
8.5102,216.6738,177.9480,109.1983
8.7652,216.7545,178.2796,108.3599
8.9148,217.0576,178.2132,107.7933
9.4182,216.8213,179.1964,106.1591
9.5979,215.4650,179.2691,106.5028
12.2149,211.9446,179.7484,108.4194
8.9733,205.5125,179.1026,114.0995
12.0679,201.2807,175.6262,119.8943
15.7006,197.5310,174.1304,124.9900
15.0385,193.2995,173.3957,128.3925
14.3219,191.5042,174.2175,130.6176
12.8063,190.5569,175.2953,131.9666
11.5838,189.9351,176.4171,133.6981
11.8006,189.4058,176.5965,134.7413
11.4579,189.3446,176.6419,135.1065
12.2683,188.0203,176.9414,135.4413
10.0159,190.8872,176.9454,136.0654
9.7898,188.7063,175.5731,135.8468
9.5497,189.0786,175.3931,135.2429
9.1584,188.0675,175.4938,135.4161
8.9044,187.8626,175.7961,135.4474
9.8786,187.9152,176.7408,135.6935
9.8955,188.8177,177.2025,136.4368
10.2865,187.4720,176.2650,137.1727
10.5162,188.0621,176.6627,137.7964
12.1304,188.8514,177.4889,138.0112
12.1639,189.9588,177.7599,138.5313
13.1930,187.8065,177.5371,138.0423
13.9345,189.9319,176.2612,138.3919
17.8366,188.1974,171.8154,140.0996
21.4343,186.1936,168.2607,141.7435
22.4399,184.6451,166.9735,141.4456
22.5717,185.1451,165.6896,142.9897
21.0373,185.0829,165.3831,144.0566
20.3939,185.5509,164.3683,144.7468
21.9486,184.2066,165.0825,144.3883
20.8838,184.2522,163.8947,145.5510
19.5339,182.6604,163.3584,145.7831
21.7142,183.1355,163.6556,146.2331
18.7814,183.3660,163.1523,146.2435
22.1086,182.8883,161.5581,147.0359
20.8549,181.3558,160.8219,148.0318
21.6900,182.7064,161.3253,147.0388
22.6042,183.0904,162.1090,146.4057
20.6455,184.6581,161.9663,146.7628
22.6151,183.0795,160.9198,146.9683
21.7450,188.0603,160.2514,148.6788
24.5083,182.5752,160.7430,147.4765
24.1146,185.6416,159.7798,146.6586
37.1349,198.5080,156.2681,141.3867
41.5132,208.4432,153.9011,132.6511
49.0219,217.1914,150.9827,123.9855
55.0034,222.8122,147.9593,116.4575
60.3354,226.7158,145.0964,112.2815
60.1531,228.0989,141.1777,109.7290
60.9575,228.4546,138.2540,107.8511
61.7356,229.0437,135.0383,106.1225
61.4776,229.1585,131.4814,104.4556
66.6388,230.4659,128.3732,102.6246
66.4460,228.8636,127.8896,102.5875
65.6773,228.8427,125.4877,102.9957
64.0736,232.4497,121.6648,105.2032
63.4382,229.6724,118.5273,105.2911
63.9121,229.2507,115.8341,105.6991
68.3598,227.1078,114.5637,105.1951
68.4512,225.9563,114.1972,104.7238
68.4343,226.8058,113.3447,104.4766
69.8177,226.5574,112.5322,103.9503
70.4432,226.0852,111.5498,103.4480
71.3236,227.2957,110.2195,103.7497
72.0531,226.4790,109.6138,103.3789
71.8812,225.5161,109.2514,103.3579
69.9023,225.7820,108.7759,103.1983
72.7782,225.9353,110.9317,102.7200
73.1949,226.0134,113.2523,101.2071
72.3952,228.5056,116.2657,102.5959
70.9948,227.3634,117.8534,102.6006
71.0496,226.6550,119.4565,102.1491
69.8146,226.0967,120.4290,101.9277
69.5457,225.7625,122.1531,101.5898
69.3420,226.5460,122.7996,100.8288
68.4785,229.1020,122.4901,101.4811
66.9454,229.1406,124.0724,101.4917
65.3627,228.7725,126.7647,101.1786
63.6998,230.1407,129.3522,100.1295
62.3759,230.4889,132.6931,100.2589
62.1231,230.4930,135.5956,100.0882
63.6285,230.0373,137.7491,100.1531
63.1281,229.6164,140.0058,100.3385
63.4140,231.2870,142.0868,99.3469
69.2297,233.1194,147.7427,97.9340
69.2920,234.2074,154.2128,96.3724
70.0116,234.3187,157.3841,94.8569
67.7547,234.4598,159.9527,93.6718
68.7056,236.2544,161.2843,92.8120
69.9260,236.4608,161.5921,92.8089
70.5110,235.6301,160.6696,92.2467
73.2985,235.7896,158.1199,92.5027
72.9295,234.8421,157.6993,92.4882
78.4017,235.7516,155.1714,92.0252
81.7028,235.4381,153.4877,90.9737
79.7328,236.2965,153.9139,90.8375
78.4256,235.8555,154.5871,90.5036
85.5315,236.2114,152.0422,90.4772
81.1628,236.7389,152.2079,89.7731
84.0565,236.9998,151.1143,91.1805
85.4803,236.0188,151.3220,90.4862
84.5935,236.8450,151.1763,90.6207
84.6219,236.0385,151.3715,90.2369
82.8778,236.9157,152.0521,89.9455
80.0819,236.7493,153.4558,90.5804
87.8355,236.1715,151.4262,91.2194
87.6744,236.6649,150.2465,91.7244
92.1972,236.6116,148.1569,92.3204
92.4688,235.8311,147.8686,92.2047
93.6541,235.7192,150.6291,91.3418
92.0291,235.2174,152.4447,91.4451
89.9435,236.8290,154.5232,91.2739
84.4713,235.4547,157.3305,90.6534
84.7532,235.6308,159.4375,90.2019
85.9826,236.9328,159.0452,90.6806
84.2789,238.4076,159.9515,90.9512
92.0653,235.9806,158.3947,91.9908
88.0920,237.8918,161.8970,91.2725
89.3600,237.0679,163.8122,90.5631
84.5918,237.7849,166.9970,88.6144
85.2831,238.3882,170.5636,87.8697
95.0467,237.0419,170.0583,88.9952
92.3666,235.1465,169.2884,90.8424
85.0601,235.7825,169.5639,91.3206
91.2847,235.2396,170.0144,92.3442
84.3970,235.2789,170.1075,92.6061
89.2059,235.5315,170.8102,92.4835
85.7427,235.7382,170.2791,94.1609
87.0855,233.9454,171.0297,94.8961
84.1291,235.2536,170.7384,94.8554
85.3342,233.1399,170.8309,94.2862
93.9585,237.1169,170.9807,94.8421
89.8547,239.2587,175.5889,93.6025
90.5334,240.3443,176.4779,92.7963
89.2952,241.9933,176.8759,91.2072
104.5120,242.0885,172.5550,90.1530
114.9538,243.1659,167.0995,89.6709
112.1288,242.7981,165.6906,89.3007
121.3089,244.5330,161.3303,89.7682
123.1895,246.1456,157.9682,90.5111
124.6468,244.7104,155.1806,90.8797
125.6280,243.8881,153.9308,90.9381
125.9305,245.4064,153.9757,90.1471
127.0847,244.9746,153.9448,90.8910
124.1285,246.2552,153.6712,90.4763
127.4326,246.1155,152.7167,90.4743
123.3896,245.5670,152.2549,90.1695
123.7740,245.2877,151.5602,90.0981
121.2911,245.0035,150.9364,89.8197
120.9913,243.0382,151.3940,89.4007
121.1164,242.8312,153.1152,88.5763
119.6742,243.2094,153.9145,88.1366
120.8940,242.1438,154.2322,87.3000
126.0153,242.8315,151.6846,86.9088
130.5611,242.9678,148.3488,88.1698
128.8877,239.8497,146.3389,88.9866
125.9311,237.5087,146.2101,90.0951
128.6083,236.1970,143.9581,91.0333
128.7337,235.2151,141.9095,92.3399
131.5469,233.0467,139.2063,93.6555
132.1914,232.5444,138.2002,93.9349
131.0689,230.8774,138.6955,94.2585
129.6743,229.9421,138.4669,94.9820
134.7237,230.0152,137.1430,95.3906
135.1958,229.7655,136.6335,96.0155
132.9104,228.5535,136.0564,96.2766
136.1537,227.4733,135.6719,95.7504
136.7655,228.7955,136.5482,94.6227
138.2728,227.4253,137.9450,94.1016
139.9038,226.8424,138.4339,93.4911
140.0435,226.0664,139.2755,93.8605
141.0544,225.7670,140.7076,94.2846
141.1979,226.2706,140.5742,94.7382
137.4695,226.0214,140.3753,96.2912
132.6387,226.9632,143.9952,96.6688
130.8804,227.4216,148.0108,96.0648
125.4311,226.5272,152.8704,94.9392
127.8488,225.9557,156.6475,93.0173
128.1678,226.8057,160.0566,91.4501
131.3745,223.6829,163.4653,89.3862
133.6805,222.5994,165.6190,88.4333
135.1705,223.1232,167.7494,86.8103
136.7713,222.8839,168.0066,86.3966
138.6170,222.5590,168.5527,85.3540
140.7121,223.5418,170.8665,84.4730
141.5576,222.5427,173.4028,83.5588
144.4049,223.0797,173.5992,82.7608
148.3406,223.0837,172.8737,82.3537
152.8740,222.6374,172.7491,81.3951
148.7767,226.0744,172.1745,81.4582
149.6047,226.7329,172.1989,82.0133
153.8929,225.5731,172.9589,82.0152
155.3144,226.9919,172.8562,81.6517
156.6289,225.0103,171.2071,82.7414
160.1103,224.0211,170.5687,81.4759
164.4728,224.0034,168.8795,82.9150
165.0001,220.9947,169.6645,83.5956
163.5482,219.4271,170.3680,83.7996
166.5034,219.0160,172.5394,84.1002
170.1424,218.6410,175.5594,83.7287
172.5511,218.9862,177.3151,83.6417
172.7595,220.1097,180.5191,82.9199
172.9188,220.3146,184.2810,81.7647
177.1179,220.7388,187.0216,83.4803
185.0149,221.7640,190.5952,83.1638
188.7774,221.3007,195.8959,81.8675
195.7157,219.9638,204.0816,81.1554
207.5953,219.4757,214.3114,81.8833
220.0880,219.6539,215.1911,85.6187
216.7673,218.9034,216.8262,88.7474
220.7475,218.8793,215.4594,91.5228
215.6611,216.7334,218.7697,93.4055
218.4301,217.3833,217.7988,94.6185
220.1536,215.7378,218.3482,95.9292
220.8380,217.2941,218.5182,96.6101
219.1049,215.7250,218.6752,96.2428
218.5087,217.5705,219.7639,95.9073
223.6414,215.7721,217.9796,96.4584
221.3974,217.1744,218.9416,96.4525
223.2078,216.1815,220.8044,96.1664
224.9657,215.8185,223.3434,95.8785
222.9348,216.5315,224.8034,95.5327
224.3468,215.2180,225.4364,95.2392
226.7176,217.7186,226.8919,97.1547
226.1012,215.7604,229.3717,98.6852
228.3191,214.2051,230.0213,99.4454
225.2045,217.7419,231.5311,102.2582
228.9435,213.1917,231.3992,101.7066
226.9951,214.7765,230.7234,101.8342
227.6145,212.4731,230.4804,102.0914
227.7474,212.6374,230.0251,102.1431
230.2680,213.9423,228.4827,102.5763
229.5837,212.3725,227.9981,101.5796
232.9269,214.7345,226.3637,102.0515
231.4525,213.6935,226.6825,101.4567
232.6838,214.8603,225.5865,101.5225
232.3701,213.6067,225.6387,102.2897
231.6056,213.2551,225.7079,102.0802
229.0206,213.7782,226.3637,102.3973
228.3400,213.9381,226.6062,101.6304
229.9734,213.3002,225.2073,102.5334
231.5706,211.9989,224.8453,103.5027
232.8391,212.5677,224.7925,103.4944
231.9751,212.6861,224.6724,104.0927
232.6870,212.7825,224.5227,104.4010
234.8870,212.6271,224.0458,105.8404
235.6649,211.3575,224.6648,106.9752
231.8960,209.0390,225.8872,106.2273
234.0317,211.1443,226.4450,106.6732
230.9537,209.1013,228.2873,106.2990
233.0961,211.1915,227.7523,106.2178
231.4170,208.8974,227.6380,107.4321
232.0189,209.7281,227.7990,107.0205
231.1323,209.9187,227.1459,107.0322
229.8347,209.1125,227.5400,107.4785
233.2653,209.0227,227.5424,107.8362
227.7152,209.0018,228.4390,107.8553
230.2973,208.9455,228.0680,108.0325
231.6974,208.1192,228.1873,108.4223
231.4969,208.6308,227.4303,109.7907
230.4451,205.3823,226.6826,110.2752
231.9351,205.5830,226.9869,110.2918
236.0124,205.9628,226.2687,111.3225
231.2437,206.8005,225.5491,111.8176
231.3123,206.2875,226.5537,111.2459
239.1415,206.2675,224.9578,112.2052
232.0094,205.6701,225.7283,113.5050
235.0122,204.1819,225.9402,113.4011
232.6401,205.3795,227.1713,114.3066
232.1567,205.4177,227.1233,114.4366
234.3181,205.0703,227.5260,115.3250
227.6534,205.3461,228.2436,115.7115
233.2125,204.3729,228.7062,115.6069
229.1813,203.4924,229.0882,116.2577
244.2184,204.4722,224.2052,119.5824
234.3532,203.3707,225.9440,119.4511
236.1011,204.2624,225.7195,119.9523
235.8645,202.6616,226.4312,119.1904
238.2692,202.0930,226.9776,118.5772
238.8215,203.7123,226.2961,118.9391
234.7760,203.2740,229.0376,116.5437
236.3968,197.4114,230.7591,116.2879
240.1705,195.8724,231.7744,115.2535
232.0852,197.0535,232.3926,115.0533
237.0192,195.1471,232.9373,114.1884
245.6148,194.5901,232.6249,114.3518
240.1415,199.2785,236.2404,114.2384
235.9827,197.8234,239.1690,114.2192
231.8224,200.3699,241.0179,113.9217
236.5340,200.2181,241.4885,114.0780
233.2225,200.6914,244.9846,114.6675
237.0965,196.5543,245.7180,114.6876
233.6775,196.2583,249.1414,113.4542
230.8462,192.0405,249.5565,114.7884
230.2787,193.4803,248.4448,115.8643
230.4297,190.2733,241.6862,121.9861
231.0677,187.1677,236.7206,128.1262
243.6224,180.4607,228.2539,134.3670
242.5145,179.7572,224.5073,135.6797
249.7081,178.8334,221.0792,137.6808
256.3151,176.1301,216.1689,139.4951
249.8335,178.4248,216.0836,139.3142
255.3262,178.6724,213.1129,139.5971
257.4030,173.5168,212.2473,140.5352
255.1508,174.5975,212.1515,140.8183
248.6687,175.3178,212.1124,139.8400
247.5718,175.5095,211.6619,139.5561
249.1445,174.7716,210.9482,139.5252
249.0559,175.1674,210.0479,139.3489
247.7616,173.7809,208.5305,139.9504
248.9311,175.9748,208.9978,139.6333
253.7014,176.9510,207.7463,138.7079
253.5560,175.5651,207.3914,138.5432
255.4673,173.9839,206.6511,139.4215
252.1980,175.7437,207.7885,139.4671
251.4704,173.2142,209.1844,140.1841
249.7156,174.0026,209.7712,141.2577
250.6261,171.1162,210.3514,141.3786
248.6842,175.6090,211.7573,141.8540
249.4036,172.7908,211.6954,141.5845
253.8740,172.3111,209.0411,142.8447
252.4919,172.8186,208.9985,142.9743
257.5582,172.3865,205.3100,143.5863
255.9898,172.2978,205.8078,142.8335
251.9298,173.9351,207.3942,142.4978
254.1306,172.9847,207.6610,140.4634
253.6033,176.4765,207.9119,140.9911
248.1436,176.6611,209.1680,139.5117
249.1682,177.3796,209.1764,139.2820
248.0924,175.8679,209.3142,139.1589
247.8533,177.6234,210.3277,138.7851
246.2515,178.5161,209.4836,138.7793
247.6576,178.5983,209.5278,138.8402
244.7885,180.9387,210.0459,136.7737
241.9412,185.7444,211.0351,133.4630
247.5207,183.0674,209.6859,133.6720
245.7693,184.3655,208.9737,132.3850
250.2450,184.8675,206.0984,132.5889
249.3194,185.0171,204.8884,131.5198
249.7599,186.5643,204.1224,130.7962
248.4050,188.4352,204.0770,129.1282
245.1091,190.4882,204.6644,127.9513
248.8393,190.1925,203.2328,128.4006
252.3276,190.1295,201.5025,129.0896
256.0688,190.1752,198.7142,130.3399
256.4498,189.2447,198.7809,129.8086
255.6088,188.5237,198.8433,129.0146
255.5133,188.7396,197.1426,127.0880
247.7852,193.1876,199.4523,122.4050
247.4458,197.4347,201.4926,119.2428
250.5711,197.4605,200.3386,119.2887
254.5679,194.5941,198.8661,121.0225
262.2443,187.0060,195.1045,124.1799
253.0719,187.1205,198.6269,125.0990
256.8893,189.2999,196.7015,124.4916
254.2315,190.4394,196.9286,122.8854
246.7109,193.9409,200.4009,120.2955
250.0176,194.0931,201.3775,119.7683
247.7716,193.8731,202.7597,122.1727
249.0255,196.4700,203.0308,123.1326
247.1374,195.9228,204.7007,123.2111
243.2970,196.7099,207.4764,125.1657
244.3275,201.3090,207.9140,122.9904
250.8873,195.9436,204.6939,126.1113
260.5865,188.3118,198.6856,130.2515
259.3305,185.6463,197.7062,129.6257
253.5627,187.7498,199.8395,127.5782
256.7948,189.4111,197.4337,124.7895
248.8135,191.9370,199.6106,122.2236
257.2809,191.5358,197.4066,122.1280
251.0549,191.7337,200.0683,122.3132
250.9532,193.9954,201.0346,122.1616
251.2439,198.2104,200.6442,122.2604
254.1694,198.8173,200.5808,122.6369
253.9445,199.4271,200.5099,124.0182
260.5118,194.1189,200.4021,125.5893
256.7253,194.2514,205.7760,125.2320
256.1053,194.4796,208.5420,124.3361
253.0360,195.3860,212.3321,122.6135
249.3042,196.9937,216.0049,121.9740
250.2092,198.3507,217.0560,121.4003
247.4050,199.7752,217.4066,120.6916
250.5590,200.9282,216.7298,121.6348
256.5870,200.0112,212.7361,123.7042
257.3673,198.4698,211.8929,123.7311
256.7336,198.5585,213.1987,122.7508
251.7666,199.8974,214.9094,122.2623
255.8691,199.7918,215.2013,122.3942
255.3524,200.2430,216.4230,121.6524
258.5125,201.7444,218.4237,119.7890
263.3241,205.8328,223.3137,114.9260
266.6187,207.8670,228.6544,111.3542
268.2441,209.0356,231.9632,106.8297
269.9331,210.5690,233.8713,104.0163
266.7969,210.2416,236.2022,101.9446
269.2887,210.8980,237.9972,101.1241
267.8434,210.8414,237.5690,100.7049
265.1898,209.4443,238.9411,99.6294
267.8485,211.6966,240.2908,99.8117
269.7014,211.1120,238.3325,102.3532
294.3383,199.0661,227.6684,108.4563
284.9585,206.6349,227.2874,107.9446
276.8335,212.4110,228.9702,107.1244
277.9132,213.6632,228.7031,107.6015
284.5107,213.9114,226.3142,108.3163
287.0783,214.0909,224.5284,108.4760
298.3130,215.4444,220.7034,108.3394
304.8665,214.6568,216.0047,108.9042
313.1267,214.3806,214.9182,109.0494
318.1895,214.1885,213.9730,108.1824
319.2962,209.8127,212.2999,108.0291
326.0405,209.6695,209.5768,108.7236
329.2702,208.0309,210.1929,107.6380
332.2649,209.4360,208.8602,107.6806
336.9883,209.1941,208.1162,107.6889
340.6499,209.0755,207.5128,106.7971
346.4832,208.6590,204.9878,106.1436
350.6346,207.1662,203.9591,104.8140
351.9053,207.0856,202.9211,102.8312
358.1830,205.9907,200.3468,101.2950
357.5547,203.4016,198.4048,99.3357
364.8863,207.0480,198.1265,98.0978
360.2821,208.0134,195.2230,99.0871
365.3108,206.5834,195.5586,98.9165
369.6861,209.5677,194.9453,99.6640
372.0315,209.9845,194.3538,99.8559
377.5950,216.8410,191.9644,102.5810
382.0155,220.9289,189.9198,103.5249
386.9412,221.4642,186.4233,105.4823
391.6779,219.3494,181.1498,108.3171
402.5263,225.9441,178.5854,107.7937
422.2765,235.2168,172.0757,106.4105
435.6576,241.2837,170.6673,104.4671
450.4353,245.7964,167.9424,104.9006
458.1202,243.9087,165.4087,103.9946
456.5276,238.5107,162.6385,104.6385
459.9056,234.5101,157.3614,103.9113
472.1148,236.4707,151.3375,105.7194
491.3279,239.7316,145.2024,108.4965
494.3305,243.6491,143.2257,108.1979
494.1500,241.4531,141.0149,107.6462
506.7661,244.7355,135.9533,108.2694
511.6075,242.2275,129.0116,111.3048
529.1859,251.9749,123.6347,113.2196
533.4847,254.2564,118.1747,115.7404
535.0228,262.5189,114.7624,115.8911
529.4753,282.1809,114.7055,113.4509
2
0
0
0
0
1
721.0918,232.0654,145.8734,70.1373
722.9595,231.8618,145.1102,72.0845
722.4879,230.6870,145.9280,73.3076
721.1734,226.9308,149.5086,76.8004
723.7427,225.3993,151.4088,80.2982
722.7761,225.7935,152.9232,82.1690
724.6433,225.5378,154.1695,83.9716
726.4322,227.7398,155.8195,85.8857
726.1350,230.0161,156.7084,88.5625
728.4368,228.4457,154.1051,91.4866
733.5669,228.1624,156.9008,91.0676
740.2883,226.8125,162.9736,88.9913
739.5691,225.6310,167.0804,89.0288
742.8367,225.8439,168.7525,90.9264
738.1628,225.4492,169.9615,91.7445
739.3016,226.0803,172.4635,91.9257
737.1834,224.4075,171.6880,93.2343
738.2406,223.9417,172.2377,93.8024
742.1953,224.6433,173.0444,94.4073
746.2747,220.8058,176.0219,95.0789
747.0192,221.5224,178.9354,94.8851
751.0248,222.4280,181.7110,95.2102
748.2632,222.8705,184.1165,95.3683
750.4177,222.5936,187.1484,94.6860
749.5286,222.4155,188.7975,95.7438
747.4713,222.3526,190.3963,95.7083
749.7903,221.5553,190.8872,95.8024
749.8544,221.2903,190.2213,95.9522
753.3090,218.6647,191.1904,96.6140
757.2495,219.8099,188.7090,98.0843
