1
125.3760,335.3545,77.4902,96.2785
130.2592,330.3673,74.8341,100.4269
125.7352,333.5383,73.1505,104.4056
123.3097,336.2393,74.8484,102.9402
128.2713,347.8189,81.8128,93.7872
130.4715,348.3933,89.7935,85.1219
129.5766,339.0715,95.0518,82.3727
118.0810,314.6228,94.4709,80.3136
115.0516,286.1483,88.3442,88.4977
121.7399,256.0691,79.2248,100.3198
130.9400,243.5124,73.8916,111.9439
135.7890,233.0656,70.3025,120.2935
140.3657,221.6197,67.5345,122.9851
134.3766,216.5681,65.6906,124.2477
133.6138,219.4704,68.3704,117.0309
143.2788,226.5870,73.3789,109.6140
155.5079,245.5389,81.7589,99.2743
155.1978,245.6147,88.9128,90.9338
154.4212,236.6595,90.6411,88.0081
156.4369,219.5306,92.5506,84.0028
152.2656,202.7737,99.7449,74.9751
139.2997,178.2365,100.2494,75.1605
139.1919,157.8978,90.5322,81.2242
150.8030,137.1007,79.2897,92.4541
163.2774,129.2519,73.3094,100.8247
167.4296,123.9758,68.6198,109.0702
170.6576,120.5650,66.1275,114.3578
173.5858,120.8927,66.4714,116.6423
177.8532,117.6168,67.9809,120.0819
178.5726,118.6486,69.6151,121.1294
180.3082,118.6998,70.3339,118.7613
185.4038,117.4451,69.7025,115.9880
184.5431,119.0514,68.4218,113.2475
180.9348,119.6238,65.6591,114.0814
179.4713,120.7003,63.0412,115.6691
178.5896,124.9608,62.0934,114.7432
178.0396,134.3165,64.2289,110.5821
180.6843,145.7397,68.7263,103.3335
186.5328,165.2333,75.1077,93.8103
189.7709,179.9597,80.6670,85.1695
198.8339,178.5045,83.5156,82.2570
209.5571,171.1140,83.8811,81.8695
212.4132,159.4994,83.5367,82.5879
207.8545,145.8735,83.6421,81.0070
204.5107,121.8303,83.2449,82.1379
205.0760,95.0378,79.7851,87.2161
215.1841,66.5822,70.5872,98.1325
237.3160,49.6865,63.6544,107.5727
249.0607,40.8971,57.6417,112.4130
249.9810,33.2032,58.9392,110.5820
250.6455,37.6810,67.4833,104.0332
253.3414,52.9414,76.6987,98.7779
252.5663,81.8184,80.5771,94.0561
267.2108,90.7201,75.9715,97.8178
277.9687,69.4983,73.8508,100.2514
279.8196,53.2886,72.9539,100.5834
260.5452,25.4117,84.8680,92.1981
247.8666,0.7279,95.3785,83.6744
254.5153,-5.4723,98.5036,77.4285
258.3961,-3.0754,92.4048,76.3299
249.4162,-2.3663,86.8026,75.2994
240.6500,-1.7749,83.1656,72.5337
244.2827,-1.9027,79.6931,69.8561
244.7624,-1.4186,77.7025,68.1152
247.2307,-0.3381,74.8220,67.1657
251.7828,2.5636,70.7502,67.0901
255.5372,3.4273,66.0262,68.0269
258.6863,4.3818,62.1333,69.5941
258.8173,4.4087,59.2512,72.2776
253.4751,2.5974,59.4716,72.2554
250.9556,0.6041,60.2036,69.3744
249.3217,-1.7981,61.0262,65.2916
250.9587,0.3625,61.9195,62.8633
250.1999,1.6441,61.7814,62.3955
250.7667,3.7902,61.5301,64.2283
249.2034,6.1339,60.0296,67.4853
247.7042,7.3110,59.1818,70.4380
247.5286,7.6038,58.5620,73.9718
247.8968,7.2211,57.3313,77.8574
248.2586,7.0200,57.0726,81.0267
249.6455,6.8528,58.1577,83.3631
246.8502,6.5142,59.0539,84.5416
247.2261,6.8709,59.9452,86.0290
243.4825,5.2202,61.2940,86.3793
242.4875,4.0958,62.8560,86.5131
240.2318,8.4000,64.9880,84.5422
240.2092,14.6773,68.0795,80.0338
237.1240,21.2990,73.1808,74.2550
235.8459,26.4633,79.1818,69.5420
240.8782,40.7766,87.9214,62.2805
237.5720,44.0587,92.2856,57.6640
237.5182,44.9964,97.6186,54.4162
237.1088,42.0005,97.9020,54.2296
243.3112,39.9827,97.3181,56.0096
249.7094,38.7110,98.8601,57.5116
255.4041,36.4683,100.3932,58.8665
250.4834,30.9026,104.2849,57.9107
251.7415,27.9082,107.7245,55.4895
255.3137,19.4301,112.5626,53.7933
252.4060,10.0394,116.4678,53.7939
234.8080,1.2340,116.5040,53.6648
234.0917,1.8372,111.2566,54.5114
251.1069,3.4793,106.6266,55.6319
263.4216,3.3295,103.0299,57.2093
268.5214,2.6767,97.9729,58.2293
269.5872,2.5462,91.2393,59.8658
271.7365,2.8308,84.6141,61.1788
273.5304,4.4395,78.7699,63.1974
274.5896,2.0665,73.9747,64.5136
274.5576,1.1172,69.2253,65.2909
273.6472,5.4358,64.2168,68.1747
275.8701,5.4784,59.7509,71.5078
274.6683,5.5169,56.9062,75.1318
275.5944,5.7260,54.3526,78.8069
277.1917,5.5543,52.5898,82.2582
277.9106,6.0045,51.6875,85.5120
277.4241,6.5899,52.3615,87.8579
278.6035,5.8438,53.2418,90.6374
275.4629,7.6255,53.5530,92.7691
276.7132,8.0319,52.3960,95.1861
275.6776,8.6058,49.9522,97.2129
274.1575,8.1651,47.2311,98.8633
273.0179,9.3404,45.7839,100.8466
272.4776,12.2305,45.0356,103.2770
270.3045,16.1287,45.6900,106.3813
267.3949,20.1264,47.0374,108.6183
267.6087,23.1299,48.2019,111.0567
263.9269,26.2102,48.9172,112.0194
262.3015,29.4426,49.5466,111.5695
265.3822,35.0191,50.8530,111.3175
267.6592,41.5556,51.8514,109.8545
266.0712,50.0287,51.5869,106.2580
268.8470,62.1097,56.0780,98.7159
269.9428,81.5881,62.9875,90.2314
272.8989,89.2863,66.9287,83.9978
283.2290,73.8749,65.2056,88.8179
298.0928,66.2112,58.3817,98.5048
310.0268,65.5999,55.7155,105.5988
318.1882,75.5419,51.9580,113.3378
321.2285,77.0840,49.3903,119.3079
327.0479,82.7348,46.9564,121.8930
327.3983,91.6411,47.5547,122.3305
321.9424,101.8430,46.4959,122.1832
320.2160,114.4433,47.4329,121.1759
318.6882,120.2632,49.1680,120.4348
321.8940,130.2998,52.3764,119.5103
321.9143,131.3441,54.1265,118.4912
323.8850,134.7847,55.1838,117.7236
325.6903,134.6537,55.5925,117.8065
327.5157,135.3588,55.4087,117.9167
