1
273.9290,151.3506,90.1145,193.9111
281.4329,150.1033,88.4864,194.2560
286.9005,146.4240,87.0176,195.4937
289.9771,147.9252,84.8689,194.6957
266.7720,145.9837,84.3693,193.5934
279.5586,139.8211,82.0988,196.8803
289.0372,142.8890,81.1616,196.4945
290.2090,142.5777,80.2133,198.0111
292.6953,140.1513,80.0853,200.1672
294.9512,137.3857,80.6905,202.4668
297.7972,131.8316,83.0435,206.4774
271.7918,137.8661,82.9767,206.6923
278.8637,131.8719,84.2150,205.5166
279.7466,132.6361,83.5297,207.3293
280.7620,131.0821,82.6063,209.7928
283.0849,124.6951,81.6446,212.3871
284.4757,134.7485,84.2810,209.1440
288.6924,129.4341,84.7912,208.3138
292.0494,122.6813,85.9026,208.9345
296.5753,121.4002,85.3323,210.1275
266.2891,128.5779,84.1479,208.6186
271.4001,122.1268,82.7609,208.4747
275.3026,127.8308,83.0812,206.9128
280.0526,121.9359,82.1370,206.8615
249.2340,128.2669,80.5264,207.8806
254.7852,126.0090,79.1360,205.6370
258.8493,124.4818,77.7527,207.2444
263.2594,125.7383,78.2697,206.5942
265.1985,125.4660,78.6960,206.4406
264.9157,125.8172,78.5333,207.9550
268.4067,123.5754,79.0098,207.9184
230.2994,133.1589,79.9287,203.1230
229.5665,135.0810,80.0151,198.1524
230.2524,122.8983,81.5649,196.7772
230.7686,134.3618,81.1804,192.0921
230.0496,137.1921,80.0809,188.9939
229.9944,140.2866,79.6366,186.9076
2
0
0
0
0
1
299.4327,144.8503,81.0976,153.0450
306.9186,143.2534,77.0652,156.0108
313.8396,136.1967,73.5780,160.8462
315.5611,136.6270,72.4002,163.8054
314.6345,133.0574,71.1943,165.0774
317.1671,130.4230,70.4887,166.6187
317.5497,127.3341,69.8543,169.0689
316.7876,126.8626,69.5779,170.1798
316.1758,127.4717,69.4907,169.6671
318.4452,123.6983,68.7519,170.1659
318.7135,126.1891,69.0220,170.6590
318.5830,125.3830,68.8158,170.8184
318.2323,123.4604,69.3922,172.2904
317.7386,124.9619,69.9061,172.2575
319.5842,122.1072,76.4157,166.9460
321.6883,129.4233,76.8885,166.8426
321.8429,127.4614,76.5660,165.4759
324.6615,125.3928,74.5761,166.6019
303.3682,124.1193,74.2639,167.0972
309.9175,121.7880,73.2913,169.1910
317.3980,125.2045,72.7579,170.9067
323.3918,119.9307,73.2359,170.0191
327.9906,117.4064,71.9463,171.7143
333.6907,117.7222,71.7481,172.8508
337.4116,119.2860,72.0335,171.8203
340.4399,120.4556,71.3629,171.3095
341.4661,122.1437,70.4612,170.5531
343.7804,123.8760,69.9947,169.0094
346.4590,127.0291,69.8868,166.3373
348.9325,128.8329,69.4322,163.4607
350.9518,128.7254,68.8417,161.6608
353.0970,123.1908,69.2300,160.9800
353.5215,128.6487,69.3828,159.4853
355.5906,131.2814,69.0330,156.0058
336.1178,125.8434,69.9856,157.2370
345.7014,126.2408,70.5894,156.7498
351.7233,128.8351,69.8402,157.1338
355.5871,130.8136,69.6058,154.9619
358.4001,135.4908,70.3877,151.6279
361.7423,125.3395,72.6994,150.9403
364.7288,136.4700,72.6157,149.4935
365.4207,130.7016,73.3069,147.5077
369.0849,135.8199,72.7372,146.9864
349.6538,127.1173,70.5426,151.2717
377.0062,117.2571,73.1294,149.9053
371.5549,132.3946,72.1495,149.4943
373.4749,134.9307,71.2028,148.4446
354.5481,129.4311,70.8589,150.5352
362.3652,131.1791,70.9354,151.9303
369.7010,129.5983,70.9338,151.2606
373.4493,131.3284,70.3099,152.1729
352.9646,128.7657,70.7467,154.5774
360.4399,129.5582,72.0409,155.2282
370.0714,128.9151,73.2822,154.8543
377.3607,131.5737,74.1829,153.5279
380.3152,133.7614,75.0321,151.7949
384.2947,134.6163,76.2231,150.4056
387.0990,133.9951,76.4406,149.6620
386.6275,132.7785,76.1229,150.0999
386.0129,133.5618,75.0598,151.8137
386.0206,131.1350,74.6537,152.3474
385.8025,133.7320,74.6288,153.1049
386.3727,133.9471,74.6420,153.6967
388.2782,131.5903,73.4376,156.3940
388.5051,130.9641,73.4562,157.0640
389.1696,137.2040,78.8668,150.3459
372.4756,133.4904,79.2973,151.7679
380.1895,130.1774,78.0051,154.9743
382.1931,131.4611,77.6776,156.8838
380.1337,129.1833,78.7781,157.2198
378.4075,127.0623,79.7300,158.3834
376.5706,126.1826,79.2999,160.8829
376.7648,124.2597,77.9219,164.9295
377.3897,124.3176,77.6188,167.3560
375.8217,124.6116,78.6157,168.1152
374.3634,124.8841,79.1649,168.1092
372.6024,123.9155,79.0143,169.4940
373.6568,121.4315,78.3915,172.0897
370.8822,121.7586,79.7938,172.6087
370.2487,119.2240,79.8940,174.2130
370.7367,118.9481,79.5501,177.6566
367.4932,116.4178,81.2439,177.6966
367.1602,115.7650,81.2372,180.5184
366.3614,116.6278,81.6356,181.9029
363.8559,116.1674,82.4268,182.5226
363.8060,116.5725,83.1110,182.8643
362.9951,128.1224,89.5325,173.2562
358.4136,119.2821,90.1016,174.3151
359.8776,119.8180,88.7042,177.8545
360.3062,119.7539,88.2084,179.3614
358.9053,119.1042,88.1288,180.5613
357.0944,116.3582,88.7571,182.1545
357.3899,112.8958,87.9990,185.2178
359.6415,123.2635,91.9974,181.0231
353.4763,120.6360,92.8522,180.4944
353.3371,121.2605,91.0466,182.9059
351.9735,121.9969,91.2329,183.0294
350.9573,121.1674,92.8593,181.2936
330.2597,117.6273,93.2736,182.4118
343.2420,120.7874,92.0129,185.5546
347.1488,126.2344,91.8363,185.0415
349.8255,116.7174,91.4681,186.4029
354.3085,127.2339,93.5945,183.0516
354.2722,118.7293,93.8083,185.3813
355.8761,126.1301,94.7082,183.2592
335.5459,129.6713,96.8155,181.6765
348.6358,127.9157,97.7949,179.9007
353.7103,132.3965,97.7196,177.8725
358.6130,137.5870,98.3076,176.0987
340.2661,135.3696,99.7448,174.7400
351.7807,133.7258,100.9327,172.5509
359.4267,142.7431,104.8936,168.5916
339.3725,131.6243,101.8589,172.6476
347.5912,133.2656,99.4940,172.9054
348.8865,136.8521,99.1332,170.1923
346.7178,132.8856,97.0336,168.5104
343.6288,134.7792,94.9676,165.2456
320.4576,128.3302,90.7323,168.6402
329.6189,129.5598,88.3654,168.5177
303.2914,124.0367,87.2479,168.7331
311.0579,122.6533,87.6764,169.0516
318.7584,120.2249,85.3150,170.0503
327.5039,128.7557,85.9748,165.5151
335.0128,119.0102,85.4280,165.9710
310.5634,124.7718,86.5707,164.7115
316.5713,119.5223,85.4311,164.9473
324.1440,128.7463,86.2662,160.8717
332.1045,130.0352,85.4525,158.2999
309.4936,125.7188,86.5205,157.3252
317.0498,122.7570,83.8662,161.3904
325.0722,119.0372,81.0468,165.4984
332.0318,123.2326,80.1247,166.4720
336.8854,126.3530,80.0040,165.0021
311.6013,129.1735,79.6558,163.6697
318.2022,126.6426,78.1610,164.1141
322.3654,145.7025,85.8065,156.6530
327.8065,131.6203,84.0854,157.0172
330.9665,133.6546,81.4779,159.5446
333.1355,130.2738,79.1918,161.6363
332.0833,130.3451,76.5850,164.5671
331.5454,146.1061,83.2657,159.0262
331.1473,130.7551,79.8289,160.3788
331.3575,132.9336,76.6724,162.4425
329.5092,136.3873,75.1942,162.5146
326.4785,131.3125,73.0857,163.7250
326.5924,131.3301,69.8292,166.6510
324.9997,128.5756,68.0784,168.2844
323.8506,135.0608,65.7722,168.5385
321.8400,132.3109,63.9702,170.1043
321.7794,131.5423,63.0448,169.9966
319.9370,134.5061,62.8606,168.1585
321.2310,137.5412,62.7087,166.9375
323.1014,136.4971,61.9906,167.2768
325.2178,133.5467,61.6492,167.7400
325.1809,137.3208,61.7072,167.4744
325.2637,135.0479,61.4311,168.5067
323.8454,135.6680,61.6234,168.6990
323.6015,132.3506,60.8702,170.3513
326.1534,132.3290,61.4443,171.3290
328.7319,141.1728,67.4545,164.5597
326.6203,132.5908,65.2388,169.0297
330.1427,130.8255,63.9125,170.9255
331.5665,129.7042,63.7027,172.1474
333.5749,130.0529,63.8640,172.3093
334.8996,127.7590,63.7659,172.5307
335.4308,127.0103,64.1711,172.9989
336.2600,129.4413,65.3810,172.1832
336.8284,129.9935,65.3281,172.2776
338.7141,128.6439,65.2011,172.4573
340.8203,128.9850,65.7033,172.6316
342.9296,125.6349,65.6897,172.5425
344.5970,130.4031,66.3371,172.9080
347.1474,124.6131,66.4241,172.9984
346.9610,125.3450,66.6512,174.0983
347.7711,122.8541,67.5841,174.7771
350.6899,121.7487,67.8296,175.8589
352.7214,122.8249,68.1809,176.1936
355.3097,121.3796,68.0833,176.8561
356.6081,128.3200,68.6397,175.8561
359.5173,123.4930,67.9334,175.6624
362.4831,124.9624,67.5658,175.3950
361.4985,125.5450,67.3435,175.4564
364.8364,126.4776,67.0414,175.9139
367.5759,130.7405,68.5229,175.6045
365.2127,137.5051,69.3637,173.8705
368.6414,125.0568,67.8417,177.3098
370.0512,125.8416,67.0754,179.1649
370.3720,126.2429,66.3516,179.9487
374.3434,126.8870,67.6171,179.7826
372.0717,123.3704,66.5346,181.0325
371.0384,123.6211,64.9446,183.4706
372.2297,122.7108,64.4967,186.2827
373.0007,124.1492,64.8235,187.2141
374.4400,123.2897,65.4534,187.5084
374.2988,123.0591,66.1126,187.2439
374.1457,121.4276,66.6163,187.9505
374.9413,117.5210,66.8416,190.4254
375.5779,119.2006,67.4357,191.4319
372.8159,119.8885,67.6770,192.6437
372.9358,120.9645,67.9571,193.4642
371.5263,121.5132,68.7594,192.4600
369.0556,121.3867,69.0333,191.7947
367.5060,123.5585,69.1230,191.5037
369.0349,123.7467,69.2459,192.0490
369.1887,124.0913,69.1070,191.6730
367.7339,122.5538,68.9244,191.9141
367.6111,121.4410,68.8909,192.7952
364.4926,125.0906,69.6853,192.3953
360.9489,121.6193,71.4412,190.3116
367.9238,120.5536,72.2902,190.2246
369.0378,118.8992,71.9691,190.6611
370.6830,116.6622,71.0366,192.0712
369.9772,117.4066,71.6938,193.2359
371.2328,117.1722,72.1837,193.5724
372.8688,118.9342,73.3606,192.7862
371.5115,118.6777,73.7542,193.4152
372.9033,116.8168,74.3951,193.9367
372.0177,115.1401,74.1056,194.4419
369.5387,108.2375,73.8280,197.7132
370.6659,109.8669,74.8379,199.1702
369.0012,108.2342,75.9815,200.8312
368.8950,109.2141,76.2658,202.2812
368.9978,101.0763,76.6503,206.2809
370.0021,103.7036,76.6551,207.4459
370.4812,103.3061,77.3536,209.2376
369.8893,98.1033,77.0447,211.8135
371.5717,101.0293,78.7774,210.1370
375.2399,102.9533,79.0171,209.6501
381.9265,103.7822,80.2246,206.8892
388.6038,103.1099,80.6093,206.0209
396.0596,105.9857,82.0640,203.2851
359.9708,112.5469,85.1791,198.4674
368.9249,107.7839,83.8316,199.9266
375.2647,112.0131,84.2488,200.3946
383.9218,112.1931,84.7037,200.2061
388.2882,103.2558,84.3943,201.9606
389.2406,111.9346,83.7874,201.8789
390.8939,103.5184,90.1525,197.5302
391.9337,115.5349,90.3279,196.4211
383.7179,114.6460,88.4711,199.6969
378.3935,109.4290,87.0661,200.7403
374.1114,110.0166,86.2128,201.1260
372.0403,110.1742,85.2050,203.0055
367.7916,113.4755,85.4088,203.2820
363.6303,104.4467,84.4652,203.5879
340.0218,104.5309,84.5276,204.0411
347.4129,112.1261,85.0327,203.5719
344.1167,115.4491,84.4546,203.4218
318.8802,111.2251,84.4839,204.1122
329.7794,110.8292,84.2745,206.0250
331.7140,115.5585,82.5428,207.5951
329.5189,116.8694,82.4147,207.3201
324.8718,109.0470,82.1556,210.3530
321.6418,107.9260,81.8965,210.0124
320.7720,108.3672,82.4771,208.9636
326.6194,122.9370,92.3754,195.8019
317.5822,119.1241,91.4426,198.9827
311.5753,107.9806,90.5839,200.4319
306.2633,108.2991,89.3934,201.0591
305.2175,99.6785,88.0493,202.8004
300.6745,109.5442,87.7821,202.2081
301.2769,95.6191,86.3422,205.3553
301.1727,104.6586,85.5280,207.7182
302.3094,111.4900,84.8503,207.2565
300.7411,113.4843,85.3712,208.6287
300.5490,102.3190,85.2830,210.5121
301.2333,97.3735,86.5801,211.0967
272.5281,100.9598,86.3018,214.0096
281.8028,103.0259,87.8132,213.9666
284.1107,89.5633,87.8585,215.7775
291.2952,89.1886,88.6773,218.6894
294.5089,82.7785,90.8192,218.7371
300.6095,99.3516,93.4681,216.3824
302.0392,106.1593,95.2150,214.0739
308.4321,108.9570,96.1859,215.7054
310.3800,103.4832,95.3584,219.3612
311.2022,108.8637,96.2550,219.0312
302.0906,106.0904,98.4459,218.6007
303.8727,99.6299,98.2200,221.2743
306.3238,91.2414,98.0798,221.9901
306.6388,79.2657,95.6795,221.3652
307.2037,80.0060,94.5833,226.1419
305.3083,78.4262,93.6065,229.8664
302.5567,82.2152,94.0106,230.8223
298.7480,90.9112,97.1300,228.9104
291.9691,108.6004,104.9224,220.2640
289.8302,99.0001,102.9802,223.0701
289.5592,88.8120,102.3405,221.9871
288.1600,92.2158,99.2653,227.6553
286.4143,95.2896,98.1989,233.1120
281.3267,93.9264,98.5232,235.0847
279.6776,91.7631,98.2053,239.2504
275.1972,79.4225,96.6580,247.0715
272.3667,84.0115,96.8810,247.7669
267.1400,79.8698,96.5211,250.9807
265.7692,75.3086,95.0303,256.1243
265.7090,71.5219,95.7062,258.1625
268.5178,70.9481,96.4969,260.7173
274.0967,70.0780,97.7048,260.1512
277.5497,72.8187,98.8956,258.7901
279.0607,72.3154,100.1543,257.0157
280.7427,73.2137,100.4317,257.3697
279.5512,70.6385,100.3159,258.7950
282.9138,77.5584,99.4020,259.9972
280.1395,66.2422,113.6735,242.6235
248.9739,83.4561,113.0069,245.7357
260.4890,84.6115,112.8122,246.9135
225.8670,79.0087,112.6596,246.9357
240.3295,80.5835,113.3090,245.1566
257.1831,85.6124,113.3786,246.1352
273.6617,87.2060,110.8922,250.6086
283.7015,80.1586,106.7460,255.3653
255.8146,74.3986,108.7901,254.5692
272.8306,76.5395,107.3136,256.5310
285.4657,78.2779,105.3203,259.1176
288.6185,72.9805,101.1464,263.7776
288.5483,77.9981,99.0008,265.5918
285.8593,73.5155,97.5572,264.6741
289.3484,74.4488,96.5853,266.4264
290.2165,79.0762,95.7440,265.1800
287.5116,86.6304,95.1803,261.4814
286.8695,71.5422,96.1222,261.0511
