1
311.6376,540.7349,15.1028,48.1036
310.7644,525.1093,15.8882,46.6857
305.3191,536.1401,17.2278,44.6813
327.1495,526.5184,18.2489,43.0099
319.2983,516.2245,19.7794,40.9224
289.5567,490.1679,19.9590,42.2040
289.1147,470.7957,19.8799,43.3858
285.8142,454.9643,19.6280,43.7216
294.6501,444.8008,19.5860,43.4806
306.1721,437.8083,19.9465,42.8378
324.2758,432.7028,20.6812,41.3828
335.7940,431.6725,19.8099,42.4796
338.0871,434.2563,19.0819,43.0995
343.7655,423.4360,18.2939,43.6026
355.7786,431.1714,19.0759,41.4899
376.1370,438.9606,19.6011,39.9713
393.7925,435.1967,19.4149,39.1802
392.4693,417.9450,19.3328,38.2116
374.3925,405.1270,18.8350,37.9235
373.9635,394.6395,17.9309,38.6331
374.5893,394.4865,17.5549,38.9390
374.1838,385.9563,17.4923,39.4012
366.2087,377.6147,17.6169,38.5004
352.9313,373.7543,18.1226,37.5382
346.5616,362.0955,17.9153,38.4149
347.5576,352.8329,17.6678,38.6222
347.1607,329.0796,17.5907,39.0967
349.1671,319.8101,18.8370,37.4760
372.0699,296.6510,19.3848,37.4408
372.4453,283.4089,18.6338,38.3028
372.7550,257.6181,18.0145,40.4273
389.6522,239.1495,19.4474,38.5241
403.3560,241.9165,19.9552,37.4926
414.3510,264.0486,20.3173,37.0388
436.5433,275.5944,21.5064,35.3936
447.8797,289.2844,21.0677,35.5840
455.9741,297.4286,20.8052,35.2217
459.5164,301.6246,20.7205,34.7048
439.2628,318.2770,21.3980,33.4369
436.7738,312.0799,20.3677,34.6730
426.0293,329.5732,21.2304,33.2041
2
0
0
0
0
1
271.9807,291.0963,24.8749,50.6324
261.7892,270.4311,25.3396,49.7828
245.3316,266.1171,25.5712,49.0726
243.8519,254.5169,26.2089,47.8955
268.8071,277.2969,28.2483,46.2041
291.7889,294.9458,30.0055,44.6600
319.7895,317.4779,30.1720,44.0620
335.4273,320.1506,27.9942,48.0278
329.1202,320.7750,26.3672,51.5262
333.5878,315.9490,27.1166,50.2831
343.9287,334.1955,25.7174,52.3553
350.6461,354.1747,24.3974,54.7985
352.3679,383.1858,23.4017,56.7516
344.4661,385.1094,23.1550,56.6084
324.6685,381.7679,24.6764,54.6940
301.5039,368.7353,24.3652,54.9844
292.9354,344.2611,23.1105,57.3401
293.1418,342.9963,22.6977,58.6319
298.9753,339.1025,22.2728,60.1737
294.6712,348.7577,22.0358,61.0810
294.8497,343.2433,21.6789,61.9314
299.4665,340.3017,21.3912,62.7026
295.0245,330.6962,21.2889,62.6576
285.6132,335.2407,20.8931,63.8185
292.6023,341.9267,22.4010,62.0611
312.1915,345.6866,22.0106,63.5917
301.7751,346.6844,23.2277,61.5961
286.6040,331.7911,22.3413,62.7564
286.9738,328.5929,21.6016,63.9457
296.1258,337.3582,21.5718,64.6893
306.1313,338.9919,21.2908,65.3677
302.2756,347.1650,21.0832,66.1793
307.7287,346.8462,22.1250,64.1619
321.1023,355.4595,21.7361,64.0683
324.9622,368.7069,21.8732,63.7632
338.6849,363.7337,21.8884,63.2485
343.5790,361.5166,21.2043,63.7809
341.9235,347.9759,20.6283,63.6530
349.7266,334.3826,21.7049,62.6070
372.6387,336.1186,24.8284,59.1351
397.7646,332.4864,23.7627,59.9276
398.8913,322.4983,22.7960,60.6014
391.0319,319.8405,21.8858,62.0795
395.9469,315.9796,22.3265,60.8143
410.9042,301.3823,21.7081,61.9865
415.7227,310.0726,21.0262,63.7954
437.6727,305.7385,23.6607,60.8299
459.4202,315.5175,22.9989,62.0396
470.1441,322.9502,22.4059,62.8152
477.8633,317.7408,21.3093,64.1075
480.1732,307.0087,20.5963,64.7355
485.2839,307.3339,20.7595,64.0853
494.1278,298.9674,22.4495,61.4404
513.2072,282.8866,22.8386,60.1938
527.8488,282.6945,22.8594,59.3039
545.8174,272.0780,23.5111,57.8265
560.3878,262.3259,23.1683,57.2973
568.8998,252.5706,22.2430,58.2328
578.4646,233.6358,21.6419,59.0449
583.7285,218.1937,21.0026,60.2637
592.9800,210.7883,21.1279,60.1721
605.5654,210.2961,20.8143,61.1563
612.0345,210.1728,20.3879,62.6541
600.3999,203.3861,22.1572,59.7865
581.5374,194.7948,22.2031,59.3855
577.5430,200.8647,21.4344,61.0074
562.7723,194.0491,23.2481,58.2540
535.2675,176.8806,25.6087,54.9844
515.9638,169.0947,24.2823,56.8290
507.9718,160.9220,22.7471,58.1580
493.4843,139.0694,24.3714,55.8643
464.0934,140.8550,26.1601,53.5322
453.0703,149.8969,25.9519,56.4663
455.9240,167.1697,24.0710,60.1853
465.8468,182.7475,26.2580,57.5426
485.8292,188.9754,26.4848,56.7555
492.0228,192.6445,25.6988,58.4404
492.7852,187.5270,25.4738,59.5774
505.4221,178.1567,25.1315,59.9474
521.3226,169.5062,24.8061,60.1990
540.0554,169.1298,25.3110,59.6426
