1
244.6464,168.1694,116.8959,112.4977
233.7350,178.1185,118.1100,114.5231
218.4966,195.7787,119.9335,115.5062
210.2048,204.1486,120.2224,115.0611
215.6558,198.3902,121.2364,115.9435
212.9316,197.2019,121.1819,115.3660
211.1461,195.6877,120.4861,114.5222
172.9819,212.3811,131.9831,108.9723
142.3591,234.4389,131.8160,112.9083
152.4196,237.3179,132.0217,111.9499
238.5778,226.2232,131.2274,111.1020
218.9544,210.3869,127.2248,113.4074
214.5124,197.8840,125.7201,114.5873
199.1624,198.1060,124.7538,113.3442
187.1586,203.3292,122.9678,114.7432
185.7230,211.4951,122.8942,115.8642
203.6457,207.9520,121.7134,115.2234
216.9174,182.1526,124.8840,111.8966
213.2569,151.5347,126.9417,109.5777
192.7349,143.7818,124.5942,110.5605
199.3072,156.7486,124.8291,111.6365
218.1259,176.9522,126.8495,112.3946
253.9743,222.5876,128.1238,112.0722
268.2985,235.7655,125.1665,115.1835
251.2695,238.5817,123.0945,115.7111
238.8478,242.4324,122.4626,115.8694
234.6145,245.5563,120.6205,115.9331
229.3136,240.8103,123.1512,113.3256
222.1586,223.8938,123.6651,113.7837
220.0722,216.6046,124.1391,113.9703
229.0772,207.8048,123.3570,114.6746
240.1072,195.0458,123.5605,114.7996
237.2722,173.9036,125.1700,113.3612
223.0255,152.6324,127.4874,112.3182
218.5361,132.5386,127.8529,112.2515
216.7806,124.5086,128.1284,112.1133
241.1975,127.1183,126.1564,112.1622
240.8374,129.3261,126.9656,112.6145
252.8371,138.1405,125.9725,113.7925
260.3471,176.0448,128.4506,112.3151
262.4050,199.2106,127.2057,117.9731
267.1655,223.0174,125.6697,120.4877
266.0807,227.9171,125.9130,120.6054
266.5746,227.1488,124.8297,119.8888
261.2373,213.9486,124.7982,119.4293
260.2388,207.9028,124.2794,118.7707
262.6040,191.8959,125.0776,119.3645
264.2089,160.9698,126.0742,118.7098
265.0326,157.4949,126.2210,117.3929
266.4925,175.3689,125.6317,118.2557
260.5752,177.3679,124.9400,118.1224
259.3113,174.6799,124.0283,117.4575
261.2086,175.6142,124.3709,116.4248
270.2523,178.1998,124.8455,116.7876
279.0278,191.1614,125.2940,117.3484
276.8154,203.9366,124.2713,117.6091
251.8192,206.4071,123.6258,118.5674
216.1357,208.2084,125.1920,116.7847
196.5874,200.9682,125.3405,117.2058
200.3044,201.4997,125.4323,116.5385
222.8089,203.1202,126.1589,116.3123
247.9817,207.0485,133.1476,113.5334
298.2148,206.4514,130.8887,115.3754
324.9638,210.1728,129.5809,116.2604
322.5555,214.5347,128.7347,117.0329
308.8010,204.5317,129.2898,117.2585
287.6535,179.7218,129.8746,118.4449
255.6613,160.8542,129.7167,117.4360
235.5553,151.4742,128.9110,117.9265
237.5036,162.2988,127.6808,119.4155
247.3095,173.4177,126.0760,122.4130
252.2817,186.6498,125.7447,124.6787
265.2875,202.8083,126.9701,123.5015
289.5072,213.4721,128.2176,122.0961
306.2260,219.0221,123.7444,124.3859
301.0001,231.8232,123.5248,124.8380
294.5250,238.8563,122.3455,124.4579
284.5407,239.6683,121.8631,121.6687
256.9700,227.6479,123.5572,120.9553
228.8706,224.5211,123.2835,119.6845
209.8618,217.7441,124.1464,121.6225
206.5086,224.5114,123.8548,122.6779
219.6703,222.9474,123.8512,120.9597
237.7359,197.7776,125.1465,122.2093
251.8830,169.1258,125.5791,122.6793
265.2777,142.8056,126.7546,121.7620
290.4444,135.5508,125.8439,122.4902
315.7047,138.4671,126.9777,119.9739
324.8937,145.4717,126.2922,121.4091
325.8209,159.1591,124.0520,124.7742
310.7925,168.1227,123.4524,124.5989
291.4615,181.6256,125.2155,124.4510
265.6019,196.8876,127.4586,125.7698
246.2877,214.4768,127.0623,126.9309
226.6267,215.0786,126.0761,125.8307
219.8381,205.7089,124.5114,126.3248
209.1037,195.3979,123.5895,126.6747
205.7315,187.5020,121.9771,126.7889
210.8954,181.1374,124.8125,126.2277
228.7476,164.8803,124.0594,127.2966
243.1271,154.8380,122.7071,127.3048
257.9530,158.8812,122.0315,126.4887
276.6697,171.5451,120.7542,128.1993
295.2124,193.3670,120.0780,131.1593
304.2238,210.0382,122.1626,127.9076
291.4758,193.4053,121.9040,127.5495
253.5148,177.7657,118.8549,127.4066
216.3482,172.8616,119.2448,130.7611
177.7426,195.7833,122.3675,129.5615
163.1839,213.1134,123.8856,129.4553
163.2047,223.1364,123.0447,127.7723
178.8154,202.3951,125.6457,128.2294
199.1618,176.3473,129.4255,126.1601
220.4426,164.2180,127.6331,126.0377
227.9648,157.3350,130.4514,126.4671
229.6765,176.4386,129.3479,128.5934
221.7658,190.4592,127.1405,131.1815
220.3785,187.6009,128.5012,129.9969
225.7867,184.0548,127.7233,128.3791
232.2459,177.4866,127.6227,128.8098
235.7989,192.7675,128.0729,129.6010
221.0070,204.5250,126.6167,130.5883
204.3920,207.5298,125.3021,129.0044
201.1211,192.6369,125.6810,127.9816
194.9832,177.9602,125.4133,127.6984
195.7728,171.6418,125.0864,126.9613
198.2583,189.4364,125.2341,127.2380
205.5006,213.2902,128.8859,126.4293
206.5648,237.1186,126.9658,127.6553
199.3219,238.9578,126.0415,125.3341
198.9280,212.8543,128.8341,123.6544
200.9005,191.6187,129.7839,122.3392
188.4880,171.4178,129.2854,122.5103
168.8898,167.4721,128.3846,122.1130
160.9151,173.9280,127.8819,121.2332
164.6557,185.4039,125.5244,123.5151
180.1477,192.1684,124.6261,123.6347
199.3382,195.6472,124.4728,122.4438
221.7352,200.4024,126.8856,120.9930
244.1139,212.0038,126.8962,122.3904
266.5241,224.1667,128.2084,123.1399
292.3253,233.4577,125.4599,123.7428
280.8195,227.6656,123.4025,123.2887
242.1602,216.1985,121.7910,123.5390
201.0807,209.4414,119.2582,123.2469
169.6531,209.1890,121.0523,121.4727
139.5341,214.6892,119.2924,122.2444
108.3571,208.1972,116.5767,122.7657
116.3018,198.4898,118.0666,124.9059
160.5736,185.7266,125.0028,123.1142
213.8349,187.3855,124.9796,119.9595
225.3808,178.8266,121.9984,120.9966
224.7822,180.4856,120.6288,120.3578
234.1292,190.9228,120.2833,121.6562
239.7232,203.3017,119.4798,122.4391
229.4821,207.5341,118.2346,123.8781
196.2722,212.2528,118.6558,122.2794
169.8153,215.7871,117.7375,121.3535
176.2682,217.8786,118.4259,120.6400
213.4706,208.8372,120.4126,122.1176
258.3388,208.5912,119.8007,120.8808
273.8768,201.3231,119.5329,121.6826
266.9551,205.8268,118.3169,121.2617
258.6410,198.5624,118.7390,120.6725
250.5712,192.2451,117.9717,119.4718
245.8592,188.3150,116.6155,119.5660
254.5379,178.4366,116.0170,121.2057
265.9795,183.9213,117.9649,119.6352
274.2426,192.4035,115.9799,122.0022
266.6490,195.5456,115.2457,123.1025
240.4231,194.5541,115.6950,125.5006
208.9099,215.5446,115.9763,127.2056
189.6479,229.6916,115.4756,129.4958
177.7438,234.4159,115.5208,128.7125
179.4357,230.8097,116.7071,127.2470
201.9584,230.3981,117.0911,125.7939
208.0959,223.6959,117.1148,125.1110
191.8761,216.1094,116.6683,126.9411
175.5832,215.8718,116.7667,124.5401
173.4578,212.6350,115.7258,123.8007
192.0354,208.7880,114.3324,122.9420
236.5626,206.7028,116.7593,120.0971
279.8883,190.9640,116.4811,120.9454
279.1075,188.3033,116.6869,120.7802
246.9507,185.0500,117.2886,120.1305
212.2215,174.0508,115.4707,121.7927
195.7049,175.4503,116.5019,119.6842
179.1396,176.9264,115.4298,120.0808
169.3380,180.0924,114.6608,119.5996
175.2086,180.6468,112.2939,121.6215
197.3148,186.4265,119.2792,116.4183
251.5402,191.0262,126.2860,112.3551
282.9989,191.8589,131.2491,110.6390
282.9531,189.5007,128.7149,112.9862
270.1595,189.4668,124.8994,114.7393
249.5795,193.2750,122.4417,116.0397
228.4938,199.7119,122.5605,118.7276
207.5522,204.1088,119.4118,120.6608
170.6538,193.1290,119.4896,120.8344
143.1755,177.5863,119.0912,121.0975
139.3738,176.9479,118.1036,120.2110
158.3672,177.1207,116.5841,121.3978
182.5858,184.9213,120.9160,119.3593
190.6627,187.1145,120.1684,118.9007
187.5219,186.9597,120.4593,117.0947
193.5607,172.0371,121.9297,118.5242
203.4761,161.6241,119.9949,120.6435
210.7496,157.6239,120.0341,121.0727
213.7117,173.3204,121.4518,120.6089
208.0123,180.1894,119.3383,122.9559
204.6247,194.8443,118.9810,123.9591
211.0194,216.7151,121.4789,122.9782
221.3908,237.0963,120.1758,124.0159
206.9913,238.7933,119.1914,121.8400
191.1165,229.4055,120.5570,121.7763
182.9607,206.3458,124.4365,118.0679
183.6064,170.6775,124.7514,117.6351
188.1048,151.7975,122.5572,117.5234
199.0102,146.5141,122.6880,118.7105
217.8590,160.1359,122.2800,120.1968
236.3700,175.7138,120.8578,121.2590
238.9458,172.3329,119.5295,121.6584
234.2554,174.0516,118.7061,122.3734
211.9583,184.5801,119.6764,121.5376
191.1514,191.1910,119.5716,122.1025
186.0626,201.1394,119.2931,120.7120
187.8973,207.5252,117.4902,119.8688
190.9618,198.4299,117.5266,119.9087
187.7102,179.7957,120.1993,117.8414
202.3309,154.0630,116.4473,120.6108
223.9287,160.2754,122.5619,113.8562
267.0582,164.8686,124.3967,111.3984
289.0522,179.3301,125.3474,111.3981
294.3986,200.5643,125.0912,113.0266
290.6440,212.1082,121.1222,114.9818
289.0707,214.2565,120.2412,116.5870
293.5091,215.5527,118.7139,113.6706
288.7757,218.1641,116.9117,113.8366
263.7673,224.2859,115.5496,114.9606
238.0973,226.3111,114.7227,113.2838
234.1510,228.9543,114.2558,114.3329
221.2717,234.4108,112.4545,116.2628
209.1787,225.8229,115.4723,113.8096
206.7831,215.2668,116.4708,113.5806
212.3520,202.1966,116.1169,114.2470
221.9578,197.7234,115.6168,114.8553
236.7783,198.2583,115.4708,113.1271
252.7389,187.1681,115.2622,114.9025
258.2439,172.9837,116.7234,114.7901
257.6902,165.9140,116.9002,114.4377
273.3221,172.8731,116.8094,115.3866
286.0031,212.8347,120.1216,114.5295
277.7922,245.9890,121.5026,113.0680
256.0939,249.4079,118.9774,114.0947
251.2674,229.8880,119.2545,113.9374
249.7628,191.4765,119.5244,113.2030
241.3152,162.7014,118.1078,112.1377
235.6170,153.5659,112.8267,114.7592
223.2576,157.7726,112.7587,115.3164
207.1005,163.3932,113.0628,115.8422
217.6538,165.6776,112.7828,114.3265
239.2832,150.1333,116.4378,114.3684
263.9554,140.6252,114.7528,115.9368
280.1662,135.4535,112.5013,114.5300
284.3083,149.5914,112.2934,117.0572
262.9938,165.2961,115.7142,118.3460
242.4265,174.0949,115.1113,118.7447
238.1641,174.1051,111.7266,120.8803
240.9552,176.4046,111.7303,118.4093
249.0215,177.2371,110.9851,117.6824
240.1803,188.5343,111.3006,119.8576
213.0302,200.0163,112.8915,119.6801
200.1358,195.0381,112.3108,119.3565
216.5584,194.4164,112.5706,118.1214
229.9137,172.4749,109.7189,121.7485
240.4398,167.4573,109.7027,122.8858
243.5882,181.9667,112.3654,121.8558
240.4571,190.7083,110.6978,119.7145
239.9035,193.9118,109.0784,119.0876
233.1557,198.1369,108.7649,118.6470
217.4788,209.1736,110.9218,120.6495
209.1225,224.7172,109.9115,119.6713
217.5242,228.0315,111.5790,117.6101
220.9673,221.8201,112.5584,116.9807
219.0053,219.8658,111.0305,115.7365
216.2085,216.7260,109.9221,114.4051
226.3403,207.5384,111.4802,114.5897
247.4101,181.6538,115.6473,111.6209
272.3203,158.1543,115.2895,112.7823
275.7349,154.4782,114.9448,112.8198
282.2255,166.1015,115.1394,113.1713
280.5503,184.0945,113.8918,116.6707
271.3136,203.6329,113.0608,118.3752
259.2306,218.1069,108.6900,120.4614
241.6156,209.3969,108.0395,122.5633
221.2452,215.6453,109.1869,119.8658
221.3201,227.6050,107.7752,120.7145
229.7246,238.5439,107.6282,119.3186
237.3326,230.9258,109.1226,120.2854
242.6278,216.8689,111.1017,119.8476
243.9278,198.3976,109.7100,119.3790
258.2628,201.3600,108.4027,116.1806
280.4452,208.8999,114.9333,111.8827
301.0504,206.4776,112.2620,111.1760
294.8416,201.7642,109.7574,111.0178
281.4063,200.2263,109.4564,109.5157
272.9111,206.1819,108.0052,111.0036
266.6739,218.4498,109.3702,113.0735
258.4441,232.6077,109.3341,114.0334
255.9290,235.0813,107.6118,113.0602
264.7264,228.5402,107.2416,113.3664
268.2244,219.6099,107.6809,114.2071
265.6354,213.2094,107.2136,112.4971
259.9502,209.3295,106.3803,110.6151
259.2271,203.4322,105.7723,109.8107
262.1588,198.6795,107.1710,110.2286
269.8044,189.7659,107.1428,111.2537
272.5937,182.7231,107.6313,111.4443
273.4856,191.8848,107.8059,111.5791
280.8428,206.5231,108.8279,113.4468
287.6526,218.3766,108.9176,114.2235
291.1539,213.1376,108.8936,116.7050
276.2818,222.6495,108.0328,114.8427
250.4817,227.6367,106.9086,114.4183
226.6074,232.1844,107.3582,111.8832
213.7766,218.4463,107.4760,111.5838
205.0681,191.9523,109.7755,109.3185
207.0942,166.9789,109.2922,109.7440
213.4683,159.3091,106.9872,110.9538
227.2092,165.5057,106.8368,110.1968
242.4294,175.3050,105.5252,111.4673
248.5233,171.6468,105.5212,113.3644
257.0803,182.0701,106.8627,112.1535
267.7184,196.3339,108.4440,113.1520
285.8900,225.4044,109.8058,109.4601
293.4872,242.8764,108.5042,110.4272
285.5806,244.3257,108.7882,107.0702
274.0648,216.5237,110.5462,103.6178
261.6596,199.5814,109.9824,101.4534
242.2188,197.2850,110.2605,100.1082
225.3450,199.6966,110.2008,99.4438
220.5936,214.6015,109.8699,101.8304
227.8182,226.9023,106.0956,104.0082
247.6181,226.6819,105.0756,103.9986
264.4633,230.0086,104.7237,101.6239
276.4056,233.6392,107.1876,100.2737
274.1147,241.0596,109.2974,101.8200
271.7205,252.0471,109.3983,104.7566
269.1233,256.8925,110.0289,103.8027
270.9921,251.1019,109.4801,104.0531
273.4190,246.3551,108.9212,104.5718
277.2700,237.8638,108.1690,104.7513
275.2648,231.7010,108.3447,103.6952
271.7533,231.9647,107.3292,102.5086
263.5154,235.4042,103.8891,105.9714
254.9758,240.8424,104.5845,104.3055
255.9929,232.2374,105.4927,105.0503
251.3440,222.5674,106.1299,104.1426
251.4726,217.9968,105.0357,104.2450
247.6753,212.9245,104.3884,105.0879
249.7155,225.3452,105.0162,104.3054
261.3118,228.1261,105.0128,102.0607
277.1227,219.4903,103.9843,102.4831
290.9799,206.5292,104.1533,103.0097
292.1787,192.2860,105.1385,102.2690
290.5496,192.2737,104.2997,101.7334
284.7699,197.6350,103.7731,102.4816
280.0847,205.4318,103.4594,104.2890
262.2803,210.0142,104.8059,102.4829
240.4585,201.9662,106.4009,101.7798
222.4254,192.5388,105.2893,101.6266
224.4911,198.1697,105.2938,102.4316
227.2561,214.2057,108.3835,103.0457
243.2991,253.1688,110.2109,104.1896
275.1171,273.4047,108.1256,106.5641
293.7466,255.4449,112.0999,104.0152
314.2346,239.6255,108.7218,105.3927
314.2732,225.0461,107.2651,106.9129
297.5850,217.1949,105.6933,105.8208
277.1912,224.2283,107.2283,105.2477
246.3213,235.6783,105.6450,104.7940
223.0982,230.9554,104.8000,104.8018
241.2868,234.0888,105.9375,102.2081
284.0829,237.4363,106.1557,99.4677
304.4512,240.2460,109.1695,96.4396
326.7820,231.8968,106.7721,97.4063
335.6753,231.5012,106.4962,96.9262
345.6843,236.2969,105.2804,100.2405
349.5598,232.3229,105.8697,101.5444
347.0686,230.7115,105.6940,101.0040
339.0126,232.0198,105.0737,100.1995
316.3153,246.0881,107.2452,101.0427
293.8984,257.8054,107.7733,102.5621
294.7533,251.7273,107.4763,103.2969
305.8577,240.8848,107.5217,103.8494
313.2176,233.9243,107.9874,104.4486
326.9350,243.1641,105.0526,107.2218
343.7086,254.4891,104.5949,106.8718
356.8338,239.9495,103.5520,108.0550
340.1278,216.8024,109.0296,102.4386
300.4330,181.2472,110.5793,101.3075
277.4956,160.8827,110.6970,101.3559
279.1269,168.8822,110.6080,101.7529
278.7429,184.3351,109.7749,104.1202
268.2635,207.5515,110.5413,102.7048
246.3174,224.2881,112.1581,104.7810
223.2044,234.8181,112.1006,105.4122
216.0747,236.6378,109.9337,104.1926
212.1141,239.3544,108.5980,104.6524
229.0036,242.2301,105.4152,105.1585
244.4799,229.7615,103.4810,106.9558
249.6353,200.8426,107.3261,104.5922
239.0674,176.6872,107.0331,103.4218
231.9948,168.6128,104.2477,103.6288
227.2807,174.4317,103.8440,103.4547
212.0585,186.1497,104.9803,105.9807
191.5132,198.9594,105.4136,106.6637
185.8007,203.3353,104.0812,105.5895
181.9485,207.3994,104.1012,105.2865
181.3477,219.3771,103.4329,108.1000
183.3899,230.1150,102.4108,107.0361
202.9081,233.4303,104.2531,103.6677
221.2962,229.6617,109.4319,101.7159
266.7504,215.9055,106.5545,104.1842
287.9760,217.5807,107.6304,101.2430
308.0992,222.2723,105.9817,100.4581
309.2274,234.0920,106.1733,102.4380
282.7464,243.7090,104.3710,103.0563
237.8043,228.9255,109.0092,100.1490
209.8416,214.8970,106.1304,100.2289
183.7608,214.9922,105.4291,99.1875
176.7814,222.6269,103.5714,100.5163
196.6259,228.5867,106.9384,99.8011
228.8930,213.7812,107.3692,101.2431
241.6436,196.1706,104.3183,102.8696
261.3591,191.7592,101.4193,104.2820
279.7403,196.1257,106.5648,100.5903
320.2913,199.8964,103.4554,101.3756
331.6005,204.2380,102.4406,100.6620
325.2586,205.1335,102.0870,98.7782
302.9217,197.5779,103.7018,96.6830
261.2523,181.0375,106.2594,95.2803
234.8323,157.9092,105.9196,95.9424
251.3663,144.9137,103.2598,99.3307
273.2779,141.5407,107.8320,97.0198
292.7025,128.1624,103.2925,100.5943
302.1884,116.1239,102.4738,101.6369
298.6165,123.8741,104.3232,100.7784
297.4770,152.1042,107.4805,99.2507
302.2180,188.0967,109.5006,99.7027
302.2818,209.6800,106.6486,105.9810
300.9143,222.8200,104.9991,104.3368
298.2580,209.1055,105.4204,104.8175
293.3614,200.6168,104.0209,103.6004
287.8510,189.9958,103.0717,103.1035
283.0286,166.4661,105.5291,102.5389
282.4176,135.2706,108.8899,101.5159
280.9818,93.5753,110.3869,101.3755
297.7744,75.0992,106.2053,102.1589
312.3384,86.4600,107.9591,103.2639
325.7038,125.7326,108.8712,103.6078
317.1413,157.6635,109.7319,102.8266
297.1091,176.8314,113.1808,104.0337
283.8271,192.2963,112.3192,105.4837
274.8402,208.0603,108.5762,109.4337
268.4672,217.9481,104.9906,110.8988
260.9159,224.2488,104.7014,107.3535
268.0241,229.4632,104.2144,105.8226
278.6918,228.9109,103.1301,104.5841
286.7032,218.1648,104.1237,104.8628
291.3060,206.4188,105.0056,105.4914
303.5200,190.6118,103.0952,105.3154
312.2008,182.7975,102.8288,104.9599
316.7048,180.5346,102.0881,106.2802
331.8613,191.3738,101.1515,107.5465
327.8289,208.6265,105.7986,105.9907
314.4707,223.7467,106.9854,106.1734
289.1553,244.7701,113.2960,104.3372
268.0399,259.0331,111.7918,104.5963
257.7278,256.7418,109.6563,102.9006
253.1474,254.1274,107.4521,102.7083
239.6626,227.3640,106.8270,103.0482
232.2921,193.6281,107.2495,102.0199
253.1285,176.8648,110.9579,100.5436
274.3744,173.0200,107.9869,101.6705
291.7937,174.8448,104.3834,102.3095
307.0602,189.2332,103.6728,104.5451
321.9033,204.0081,103.4263,106.0409
334.7191,221.7259,105.3684,106.3186
342.2237,241.1490,107.9037,108.8174
343.0701,254.5508,105.6047,107.8763
324.1023,259.5011,105.7261,106.3677
292.7307,262.8778,103.4191,105.8407
248.8463,265.4927,104.5903,103.5413
212.8235,265.9247,103.2914,102.1052
210.6904,248.5711,103.7877,101.5483
216.5992,221.4029,107.4811,99.6964
217.4200,194.0492,109.1642,99.7102
235.3502,183.6583,104.9616,101.3654
252.9176,184.6263,107.8185,99.8355
292.1356,181.1476,104.0169,101.4922
307.9598,183.9194,103.4710,99.8523
314.3329,188.4727,103.6422,99.7315
316.1053,196.4109,104.9889,100.2801
320.3670,210.4951,106.3817,101.0857
317.6389,222.5121,102.4065,104.8231
277.5031,227.4628,102.6809,103.6656
234.4150,229.8579,105.5355,100.1555
191.4715,232.3857,105.8702,98.8567
177.3170,229.1265,103.8990,99.9251
193.2778,226.7405,99.0479,103.5095
231.8385,229.1362,98.3317,104.8495
252.2890,226.4935,97.6686,103.2652
256.2128,219.7582,98.7780,104.0314
270.2346,223.1710,102.7214,103.3104
247.5174,181.5514,107.4590,101.0919
2
0
0
0
0
1
190.5457,201.3528,91.5896,78.3122
221.8072,170.0303,91.3980,79.9581
221.4202,162.2786,92.8277,79.7638
224.5937,175.2258,91.2168,81.5176
236.8437,205.3288,90.0208,82.8870
239.1465,222.3639,88.8759,86.1210
238.3543,240.9845,86.5097,88.6806
244.0563,260.3385,88.3651,86.2719
253.0803,267.5844,91.0094,84.5397
239.8790,260.2167,90.2897,85.6759
222.8758,254.4533,91.8839,85.8784
227.4496,271.5264,91.7119,85.3595
253.9678,288.6522,92.7051,83.6760
274.0305,290.9377,94.5050,80.7093
273.6674,281.6021,94.9956,79.3943
268.4303,257.4744,95.7141,79.0031
281.1398,215.9024,90.6647,84.3817
274.8495,173.0950,90.5847,84.9506
253.4195,155.9187,91.6107,84.9515
237.8501,168.8236,94.8762,81.9930
230.7640,186.7256,93.0360,83.1227
225.3261,224.2576,92.5258,83.4853
227.7865,243.0467,90.5111,85.8221
234.5885,256.9893,91.9228,85.4179
244.2374,252.2648,91.7350,84.6859
247.7417,240.1258,92.4949,84.2149
245.6691,231.0635,91.6795,84.3322
258.7686,225.5406,91.3101,84.0060
279.0672,224.1848,94.2119,80.8223
282.6959,209.2200,95.0102,81.4523
270.9946,196.2588,95.1470,81.4619
280.5297,186.2769,93.4397,82.5047
294.7189,184.5090,93.6863,81.9469
296.3956,201.1311,92.1084,83.4938
283.6531,237.6960,93.1804,81.7469
272.5939,254.1717,93.7825,82.2140
284.0940,265.8260,94.8663,82.8376
289.8509,259.3483,95.5184,82.6641
276.3911,247.0053,96.5681,82.4595
267.7994,239.7733,97.5807,82.4653
268.8182,239.9147,98.9694,81.1920
272.0811,234.6509,99.7324,80.7571
263.9846,233.6419,100.4388,79.5757
257.2513,225.9727,99.9371,80.3042
252.8080,221.4645,100.7254,79.7275
243.8316,230.8407,100.7691,79.4775
236.0788,233.2307,102.2324,77.6518
233.5710,231.2581,102.8164,76.6718
255.6696,226.6332,103.5711,76.9903
279.9531,227.7478,105.6797,76.1976
273.0186,238.7015,105.0163,76.6049
249.4475,242.2464,102.7600,78.8150
249.4996,243.5777,103.7365,78.3997
259.3075,232.9027,102.5171,80.0646
264.2186,220.5341,102.6734,80.3764
261.6577,217.7152,102.1560,80.1862
269.4975,222.7099,101.2805,81.3949
275.2481,226.3440,103.4247,80.6306
269.5031,228.9074,104.0140,79.5307
267.2148,228.2945,102.3645,78.6859
266.9818,224.6245,102.5601,78.5234
269.9462,225.7721,103.2739,78.5855
269.5470,231.9116,103.9376,79.2898
264.0961,244.8854,101.7521,82.8994
256.7965,248.1521,101.8529,82.8668
272.2384,242.7165,100.5515,82.6558
282.7681,225.0679,99.5079,85.1027
278.8013,217.8183,102.0488,83.9396
270.6844,230.0660,102.1075,84.1993
261.5618,238.7206,101.7408,84.6405
260.8661,235.9508,100.9588,84.6567
265.9213,213.3909,100.0179,85.8066
268.2675,206.9702,99.7200,86.2192
271.2220,214.9923,100.2056,85.4339
272.8620,227.5621,99.1768,86.0171
266.3429,237.5869,100.3122,85.1431
259.9170,238.5269,101.3207,83.4348
263.3132,233.2489,101.4729,83.7485
261.1792,226.9885,102.6072,82.7467
252.8435,227.8193,102.5660,84.8615
247.0204,240.3880,102.1323,86.8514
244.0408,245.7638,101.6044,87.2047
246.6427,247.1098,102.7053,87.3953
245.2670,242.4246,103.0646,86.4433
245.4848,235.7871,102.0967,87.2203
243.0438,241.1438,102.1510,86.7165
246.7529,253.6864,102.7189,86.7632
245.5365,257.9786,103.4242,86.5815
246.7035,261.9328,102.5785,87.1566
243.2704,262.8338,103.6540,85.3421
245.1079,258.8220,103.9953,84.5851
238.1698,253.9985,103.5476,83.8403
234.1225,248.5262,104.0604,83.2035
235.7531,234.3280,105.4052,83.3472
235.3373,221.9873,106.0595,84.0108
231.7218,222.8197,107.4637,82.8403
237.1812,224.7384,107.4588,82.6839
240.5999,222.7756,108.3230,81.8410
244.4609,212.5044,108.3251,83.8745
242.8704,206.3163,110.3145,83.5698
248.6319,217.7559,107.6206,85.7283
249.2854,234.1420,106.8205,87.1000
246.6660,240.5113,106.7348,86.5292
245.2739,235.3540,107.6655,85.5327
247.7708,229.8712,108.7124,85.0242
255.3842,224.1777,111.0304,83.8712
259.7241,226.3614,110.2410,84.5059
254.9942,234.8947,110.1209,85.1660
239.4840,238.3124,110.7753,84.9923
245.6467,237.6503,110.1813,84.7855
244.8321,233.2608,110.1805,83.9431
239.3052,224.3417,110.8624,83.9851
231.3362,234.8238,110.5264,84.4257
225.9613,248.7454,110.1005,85.3188
225.5800,253.7508,111.5243,83.3704
243.2728,256.6812,110.8450,81.2591
263.2985,248.4065,108.8015,79.5099
273.5588,231.4492,109.5160,80.1491
252.5483,239.4047,110.2262,78.8467
239.7613,251.3649,111.6256,79.3527
257.5640,258.2710,110.3417,80.7441
277.8157,256.0198,109.2321,78.9751
268.7883,240.7391,108.4373,79.0415
247.7395,227.1769,109.7605,79.3615
231.6770,228.5614,109.6283,80.6333
229.5242,231.5554,108.5848,80.7821
231.6224,232.0234,109.4659,79.3916
227.6098,231.6737,109.0383,78.4383
221.2736,232.0983,110.1466,76.1277
223.7666,233.3799,111.8368,73.9891
234.6680,240.9288,110.4834,75.8671
233.1564,247.4034,108.5297,77.4774
247.8863,257.5869,110.5125,75.9805
292.5828,259.9669,114.4444,73.7663
306.7591,250.0484,114.8602,74.0953
264.5546,254.1993,118.8296,71.4803
225.6438,262.6248,116.5483,73.8568
210.2612,276.6617,116.6207,74.9509
207.7239,278.4786,118.7107,73.6980
234.9885,275.7640,122.2963,71.5015
237.8261,269.7324,121.5326,72.3159
226.3399,268.7678,120.1523,72.9775
208.2939,270.1007,120.7987,72.6188
204.4932,270.6305,118.6266,72.9212
212.1598,273.4807,117.8761,72.8320
228.9547,275.7178,116.7505,72.6199
232.5407,271.4203,119.3847,72.1714
233.5941,264.4767,118.0386,71.8697
220.5261,258.9857,116.1091,73.6957
228.1217,254.5762,115.2615,73.3336
238.1427,243.3630,113.7777,74.8101
237.3195,237.3015,112.7601,74.6304
232.5006,234.0138,113.0015,73.0689
238.7560,226.7964,111.5399,73.7758
237.7915,223.3616,110.8382,73.4929
243.6402,232.3682,111.0216,73.8927
231.8270,263.8784,111.1988,72.6225
228.1138,292.3943,109.8818,73.2208
222.9169,294.4147,109.2111,72.7578
229.7736,279.6252,109.1560,71.9141
238.9005,256.3542,111.7360,69.4604
248.4143,239.5734,112.6812,68.4072
248.5076,219.8127,112.0274,69.8264
239.3260,209.5894,110.7916,68.9775
238.6034,193.4365,108.6910,69.6229
244.4945,181.1748,107.5765,69.1684
243.7235,173.3454,106.4598,69.4430
254.1274,178.5112,109.6177,67.0349
266.8481,190.6274,109.9317,68.4691
269.7681,219.2173,104.7438,72.1054
268.2223,246.3598,103.3702,72.1430
274.9667,248.7887,103.6464,70.7570
267.5732,224.5551,102.2278,70.8451
270.5876,207.4371,101.9672,71.5780
282.3107,209.9653,106.2506,68.8575
302.7054,213.6342,108.7443,67.4728
312.9521,222.6410,107.0478,70.8706
298.8026,224.8032,107.2841,72.0805
287.9135,225.9371,105.3634,74.2896
286.1121,231.1686,105.4067,74.7218
295.8998,246.7665,105.0775,77.1935
302.1508,261.8250,103.7742,80.5908
307.7864,277.8164,106.1419,80.7240
298.4312,268.2900,106.6124,79.4062
285.9404,255.1751,106.5284,77.8563
283.5540,235.1711,105.1430,77.1413
281.8778,213.2064,104.9679,76.1588
279.0023,207.4631,103.2560,76.9809
281.1413,215.7108,102.4787,75.0645
292.5662,227.8497,106.2269,72.0654
301.9057,236.8102,104.8231,72.3302
300.9308,238.7778,104.8784,73.0974
296.5554,245.7543,104.7043,73.2917
292.4847,254.4709,103.8344,73.3948
282.1043,256.6036,104.9757,72.0190
289.2491,247.0219,104.4901,73.2848
287.9090,235.6056,103.0091,72.6630
288.8711,219.6454,104.6702,71.3903
292.5429,208.5279,102.8716,73.2569
292.1304,204.1628,102.4647,73.8938
295.3095,204.0236,102.6913,73.3941
308.6249,213.0201,102.0930,73.2652
325.8763,224.6928,102.1887,72.7960
328.8511,240.6786,99.7860,75.6986
309.2260,255.7695,101.4924,75.7311
268.4910,261.0880,102.4163,75.3126
254.2751,257.5689,102.0329,75.3262
238.4007,244.9203,103.3198,74.7830
222.6072,233.2980,104.0883,75.3520
223.0187,200.2273,102.0421,75.9363
236.2514,180.7238,104.6146,73.5879
257.9618,187.3081,106.4599,71.9670
269.2315,200.5648,108.2151,70.9158
271.7476,211.3054,107.0636,71.3328
269.7835,213.3559,107.7627,70.9456
282.7638,217.8835,105.6953,71.7804
285.2162,218.3544,105.7076,72.0285
283.6365,223.3009,105.2649,71.3536
286.4573,224.6619,106.0189,69.4372
