1
536.8482,202.0624,22.7698,21.4942
534.0254,208.0865,23.5364,21.2948
531.5786,216.2279,24.1953,21.2451
529.1935,222.6501,24.6740,21.2747
528.3654,230.5252,24.8842,21.4328
526.7989,237.7555,25.1016,21.5501
526.7236,243.5698,25.2522,21.6678
528.1424,249.0551,25.3680,21.7727
529.2004,252.3329,25.4775,21.8935
533.3071,255.6230,25.4642,22.0225
539.2370,257.4147,25.5617,22.1756
546.7263,260.3648,25.6090,22.2859
555.7803,262.5941,25.5921,22.3500
564.4277,265.5663,25.6522,22.4420
575.4003,267.8002,25.6592,22.5162
586.7125,268.9313,25.7827,22.5286
597.6557,270.4585,25.9471,22.5157
608.5883,272.0335,26.2006,22.4167
618.8395,274.4078,26.3546,22.2584
627.1323,276.8990,26.5963,21.8652
635.7441,279.4388,26.9047,21.3592
643.6027,281.9963,27.1226,20.7970
649.9708,284.1268,27.1872,20.3011
657.9936,284.8651,28.2967,19.5704
660.0186,284.8489,28.0002,19.6027
665.5519,285.0748,27.3877,19.8976
666.8727,284.8329,27.7153,19.6392
676.0573,286.2373,27.9218,19.0593
679.3384,286.8732,27.9887,18.5241
684.1132,286.3423,27.9120,18.1287
686.9914,285.8254,27.9231,17.7205
690.9813,283.7998,27.8005,17.4860
694.9685,282.4576,27.6200,17.3363
697.8398,279.7165,27.5040,17.1919
701.4856,279.0399,27.2041,17.1465
707.2959,274.8242,26.6865,17.2509
713.1684,271.2585,25.9483,17.5029
719.6322,266.0905,25.2792,17.6236
727.7241,261.3307,24.5732,17.7219
737.2917,257.0466,24.0263,17.6597
745.7086,252.2597,23.5565,17.4153
757.8859,248.2204,23.6515,17.1295
769.9752,243.2538,23.7993,16.8201
782.2477,237.2073,23.4719,16.8041
797.2639,231.4483,23.1478,16.9446
811.5432,228.9500,22.9159,16.9054
826.9333,224.2387,22.7764,16.9482
841.5483,221.4333,22.8695,16.9438
858.1756,218.2204,22.7528,17.1171
874.8028,213.7756,22.6925,17.2385
889.4261,209.7367,22.9321,17.1605
905.7566,205.2814,23.0177,17.2547
920.1706,200.5661,23.2887,17.1966
935.0541,195.7665,23.4023,17.2595
949.6739,190.6562,23.5342,17.2638
962.1901,182.9789,23.4847,17.2444
974.6918,175.5896,23.4227,17.3140
986.6285,170.1124,23.2187,17.3933
998.3155,165.2739,22.8096,17.5016
1008.6314,162.7035,22.4480,17.5748
1021.2883,160.1807,22.2987,17.5874
1031.7263,159.2150,22.1146,17.6379
1042.2668,159.1169,21.6598,17.8339
1051.7689,165.2878,21.2919,17.9165
1059.3566,171.0946,20.9220,18.0237
1065.5558,170.5052,20.7815,17.9768
1070.5968,165.9198,20.4589,17.9980
1074.3662,157.9991,20.1838,18.1014
1078.1519,149.2081,19.8448,18.2051
1079.4369,142.3089,19.6711,18.2249
1081.9406,135.7404,19.4371,18.2350
1084.9781,131.6252,19.2938,18.1609
1086.5524,125.7076,19.0941,18.2005
1088.4210,120.7066,18.8806,18.2189
1090.2496,117.5159,18.7286,18.1740
1093.9637,115.2971,18.8550,17.9624
1096.4440,112.5276,19.1124,17.7039
1098.0930,106.2754,19.2925,17.4554
1100.3573,95.1101,19.3921,17.2234
1100.5387,81.8836,19.6056,17.1634
1103.3197,74.9172,19.8308,17.2070
1106.6792,72.5979,20.1067,17.1822
1111.0807,67.8549,20.1054,17.2799
1116.5062,60.8270,20.4325,17.2158
1121.7992,54.0146,20.5087,17.2167
1127.1323,49.7814,20.5261,17.3737
1132.8082,47.5859,20.5047,17.5904
1137.1932,44.2710,20.7269,17.6258
1143.6819,40.0104,21.0263,17.6981
1150.0244,39.9996,21.1358,17.7199
1157.4232,39.7739,21.6209,17.5600
1163.7239,37.2848,21.9598,17.6086
1166.7146,36.8952,21.5780,17.7656
1172.4161,34.3525,21.3143,17.9001
1179.7104,36.1500,20.9157,18.0069
1185.9152,37.1274,20.7569,17.8896
1191.1849,41.4237,20.5566,17.8118
1200.1039,45.9379,20.2300,17.8409
1206.0939,51.4824,20.2350,17.5383
1211.5914,63.5419,20.5348,17.1985
1216.7491,78.4376,20.3114,17.0892
1223.2231,93.0019,20.3090,16.7941
1228.9523,107.2480,20.5237,16.3168
1233.6903,122.7763,20.8943,15.9590
1238.2581,141.1509,21.6029,15.6907
1242.1177,155.3876,22.0799,15.3191
1244.6935,170.4654,22.2074,15.0774
1248.7271,185.2059,22.3227,14.8202
1252.1771,203.4389,22.4058,15.0162
1254.7377,221.8531,22.5628,15.1338
1254.3817,240.3638,22.6841,15.3301
1257.8151,259.1815,22.9675,15.2327
1257.1418,278.1069,23.1169,15.0865
1257.4078,289.3835,23.1830,14.6702
1257.1263,298.3784,23.1539,14.4504
1254.6094,303.1851,22.8939,14.2485
1252.3785,307.1042,22.7080,13.9627
1248.8206,309.8740,22.9434,13.5833
1246.2230,312.1910,23.0041,13.5132
1240.1450,316.5541,23.1859,13.3401
1234.6920,320.9042,23.2627,13.1893
1226.9237,327.2059,23.4487,13.0938
1219.3801,334.3917,23.7245,12.9640
1210.4829,342.6927,23.8017,12.9363
1202.9331,351.8619,24.0243,12.9078
1193.4897,362.7225,23.9366,13.0360
1184.8490,371.8830,23.9414,13.1434
1176.4894,379.9224,23.9048,13.2427
1166.2430,389.1113,23.5555,13.3911
1159.3695,400.0098,23.4712,13.4938
1147.9431,412.1045,23.2520,13.5299
1139.1451,424.9562,23.0488,13.6638
1130.6177,434.6533,22.9016,13.7654
1124.3585,440.9137,22.8152,13.8492
1119.3422,444.5760,22.5330,13.9743
1113.7378,449.0121,22.3226,14.2376
1108.5389,454.3133,21.8481,14.5073
1104.2523,457.8930,21.3079,14.7527
1100.0869,461.2679,21.1555,14.7892
1096.9501,465.4819,21.2272,14.8188
1093.1841,467.3826,20.8434,14.9752
1092.1261,465.3131,20.7106,15.1790
1091.5482,463.0503,20.7393,15.1965
1089.6298,459.3142,20.6267,15.3337
1088.2109,456.7180,20.6405,15.4432
1086.3148,451.3135,20.4653,15.4835
1083.8351,448.9576,20.3419,15.6773
1080.1791,448.9887,20.8615,15.6151
1074.1743,446.8986,20.8392,15.7847
1070.7455,445.1202,20.7921,15.8890
1066.0638,442.8383,20.9337,15.8420
1058.4923,443.6956,21.0549,15.8608
1052.3325,445.4482,21.1966,15.8351
1047.4795,443.8706,21.0148,16.0819
1042.9130,443.7836,20.8213,16.2559
1034.6177,443.7366,21.6766,15.7672
1029.6013,441.5199,22.3042,15.4979
1025.3206,438.9376,22.5650,15.3265
1022.3510,434.7755,22.5642,15.3348
1019.8916,432.3171,22.1361,15.4987
1012.4952,427.4521,21.5793,15.7829
1007.8373,423.6928,22.0961,15.6756
1004.0757,421.9973,22.5072,15.5105
996.8677,417.7065,22.0190,15.7458
993.8918,415.7582,21.4516,16.0864
986.5932,415.8875,21.8974,15.8279
982.9697,416.2042,22.0383,15.7865
978.6204,416.0625,21.8324,16.0700
974.5837,416.6083,21.5736,16.1688
963.4154,414.8792,21.9750,16.0699
965.6151,416.7162,22.3543,15.9798
962.4582,415.2884,22.6521,15.8274
960.0948,411.8829,22.5500,15.9989
954.8503,406.2086,22.7562,15.8549
952.0029,402.7283,23.6061,15.5481
950.5791,399.4290,24.0005,15.4001
947.0468,396.1873,24.2805,15.0990
941.3713,389.2966,24.5450,15.3302
938.2507,384.0605,24.5487,15.8223
940.7698,376.9634,24.5668,16.1117
940.9193,369.6761,24.9049,16.0320
936.1613,363.6080,24.8077,15.9916
932.3506,359.4777,25.4029,15.9485
932.3586,357.3823,26.0338,15.6107
932.3550,352.9948,26.6916,15.2764
934.7825,348.7730,27.0750,15.2080
931.4659,348.4467,27.1151,15.2012
935.2239,347.5076,27.5164,15.1002
918.5320,347.5154,27.7016,15.0847
915.7780,344.5339,27.8782,15.0497
915.0773,339.4596,27.9428,15.1717
904.7462,333.7474,28.4605,15.1809
905.7596,331.7118,29.1508,15.1765
893.8957,328.9514,28.7517,15.8720
892.0186,327.0082,29.0289,16.2813
887.7943,324.5581,28.2936,16.9428
880.9866,323.8703,28.4806,16.9050
875.1722,323.7866,29.4760,16.3636
866.2166,325.8279,30.2403,15.8532
859.2535,326.9732,30.5436,15.7136
852.0031,328.7701,30.6635,15.7150
845.9058,328.6819,30.6043,15.8914
838.3639,327.8363,30.5052,16.1366
832.3395,325.5424,30.2162,16.3698
825.5174,324.7397,30.0760,16.5243
818.2669,324.5021,30.0557,16.2733
809.7468,327.0829,29.7805,16.1622
802.0121,330.3213,29.5086,16.1250
796.5649,333.9043,29.0291,16.0678
788.0696,336.8070,29.1519,15.8849
782.6370,336.7173,28.7933,16.0642
777.0361,334.6586,28.1073,16.6853
768.4440,330.8752,27.8006,17.2557
764.2712,328.4408,26.9855,17.8964
755.9581,327.8608,27.4388,17.6501
751.5450,325.5213,27.7946,17.3880
746.7405,321.2963,27.5085,17.3564
742.0925,316.2294,27.6784,16.9604
736.9041,308.3599,27.5868,16.6478
731.8277,301.2469,27.3707,16.3572
726.8518,293.7583,27.0754,16.3052
723.5695,285.9363,26.8613,16.3582
718.6695,278.0869,26.5276,16.5186
714.4879,272.2865,26.1378,16.6734
709.9973,266.5419,25.7382,16.7715
705.8950,261.5058,25.2885,16.8581
702.2178,256.7849,24.7181,17.0545
699.3160,252.0639,23.9711,17.3254
697.2579,248.3008,23.5498,17.7212
692.8732,244.9657,23.2428,17.9082
689.3651,242.2852,23.1455,18.0958
686.2449,238.9204,22.9034,18.3429
682.4141,236.2446,22.7823,18.5061
680.1756,234.4973,22.7139,18.7538
677.2391,232.5289,22.7164,18.7769
674.0728,231.1022,22.5220,19.0195
671.8233,228.0861,22.4456,19.1692
666.2302,225.8307,22.4994,19.0962
662.8636,224.7339,22.6875,19.3261
655.0831,219.8091,23.0432,19.2593
651.0470,219.4803,23.1293,19.2513
645.7154,217.4288,23.1252,19.3540
640.7065,216.7841,23.1184,19.3068
632.7891,215.8724,23.6020,19.1279
626.0972,215.7888,23.5461,19.2952
617.4398,215.8519,24.0150,19.1690
610.9352,215.7606,24.1232,19.3516
603.7112,215.9438,24.2156,19.6687
596.1021,214.1656,24.2502,19.7742
587.6619,213.5136,24.5128,19.6936
580.4663,212.7473,24.3064,19.8360
571.8181,210.6077,24.2463,19.9495
564.1976,210.3181,24.1935,19.8336
556.1753,209.9818,24.3108,19.8137
548.1675,209.7590,24.3650,19.5652
539.8966,208.0683,24.3280,19.4928
534.8951,209.6922,23.9954,19.6902
529.6398,211.5501,23.5120,20.0972
524.4075,209.3353,22.9968,20.4092
519.0223,211.4219,22.8353,20.3357
513.9203,211.5045,22.8455,20.1705
509.3207,211.8283,22.5656,20.2000
504.1988,213.7240,22.0380,20.4479
501.4152,214.5922,22.2536,20.0493
495.0842,211.9664,22.2622,19.9733
490.0757,214.6587,22.3059,19.9078
489.8065,216.8610,22.1799,20.1548
485.9616,216.4867,21.8718,20.2368
482.8059,218.7269,21.5532,20.3974
479.9487,222.9216,21.3223,20.5955
487.3235,226.2136,21.0949,20.6124
493.7274,224.2102,20.7662,20.6786
2
0
0
0
0
1
461.8481,254.1288,19.0059,18.8115
461.7735,257.7263,19.1552,18.7632
459.6945,259.1594,19.1332,18.8826
459.3214,261.5121,19.2807,18.9666
458.9169,263.5900,19.4874,19.0270
458.8466,266.9425,19.6280,18.9937
459.0860,271.1977,19.7573,18.9980
459.2405,275.0087,20.0587,18.6995
459.4672,278.0748,20.2155,18.6700
461.8783,282.2679,20.2913,18.8553
462.9625,285.1273,20.5885,18.6839
464.9749,288.2366,20.8916,18.6481
465.8287,289.2271,21.0514,18.5343
467.8998,293.2972,21.2707,18.4942
469.6805,295.8654,21.4643,18.3645
471.8696,298.4536,21.4734,18.2021
472.4380,300.7800,21.5851,17.9193
474.5893,302.9182,21.6326,17.9931
475.9132,303.2637,21.4784,17.9253
475.4363,306.6996,21.8122,17.8725
477.4200,309.6653,22.2142,17.5586
475.5651,312.1810,22.1722,17.5295
477.0464,320.2318,22.3304,17.6560
475.4386,320.1708,22.4029,17.7779
474.1040,329.2559,22.5453,17.9277
480.1904,324.7897,22.4627,17.9513
484.6620,317.0928,22.4157,18.0944
2
0
0
0
0
1
455.7005,326.0251,18.8848,16.5593
452.7480,327.3983,19.2110,16.0443
450.9146,328.2748,18.9954,15.9553
448.8236,329.5363,18.7784,15.6318
446.8454,330.9660,18.4042,15.4790
445.1682,330.7484,18.0269,15.3813
443.8883,331.4171,17.9580,15.0951
443.6503,331.8159,17.9142,14.8177
443.7660,331.3834,17.6827,14.6528
443.0063,331.5186,17.6762,14.3824
443.2414,331.9304,17.7102,14.0630
443.1815,333.8048,17.8298,13.8109
444.9469,333.6569,17.7800,13.6096
447.7400,334.4283,17.6195,13.5463
449.4590,335.9514,17.6096,13.4389
450.8109,336.4393,17.3451,13.4385
451.4297,336.4476,17.0751,13.4219
451.5114,336.7410,16.9117,13.3146
450.2605,338.2484,17.0376,13.1509
449.0577,340.0122,17.0712,12.9441
446.0307,341.8804,16.9948,12.9804
442.6242,341.8711,16.7430,12.9989
438.7321,342.9871,16.5806,13.1041
432.5253,342.8158,16.3939,12.9801
427.5056,343.0949,16.2738,12.8836
422.1675,342.0808,16.4067,12.6198
416.7090,340.5473,16.3765,12.4938
410.5837,339.6600,16.3793,12.4540
408.4986,336.6829,16.4724,12.5191
401.7110,333.4224,16.3827,12.6632
395.9219,328.0518,16.5491,12.4488
388.4926,323.0787,16.3756,12.3736
383.7842,319.7351,16.3078,12.2861
377.9380,317.0225,16.3215,12.3211
373.6385,314.1421,16.3712,12.2325
370.1505,311.6683,16.1588,12.2381
366.8020,308.3912,16.1639,12.1004
364.1617,306.8994,16.1169,11.9762
362.0219,303.3778,15.9844,11.9602
360.1173,299.9035,15.8434,11.8858
358.8383,297.1338,15.7879,11.7629
356.2738,295.4462,15.7244,11.6763
354.3531,293.7678,15.6928,11.5906
