1
594.3889,203.9972,43.6811,37.6636
592.4096,202.7470,43.8316,38.4494
591.2260,201.3974,43.8261,39.2139
588.5289,199.0612,44.8062,38.9690
585.7672,198.8197,45.2524,38.6785
583.0892,196.9759,44.5066,39.0836
581.1330,195.2445,43.4577,38.3094
582.1013,193.6935,40.3607,39.0841
577.7617,196.5846,36.7593,42.3917
581.4838,200.5014,32.4151,47.1953
576.4140,196.6597,30.2726,49.8698
579.3473,194.4119,28.7934,50.6836
573.6734,191.4587,29.0248,50.8385
576.1722,189.6763,28.3864,50.5058
576.2575,188.2638,27.4742,51.1149
575.5604,186.8754,26.9507,51.2890
569.8560,184.8039,27.1614,51.1380
572.0909,184.4894,26.3608,50.7702
572.3102,184.2111,26.0934,50.1896
572.3342,184.1270,26.0134,49.5406
571.4792,183.6250,25.7843,49.2771
571.6795,182.9891,25.7734,48.7591
570.9664,181.6731,25.4867,48.6970
565.8004,185.7408,25.8601,49.3410
568.2361,183.9290,25.6283,49.1634
568.5014,182.2867,25.3714,49.4177
567.8534,188.1673,24.8532,50.2517
568.1685,186.1077,24.7869,50.0340
567.9524,184.2473,24.4692,50.3919
567.6172,182.8876,24.3318,50.7918
567.7914,181.8138,24.1135,51.0766
562.7151,185.7451,24.1653,52.4184
565.8415,183.1241,23.8039,53.1114
566.0485,186.1289,22.5274,54.8091
566.9041,183.5383,22.1837,55.0763
567.5620,182.7267,23.2689,53.9126
564.0099,181.7637,26.1866,51.1650
561.0051,182.0249,29.0799,48.8032
557.9058,182.6960,31.5872,46.9183
555.5960,183.9390,33.7331,45.1660
554.4508,185.1858,34.9919,44.1903
553.3867,186.2335,35.9005,43.4640
552.9283,186.3500,36.4414,43.2855
551.6917,187.6986,36.8108,43.0096
551.6688,186.6435,37.0122,43.1762
551.5810,187.6408,37.3600,43.0986
551.4202,187.4257,37.4452,43.3236
550.4021,187.5427,37.7292,43.1951
550.5353,187.8216,37.9504,43.2068
550.4712,189.3364,38.2713,43.2141
551.4806,189.8748,38.5725,43.0190
552.4131,189.9898,38.7469,43.1027
553.4754,190.7650,38.7239,43.2272
554.4446,190.7260,38.7730,43.4956
555.1191,192.3631,38.3099,44.0781
558.3005,190.2005,35.8674,45.2435
553.1951,192.4626,35.3285,46.5193
558.6665,190.8775,32.7109,49.3742
562.1750,190.1875,32.6250,48.7582
565.1732,192.0545,33.8550,48.5262
562.8759,193.7750,34.6407,48.7378
567.2679,194.4691,35.2313,49.1793
569.5754,194.4706,35.7065,49.7016
571.8866,196.0109,36.2590,50.0102
573.3412,196.4972,36.6144,50.3214
575.5572,197.5164,36.9188,50.7450
577.5468,197.9663,37.0990,51.3655
578.9935,197.9419,37.1991,52.1959
580.5657,198.3149,37.7459,52.5727
582.9852,198.5033,37.6980,53.4127
584.9414,198.0487,38.0966,54.0702
586.9274,197.8423,38.5339,54.7191
588.8455,198.8398,39.3519,54.5529
590.1266,198.9448,40.0655,54.7889
591.5098,199.3061,40.8350,54.8678
593.6727,201.1530,41.1296,54.9773
594.5009,201.4455,41.3464,55.6901
595.9929,201.5621,41.4148,56.7081
598.2142,202.0643,41.2027,57.7611
600.1729,202.3969,41.3534,58.5949
601.9583,202.8645,41.3200,59.5193
603.5691,202.9470,41.4712,60.2168
605.1252,203.8001,41.6259,60.9483
606.1021,204.3934,41.6703,61.6354
607.4749,204.4573,41.5109,62.6796
608.5753,205.1006,41.6988,63.1360
610.2297,204.4943,41.7214,63.9784
611.7433,205.0474,42.1333,64.2642
612.3604,205.2222,42.9007,64.6670
612.8958,205.3590,44.1157,64.4889
609.0075,206.0173,45.0333,64.2180
613.0451,207.0475,46.2138,63.1947
609.5803,207.8097,47.6408,62.4062
613.9568,208.3976,48.0578,62.4683
610.4799,208.8394,49.0105,61.9663
615.0255,209.1933,49.3746,61.7495
611.7418,209.1614,50.4956,60.9643
615.8446,209.9745,50.8851,60.3018
612.6516,210.1910,51.3215,59.9885
616.5685,209.8227,51.8126,59.5405
613.2980,209.7374,51.4853,59.9220
616.8582,206.6061,50.8242,59.3425
611.1760,211.2003,47.0721,63.3012
616.1528,214.4673,42.1281,68.7380
619.9075,209.2004,38.5089,71.1816
619.3873,206.4146,37.7871,68.4306
618.9504,204.4078,37.3797,65.9821
618.0438,209.2308,36.6015,65.5727
617.6433,210.6561,35.4404,65.2975
616.1666,207.9541,35.1324,63.3492
614.5781,206.1909,34.8358,61.2484
612.9208,204.9920,34.1790,59.7720
611.3014,204.6492,33.6740,58.4963
609.6089,203.9636,33.4012,57.0889
607.0724,204.0877,33.1493,55.6149
605.4840,203.9434,32.7424,54.4909
604.8526,203.4417,32.1726,53.5271
602.5015,207.6410,31.4834,54.1350
600.8257,205.2523,31.3322,53.2547
599.6437,203.7533,30.8778,52.7573
594.2960,202.9251,31.5062,53.0410
595.1268,201.6342,30.8491,52.4071
594.2413,201.3278,30.6398,51.3994
588.8806,201.8204,31.3263,51.1392
591.2457,200.3844,30.3659,51.1449
586.0695,202.0366,31.2256,50.4725
589.1854,199.5307,28.8219,53.1611
584.5509,203.9985,28.1726,55.7256
585.8467,202.4539,28.9343,55.3162
583.9931,202.6557,30.2903,54.8753
581.8906,203.0869,31.7349,54.5522
580.7144,202.5251,32.7743,54.7566
576.7549,202.8207,33.2173,55.6338
577.9418,201.9287,34.1954,56.1563
576.8869,201.5391,35.3156,56.4631
575.9849,202.5572,36.0265,56.7778
575.9594,202.5646,36.5313,57.5162
575.2096,202.7852,36.7352,58.3425
575.2157,203.0028,36.7727,59.2037
574.5173,202.3531,36.6108,60.4473
574.8688,201.8256,36.4022,61.2373
574.6389,202.1476,36.3974,61.9460
575.2369,201.4200,36.0697,62.6410
575.1113,201.5638,36.0551,63.2354
575.4492,201.9088,35.6380,64.1296
575.9420,201.6301,35.0910,64.9221
577.2897,200.6003,34.0381,66.0503
577.9476,200.4494,33.6203,66.7116
578.5150,199.7601,33.1565,67.4491
579.8543,199.6156,33.1365,67.6901
580.8503,199.1879,33.0314,68.0191
581.2729,199.1566,32.8069,68.4902
582.1625,199.1519,33.4046,68.1935
582.7077,199.3188,33.7731,68.0765
583.4989,199.4879,34.2804,68.1392
584.6791,199.0457,35.4837,68.0081
586.0029,198.5144,37.6963,66.8834
587.6430,198.3871,40.4701,64.9880
588.3929,198.8476,43.0434,63.2805
591.1183,199.6723,45.6219,61.5197
586.9014,201.0807,45.9754,61.1006
592.3999,199.5972,45.6420,62.1391
594.1993,199.3761,47.4344,60.9916
590.4940,200.3775,47.4866,60.9801
596.2481,197.7056,48.6609,59.8771
598.5690,199.6208,49.8608,59.0529
597.6306,199.8240,50.0457,59.1718
598.7618,199.7290,49.5729,60.3082
600.7605,198.3333,48.2265,62.4379
606.9741,175.1275,50.4710,62.3497
611.4406,175.0546,56.7050,61.0637
602.7581,177.2092,61.3887,61.0473
597.3624,176.7017,64.9982,61.3078
587.3582,175.5916,68.0446,61.0794
574.9935,174.6565,72.9517,58.9458
560.2822,174.3804,76.9753,57.5601
548.5365,175.1953,79.1769,56.8456
535.2330,175.9283,79.9292,56.8762
524.2615,175.5764,79.2538,57.1079
2
0
0
0
0
1
609.3749,197.4903,54.7149,49.2308
606.0504,194.0531,51.9934,49.9471
601.9754,199.4527,49.4173,51.3261
608.9160,201.4259,45.0713,53.5769
610.4311,196.9882,42.5590,54.3815
610.1201,194.8288,41.9989,53.7850
607.7148,198.1080,41.9222,53.0948
607.7501,195.0024,41.9297,52.5587
605.9615,198.9520,41.5984,52.3615
606.3375,195.3034,41.1192,52.1308
605.3342,199.1310,40.5530,51.8401
605.0082,195.8003,40.0466,51.5183
605.5107,198.9225,39.7889,50.8736
604.1310,195.7893,39.5542,50.5479
603.1500,199.0031,39.6159,49.8953
603.5735,198.7470,39.1765,49.9866
602.9323,198.6362,38.8655,50.1484
601.5931,198.8616,38.8710,49.9885
600.6801,199.2623,38.7859,50.0951
600.0135,199.0437,38.9018,49.7705
599.3036,199.5888,39.0558,49.6538
598.7176,199.4783,39.2531,49.2770
597.1263,199.4479,39.3628,49.2487
596.7994,198.7129,39.0830,49.2093
596.1038,198.5653,38.7598,49.3503
595.0828,198.7848,38.5248,49.3264
593.7247,199.0078,38.6653,48.9351
592.4603,198.6827,38.7210,48.7820
592.3557,199.3459,38.5867,48.7746
590.5503,199.5527,38.8501,48.2358
590.5126,199.3268,38.5715,48.3870
589.8242,199.2795,38.8520,48.1149
588.8597,199.3596,38.9404,47.9363
588.7248,199.5501,38.7287,48.1241
587.9474,199.8630,39.0036,47.8249
588.1714,200.5472,38.8978,47.8918
588.1338,200.2557,38.8200,48.1610
587.5057,200.1100,39.2097,47.9656
586.4721,201.2211,40.3262,47.2755
584.4623,203.4233,42.6810,45.1328
583.3478,205.7634,44.8626,42.8932
583.4062,207.3100,47.1437,40.7108
577.6866,208.8720,50.2897,38.8419
574.5630,209.6850,53.1194,37.4425
571.5002,211.5182,55.2624,36.8861
567.4921,212.3132,57.2175,36.5455
564.2103,212.5352,59.0441,36.5927
559.8701,213.4433,60.6905,36.6374
556.3851,214.1355,61.8945,37.0634
553.1222,214.1136,62.8723,37.7976
547.4115,214.7410,63.2805,38.6899
543.3323,214.3191,64.6085,38.9287
538.1826,214.8435,66.0263,39.1736
532.9637,215.3516,66.8438,39.8575
529.1141,216.3172,68.1910,40.2198
522.2698,216.4243,68.7010,40.7566
517.2733,212.0166,69.6627,41.3292
510.2547,216.6747,71.8220,40.7342
506.3582,217.7485,73.3466,41.1473
499.8209,217.8760,73.8899,41.7661
495.8463,219.0694,75.1835,41.8489
490.6606,219.8268,76.1472,41.8879
484.5150,220.3283,76.8147,42.2554
479.6437,221.4779,77.6012,42.4588
474.8220,221.5953,78.4609,42.6312
468.1747,222.7497,78.6291,42.9792
464.9281,223.7508,79.4773,42.7622
459.2133,224.9249,79.4230,43.1700
455.2967,225.1016,79.6894,43.6879
450.6183,225.5325,79.9390,44.1906
445.1802,226.0925,79.9969,44.9725
440.6973,226.6750,80.5865,45.4111
436.6851,227.1444,80.4087,46.1148
433.4250,221.7787,79.8297,46.8040
429.4037,226.6011,80.1416,46.9802
427.1563,226.6953,80.7290,46.9068
425.3113,227.1551,80.4690,47.1743
425.2339,228.2704,78.1922,48.1792
424.8821,228.6530,74.7293,49.6449
422.9988,229.2419,70.6247,51.2866
427.8737,224.8641,65.7034,52.4790
424.5069,228.2995,64.0119,50.8097
422.4176,230.7893,62.8591,50.0269
427.4997,226.7219,59.3904,50.5000
425.6640,229.4324,57.4183,49.1313
422.6920,231.1570,55.6484,48.6930
426.1527,231.8396,53.4719,48.3070
426.6570,232.7845,51.6683,47.4094
426.6004,233.6853,50.4522,45.9938
426.4480,234.2645,49.2900,44.8899
426.0538,234.8857,48.2153,44.0857
426.1302,235.8314,47.3364,43.4706
427.3181,233.6241,46.7007,42.8037
426.9205,235.8297,46.4667,41.7081
427.3604,233.7731,45.8809,41.0459
426.7991,231.9258,45.6223,40.1663
424.4083,237.6661,47.2130,38.4400
420.5218,239.5525,50.9631,36.2838
417.5573,239.6802,55.5158,35.0278
415.5872,241.3426,59.6871,34.1627
414.2993,242.5320,62.9395,34.0816
412.8001,242.9382,65.1807,34.4068
411.5965,243.9590,67.1951,34.6455
410.0840,245.4556,68.6322,35.1708
407.4209,246.4923,70.2014,35.5421
404.4581,248.4302,71.9570,35.6394
404.6502,250.0876,73.5121,36.2553
403.0874,251.5068,74.0781,37.0575
400.3736,251.1645,74.8678,37.6870
399.7393,251.9955,74.6772,38.7442
398.0381,253.1981,75.1128,38.9268
396.9845,253.6140,75.3611,39.3132
395.0219,254.5353,75.5262,39.5255
396.7727,253.2127,75.5884,40.0353
398.0188,255.2807,73.7604,40.6496
399.1901,256.3706,71.7502,41.6992
399.7150,257.2552,69.7764,42.4417
400.3678,257.0825,69.1088,43.0086
400.9430,257.6644,69.5165,42.9923
401.2054,256.9438,69.0516,43.2390
401.8704,258.2369,69.6114,43.0759
402.0133,258.5254,69.2711,43.2529
402.3178,258.3712,69.2357,43.4762
402.9209,259.2723,69.3718,43.6024
403.2216,259.6101,69.8514,43.5897
403.5739,259.7250,70.6766,43.5893
413.3246,259.3698,66.3288,45.3211
412.3978,258.8538,65.8910,44.5197
410.0557,254.6824,66.5239,43.7037
407.1408,258.1871,70.0208,42.1111
407.2481,258.1425,71.9779,41.2138
407.4443,258.7642,72.2441,41.0598
406.5601,259.4661,71.8827,41.4243
408.0466,259.7098,71.3100,42.0660
409.7837,260.0011,70.3176,42.6449
410.0481,259.6376,69.6551,43.1354
410.2398,258.6908,69.1617,43.8500
410.7051,257.0982,68.4157,44.6138
411.8915,257.6136,68.1076,44.8136
412.4116,257.6963,68.1125,44.8770
412.5780,257.4590,68.3497,44.9553
414.4525,257.9746,68.5322,45.2333
416.8959,257.0499,67.8104,45.8718
417.4940,257.9636,68.3518,45.4411
418.4624,253.5769,67.9040,45.6230
422.8044,257.0353,67.8280,45.0443
424.1183,256.6894,67.7915,45.0789
425.9407,256.0217,67.6812,44.9543
428.5686,256.1627,67.6438,44.5266
430.1124,251.7998,66.7035,44.7628
436.8682,255.2193,64.9744,45.1619
442.8093,255.7628,61.1172,47.0418
450.4582,256.2658,55.5174,50.8031
457.7123,248.6723,50.1622,53.6513
463.2167,251.8627,45.6873,55.4871
468.4129,245.0007,42.0117,56.3608
473.6434,248.3562,39.6527,56.4069
478.3807,242.8006,37.4943,56.2783
482.6552,239.8474,36.4223,55.2661
486.4174,244.2567,35.4855,54.1312
490.5057,239.7803,34.4112,53.5117
494.5949,236.9459,34.0527,52.1505
498.0524,239.5195,33.4699,50.9304
501.2254,238.0516,32.7303,50.1192
504.9196,238.0704,32.0003,49.3083
508.5648,237.4304,31.6323,48.3120
511.9949,235.8306,30.9166,47.5757
515.7838,234.4922,30.8203,46.3779
519.4522,233.9483,30.6558,45.1496
523.5596,232.8474,30.5327,44.3111
526.9485,231.2234,30.2170,43.5126
530.2256,230.3105,30.0531,42.6075
533.7953,229.2130,29.6570,42.2160
537.2060,228.0105,29.4431,41.6143
540.8891,227.3454,29.3166,41.0103
543.2862,226.6500,29.0315,40.4817
545.9677,225.2745,28.6477,40.1381
548.3955,223.8522,28.7165,39.3203
550.9767,223.4391,29.2351,38.4005
551.8524,221.3580,30.0546,37.8406
552.9869,219.8285,32.4552,36.5985
551.9349,220.6500,36.2740,34.6566
554.2028,221.5626,39.2831,32.9975
555.5796,221.2859,41.6747,32.2500
554.2799,220.2640,43.8124,32.0318
554.2102,218.7966,45.8874,31.9564
554.1521,217.6228,47.3850,32.0867
555.3348,215.1977,48.2452,32.7649
555.1659,214.0199,49.2695,33.2063
555.9419,211.5024,49.5310,33.8872
555.0109,211.2300,50.7231,33.9820
557.2694,208.8562,51.3874,34.6070
557.5645,207.3068,51.9396,34.8091
556.4409,205.9045,52.5285,35.0349
556.0956,204.9129,53.5462,34.9732
557.2288,203.6041,54.1513,35.2784
557.4644,202.1099,54.5642,35.6551
556.2833,201.1859,55.3821,35.8785
556.9029,198.8564,55.4723,36.6747
556.6422,197.8073,55.4859,37.4598
555.4495,196.6368,56.1254,37.7141
554.8160,194.9056,56.6858,37.8888
554.8958,193.3057,57.1641,38.1346
553.8762,191.2500,57.4839,38.3410
553.4581,190.1680,58.2549,38.2900
552.9081,187.8815,58.6877,38.5753
553.0834,185.2916,59.2372,38.8535
552.1842,183.6687,60.3500,38.9613
551.1063,180.9597,61.1642,39.4162
550.1940,178.8473,61.6848,40.1842
547.7877,174.3564,62.0418,40.4431
552.2612,170.0236,59.0300,42.9961
559.1027,174.0427,52.6099,47.4958
553.7850,172.5522,49.3179,50.6418
560.7608,165.8643,45.4320,52.0931
565.5635,162.5947,41.6544,53.0278
560.9584,163.2029,40.5605,52.4102
566.3120,159.4973,37.9075,52.6562
569.0753,158.1380,35.7996,52.4503
570.3838,157.0381,34.2505,51.7874
565.3697,157.8061,33.7597,50.2465
568.6445,155.5107,32.4147,49.8677
570.3559,154.0114,31.3046,49.5186
570.4083,152.1939,30.2012,49.0456
570.7731,151.4992,29.4823,48.3732
570.1976,150.0365,28.6893,48.0093
570.3287,149.4809,28.1445,47.4532
570.7974,150.7372,27.7854,46.5573
570.1486,147.7094,27.4124,45.9413
569.8096,146.3117,27.1076,45.3688
568.8979,145.5119,26.6990,44.9042
568.2780,144.3385,26.4131,44.3871
567.5542,143.1658,25.9654,44.1942
566.4260,142.0238,25.5921,43.7814
565.5086,144.3746,25.1316,43.4082
564.5419,141.4352,24.9237,42.9121
565.0515,142.7507,25.2254,42.1851
564.5561,142.1421,24.9983,42.0340
563.7643,139.6678,24.7812,41.3815
563.9153,140.9494,24.9622,40.9987
564.0561,140.3490,24.9046,40.8950
562.9625,137.9446,24.6545,40.6537
562.7797,139.5798,24.7671,40.3106
562.3275,138.9166,24.5639,40.3906
562.0944,137.9970,24.4429,40.4282
562.3591,137.7108,24.3974,40.2646
561.4056,135.7925,24.0609,40.2283
561.6019,137.8713,24.0928,39.9074
561.2556,135.9267,23.8625,39.8540
561.4489,136.3106,23.6483,39.7939
560.9321,137.8485,23.2099,40.4594
560.0329,133.3267,24.6885,39.2206
558.9014,136.9318,27.2825,36.7840
557.8050,138.0245,30.8445,34.5444
554.9682,139.1281,34.6247,32.1171
550.7802,140.0413,37.8509,30.4931
547.6400,141.3767,40.8022,29.6626
545.9225,141.3555,43.1058,29.4221
543.8779,141.4793,44.9484,29.7237
541.4418,141.7070,46.5495,30.2495
538.9670,140.6721,48.1092,30.6183
536.4173,140.4374,49.7241,31.1203
534.8236,140.3820,51.4121,31.7620
532.6227,140.1223,52.7227,32.4150
532.3971,139.6165,54.0527,33.0368
528.3429,136.2482,55.1607,33.8150
529.8184,138.6708,56.0310,34.7840
528.3733,139.0607,56.7835,35.5787
529.1384,139.3264,57.5014,36.0503
527.1310,139.0582,58.3611,36.4427
526.9210,138.9094,59.4643,36.7345
526.0560,138.2322,60.1702,37.0980
523.3272,138.5389,61.1104,37.4121
523.9069,137.3904,61.8221,38.0032
521.6600,137.8887,62.8877,38.5325
521.4962,136.3489,63.5008,39.0913
520.8649,136.0559,64.1318,39.8542
518.6927,132.4207,63.6900,41.0561
526.1571,135.9840,58.8778,44.8659
521.2334,135.1165,55.3724,47.7744
527.3662,135.8822,49.9226,51.2860
532.6526,129.5140,45.0029,54.0259
535.9535,132.5522,41.5355,54.8087
537.2842,128.2574,38.8647,55.6505
538.0733,130.7755,36.8866,54.9616
538.7180,127.1305,35.2780,54.6883
539.0826,130.1854,33.8458,53.5836
539.1123,127.3457,32.5728,52.9342
539.7624,130.3987,31.2528,51.7077
539.9780,127.9323,30.1902,51.0711
539.7454,129.0891,29.1869,50.4937
540.9294,130.0443,28.7609,49.1065
540.9347,127.2252,28.1168,48.4460
541.0820,129.3937,27.6305,47.3499
541.0555,129.0129,26.6362,47.3184
541.5710,128.4163,26.1687,46.6366
540.9824,129.0711,25.5318,46.5479
541.3658,129.4177,25.0844,46.0752
541.5287,128.9952,24.6489,45.7373
542.1799,128.8194,24.6760,44.8420
541.5629,128.6862,24.2548,44.5748
541.5506,128.9048,24.0710,43.9493
541.6312,128.7224,23.9197,43.4448
542.1873,128.5021,23.7331,42.9486
541.3722,129.7120,23.6251,42.6661
542.0873,128.2078,23.3984,42.5433
541.9019,128.9571,23.3156,42.1059
542.5755,127.8076,23.2658,41.7831
542.4316,128.6094,23.2241,41.3131
540.9195,129.1894,22.9218,41.4377
541.6559,128.7756,22.9158,41.1293
541.3883,129.2131,22.8075,40.9139
540.4783,128.2653,22.5454,40.9666
541.2268,127.7281,22.7752,40.4682
540.1737,128.4901,22.8397,40.0586
539.5234,125.6332,22.7070,39.7365
540.5972,127.6611,23.0153,39.2231
539.1392,127.9077,22.5717,39.5260
539.8004,127.3365,22.5183,39.4722
539.3735,127.2034,22.3586,39.2730
538.8557,126.8106,22.1279,39.1564
539.5637,126.8342,22.2501,38.9358
538.9042,126.4363,22.0064,38.9145
538.2956,126.3676,21.9109,39.0338
538.5507,125.6634,21.8666,38.8675
538.4657,125.7420,21.9622,38.6180
537.6344,125.2575,21.7433,38.8581
537.6132,124.6132,22.1800,38.5131
537.4728,123.6285,23.5039,37.5787
536.7375,125.0614,25.6776,36.5236
535.8971,125.8553,27.8837,36.0781
535.8032,126.7231,30.2742,35.7582
535.8969,126.5582,32.3245,35.7876
535.3461,126.2234,33.6748,36.0426
536.0551,124.6808,35.0142,36.5166
536.3821,124.6543,36.1231,36.7938
536.3409,123.4250,36.9066,37.5603
536.8605,122.9575,37.4547,38.2330
536.6043,121.8047,38.3783,38.4342
535.7299,121.8119,38.8059,38.8465
535.0534,121.4777,39.2231,39.3020
535.5952,120.6619,39.6243,39.2169
534.3266,120.7912,39.8396,39.4806
531.9009,117.4090,38.6002,40.3252
528.5837,120.3433,36.4675,41.7770
533.4013,115.9426,35.4093,42.7690
529.5220,117.1254,38.0617,40.7443
529.5107,117.6810,40.5397,39.0154
527.0006,117.7170,42.7803,38.1451
524.8751,117.5027,44.9743,37.2724
524.4310,116.8890,46.7533,36.6492
522.4745,117.0821,48.0296,36.5787
522.6901,116.7920,48.9081,36.7063
520.9281,116.6716,49.9026,37.1530
520.9495,115.0413,50.5692,37.5190
517.9934,115.2064,51.5348,37.9490
517.4198,114.7044,52.4285,38.3814
515.6501,114.7794,53.7603,38.6292
514.6068,114.6099,54.3690,39.5031
514.0847,113.3585,55.1600,39.9558
512.6918,112.9949,55.8308,40.8061
510.7956,112.9831,56.7556,41.1749
509.8238,112.3400,57.6272,41.8602
508.2469,111.8959,58.4816,42.6584
506.2538,110.6750,60.1013,42.9392
504.5660,110.3315,61.4478,43.5737
503.6288,109.9067,62.4460,44.3840
503.5733,109.3683,63.1422,45.0715
501.9567,109.4818,63.3545,46.3092
500.1733,105.4832,64.2857,46.2095
503.5567,107.6317,62.5881,47.6854
510.0803,111.3512,56.5562,52.4079
512.5575,113.3277,50.4736,57.1527
516.7838,103.1469,48.3393,56.2744
518.3922,101.1951,47.6795,53.7412
517.7728,100.4594,47.5944,51.8024
517.6311,100.3243,47.5253,50.3353
517.5546,104.7888,47.5964,49.0925
516.1210,103.3953,47.2295,47.7891
515.6891,102.7943,46.7981,47.1628
515.5110,106.1732,46.7835,46.4698
514.7016,104.6336,46.4803,45.8494
514.6808,106.1521,46.0765,45.2312
513.5914,104.7206,45.7364,44.7179
513.5294,103.6137,45.3154,44.2014
513.4572,106.6878,44.9768,44.0618
513.0204,105.1199,44.9038,43.4544
513.8487,107.1370,44.5571,43.0569
512.5203,107.8237,44.3624,42.4835
512.6996,105.7482,44.0725,42.2158
511.7032,106.7378,43.7579,42.0313
511.9687,105.7197,43.6550,41.8853
511.0294,107.4146,43.1944,41.8314
511.2649,106.3575,43.0086,41.7002
511.8188,105.5396,43.0285,41.5315
510.6375,107.2215,42.4093,41.7566
511.3477,106.1870,42.5324,41.5829
511.2052,105.3459,41.9297,41.8821
511.2337,104.5891,40.9938,42.2945
507.6761,108.3811,38.5410,43.8680
512.6514,111.0244,35.8119,45.9703
512.0349,107.4938,36.1389,46.2071
511.0126,107.3364,39.0993,43.7900
506.1498,107.9572,43.7074,40.7168
503.2520,109.6382,47.5683,38.6538
499.6143,110.4997,51.5981,36.6988
498.6237,111.8785,54.8361,35.7000
497.8411,112.0752,57.2380,35.3238
497.3481,112.3476,59.4147,35.2340
495.8680,113.3316,60.5854,35.8991
495.5776,112.7225,62.5724,36.3208
494.9153,113.3227,64.3162,37.0237
494.6263,113.7400,65.8550,37.8777
495.1301,113.9001,67.1970,38.9446
492.8455,113.6163,68.2485,40.0377
494.4766,113.4438,69.3338,41.2051
492.1720,112.6746,70.1646,42.3867
494.3275,113.4494,70.7656,43.6028
491.7191,108.8874,71.8375,44.2502
492.3107,112.8089,72.9584,44.4767
492.1102,108.1156,73.5578,44.9386
492.7180,112.9241,74.6080,45.1895
494.0315,113.6207,73.6444,46.8458
493.3434,108.6831,74.0901,47.1637
492.8997,113.1213,74.9061,47.2245
495.4774,113.6030,74.4369,48.0321
495.8412,114.1993,74.1253,48.9894
496.2585,109.0408,74.5810,49.0111
495.4229,113.3698,75.4525,48.8441
498.5479,113.5319,75.4245,49.3165
499.6077,114.4775,75.0381,50.1736
498.6646,109.7134,75.3287,50.3669
499.7135,114.9126,76.8264,49.7256
500.5060,115.6612,77.1800,49.9252
500.1689,116.8097,77.1847,50.5228
501.9044,116.7126,77.3579,51.0366
502.8535,117.4067,76.8137,52.1949
502.2942,117.8115,76.7925,52.7449
502.4095,118.2411,77.1807,52.9988
502.6920,118.1679,77.4157,53.4018
501.8978,118.9078,77.6574,53.8261
500.9804,113.6165,78.2048,53.5573
500.7936,119.2911,79.5539,52.3838
502.3646,118.6946,79.0206,53.1972
502.3375,118.9703,78.8890,53.8951
502.2078,118.8702,78.7459,54.3685
503.9517,118.1092,78.6564,54.7912
504.0417,118.7600,78.7237,55.2610
503.6388,119.2597,79.1977,55.3405
505.1817,118.7360,79.2631,55.6730
504.6428,119.6423,79.7697,55.6173
503.8819,120.0543,80.1967,55.6315
505.6642,120.1197,80.6372,55.6192
506.4107,120.8766,80.3883,56.0782
504.7733,115.9100,80.2192,56.2625
506.3297,122.0282,80.9937,54.5856
507.0815,116.4927,80.5715,55.0507
508.9319,122.9996,80.4675,54.3138
509.1642,117.3884,80.1176,54.7473
508.7437,124.2132,80.0906,53.7058
511.1176,118.2103,79.6233,54.1099
511.3746,124.3071,79.3094,53.4827
513.4931,118.3929,79.3144,53.8250
512.9469,124.2735,79.0844,53.4490
514.9213,118.4466,79.4669,53.3563
515.3006,125.1602,79.2985,52.6923
517.1136,119.0555,79.0308,52.9708
517.9948,124.3076,78.4128,52.9436
518.3113,118.8070,77.3623,53.7984
527.9933,124.6288,71.8253,57.6608
534.9611,129.5956,65.3605,62.1717
538.2023,122.6570,59.0654,65.8078
543.0933,116.7993,54.3728,65.9062
548.3541,118.4918,50.9846,63.8106
551.1008,118.3844,48.4257,60.9637
552.2310,119.6490,46.4199,58.3536
553.5878,120.7387,44.5856,55.8069
554.2574,120.5933,42.8340,53.7512
556.0308,119.1954,41.4633,51.9680
556.8465,122.4630,40.6251,50.3661
556.7055,122.6663,39.5506,49.0698
558.1022,120.6859,38.8294,47.9950
558.6094,124.2933,38.0709,47.0661
558.3683,122.2331,37.4132,46.4954
559.5298,123.5679,36.8286,45.7721
560.7791,121.9624,36.2255,45.1827
561.1232,121.1428,35.4410,44.6655
561.2383,121.0645,34.8350,44.0164
562.5197,124.8931,32.4094,45.2711
565.3786,126.8877,31.0227,46.4480
563.7586,124.4981,33.5731,45.1923
561.8452,123.3276,37.8847,42.2208
557.4164,125.9773,42.9300,39.3488
556.8777,125.6807,46.9053,37.4430
555.7344,126.7271,49.9565,36.6273
554.2972,126.6685,52.3462,36.1343
554.7359,126.2332,54.4336,36.0054
552.5643,126.1463,56.1336,36.3730
551.9316,125.3279,57.6701,36.4573
551.4091,124.2479,58.8202,36.9056
549.3502,123.8138,60.1252,37.6402
548.6602,122.9711,61.8885,38.1402
546.3499,123.5284,63.4519,38.8485
546.2545,123.8806,64.9447,39.7580
545.4139,123.0999,66.1338,40.6360
545.5782,123.1753,67.5689,41.4270
544.6410,122.4474,68.2093,42.6330
543.1610,121.7569,69.1968,43.4064
542.5623,122.6619,70.2855,43.9001
543.5450,121.8806,70.8489,44.6888
542.9095,121.0644,71.3535,45.5542
539.1526,117.0053,72.3804,45.8842
541.8463,121.0680,72.2803,46.5221
541.9415,116.6815,70.4328,48.3966
550.2112,122.6837,62.9274,53.7289
555.2647,118.5124,56.0687,57.5877
560.8459,113.9147,53.1241,55.8176
562.8870,112.1362,52.0213,53.6005
563.2610,111.5481,51.1836,52.2460
563.3499,111.2843,50.3378,51.3274
562.9741,117.3488,49.7724,49.8938
562.7645,115.6101,49.1077,48.5422
562.6666,114.6150,48.4116,47.8143
562.6613,113.7901,47.8366,47.1369
562.6010,113.6315,47.2199,46.7723
562.7941,113.5347,46.7276,46.4220
562.9622,113.4224,46.3683,46.0632
562.9236,117.6556,46.2117,45.4791
562.4573,116.3755,45.9301,44.7671
562.9021,115.5718,45.7855,44.3562
563.0804,114.9280,45.5342,44.0026
564.0599,118.5093,45.5158,43.8771
562.9215,119.1286,45.4997,43.3421
562.4777,119.2353,45.3438,43.1786
562.1486,119.2354,45.3120,43.0385
563.8679,118.2562,45.1260,42.7977
563.2179,118.5138,45.0879,42.6688
562.8320,118.7987,45.0340,42.5450
563.6128,116.6530,44.8706,42.3179
564.2803,117.9618,44.7369,42.3133
564.1468,116.6696,44.8079,42.1197
564.3665,118.1520,44.8975,42.2558
564.8132,117.1541,45.5185,42.3617
565.4869,116.6937,46.2262,42.6030
566.4295,116.4768,47.0408,42.9245
566.0753,116.1616,48.2314,42.8608
566.9406,115.7713,48.6420,43.2066
567.3239,115.5465,49.0610,43.5491
568.6280,115.2258,49.2460,44.0343
569.6290,114.9550,49.4512,44.3578
570.1206,114.5150,49.8739,44.4477
570.9948,114.2103,50.2815,44.7010
571.4260,113.8809,50.8081,44.6431
570.8973,117.7933,51.0947,44.7246
571.5971,116.4578,51.2699,44.3467
572.4827,115.5545,51.3683,44.3585
572.0342,117.0087,51.5753,44.2515
573.7371,115.8012,51.7925,44.2671
573.4652,114.7822,51.9267,44.2886
573.1804,116.2838,52.2012,44.0788
573.9835,115.2497,52.1425,44.3795
573.2831,114.4266,52.2864,44.3261
572.5751,116.3269,52.5837,44.0917
573.8425,115.1717,52.5697,44.0744
573.3487,114.2603,52.4560,44.2580
573.0850,115.6062,52.4866,44.1394
574.0185,116.4940,51.4192,44.1567
570.0101,113.3587,47.4718,45.6586
575.6626,118.2815,42.7164,48.9060
574.1970,114.2221,43.5813,48.0674
570.6683,114.2692,46.9210,45.5711
568.4026,113.6400,49.7940,43.4801
566.1640,114.1120,53.8193,41.3072
564.0036,114.4521,56.6878,40.2569
562.7483,114.9389,59.5092,39.7862
562.6503,115.2807,61.4904,39.7778
560.7347,114.5059,63.2196,40.2285
560.8328,114.8326,64.6281,40.5550
559.8452,114.4385,65.3523,41.7051
560.6977,114.1782,66.0615,42.4134
558.7547,114.7629,66.8959,43.3019
559.3391,114.2934,68.2061,43.6603
559.7893,114.9017,69.4366,43.7054
555.9204,115.1882,71.1257,44.0676
556.1179,114.3587,72.0630,44.5801
553.3976,114.6957,73.2364,44.8041
552.9778,115.1866,74.2415,45.3599
549.1722,115.7409,75.2196,45.9857
550.3756,114.4829,75.5344,46.4252
548.3998,114.7081,75.7322,47.1881
547.4266,114.4618,76.5104,47.2046
545.6962,114.7616,76.6855,47.5635
546.0235,114.0100,77.0078,47.4567
545.7614,114.4602,77.3156,47.5572
545.6679,114.2429,77.8161,47.4975
545.3202,114.5709,77.9956,47.5455
544.7404,114.0661,78.3384,47.5087
544.7348,113.8432,78.5514,47.5504
544.8823,113.5367,78.4281,47.8843
544.0470,113.7844,78.0833,48.3003
544.3539,113.7195,78.3875,48.1021
544.0065,108.1896,78.3700,48.2471
550.5546,112.0189,73.4038,51.4227
558.3622,114.5448,65.0945,56.7732
562.4152,113.9118,57.7294,61.3032
568.2342,104.5209,53.5539,60.8542
563.7110,106.7877,51.3004,60.0181
569.5972,103.5705,48.5765,58.6555
565.8861,106.2829,47.4506,57.0358
571.1066,106.1250,45.4315,55.4275
568.0422,107.5976,44.4952,54.1467
570.7252,105.1117,43.1045,52.8910
570.8773,104.4237,41.9171,51.5619
568.0174,107.7656,41.1476,50.4584
564.5947,109.0108,39.8095,50.5995
569.5540,111.1366,36.9277,52.6812
566.3313,109.5068,39.5097,50.7548
561.5178,109.5979,43.9715,47.8596
559.0214,110.8944,49.2798,44.2993
554.3747,111.9725,53.9267,41.6616
551.2892,112.7543,58.4263,39.7341
549.9846,112.6243,61.9913,38.6456
547.7353,112.8857,64.4075,38.5506
546.2031,112.7385,66.8286,38.7644
545.3441,112.2712,68.6111,39.4475
542.8357,112.2552,70.1413,39.8091
543.5023,112.4715,71.2050,40.7385
542.5192,111.6200,71.9275,41.3952
542.4420,112.1432,72.8006,42.1852
539.7466,111.4672,73.8242,42.5871
540.8297,111.3360,74.4806,43.3471
539.3790,110.7191,74.9604,44.0314
538.9053,110.1031,75.3631,44.6364
536.6729,105.0349,75.4182,45.5217
537.6594,107.3990,75.4820,45.6299
547.3035,112.0072,67.5259,51.5029
552.8608,113.9861,59.7651,56.3295
560.1846,103.7701,56.5929,55.2775
558.8293,105.6889,55.2154,53.2461
558.3651,106.6454,54.3521,51.6797
561.8331,106.5566,52.8670,50.5183
560.4908,107.3271,51.9608,49.4019
560.1014,107.0869,51.3790,48.6290
562.7108,107.5253,50.4225,47.5196
561.7016,107.9049,49.9609,46.7397
561.3104,107.6267,49.4377,46.4539
561.1187,107.4973,49.0675,45.9686
560.8831,107.8488,48.7899,45.2724
564.5415,107.7921,48.3144,44.8685
563.2520,107.5806,47.7426,44.6865
562.3604,107.9190,47.3345,44.3823
562.0153,107.3599,47.1764,44.3487
564.2706,105.3665,46.8481,43.9464
564.9182,107.0647,46.3866,43.3354
563.7531,107.5212,46.0938,42.9924
564.6293,105.7178,45.6635,42.5213
564.0832,106.4694,45.3161,42.1113
566.3408,107.1509,44.7825,41.7993
565.4460,107.2082,43.9314,41.8209
564.8887,106.6959,42.3782,42.6165
567.5256,109.1051,37.8811,45.8069
567.1549,105.5380,38.6983,45.2433
563.9714,107.7587,42.9109,42.1135
563.9321,107.9721,47.2761,39.4184
558.4788,109.5279,51.0439,37.7588
557.4485,109.5469,54.1384,36.7906
555.3129,109.9841,57.2608,35.9892
555.4620,110.1113,59.6760,35.9879
553.0087,110.3219,62.4119,35.8588
551.9633,110.0644,64.8317,36.2619
551.1218,110.1478,66.9750,36.8675
551.0086,109.9288,68.5108,37.6626
549.9277,109.7731,69.8464,38.5305
548.6932,110.3569,71.3827,39.1977
548.0463,110.9482,72.5068,39.9333
548.2810,109.7837,73.4182,40.6645
546.4486,109.8451,73.9460,41.2603
545.8288,110.6878,74.7305,42.0310
544.5173,109.6235,75.3067,42.4128
543.5093,110.1414,75.7223,43.2178
542.7075,108.9878,76.2681,43.8216
541.4119,108.7505,76.2479,44.4763
541.2449,109.0244,76.8053,44.5036
538.5226,108.6421,77.1588,44.9382
538.5129,103.1979,76.1263,45.8266
545.7309,108.0907,70.4301,49.3704
553.7170,109.9950,62.5396,54.9131
557.2010,113.2202,55.1480,60.6204
559.3326,103.6500,49.7984,63.2181
561.5461,97.7987,45.6101,64.4462
562.6064,102.4537,42.6500,64.4144
564.3423,97.4840,40.1042,64.3538
564.6773,101.4117,37.9385,63.4478
566.2306,97.3982,36.1697,62.7885
566.9210,101.2323,34.8696,61.5541
567.2723,101.2896,33.4039,61.3725
568.3288,98.4274,32.4187,60.4622
568.9291,101.2785,31.6219,59.0444
569.5544,102.1781,30.8559,57.9471
570.2946,98.8615,30.1730,57.0645
570.8094,102.0005,29.4055,56.1885
571.1641,98.9667,28.9120,55.3222
571.2708,101.1800,28.3174,54.2546
571.8129,102.8360,27.8052,53.2683
572.1017,102.9493,27.1232,52.6927
572.7608,102.4254,26.4886,52.0644
573.0806,102.6940,26.0589,51.2617
575.0480,103.5847,27.3182,49.2146
576.4634,103.3510,30.8704,46.6966
574.6473,103.6584,34.8436,43.9924
574.0610,104.2730,37.9116,42.2749
574.6436,104.7265,40.3869,41.0329
574.7464,104.7914,42.0608,40.5682
574.7954,104.7046,43.3320,40.4301
575.3829,104.7072,44.2924,40.5585
575.7499,104.5796,45.0088,40.8867
574.9158,104.3211,46.1230,41.0839
575.4304,104.1428,46.5813,41.6004
575.8819,103.9737,47.4421,42.0288
575.8308,108.0148,48.8552,41.6198
575.2630,106.8732,49.4479,41.6122
575.7724,105.9564,49.4775,42.0961
576.9564,105.2969,49.5961,42.4793
577.7395,104.6931,49.7034,42.9781
578.5140,104.2161,49.9860,43.3697
577.8711,103.7500,50.3145,43.5755
578.0924,103.3941,50.4398,44.0222
577.4405,107.1831,51.3864,43.3019
577.2800,106.0695,51.3549,43.4799
578.8193,105.1207,51.2556,43.7330
577.6372,106.4778,51.6403,43.4112
577.3925,106.9943,50.0876,43.8994
573.3225,108.2401,45.6167,46.5707
576.5063,102.9327,45.2716,46.6182
575.9094,105.4124,46.5998,45.5754
571.4366,106.2304,51.2033,42.8319
569.7551,106.9200,55.2212,41.1049
566.2638,107.9102,59.1411,39.9289
564.8199,108.0760,62.9601,39.0434
563.6601,107.7760,65.8750,38.8555
562.9200,109.1970,67.7005,39.1688
563.2904,109.1346,68.8588,39.8583
564.1937,109.3350,69.4351,40.8944
562.4921,109.2914,70.6875,41.3479
559.5458,104.8677,71.8083,42.0328
561.7667,107.9897,72.3607,42.3681
561.1954,108.8611,72.9727,42.7535
558.1877,104.1493,73.9261,43.3576
558.8016,107.5910,74.6919,43.6661
557.8740,108.2081,75.4063,43.8005
557.9152,108.3675,75.8999,44.1490
558.3268,108.5119,76.2548,44.4042
558.7320,108.2954,76.1964,44.9490
557.2023,103.0657,76.4898,45.2970
557.5677,107.4078,76.7792,45.3260
559.6785,107.6424,75.9554,46.1647
560.0692,102.5236,73.7894,47.9122
568.9116,108.6225,66.1522,52.9525
574.9733,104.0001,59.4476,56.4899
580.4161,99.8234,56.7917,55.1086
582.6695,98.0934,55.0770,53.8693
584.2003,102.4297,54.4840,52.4478
584.7229,100.6769,53.4060,51.4118
584.9615,99.6005,52.4584,50.7571
585.5439,103.4822,52.1107,50.1069
584.9421,101.4378,51.7065,49.2274
585.4044,100.5022,51.5054,48.8280
586.4373,99.7700,51.2695,48.6333
587.5635,103.7390,51.0715,48.7050
586.7101,101.8642,51.0343,48.0899
588.4415,100.9838,51.4721,47.8011
589.3875,103.7290,51.3865,47.5066
589.4920,102.2907,51.0181,47.1954
590.7272,101.3212,51.2614,46.6987
591.3309,100.6142,51.1505,46.5449
590.8430,102.6492,51.0705,46.2080
593.2620,101.6208,51.9013,45.9849
594.4948,100.6743,52.3311,46.0119
595.7668,99.7818,53.4874,45.8351
595.8063,98.8938,54.1851,45.8500
596.8011,102.4836,55.2475,45.3820
597.1459,100.9592,55.5763,45.6153
598.7203,99.7527,55.8685,45.7864
599.6482,98.6263,56.0896,46.0887
599.5883,97.5755,56.5327,46.2935
600.8894,102.6137,57.8220,45.2554
599.1579,103.7880,58.4872,44.7140
600.3747,101.4223,58.3878,44.9304
600.1232,99.8259,58.3866,45.0307
601.5209,102.4156,58.5925,44.7882
600.7164,100.5286,58.8984,44.7535
599.8019,102.0458,59.0521,44.6004
601.3287,100.1088,58.8914,44.7024
602.6516,102.2047,58.9790,44.4081
601.5968,102.5506,59.2038,44.1704
601.8599,102.2214,57.6668,45.2961
598.1072,103.5083,52.3580,48.3161
603.2069,103.5773,47.7700,51.3670
600.9761,100.9596,49.4417,50.6610
596.6928,102.0504,53.2869,48.2060
595.1064,102.6674,57.6578,45.9127
594.1552,103.6030,61.3456,44.5021
593.2338,104.3360,64.0977,44.0723
591.6362,103.8755,66.0850,44.1696
593.2600,103.7830,67.4798,44.8365
592.1049,103.1409,68.6514,45.5456
589.9970,103.2579,69.9006,46.3136
591.7285,102.7934,70.7327,47.1251
589.4689,103.0270,71.4117,48.0352
589.7286,103.1142,71.7813,49.1176
589.4268,103.1468,72.1594,49.9629
587.7550,102.2040,73.1627,50.5761
587.2155,102.6710,74.3581,50.6967
585.9638,101.6456,75.2487,51.1455
586.6185,102.2160,75.2878,51.7729
584.4479,101.2065,76.0886,52.0595
585.9170,101.0196,76.3583,52.1366
585.5048,101.3581,76.1480,52.6186
584.1219,100.9699,76.5510,52.7109
584.2700,100.7188,77.1773,52.5165
584.1774,100.7177,77.3580,52.6448
584.6252,100.2140,77.4839,52.5219
585.7154,100.5896,76.6610,53.0879
586.3213,95.5378,75.3587,54.0973
595.7498,99.9246,68.9906,57.6387
599.6603,105.8846,61.0488,63.7102
604.4897,94.2977,57.9486,61.7426
606.1287,94.3180,57.1920,58.8295
605.1254,95.3515,58.2426,56.5321
604.4308,96.0012,58.8705,54.9928
603.8710,97.0292,59.0383,54.0167
603.5674,97.3670,58.8882,53.4445
603.1875,97.6324,58.7665,52.9315
603.1028,97.4566,58.8959,52.4754
602.9304,97.8329,58.7019,52.0616
602.7341,97.9879,58.4366,51.7287
602.5284,97.8309,57.6444,51.7794
600.0540,93.7400,56.8602,50.7289
598.4817,96.0487,53.9319,50.8668
604.1472,100.0595,48.3444,55.1016
600.9914,97.8467,50.9487,53.0999
596.6002,97.8242,55.3551,49.8485
594.9376,97.1263,59.6286,47.1984
593.3887,99.0686,63.3937,45.1596
591.7959,98.8047,65.4321,44.6646
591.1417,98.7719,66.8729,44.6283
589.8409,99.5572,68.5419,44.3106
591.1288,98.6111,68.8028,45.0418
589.0756,99.8174,69.1447,45.6533
589.1586,97.8719,69.7012,46.0844
589.8481,98.5499,70.2976,46.4482
589.3215,98.6106,70.8322,46.6688
588.9079,98.7779,71.3581,46.4768
588.6296,98.7053,71.9665,46.3605
589.7891,99.0676,72.4168,46.4128
589.4182,99.7513,72.3869,46.8938
589.8437,98.9315,72.6837,47.4915
589.3121,99.3565,73.0883,47.6609
588.6540,94.6284,73.6578,47.7486
588.9987,96.3032,73.2571,47.6703
597.9993,100.8575,65.0301,53.3790
605.6511,94.0171,58.7277,55.7988
613.2578,93.5805,57.6007,53.5728
612.7925,95.0624,57.3035,52.4105
613.1321,95.4846,57.3993,51.6978
613.2991,96.2911,57.0719,51.1449
613.8181,96.3395,56.8813,50.7875
614.4016,96.5333,56.9354,50.2447
615.0153,96.1929,56.8559,49.9542
615.7242,96.0508,56.5941,49.7913
616.2560,96.1317,56.3559,49.5551
617.3669,95.9417,56.3804,49.3964
618.0692,96.0354,56.4175,48.9759
619.1708,95.6662,56.6075,48.8106
619.7499,95.6919,56.3655,48.6871
620.5476,95.8314,56.4310,48.3806
621.5518,95.6240,56.4403,48.2753
622.1888,96.0150,56.2127,47.9962
623.0642,96.0166,56.2035,47.7005
623.2308,96.3329,55.8142,47.5557
621.2252,92.5461,54.5514,46.9171
619.4973,95.0853,51.7642,48.0155
625.9901,98.4477,46.8438,50.7318
622.9249,96.5015,49.0413,49.3001
622.1685,96.2189,53.2628,46.2931
619.2275,98.2588,57.5680,43.8233
617.4091,99.6065,61.5270,42.0770
617.1667,99.4034,64.3951,41.3263
616.9944,100.6881,66.6540,40.9674
617.1133,101.2188,68.1561,41.3740
616.2366,101.7210,68.9964,42.1094
615.6006,100.5187,70.2971,42.9796
615.8715,100.2149,71.6738,43.4373
615.7983,100.9470,72.0928,44.2148
616.6621,100.0613,72.7398,45.0268
616.3135,100.5175,73.5155,45.2887
616.9056,101.2174,74.1337,45.6975
617.0311,100.9355,74.3775,46.5015
615.1757,96.1857,75.2340,46.9436
615.4991,99.1024,75.6371,47.0860
616.8148,99.8075,75.7576,47.7154
616.6872,100.7651,75.4515,48.3785
616.0139,99.6034,76.3837,48.5075
616.2196,99.4286,76.9458,48.4968
616.5323,100.2519,76.9625,48.6182
616.2023,99.4582,77.2388,48.9369
616.3575,100.2200,77.4644,48.8406
615.7627,100.4237,77.1734,49.1551
615.9342,99.2049,77.3270,49.5389
616.1824,99.8212,77.7912,49.3882
616.2590,99.9884,77.5090,50.1146
614.8910,91.6544,77.1866,49.7627
625.7681,96.0550,70.7559,54.7449
616.6682,99.6948,67.5527,57.2241
629.1118,90.6420,64.8435,55.3190
638.3261,93.0158,62.5153,53.9231
638.0685,93.9068,61.1918,53.7360
638.1779,94.3135,60.6096,53.5515
639.0703,94.5767,60.5268,53.3672
639.7067,94.8419,60.1975,53.2844
640.2029,94.8677,59.9406,52.9768
640.8032,95.1936,59.6247,52.7508
641.3912,95.1423,59.4593,52.5658
642.0234,95.3888,59.2830,52.2664
642.6945,95.4186,59.1449,52.1347
643.3657,95.5793,59.0056,51.8828
644.0896,95.2918,59.0444,51.5858
644.7700,95.2164,58.8986,51.2661
645.5787,95.3949,58.6687,51.1594
646.4542,95.9343,58.4499,50.8013
646.9803,96.2239,58.0679,50.5857
647.7941,96.0903,58.0527,50.4349
648.8024,95.9259,58.2101,50.0138
649.7028,96.0989,58.2932,49.7031
650.3091,96.4984,57.9595,49.4693
651.1405,96.2480,57.6452,49.6340
651.9378,95.9174,56.8457,49.9411
648.3094,91.0261,53.6245,50.0624
657.1440,93.2118,50.4626,50.6883
659.1523,97.2360,45.0927,54.4768
653.8004,96.9922,48.6746,51.0810
652.1058,97.5174,52.4538,47.7260
651.1582,98.4746,56.3837,45.0131
650.4788,98.7081,58.9654,43.7255
648.5414,99.6949,61.7746,42.7949
648.4571,99.9440,63.8526,42.4230
646.9772,99.9538,65.3156,42.5029
646.6996,100.1750,66.5144,42.8157
646.5171,99.4439,67.9307,43.0294
645.5048,99.8514,69.5719,43.1178
645.4949,100.7222,70.3859,43.4620
645.1816,100.5818,71.0853,43.9680
645.4783,99.2071,71.3691,44.7581
645.6925,100.1468,71.6397,45.0059
645.9293,99.8882,71.6590,45.6314
644.0944,95.5569,72.5436,45.9800
645.8644,99.2699,73.0046,46.4639
644.5361,95.0854,73.3010,47.1412
644.2396,96.8196,73.7132,47.3509
653.0886,99.7285,65.7198,53.0019
648.3919,98.2272,62.7677,55.2690
661.1883,90.7303,60.7935,53.2996
668.0073,93.7781,59.9828,51.8984
667.8865,94.6944,59.0693,51.7326
667.8777,95.2243,58.5445,51.3467
667.7495,95.8223,58.0361,50.9844
667.4489,96.4724,57.7414,50.4816
667.9285,96.2783,57.3176,50.4169
668.2595,96.6081,56.9167,50.4031
668.6265,96.4956,56.7286,50.2251
668.9478,96.4103,56.3968,50.0392
669.3011,96.6277,56.5058,49.4969
669.7315,97.0609,56.7609,49.0102
670.4783,96.8816,56.8923,49.0437
671.2469,97.4398,57.0035,48.6316
672.0964,97.9063,56.8657,48.4926
672.6819,97.7318,56.9434,48.3883
673.2576,97.6844,56.8972,48.3038
673.9034,97.4767,56.7904,48.2462
674.8647,97.2444,56.6360,48.2295
675.1772,97.3577,56.8104,47.7155
675.6716,97.2356,56.1394,47.7158
672.9894,92.8709,53.7495,47.4518
676.8002,98.3741,47.6016,51.5217
676.5405,97.9868,46.9277,52.0120
673.5001,99.0530,50.2258,49.5170
671.9603,100.4959,54.3951,46.7328
671.5178,101.5654,57.6628,45.0524
670.5874,101.7100,59.9751,44.1593
669.2106,102.9079,62.1810,43.8152
668.7979,103.0512,63.8667,43.6490
668.6211,102.5280,64.9199,44.0746
667.9459,103.1044,65.5091,44.7906
667.6513,102.1418,66.6327,45.0855
666.6219,102.3891,67.1986,45.8746
666.6500,102.5109,67.6204,46.3369
666.3307,102.4990,67.9671,46.9800
665.6448,102.6698,68.3857,47.6319
665.6833,101.9154,68.8083,48.0644
664.4478,102.1663,68.7511,48.8725
664.9559,97.3516,68.1570,49.4654
672.4868,102.1163,60.6903,54.4643
678.0577,97.5877,54.5678,57.0828
682.9684,96.6632,53.2322,54.4101
683.4690,95.1048,53.4943,51.8739
682.6569,94.2258,53.6110,50.1964
682.6374,93.5936,53.3165,49.6963
683.0807,93.0175,52.9550,49.4545
683.2566,92.3908,52.7512,49.1503
682.0646,98.3793,53.2552,47.1458
682.2009,96.5344,52.7712,46.4158
682.6033,95.2761,52.3201,46.0280
681.8720,97.5368,51.9720,45.9321
682.3794,98.3904,51.6373,45.6517
682.6037,98.7850,51.4156,45.4346
683.8140,96.7197,50.3299,45.2213
682.0063,99.2357,46.8236,46.8106
686.0872,104.2556,41.8065,50.3855
685.2106,101.8271,43.0563,49.3905
682.8911,101.9590,46.5260,46.2950
679.7868,102.9477,50.0125,43.2111
677.7261,103.9013,53.1710,40.8745
675.8455,104.9723,55.7909,39.5858
675.1436,105.0796,57.4399,39.0539
674.1513,104.9865,58.8540,38.6556
672.5562,105.9303,60.5336,38.3512
672.0804,104.9568,61.7082,38.4449
671.3390,104.7166,63.3574,38.5258
669.5004,105.0209,64.7298,38.9498
668.1672,105.6703,65.8036,39.4699
667.8291,104.1999,66.4420,40.2142
667.4518,104.7994,67.3951,40.7899
666.0070,103.6180,68.2640,41.2982
666.0681,103.5474,68.8975,41.9630
662.6039,99.2065,69.5591,42.4681
664.7947,102.5709,69.8868,43.1452
664.6777,102.8116,67.1894,44.8564
671.9108,106.0995,59.1190,50.4642
680.0136,96.9578,54.4915,50.6165
680.3019,98.0430,54.0757,49.1622
680.4562,98.2924,54.4076,47.9141
680.3079,96.6625,53.7877,46.9319
680.3940,95.6312,53.1635,46.3543
681.0447,94.7259,52.6000,45.6622
681.0938,93.8996,52.3107,45.1793
679.1268,98.2050,52.6604,44.0954
679.3246,99.5484,52.2010,43.5201
679.6425,100.0813,51.7762,43.2612
679.9930,100.3390,51.5671,43.2175
680.7460,100.8839,51.4569,43.1117
681.2145,100.6056,51.4881,43.0680
681.8091,100.5118,51.4701,43.0691
682.0404,100.1729,51.3829,43.0850
682.0527,100.1631,51.4109,43.0289
682.4576,100.2087,51.5113,43.0443
682.8439,100.6289,51.4844,43.0274
683.5231,100.3793,51.4893,43.1608
683.8315,100.6310,51.3633,43.1561
684.5275,100.4107,51.5135,43.0540
684.9915,100.8081,51.5516,42.9199
685.8022,100.9640,51.9263,42.6675
687.0116,100.8974,52.1185,42.5991
688.2443,98.8192,51.6525,42.2957
690.4580,97.6506,51.5778,42.2154
692.0405,101.5100,51.8640,41.6399
692.9067,99.9707,51.7302,41.3054
692.8582,103.6158,52.2502,40.4598
695.0972,102.0489,52.2616,41.0631
696.0968,107.4554,54.1001,39.5931
696.8480,105.4137,54.7328,39.8168
699.4316,110.4585,56.8166,38.8583
699.5174,108.0223,56.9026,39.2322
703.0579,112.1181,58.7151,38.1776
702.1480,113.1987,59.8365,37.7171
703.6339,113.3805,61.2984,37.7227
705.7771,113.9242,62.6010,37.8218
706.7818,115.5298,62.6308,37.8254
708.7093,116.0601,63.4149,38.0814
712.4963,117.7197,63.6945,38.1169
714.9626,119.1170,63.6805,38.0480
718.0887,121.4675,63.6954,38.1465
720.3233,122.7723,63.6796,38.4662
723.0499,125.2073,63.7466,38.3356
725.0132,127.6761,63.6117,38.1789
727.1283,128.1576,64.0440,38.1908
728.2109,130.5520,63.4220,38.2269
731.2253,132.0006,63.4474,38.2561
733.1057,134.1703,62.9905,38.2596
735.7793,135.2636,63.1618,38.4935
738.0717,137.0742,63.3275,38.7024
738.7430,140.7308,62.8720,38.5418
741.2029,141.3550,62.8733,38.8740
742.8280,142.7583,63.0636,39.0397
744.5311,143.4380,63.0875,39.2048
745.4299,144.2242,63.0595,39.4118
747.7081,145.7623,62.9138,39.4704
749.5112,146.6109,61.9983,39.9476
752.7659,148.4641,60.5085,40.1718
753.1434,149.9268,58.8308,40.6703
753.0346,151.8891,57.8813,40.8310
753.4506,153.4603,57.1889,40.8081
752.3536,154.7514,56.5851,41.1625
752.2369,155.1250,55.1962,41.9353
749.8757,156.8173,53.7283,43.0676
747.0193,158.0368,52.5180,44.0229
742.5004,155.5505,51.8852,44.5526
737.3853,159.8955,52.0093,44.3461
731.9007,163.3723,52.7379,44.2735
722.7592,164.7344,52.5424,45.1700
711.8444,166.8717,52.4591,45.2318
701.0601,172.4885,52.8922,44.3299
692.6367,179.0210,55.1184,42.8561
685.3546,186.6560,56.2876,41.6674
681.8334,193.3123,57.1098,40.8862
684.7804,198.0249,56.8507,41.3551
684.7802,200.7873,57.9621,41.1419
686.1520,200.4661,58.5058,41.1275
686.7644,199.5632,58.6112,40.8625
690.2745,194.4900,58.9461,40.5907
688.2352,194.6975,59.5660,40.2546
692.8661,190.4003,59.5942,39.9697
694.4446,190.5303,60.4929,40.3679
701.9346,184.3812,59.1393,42.3646
708.1751,186.6760,58.4826,45.1515
728.6506,178.0683,60.4055,47.2906
740.7471,167.8308,61.2855,49.1756
741.0244,165.1871,60.2867,50.6336
730.3314,164.6867,61.9154,51.1933
721.0294,164.7033,63.0482,52.2016
716.9311,157.3374,63.8927,52.1908
712.1467,153.2401,62.2161,53.4716
709.0806,155.5669,60.3153,55.2111
711.2504,152.5334,59.3334,56.6814
711.9804,150.6246,58.8892,58.1649
712.3696,149.0963,59.6061,59.2491
708.0696,145.8073,59.8270,59.0648
703.5049,143.1685,59.6628,58.9710
702.6648,146.7897,60.5200,59.8829
700.2232,147.0244,61.6673,60.3883
701.3324,148.9288,63.0295,61.1415
704.1833,149.0217,64.4907,61.8083
711.2198,144.6496,64.3928,63.2592
720.3356,140.4783,62.2470,66.9943
726.1832,135.8792,60.3504,70.1061
728.5528,130.8134,59.0844,69.9371
2
0
0
0
0
1
742.7562,194.2318,20.4199,48.6181
740.4782,186.0308,21.7810,49.4394
737.8585,178.0896,22.9645,50.3728
736.2811,179.8948,24.1301,51.4791
733.6808,172.5171,25.0358,52.2200
730.5276,165.8366,25.8201,53.0169
2
0
0
0
0
1
737.4698,171.4028,18.0599,49.8539
734.1383,170.0135,18.2503,50.0909
726.4318,166.2187,19.6371,48.7740
718.6725,164.8415,19.8654,48.3233
716.1597,161.8611,20.5716,48.5021
714.8221,160.8163,22.0498,47.1423
712.7806,161.4822,22.8544,47.0289
708.0010,160.7744,23.0826,46.4229
707.0840,161.0147,23.2025,46.9844
702.5065,158.1510,23.2248,46.6443
702.3357,157.2166,23.4795,46.6460
701.4918,156.3117,23.8043,46.6794
700.0192,155.8881,23.9289,46.7945
698.2247,155.1492,24.2069,46.8133
695.2818,156.8150,24.4860,47.5114
693.2796,156.0355,24.4242,47.8001
689.1538,159.7013,24.0443,49.0763
689.0818,160.8757,23.6888,49.4477
687.3137,169.1699,22.6976,50.6609
684.5823,178.0396,22.1670,50.3645
681.0169,194.9689,21.6088,49.3367
677.7602,212.1934,20.7777,48.7879
670.2155,231.7705,20.3479,48.2542
667.3980,257.3014,21.3772,46.2536
668.6351,271.1521,23.7323,42.3625
668.3548,271.9459,23.3427,41.3218
663.9452,272.6729,24.2395,39.1189
662.0016,274.1808,23.9935,37.5621
