1
300.9357,136.6651,71.7391,87.0214
298.4133,141.1700,74.2795,88.1003
296.6757,143.6066,76.7324,90.9219
297.5648,144.7101,77.5852,93.6280
300.3716,144.3321,77.4922,93.8319
302.5848,141.4453,77.6438,95.1707
305.1654,141.5220,77.6053,96.7794
304.6368,141.4619,79.3417,99.0440
303.0782,144.1416,80.7933,99.2396
305.5597,145.8509,81.6629,100.5897
308.4392,145.0225,83.7336,101.0989
313.9874,139.5075,84.8203,102.9390
322.0190,131.4598,83.3486,104.5918
325.4850,126.0999,82.9632,104.7730
327.0667,125.6616,83.1965,103.7116
326.4238,126.1701,84.9927,103.6763
327.6965,127.5712,86.4297,103.9722
326.6385,127.5315,88.0190,104.2969
328.7770,121.1164,91.3381,102.0819
334.7085,116.9968,91.3116,102.3184
339.8903,111.1113,91.8523,102.9300
342.9332,107.8635,92.2843,101.8478
349.6552,109.8581,92.6463,102.2532
359.5233,116.9589,92.6245,104.1173
369.0081,127.3220,93.8879,106.3374
376.7001,129.8636,95.6990,107.8615
367.7839,118.9312,95.3150,106.7841
356.4416,106.0714,93.6564,105.7287
347.6736,91.7465,92.0677,106.7360
339.6871,84.0796,89.9385,105.8277
334.4021,81.1306,86.0005,104.3468
330.4815,81.0408,87.1945,105.3633
334.5114,85.6891,87.2834,104.4745
337.8564,94.2115,87.8605,103.8533
345.8348,109.0969,89.3680,106.0722
355.6181,120.4397,91.9944,106.2148
367.2886,132.4501,93.7147,105.9442
366.1628,130.9536,94.2013,106.6337
362.1261,117.8417,95.0270,107.7735
357.9645,101.5497,92.9850,106.9942
357.0459,91.1267,91.1316,107.2684
352.8343,86.7305,90.7679,108.7646
352.6609,83.7500,89.8009,109.6269
353.0545,88.7136,90.8521,108.8652
357.9488,94.6719,91.2991,105.3107
360.6777,106.2209,92.5061,105.4426
366.6669,122.0330,93.5905,105.4961
373.4075,138.3330,93.8797,106.7321
372.2078,141.7842,93.8043,108.1019
368.7557,133.8438,92.3057,117.0124
365.2734,116.9331,89.1365,120.3053
358.4175,104.3517,87.7296,120.1428
353.9724,100.3145,87.6194,120.6061
352.3188,104.0586,89.7628,118.8617
349.2462,108.5777,90.6964,117.3046
350.0018,120.4532,86.8296,118.1200
353.0543,133.0381,84.5265,119.5285
355.0233,150.5791,85.2677,118.1334
349.9612,167.7922,86.9089,114.4285
341.1169,161.1308,84.7956,114.5298
334.1527,146.8776,82.9128,114.2715
326.2827,132.7405,80.7814,112.3050
318.9591,122.7976,80.2352,108.8648
309.6292,120.8178,80.9181,103.2010
304.9141,120.2941,80.7534,97.4652
301.8950,124.6841,79.4857,95.5090
299.9506,130.2942,77.8364,95.8905
302.1511,140.2096,77.8174,95.7926
301.6868,155.4649,74.4839,95.8099
301.6918,166.6918,72.4008,96.1758
300.7737,186.2571,70.7329,96.0534
298.7372,187.2188,71.2272,98.0181
289.4594,171.2043,71.0502,99.6840
284.6114,147.7744,70.6373,102.8164
275.7690,131.5601,70.2011,105.2144
270.3369,125.0538,71.1245,101.7497
266.4731,124.5498,71.9506,98.4407
263.5947,123.5548,72.1911,95.1010
259.8224,130.1749,72.1665,91.5345
258.5088,145.8432,69.7238,94.6587
258.7840,156.6542,69.1782,95.4419
258.1113,175.5739,69.3825,95.5896
254.6923,188.9514,69.8548,97.8403
252.7446,189.1143,69.8066,98.2434
249.2865,180.2759,70.6151,98.2158
245.5962,173.5294,69.7768,93.7369
243.4984,174.2762,69.0486,89.3336
240.9588,181.5952,69.0522,84.9503
239.0812,188.5339,69.4169,81.5376
238.5152,196.7634,69.5474,79.6310
236.6348,205.1013,68.7830,76.5106
234.6127,208.1550,67.8129,73.4762
229.1812,202.0235,67.4478,73.8979
233.5858,210.2773,68.3084,71.8418
235.5392,213.7030,67.0077,70.4802
238.4284,211.9902,66.4800,69.8647
238.7413,205.8683,65.3211,70.1827
240.6438,201.2834,64.6387,70.0940
241.2587,200.1336,64.5636,69.7531
241.1142,194.7657,64.6790,69.3611
217.2293,170.2030,63.3761,70.7383
199.1714,164.7810,63.7075,71.1681
199.6532,160.9920,63.4650,72.7294
191.2345,152.7547,61.5175,76.6374
191.1245,152.9982,60.7594,77.0930
193.6861,154.9402,60.4304,78.1777
2
0
0
0
0
1
240.4129,153.1735,55.9471,65.0712
230.0728,141.1701,57.7452,63.2788
238.7880,147.7217,57.6562,62.8169
233.6996,144.4678,57.4962,63.3124
241.4897,153.4465,56.2261,66.5141
229.7716,143.2154,56.0121,66.4217
247.2116,135.7181,55.4341,67.9302
247.8722,128.4881,54.3296,68.9158
238.7695,133.6058,51.9881,70.9587
241.8542,159.5477,52.1607,70.2531
244.4869,158.7354,54.8159,67.7346
252.0939,147.9683,55.2534,70.0660
253.3837,141.8510,56.6512,71.3187
259.9884,137.8448,58.5802,69.4919
263.1138,139.3538,60.7490,68.4920
269.8941,137.7755,60.2063,70.5722
271.6396,130.4041,58.6640,69.9844
271.7542,83.1495,57.1509,72.9409
277.5894,77.3514,57.2950,74.0733
289.3217,81.0083,58.7567,74.0100
312.3549,86.8290,56.2987,77.0639
321.0576,93.2017,54.1610,78.9818
310.5595,86.7598,53.8690,79.1622
300.4462,85.1701,54.6417,79.0958
295.1830,80.6809,55.1524,79.1449
286.1877,80.8977,55.8755,78.0010
284.5197,73.9949,56.4928,79.2037
287.9086,75.7380,56.0397,79.8795
297.7547,83.7475,55.9540,80.3871
283.1493,76.9128,56.4620,81.1653
305.5702,89.1405,56.3218,80.9165
307.0709,75.4997,57.9283,80.9701
290.5294,73.2923,57.2821,81.1962
295.4595,73.6878,56.9553,82.2068
294.8560,72.1614,55.0687,84.8322
287.0313,69.9160,54.5976,85.0486
282.8269,70.8552,55.9760,84.9604
276.3878,69.5163,55.7569,86.8148
269.0344,81.9184,54.5809,88.0673
279.0596,81.9280,52.5991,90.5512
281.4418,84.3205,51.3833,92.4988
273.6827,81.9890,49.6496,95.4088
276.1090,85.7226,47.8575,97.5854
238.1576,111.9719,52.7851,93.1600
231.0749,119.5166,56.6544,90.8233
216.8986,131.4652,62.7619,85.9842
211.9855,141.3565,66.7659,82.6391
211.3173,141.9327,69.9839,81.2599
213.2179,141.9807,70.9789,79.8783
215.5909,144.3775,72.4705,80.6558
221.2690,149.0804,73.2163,81.0485
228.1530,152.8710,72.9650,81.5258
233.3125,160.8094,70.7569,85.9064
241.5759,152.7744,71.9173,86.3989
253.8980,159.7842,73.8383,88.8194
260.1852,161.9629,74.1961,90.5234
265.7227,160.9897,76.6993,88.0903
271.5854,165.4456,76.9167,87.7470
277.0212,169.2287,77.7637,85.5742
280.8748,171.7245,77.4885,83.9775
283.2443,170.5582,77.2114,82.4782
287.0941,174.8777,76.8896,81.4253
291.8889,175.6282,76.0543,79.5471
297.6506,182.9196,75.7097,76.9704
301.3620,178.6752,76.9440,74.8178
307.1773,179.4436,75.9244,73.5539
308.5117,180.8938,76.2191,72.4075
309.4109,182.4887,77.9488,69.0506
313.9099,178.4478,77.6137,68.0399
314.1304,173.4244,80.1558,66.0330
322.9263,174.2961,80.4314,65.3674
333.6902,170.0040,81.4287,64.3918
336.0698,173.0768,81.7500,62.8614
341.1393,174.6425,80.0279,63.6596
347.4349,191.6311,77.4008,66.7786
347.4999,190.4363,79.4348,68.2520
351.0061,201.8803,78.8384,68.9441
346.8024,195.2102,81.0498,67.8767
346.3835,172.5495,78.8328,72.5535
342.3802,165.0315,78.3148,75.5666
342.3869,161.7636,78.4982,76.0859
336.7033,158.4874,75.0362,79.6683
337.2999,166.3909,73.5699,82.6989
327.1243,177.9007,71.2886,85.4591
339.2728,180.3281,70.2677,88.4708
343.0128,195.3764,70.5414,87.7331
344.8907,178.7209,70.1273,90.0671
334.1237,168.7681,71.0300,90.5066
345.7796,139.3116,69.6411,93.2509
341.0022,141.4402,69.6328,93.6961
338.1652,139.9563,70.4559,89.8823
339.8203,133.0131,69.7116,89.0726
333.4084,111.6012,70.0914,87.8651
331.8114,134.2015,71.9669,86.7240
335.4526,139.2255,70.5785,88.8699
326.4914,160.7142,73.1668,87.3683
321.6871,166.5197,72.0787,91.4546
311.8268,165.1033,71.9475,91.5860
304.6249,153.3762,72.5656,89.1264
302.0836,151.3990,71.7359,88.1660
296.9328,153.3680,71.9025,86.5993
296.8910,162.0101,70.2856,86.9833
290.9512,158.9236,69.8068,86.6184
290.9410,175.3026,68.8542,86.7869
291.2357,188.9528,67.4418,87.5980
294.5477,191.4583,66.9486,86.1611
295.6034,184.0299,66.8806,84.7813
291.8226,177.0005,66.5812,83.5684
294.8400,175.2451,66.4543,83.0666
296.4814,169.1320,66.2040,80.8233
296.4816,169.7747,65.9268,78.6087
306.6549,197.6249,65.7366,80.2920
320.9745,223.8139,64.8914,82.2302
327.7931,229.3699,65.1344,84.3473
328.3632,233.2343,68.0203,81.7200
2
0
0
0
0
1
290.5224,174.9980,50.0605,59.0441
292.1248,182.1628,49.3387,60.7442
293.3252,186.7022,49.2894,61.7139
294.6925,186.9535,49.6803,62.5925
295.4933,172.9862,49.5053,62.7013
301.3472,176.3618,48.6162,62.3844
303.7240,182.8814,48.6384,61.0339
305.8618,185.6049,47.6819,59.1146
307.4343,185.3741,47.7528,57.3918
306.3321,176.7613,46.9522,58.7188
303.3993,168.7917,47.6479,57.4839
300.9802,159.6780,48.1984,57.1988
303.8058,154.4950,47.9838,56.5552
304.6987,151.1669,46.9615,54.1410
306.1105,147.5951,44.8639,53.5295
306.2250,151.3935,43.4045,52.8076
307.4403,154.7659,42.7762,53.4576
305.4124,158.3960,43.8873,53.7131
305.8853,156.5433,44.9714,52.5074
306.8102,150.9953,45.7514,52.4711
306.1364,140.1616,44.5424,53.0927
308.7754,132.8895,42.5510,52.3477
309.8319,129.8396,40.9232,51.5627
309.1061,128.1861,40.6460,50.1658
308.1130,129.5923,40.5854,49.1548
307.0845,133.0498,40.5524,48.4435
306.8988,140.0908,40.4139,47.5165
303.7950,143.7034,39.9616,48.6923
301.5815,141.1153,39.6049,49.0178
299.6631,134.2900,39.2662,49.8111
298.2066,128.9762,39.2385,50.2427
296.8479,124.0268,38.8464,50.7135
295.6029,124.3892,39.7430,49.4841
293.8217,126.2593,40.7032,48.5226
291.1797,131.9505,41.4997,48.3069
291.1481,138.8017,40.6782,49.2438
290.8758,147.0204,40.8343,49.2928
287.8970,154.2074,39.9564,48.7227
287.6718,153.9279,39.0452,47.8201
285.3656,151.8238,38.9641,46.5416
285.4966,150.1457,38.9380,45.6640
287.2088,150.3400,38.4912,44.7388
291.0096,150.8534,38.4055,43.9451
293.0261,151.5495,37.8436,44.4578
294.3545,156.9938,37.8857,44.7186
297.1827,161.2214,36.9911,45.1395
297.4131,163.4758,36.3107,45.3208
294.9547,161.4178,36.5198,45.8192
293.4246,155.8632,37.0788,45.4221
292.8452,149.7895,37.4752,44.5574
292.9694,144.5646,38.5527,45.3530
295.2253,142.2596,41.4630,44.4867
292.1783,143.3248,40.8032,44.9991
295.4725,146.3601,40.0999,44.9881
299.6221,150.4660,38.4902,45.8211
299.0143,149.9056,37.9161,46.9179
300.2517,145.4485,37.3186,47.5345
299.5035,140.1196,37.7244,47.8626
301.9497,133.0010,37.3406,47.8645
304.2193,129.7036,37.8940,47.3167
308.2652,129.2040,38.1529,46.1039
310.2198,130.7386,37.9955,45.8862
311.2686,134.6372,36.9769,46.4142
312.8255,140.1017,36.8107,46.4253
313.1208,142.0553,36.8729,45.8273
313.3727,141.5258,35.9121,47.9877
311.2338,133.6687,35.8124,50.0805
309.9611,126.4901,35.7397,49.4984
311.7339,122.1511,36.2170,48.8058
313.9833,120.1564,36.3168,47.9359
314.4577,123.9879,36.4842,45.8601
315.5131,128.6116,35.9511,46.2781
316.3884,134.4823,35.4159,47.1003
316.3317,143.1070,35.2813,47.0857
315.8254,146.8052,36.0425,47.4819
316.6454,148.2925,35.8294,49.3736
318.2251,141.8389,36.0260,49.4768
320.6471,134.0245,35.0543,50.7189
320.7204,130.2488,35.3093,49.6179
321.3373,129.1667,36.2461,46.7787
320.4272,129.2949,36.9447,45.6270
320.3758,133.3896,37.0123,45.6972
318.6092,137.9890,37.8196,46.3176
318.6428,142.3972,38.2481,46.7035
318.9038,140.1490,38.5824,48.0279
319.5619,134.6749,38.1712,49.7517
317.2079,127.2746,38.5301,49.5784
315.7248,121.7003,38.8685,47.5376
313.9446,119.6529,39.1773,45.8616
313.6106,118.1213,39.2424,44.9324
314.7918,118.7298,38.5860,45.3318
311.1980,121.9932,38.4087,45.8387
309.3112,124.8334,37.8850,47.7344
306.6989,132.8845,37.8965,48.2453
303.4667,133.5421,38.9758,48.7907
303.9603,128.8387,39.8335,49.3752
301.9536,122.0900,40.2742,50.3406
299.3276,118.0322,41.4800,49.2433
302.6301,114.4896,40.3919,49.7661
302.8698,118.7361,39.6818,49.2769
305.3613,121.9926,38.6741,48.7391
302.9256,130.5560,38.8336,48.2655
304.5909,137.0839,38.4223,49.0774
301.5059,140.7574,40.2212,49.8556
301.9703,140.8462,41.5821,50.1506
304.4474,134.8737,42.3872,50.3485
307.7150,128.7098,40.8645,49.9657
309.3627,126.0604,39.3006,49.4053
310.8472,125.9250,38.1772,49.3619
314.0970,125.5835,37.3254,48.4739
316.2090,129.8639,36.7451,47.1733
318.5779,132.8020,35.7598,46.1521
321.7061,132.4560,34.7939,46.3746
322.7019,133.5156,35.1546,46.9439
322.6654,133.8080,35.8410,46.8730
320.8131,133.6245,37.4449,46.7496
320.3052,133.7348,38.0268,46.8164
319.4738,135.0606,36.5449,47.2439
319.7338,139.9431,35.5290,45.9455
339.4240,150.2269,35.8641,45.7507
339.3309,151.0310,36.5159,45.1705
337.1787,152.2527,37.3587,44.5858
329.7374,148.7447,39.1762,43.4136
320.6491,145.3349,41.2268,41.2531
317.4527,145.0254,40.8799,40.8775
313.0829,142.5148,39.5713,41.3506
309.2337,141.1330,37.5344,42.5631
312.0252,142.9236,36.3044,42.7304
313.1923,143.0569,35.6348,42.4173
311.0804,142.6615,34.7044,42.4084
310.7888,144.8944,34.2640,41.9514
309.4934,144.7540,33.2602,41.7123
309.1885,144.2356,32.2366,41.8534
305.0311,142.8627,32.1340,41.0702
304.4223,144.7631,32.6411,39.5427
300.5352,146.9688,33.4195,38.3895
291.2589,143.5377,34.7050,37.9874
300.1976,145.1356,34.8003,38.6044
306.0375,141.6162,32.6288,41.6692
308.8950,138.7711,30.9611,45.3475
310.7533,139.3435,30.1745,47.9946
311.2243,143.0258,30.2064,47.9345
312.4791,147.4701,30.4593,47.5622
315.2756,151.8612,30.9102,46.8702
316.7196,160.0453,32.1586,45.3307
304.0090,155.8150,32.8796,44.2818
2
0
0
0
0
1
343.3933,154.7818,44.9930,53.6242
342.5002,157.8120,45.1429,55.0129
342.8278,161.0301,44.3060,57.5615
349.8797,167.5094,46.0549,56.6427
356.7969,187.8495,46.9024,56.7351
356.1737,204.6445,46.5733,58.6428
