1
712.9146,228.6451,22.2453,23.2928
712.7881,229.7521,23.0353,22.0839
714.2515,230.1541,23.8221,20.5753
714.8021,231.2260,23.8286,20.2762
713.1484,231.0959,25.9256,18.1268
714.4980,232.1219,26.6293,16.9043
715.9545,231.9734,26.7440,16.3148
715.6684,231.6476,26.6067,16.0278
717.0386,233.0683,26.9752,15.1630
717.7853,234.0977,27.1335,14.2185
719.1702,234.2700,26.6160,13.4354
719.1535,233.0467,26.4441,12.8105
719.1633,234.2233,25.8615,12.3641
718.8618,233.3062,25.5173,12.0323
719.1360,234.1709,25.3110,11.4860
717.9951,233.2744,25.2113,11.0094
718.2137,234.1693,24.9806,10.5821
718.6863,234.7731,24.9298,10.0169
717.0317,233.5676,24.3824,10.0111
716.3348,234.2726,24.0825,10.0000
717.0264,234.8103,23.4125,10.0388
715.5829,233.9307,23.1168,10.0371
715.2352,234.6707,22.8298,10.0000
713.3114,233.7403,22.0799,10.0000
712.9190,234.2461,21.7581,10.0000
710.8250,234.8756,21.4535,10.0000
708.7152,235.5474,21.2466,10.0000
706.4359,234.5512,20.9987,10.0000
704.4648,233.4810,20.4911,10.0385
703.2451,234.4134,20.2212,10.0000
700.9148,234.9353,20.1091,10.0000
698.1497,235.4272,20.1803,10.0000
695.1302,234.1835,19.7425,10.0000
691.2475,234.4449,20.1062,10.0000
687.3256,234.7043,20.2215,10.0000
684.9091,232.7099,19.2284,10.6582
678.8267,233.1479,19.5267,10.3769
674.6122,233.5930,19.8916,10.0763
666.9871,233.9444,20.2873,10.0000
663.3558,234.2745,19.7646,10.0000
660.4527,233.0468,20.3568,10.0000
650.6779,234.6170,20.7203,10.0000
645.5176,233.2190,20.0825,10.0000
635.6091,233.4147,21.0492,10.0000
636.6340,223.8873,19.1410,11.6158
630.5644,232.8900,19.1274,10.5970
637.6913,234.7620,20.6120,10.0000
643.6281,234.5042,21.7879,10.0000
651.5620,233.9371,23.1046,10.0000
657.3660,233.8679,24.1665,10.0000
663.5520,235.6779,24.4512,10.0000
670.2267,235.4315,25.9798,10.0000
676.5742,236.1633,25.4197,10.0000
684.6349,237.8744,25.3839,10.0000
688.3436,236.2807,25.7742,10.0000
691.1108,236.9287,26.4604,10.0000
698.3671,238.7866,27.4784,10.0000
702.1945,238.7584,27.5407,10.0000
708.2269,240.5553,27.0747,10.0798
711.0521,240.2668,27.6583,10.0000
715.2779,240.3912,26.8691,10.0328
720.0064,241.0608,26.6265,10.0000
723.1669,241.6638,25.9807,10.0000
726.5735,243.8152,25.4848,10.1185
727.8129,243.9059,25.4638,10.0824
730.1243,244.2501,25.2500,10.0000
731.7115,244.6897,25.1449,10.0000
733.4719,244.5112,24.6743,10.0661
735.6837,244.3605,24.2991,10.0640
736.8864,244.5063,24.0796,10.0000
736.3209,244.3632,23.8593,10.0000
736.6897,244.4595,23.1963,10.0210
736.5915,244.3113,23.0523,10.0000
734.9570,244.0048,23.4478,10.0000
734.8508,244.0085,23.1979,10.0000
732.7564,243.6870,23.0927,10.0000
731.8645,243.2592,22.6375,10.0000
729.1678,243.0610,22.2636,10.0000
726.4651,241.9066,21.9821,10.0000
725.5410,242.4208,21.8397,10.0000
722.2966,242.7744,21.6545,10.0000
718.9394,243.1858,21.1456,10.0000
716.0344,241.6159,21.5109,10.0000
712.6296,242.4926,21.2066,10.0000
709.5471,243.2461,20.5915,10.0000
705.8967,241.9474,20.3902,10.0000
701.6996,242.2466,20.5160,10.0000
697.6118,242.5767,20.7241,10.0000
690.7617,242.7087,21.5692,10.0000
684.4059,243.1945,21.7045,10.0000
677.4862,243.4583,22.0101,10.0000
671.2874,243.2225,21.2000,10.1970
666.3615,243.5612,20.9614,10.0000
656.6788,244.0497,21.7803,10.0000
650.9023,240.1552,21.2461,10.0000
647.8034,242.5141,20.5798,10.0000
650.5070,243.5389,20.3398,10.0000
656.4664,243.9322,21.3050,10.0000
662.1497,244.0800,23.4440,10.0000
671.2407,245.4935,24.2251,10.0000
676.4268,245.1094,26.2660,10.0000
683.5682,246.7025,26.0809,10.0000
689.3502,246.2657,25.9072,10.0000
695.9594,246.2611,26.0661,10.0000
700.5593,246.7468,25.7372,10.0000
706.2361,248.5022,25.6135,10.0000
711.0533,248.3207,25.3620,10.0000
712.6136,246.8681,25.8973,10.0000
717.6106,247.8427,26.1023,10.0000
720.7477,247.8395,26.1761,10.0000
726.4376,249.3924,26.0576,10.0000
729.8915,249.2829,25.9225,10.0000
733.2997,249.7456,25.3877,10.0000
735.8076,250.2034,25.0936,10.1208
738.0527,250.8964,24.7217,10.2975
740.8215,251.1714,23.7033,11.1743
743.1705,251.1688,22.8614,11.8672
744.9446,251.3412,21.6613,12.8695
746.9987,250.4733,20.4404,14.0711
748.4281,250.0581,19.4966,14.7265
747.9731,251.1048,19.0269,15.0974
749.0447,250.9220,18.3234,15.5239
748.6496,251.3181,17.9684,15.1280
747.5037,250.9545,17.8048,14.4370
745.8932,252.0956,17.7165,14.1911
743.7122,253.2978,17.8740,13.8420
741.9349,252.8932,18.2858,13.1971
738.9855,253.9924,18.2479,13.0699
735.7432,253.3675,18.7520,12.4873
732.1510,252.8688,19.2157,11.7750
727.4183,251.3045,20.8559,10.3923
723.6459,251.0408,21.0741,10.0000
719.4833,250.7971,21.6150,10.0000
713.0921,250.4882,22.1465,10.0000
710.1399,246.4249,21.5283,10.1665
702.2460,246.6615,21.4119,10.0000
698.5686,246.9202,21.8495,10.0000
693.6857,244.8783,21.1364,10.1918
686.6057,244.6425,20.8323,10.0788
678.5783,244.9836,21.4081,10.0000
671.9656,241.3884,20.0492,11.2004
664.2136,243.7708,20.2360,10.6363
653.2733,245.6520,21.1301,10.0000
649.1207,239.6235,20.2020,10.5773
647.0689,242.3443,20.2540,10.1273
656.4266,243.1676,20.1628,10.0000
661.3649,243.3719,22.0038,10.0000
668.7360,243.8622,22.1186,10.0000
674.7305,244.0122,23.9231,10.0000
680.9080,245.5677,25.0949,10.0000
690.6445,247.2921,25.4851,10.0000
696.3306,248.6001,25.4967,10.0000
700.2484,248.0491,26.9151,10.0000
706.4256,248.1001,26.3854,10.0000
709.9322,248.6661,26.4143,10.0000
716.0278,250.4777,27.5963,10.0000
719.7311,250.5701,27.5377,10.0000
724.8932,250.3137,28.0330,10.0000
730.3406,252.1663,27.6837,10.1245
733.8331,254.1584,27.2192,10.4036
737.3206,255.7405,26.4531,10.9880
740.0552,253.1309,25.5504,11.9140
745.2703,252.8890,24.5379,12.8922
750.1951,253.5240,22.3388,14.7567
752.2545,254.0318,20.7362,16.4346
754.5730,253.4351,19.6699,17.2310
756.7684,253.0080,18.9063,17.8694
756.9818,253.0933,18.0192,18.6115
757.4970,253.2406,17.8164,18.7724
758.1010,253.2950,17.4848,19.0329
756.0246,253.2650,17.4895,19.1414
755.1321,253.8721,17.2543,19.1399
753.3769,253.0144,17.3245,18.5163
750.2590,254.0869,17.9058,17.3357
748.4404,253.6656,17.7678,17.2136
744.5325,253.6015,18.4401,15.9345
741.9274,254.6512,19.4998,14.3689
741.9669,250.9508,20.6138,13.5022
738.4808,247.5411,20.3187,14.0574
734.7112,246.2392,20.0693,14.7616
731.4280,244.6906,19.8815,15.6028
724.5542,246.0488,19.7930,15.9552
716.1146,246.2439,20.4687,15.2545
711.1849,245.4620,20.1001,15.4061
706.0601,245.3561,19.6951,15.8184
698.1455,245.9718,19.9878,15.1267
691.4586,247.2625,20.6230,13.9759
687.8328,240.6206,19.0253,15.5330
683.0538,241.7979,19.4272,15.1726
673.7268,240.9756,19.3820,15.5441
665.1678,238.9671,18.8305,16.1713
658.9696,236.7784,18.4936,16.7877
656.3924,243.3376,19.7873,14.7817
659.9994,242.9016,20.6283,13.7905
665.7119,244.3087,21.5760,12.5466
671.7717,245.5449,23.0995,11.1324
676.1274,246.4155,23.6562,10.3444
683.3636,247.0235,24.2743,10.0000
687.3513,247.5273,24.5162,10.0000
691.5400,249.2252,24.6000,10.0000
697.0490,249.5016,24.2468,10.0000
699.9208,249.5114,24.9003,10.0000
703.3833,251.4531,25.4058,10.0000
705.7894,251.6708,25.8110,10.0000
708.4640,251.6780,26.8564,10.0000
711.3789,252.3123,26.6753,10.0000
714.4944,252.5518,25.7746,10.1908
715.3173,252.7301,25.7463,10.0000
718.5692,252.9383,25.0264,10.1028
720.3935,252.9698,24.9939,10.0000
722.1426,252.9082,24.8598,10.0000
723.4819,253.5040,24.3515,10.0089
725.4758,253.7862,23.6248,10.0919
726.0969,254.3637,23.0409,10.0000
726.4880,254.6911,22.6208,10.0000
726.9863,254.0083,23.3469,10.0000
725.0693,253.3327,23.7078,10.0000
727.2809,253.6321,22.6680,10.0000
729.6788,251.4054,21.8883,10.0000
730.8539,248.9585,19.9474,11.5641
728.9874,247.5905,19.1964,11.7485
729.4200,244.4462,18.1994,12.7922
726.3197,242.5951,16.7376,14.0708
725.5506,241.3367,15.7013,15.2896
724.2864,241.1337,15.3003,15.9931
722.4794,239.6345,15.0347,16.6120
720.6168,239.8473,14.8442,16.9578
716.3628,239.3628,14.7269,16.9531
714.1922,239.2582,14.4921,17.0004
711.6579,238.3434,14.7480,16.7658
707.9606,237.5941,14.8959,17.0027
704.1609,237.2216,14.8363,17.1576
701.2009,234.9016,14.1052,18.5648
700.2141,228.1015,14.7744,18.2842
699.4827,223.4693,15.0637,18.5996
2
0
0
0
0
1
641.6913,234.4254,34.1286,28.8799
640.6471,236.1264,33.8546,26.9289
638.5966,236.1325,32.5208,26.0407
634.5549,234.9579,32.3841,25.4672
636.1160,228.5053,33.2742,25.2858
636.1273,224.1409,34.3433,25.8779
633.8378,223.7513,34.9850,25.8420
627.1159,217.5544,35.4150,26.2694
626.2856,210.7102,34.9538,26.7670
2
0
0
0
0
1
670.5289,235.3997,27.6032,32.5996
672.2704,235.3272,27.1798,32.5140
673.7601,235.6228,26.0407,33.7988
675.1170,236.0212,25.7138,34.3637
678.9272,236.6676,24.4462,36.4256
678.8546,235.5555,24.5318,36.5949
679.5502,237.2926,24.1948,36.8405
682.9553,234.5057,23.2970,37.5419
683.7893,236.2583,23.3067,38.2470
684.7470,236.2458,23.4961,38.2187
685.5200,236.3514,23.4258,38.4673
685.4691,235.6614,24.4110,36.1512
684.8704,236.6401,24.9204,33.3061
685.2946,234.2737,27.2860,30.4003
687.9261,230.6207,27.1219,30.8968
688.5836,231.4899,26.8898,30.9344
687.9908,232.6877,27.0578,30.0015
688.8615,232.3204,26.4412,30.2691
689.1939,231.6344,26.5150,30.0696
690.8855,229.3273,26.8076,30.3241
692.2617,229.9626,26.2394,31.0417
688.1276,232.4594,28.2486,29.2247
688.1821,234.3963,29.4283,27.3706
688.4304,237.4596,28.7326,26.6937
687.3651,236.8871,29.7927,24.8493
687.5258,238.4174,29.3813,23.5092
687.8848,237.8018,27.7279,24.2016
689.7419,236.3853,26.7648,26.4708
689.6122,236.3300,26.3723,26.4271
690.9709,234.6561,25.3326,27.5132
692.2314,234.5818,23.7070,30.0601
691.7562,236.1897,22.7993,31.2651
693.2299,235.7524,23.5901,30.6989
696.6417,230.1710,24.6972,29.2319
694.6438,232.1581,27.1383,26.0569
694.9089,234.8854,25.7757,25.9676
699.5770,229.0563,24.6774,27.0193
698.7881,232.9022,26.0300,25.0672
698.9576,232.7724,26.1340,24.0059
692.1395,233.8151,27.7782,22.1216
692.5428,234.2369,26.8674,22.5838
695.4745,235.5878,26.6220,21.9461
692.3763,236.0472,25.6372,21.3792
692.7314,235.0661,24.5276,21.2560
696.8406,238.0404,25.2286,19.9355
693.8958,239.7139,26.7643,18.2988
689.6230,240.9342,25.2807,17.7103
687.5005,238.6634,23.7846,18.2746
682.5466,235.7422,25.0122,17.6124
687.2415,239.9810,27.2760,15.6838
687.6823,236.8488,27.4092,15.9565
688.6581,236.8714,27.6009,16.0205
685.1236,239.1144,27.3943,15.8970
683.4768,238.6495,26.9658,15.8615
679.8196,239.2608,27.0704,15.4682
678.6541,239.6175,28.8720,13.8812
667.7562,235.5267,27.4623,14.1280
668.5666,230.7315,26.6423,15.4235
667.1777,224.8103,25.9679,16.9434
669.4822,216.6383,24.9463,18.2332
673.8966,210.8725,24.5001,18.8972
2
0
0
0
0
1
695.3665,225.8681,32.4279,40.5137
702.8116,203.8184,30.8581,43.0408
704.0645,205.9789,30.5081,43.9828
713.7064,206.1971,32.9579,42.7465
719.3251,197.8145,34.4711,42.4898
2
0
0
0
0
1
677.2394,234.4941,31.2881,31.1922
674.9247,237.8300,30.1381,29.7159
672.7665,238.7483,29.2384,28.4381
670.9896,239.1035,28.2636,27.1802
670.0680,238.9939,27.4152,26.2332
668.2253,238.7619,25.5902,26.7043
666.9908,239.2934,24.8409,25.6131
666.1401,239.4813,25.5827,23.6225
663.1476,240.4435,25.0091,23.6353
662.3700,241.2089,23.8233,22.7767
