1
184.3097,20.7535,49.2903,37.0432
183.4384,23.0895,49.8159,36.1187
183.3637,24.4702,50.0628,35.9373
182.9482,27.1618,50.1014,35.5322
182.9856,27.7984,50.4099,35.4087
181.1298,30.1712,50.7018,34.8041
181.3670,31.1051,51.6839,34.3257
179.0099,33.2246,52.2666,33.9056
177.8857,34.6180,53.2475,33.2469
177.5086,35.9307,53.7666,32.9509
177.9931,38.3560,54.3367,33.4652
177.2130,39.6830,54.6452,33.8423
176.5810,41.4372,54.8078,33.9229
175.5849,42.4930,54.7945,33.9778
176.7142,44.4982,54.9942,33.9501
176.4929,45.1068,55.4505,34.2350
176.0942,45.6699,55.5204,34.2457
175.6248,46.6352,55.3909,34.1172
175.9126,49.3126,55.5547,34.2155
175.6232,50.4352,56.0396,34.4592
176.2246,51.5685,56.0647,34.7385
176.4834,52.5883,55.9563,35.1066
176.4801,52.8222,55.3740,35.1728
176.5961,54.6331,54.9561,35.1917
176.1503,55.2213,54.9289,35.1205
175.5123,56.0403,54.6564,35.1716
175.9279,57.0591,54.7661,35.0770
175.9949,58.4184,55.2549,34.9122
175.3863,60.1708,55.2918,34.8289
174.9175,60.7495,55.3138,34.5053
175.2923,60.5120,55.6930,34.3839
175.2240,60.7226,56.0262,34.5896
175.3293,60.3237,56.0671,34.5670
175.2575,59.8761,55.6182,34.6839
173.6313,60.1801,55.6799,34.6376
174.4402,60.3387,55.9373,34.3903
175.6045,60.3769,56.2431,34.1444
176.2033,60.6915,56.3342,34.0766
176.1129,60.6257,55.8687,33.7975
177.8078,59.7844,55.7291,33.7514
177.8241,59.9625,55.5410,33.6147
177.1098,59.8339,54.0398,33.6697
177.9622,59.7295,53.3556,33.6732
179.1792,59.7097,52.8709,33.6872
179.6481,59.7974,52.5740,33.7951
180.6615,60.8379,52.0173,34.1764
181.2660,61.3015,51.4201,34.8283
182.6140,60.8232,50.6184,35.4158
183.6917,60.2955,50.2075,35.9228
184.9576,59.9051,50.2257,36.3926
184.7851,59.7338,49.7675,36.9002
186.2342,58.7645,49.3773,37.1558
187.9706,58.9372,48.8677,37.4510
190.2575,56.7747,48.7513,37.4313
191.4028,56.7335,47.6737,37.4114
194.0128,56.0515,46.7150,37.2472
195.2392,55.3228,45.5068,37.4868
197.7738,54.5903,45.2371,37.6057
198.0219,54.9307,44.7442,38.1952
199.9142,53.0734,44.7708,38.2522
201.4976,53.3204,44.9275,38.4630
202.1661,51.4026,43.7942,38.7320
202.3147,52.4472,42.3898,38.8674
203.3336,50.9129,40.7476,39.5044
204.7055,50.7265,39.1091,39.8406
205.4641,50.8449,37.4070,39.7743
206.6039,50.4576,36.4458,39.6598
206.4469,50.8178,35.3185,39.6512
206.8653,50.3703,34.3151,39.9434
207.7546,50.8975,33.7893,39.6100
207.3816,50.0330,33.0607,40.0353
207.8814,50.5603,31.9664,40.3210
208.5585,49.9053,31.2535,40.2709
209.4762,49.8736,30.7468,40.5751
210.3925,50.0252,30.7705,40.6283
211.2845,49.8951,31.1678,40.8400
212.7968,50.4840,31.5437,40.4474
213.3555,50.7936,31.6156,40.2523
213.9436,51.2799,31.8588,39.7098
214.8053,51.0006,31.8967,39.7063
216.6496,51.4688,31.9686,39.6302
217.5235,50.3699,32.3083,39.5439
218.8637,50.5543,32.9275,38.9944
219.2152,50.1939,33.5773,38.8774
220.9496,50.2969,34.3137,38.6045
222.0330,49.6674,34.5360,38.9146
223.7076,49.1000,34.8160,39.0284
225.2995,49.1110,35.3274,39.4728
226.7579,48.8432,35.4230,40.0957
225.4075,48.5513,35.0182,40.9060
226.1479,47.1602,34.3875,41.3982
224.9832,47.0800,33.4445,41.8627
225.7500,46.6941,32.7268,41.7715
226.3814,44.5985,32.4680,41.7143
225.0065,45.2903,32.4058,41.5303
225.3743,43.4493,32.4958,41.3302
225.2732,42.6632,33.0761,41.1648
223.8557,41.7134,33.9686,41.0707
222.5831,40.6433,34.6553,41.1134
220.7984,39.0541,35.4501,41.2813
218.0103,37.7334,36.5414,40.7105
217.3942,36.0945,37.4344,40.7749
215.6388,34.6669,37.5022,41.1367
214.0313,31.7802,37.4541,41.2948
213.0308,29.9087,37.6164,41.4782
212.1442,28.5124,38.0279,41.3858
209.1100,27.5416,38.5389,41.5028
208.3182,25.1812,39.0445,41.9966
206.7782,23.1898,39.6131,42.3850
205.9952,21.9960,39.7332,43.0915
205.4193,20.3246,39.9004,43.3339
204.2919,17.7853,40.0102,44.0173
204.6977,16.5742,40.5037,44.5430
204.8579,15.3590,40.7203,45.0970
204.3829,13.3102,41.1697,45.6804
204.6921,10.7359,41.6213,46.0474
201.4173,11.3456,42.2269,47.0284
202.2442,9.5229,41.3918,49.1064
199.6689,6.6413,41.9149,50.0231
190.4873,3.3832,43.2112,50.0586
190.8946,3.8333,44.8241,49.7066
184.7544,1.1321,48.2837,48.1143
189.3777,3.0918,49.5029,48.4152
190.8910,5.9104,49.6943,48.7096
190.2541,2.5168,50.3283,48.5106
192.2846,2.5099,50.6590,48.1108
193.8601,2.7076,50.2961,47.9421
191.4425,2.1015,51.0039,47.3171
196.3918,5.6853,49.5978,47.9164
192.9986,6.5639,49.7584,47.5112
196.9142,4.6800,48.0300,48.5854
200.2471,3.1507,46.2545,49.3460
203.7380,5.5988,44.1880,50.4510
215.2543,2.9238,42.6472,50.7471
224.0419,2.2103,41.5956,50.4503
224.0773,2.7830,40.4798,50.4718
221.2550,2.7779,39.8251,50.8818
228.1553,8.4244,40.0562,49.7207
230.3431,8.5888,38.7109,50.1381
232.4830,7.5611,38.5269,49.4327
232.7838,-0.4291,41.8990,47.1154
236.7991,3.2402,43.5992,45.6493
239.5002,1.3169,45.3334,43.6157
240.4190,3.9173,47.0450,41.7298
241.0558,4.1231,47.9085,41.1927
239.4694,1.0390,49.8436,40.3930
240.8517,1.4873,50.8521,40.0632
2
0
0
0
0
1
244.7141,71.6261,14.8535,56.5749
242.4377,71.9842,14.3095,59.0608
243.9908,71.9256,13.5851,61.1546
245.3356,78.0026,13.8281,61.8823
249.3571,84.0890,14.3333,62.5133
248.7394,89.2478,14.7583,63.9460
248.2489,94.4223,15.2586,64.3691
248.1309,96.5814,15.7147,64.2074
247.8036,101.0671,15.8732,64.1608
247.1566,104.4795,16.3443,64.1966
246.3712,109.1260,16.6816,65.5687
245.5776,111.4969,16.8353,66.8038
244.6603,115.1513,17.1050,67.4567
243.2930,119.2393,17.1930,66.7939
240.0798,122.9365,17.2687,65.1548
239.9609,127.6176,17.6856,64.4524
238.2621,129.3556,17.9934,65.5282
235.3483,130.1956,18.3274,65.8399
232.4541,130.6147,18.5847,66.1417
232.0580,130.7764,19.1410,66.6878
230.7026,133.7180,19.8165,66.8190
228.0969,135.9521,21.0014,65.7004
226.2676,138.0407,22.1891,64.6618
225.1195,139.1040,23.2986,65.0456
222.7314,140.1248,24.7955,64.3145
220.7213,139.9142,25.3874,65.1285
217.9552,143.4648,25.9478,65.6601
218.2036,144.3209,26.7036,65.9549
216.4393,145.1995,27.2191,66.0037
215.6766,149.3145,28.2109,65.7195
212.8925,152.5030,28.8724,64.1927
212.8622,156.6112,30.3057,62.8867
209.9948,161.1946,31.8471,61.4575
208.8385,165.1969,33.3981,60.9430
206.8589,167.0699,35.0147,60.1822
205.7904,171.1710,37.5090,57.8532
203.3995,173.3606,39.9259,56.0353
202.6832,176.0273,42.3342,54.0376
201.3416,177.6422,44.6603,52.5777
200.1790,178.9208,46.5847,51.9168
199.1852,180.0425,47.4351,51.6330
198.5795,179.2813,48.0213,51.6213
197.2197,178.6771,48.4091,51.7194
194.5246,178.7704,48.8259,51.9063
192.5971,179.8190,49.5748,52.1357
189.1050,180.7199,50.6856,52.2383
188.4447,180.7289,51.5532,52.4802
185.0993,182.1745,53.2655,51.9140
179.8449,183.5292,55.3732,50.7887
151.5076,177.7963,50.2090,54.3383
144.4238,176.7687,45.0714,56.9067
144.3738,178.4681,41.0453,58.8077
142.9893,181.6887,38.0492,60.0294
139.9951,183.2354,36.1339,60.4635
137.0666,184.9626,34.8050,61.1808
135.4233,187.2871,33.9576,60.6759
132.1539,190.4680,33.6920,60.6607
128.3756,193.3789,34.5741,59.4001
125.2230,194.8527,35.5635,58.0171
122.2585,196.4356,36.4370,56.9890
119.2728,198.2259,37.3624,56.4255
116.4722,197.0509,37.9830,56.8736
114.1093,199.4184,38.9729,56.6038
111.0082,201.4127,40.0359,56.3044
108.3670,201.9327,40.8199,56.0485
105.1741,203.7592,41.5293,55.7639
102.6106,204.2306,41.7552,55.8524
100.2451,204.1817,41.4333,56.2340
103.2339,203.1439,40.8153,57.1302
102.8658,203.5474,39.8066,58.2256
101.3299,206.6049,39.3383,58.6649
97.1556,208.5948,37.9462,59.2996
93.8306,210.7783,36.3814,59.7976
89.7179,212.5267,34.9023,60.8596
90.5896,215.9269,34.0872,60.6981
2
0
0
0
0
1
107.5307,224.8358,71.2448,56.8970
102.1448,225.1223,74.1663,56.2624
101.4976,224.1526,74.9618,56.5462
100.4930,223.1100,75.1470,57.2360
99.6150,221.2930,75.4408,57.5090
95.7308,221.3983,75.9660,58.4859
91.9132,222.9848,77.5175,59.0770
93.5193,222.9341,77.9804,59.7753
91.5483,222.9634,77.9095,59.5993
89.3269,221.0087,77.7200,59.5863
90.6152,220.4020,77.3105,59.3773
88.3987,218.6858,76.8565,58.9097
89.5334,216.8927,75.3606,59.5320
88.5565,216.3245,74.3269,59.0372
88.4131,215.1550,72.9534,59.7073
86.6257,218.6423,71.9198,59.2202
83.8413,214.0291,71.8349,58.8012
81.3503,212.4963,71.7609,58.5658
77.0632,214.5238,71.7746,58.3264
75.1621,214.5109,70.8466,58.4839
73.3013,217.1600,69.9907,58.3946
72.4665,217.3069,68.7850,58.5843
71.2662,218.2074,68.5248,58.4557
67.5935,220.6567,67.6249,57.4597
65.4716,219.2098,67.4121,56.3046
67.0896,223.0718,66.2476,55.5234
66.8701,223.3149,65.2976,54.6855
65.7942,224.7214,64.0464,54.1967
63.5751,222.0067,62.6609,54.9868
68.3634,221.7698,60.6276,56.0166
69.8232,223.1377,59.8123,56.4336
70.7559,220.5378,60.9012,56.6460
73.5465,222.5176,62.1697,56.4996
78.0120,220.7895,62.3707,57.4512
82.0678,219.3698,62.0456,58.1679
84.1785,218.2593,62.0886,58.6033
87.4897,216.0306,63.0595,58.5653
88.9496,211.1428,63.3508,58.1791
94.0274,212.6015,62.8810,58.2764
93.7511,209.8299,62.5512,57.5562
97.3980,214.3712,60.4350,58.5400
98.7366,217.7870,58.4183,60.1200
101.5791,218.2495,56.7139,60.9535
103.6944,219.4183,55.7300,62.0157
126.9313,221.1118,61.1608,57.7997
135.0081,215.2841,66.3401,55.9569
145.8578,216.4067,69.3132,54.0495
145.5216,214.9803,71.0996,52.7210
144.5315,212.3931,72.0432,52.0323
146.1482,211.0797,72.8025,51.6755
144.5491,209.7511,73.5138,51.2607
145.1060,208.0334,73.6291,51.2233
144.9472,209.7134,74.4157,50.1167
143.7109,208.8716,75.0950,50.2405
143.2918,206.8673,75.3804,50.3533
145.7686,209.0286,75.0259,50.0255
149.8607,207.5630,74.3272,50.0033
151.4274,204.7934,73.1713,50.9321
150.7613,203.4035,72.1896,51.2142
152.5262,204.5334,71.6512,51.7863
155.2605,204.8094,70.8628,52.1959
160.0418,204.5085,68.8384,53.8718
164.7504,201.8284,66.2855,55.3856
169.6390,200.2089,64.0512,57.0689
173.7377,199.7412,62.6306,57.8743
176.8078,198.8677,61.5621,58.4513
179.1183,198.3535,61.1024,58.3817
180.9585,198.0543,60.8921,58.2764
182.1566,199.0968,61.1326,58.3635
182.8466,198.9394,61.2710,58.3394
183.4049,199.9784,62.2234,58.8005
185.0036,203.3297,63.1842,58.3094
188.1645,202.1316,64.7338,57.9092
190.8009,201.3362,66.4624,56.1832
192.8664,201.4869,66.3183,55.5674
194.9481,199.7472,65.8809,55.2100
197.9995,197.3608,65.9236,54.9497
199.9258,196.1064,66.1304,54.1550
203.8436,192.6789,65.3129,53.5030
208.5196,191.7035,64.2896,53.1243
209.6507,189.5319,63.1444,53.8395
214.2582,187.2979,62.5160,53.4067
214.8306,186.1980,61.9134,53.1820
220.0058,185.8411,61.1575,53.0494
224.1943,187.2860,60.5952,52.7693
229.9521,185.5644,59.6266,52.5246
232.8022,185.4332,60.1860,51.8427
235.1029,186.6611,60.7360,51.6966
240.9507,184.6982,62.6329,50.4665
243.4124,184.4883,64.6644,49.0094
243.7512,184.0365,65.5456,47.9611
245.9479,183.0413,65.9304,47.7817
247.9595,182.4539,67.0678,47.4356
251.4183,182.6370,69.0915,46.7341
253.3588,181.4608,71.6427,45.9885
256.3444,180.0573,73.0448,45.4071
259.2669,177.6454,73.4865,45.4904
263.1240,174.6022,74.1339,46.1034
266.8432,172.8624,75.9157,46.1068
271.1927,171.0528,78.3596,45.8733
278.9857,163.7365,83.0289,46.0979
281.1912,159.3164,85.4809,46.7375
286.1515,156.6216,86.9491,47.9686
291.8673,153.0572,87.8814,49.9046
296.7988,147.7612,87.9849,51.2421
301.4973,144.3283,88.2423,52.2151
307.1393,141.3463,88.5258,52.9749
313.8083,137.9637,88.4005,54.3585
319.7069,135.2285,88.7503,55.3993
324.9149,132.5305,89.0793,56.3607
329.3470,130.5153,89.7179,57.2127
335.7752,127.5489,88.9214,58.0734
340.8265,125.8337,87.4611,59.5931
345.7540,125.3513,86.6154,59.9012
348.5387,125.9653,86.0836,60.0338
352.2056,125.6445,85.5658,60.4485
354.1137,125.1151,85.6957,60.4944
356.5506,124.4395,85.9830,60.4433
356.5315,125.2300,85.8676,60.3630
356.4161,125.7693,87.2598,60.4367
355.9718,125.6216,87.8443,60.5491
357.1285,125.3085,87.8844,60.6001
356.7234,123.5434,87.9916,60.4270
356.5880,122.2899,87.8799,60.3651
358.2972,119.8814,86.6429,61.1635
359.1504,118.7679,85.3506,62.0825
359.5662,121.2832,84.2746,62.3239
359.8142,119.2025,83.8182,62.5507
358.0315,118.0504,83.3815,63.2272
358.9294,117.3529,83.3832,63.2618
359.3896,115.1210,82.6116,62.4340
