1
241.9425,165.9158,119.2650,110.5284
228.5744,182.4728,120.6742,106.3594
214.8808,200.6186,123.0464,102.2299
208.0207,213.2275,122.5913,101.8191
211.6347,209.6252,122.4237,101.9633
211.0467,196.9316,123.5998,102.6407
211.5732,199.4122,122.5467,101.2385
175.7016,219.1981,127.4064,96.8686
139.6107,250.7383,125.5906,97.2146
212.8397,255.0199,126.2007,95.6547
240.1591,234.5860,127.3299,91.2110
221.0094,220.6713,124.4715,91.6018
213.1336,210.9482,123.2588,94.0836
201.6756,210.5584,122.2698,94.8633
187.9595,218.6062,122.4012,95.8307
189.6142,219.9573,122.5223,96.5589
201.5860,220.6593,122.6868,95.1549
212.8607,196.4399,124.1035,92.2379
212.1364,167.7708,125.5519,88.4175
194.5578,157.5333,123.7835,88.7511
197.2615,173.7736,125.0474,86.2910
224.1943,202.8780,127.5221,84.4226
250.9879,241.1449,127.0616,84.2584
265.2482,250.7045,125.0272,88.3146
253.1562,255.9083,122.4332,91.2959
237.9733,258.4616,122.5869,92.9031
234.4200,259.9155,122.9227,93.3809
224.5206,249.9321,122.3311,92.9572
221.2337,238.3235,122.1399,92.4971
221.3815,223.5010,121.8442,95.1658
228.6426,221.7413,120.9662,95.2741
238.8190,207.0026,121.0093,94.1575
238.3854,186.6673,121.8767,90.8640
222.1918,167.1823,120.8505,89.7381
213.8925,145.8521,120.9126,86.0963
225.5536,135.4666,120.3295,87.3767
239.3471,143.0732,118.8278,88.4667
250.2936,144.0458,119.7248,89.7773
250.4272,156.2644,119.4575,88.3757
255.9190,187.2840,121.5291,85.0850
261.1994,226.9916,120.6915,83.4557
266.0880,247.7739,120.5190,86.7125
273.9492,247.5630,121.0597,90.3868
268.8679,245.1479,121.2590,91.8959
260.5120,231.9039,121.2267,91.5936
258.7321,218.6015,121.4430,94.7948
268.3994,206.8136,122.5017,91.1798
264.6494,179.6933,123.2897,88.3682
264.9515,174.2760,122.6854,89.2373
267.2296,186.6127,121.4562,91.1796
265.6915,194.3393,121.1922,92.4269
263.8504,191.8947,121.5181,93.9597
265.3650,187.9544,121.8752,95.0674
273.8960,200.5543,121.8627,93.7369
278.8732,202.1064,122.0725,94.0207
272.6355,215.2352,120.9644,94.9300
249.8333,219.5148,119.0566,96.5520
221.1882,219.4823,118.7035,96.6171
197.1122,219.5062,119.4458,96.5692
205.9506,217.5659,118.7541,97.0527
223.2497,217.4372,118.0983,97.3102
262.8842,216.8865,116.7603,98.4117
300.5844,216.3113,115.8399,99.5619
327.2920,223.4865,116.6605,98.7705
326.8337,231.1173,117.5771,97.0676
314.8460,220.4107,117.9178,94.8463
291.6338,198.4924,120.8483,91.8431
258.6404,176.6552,120.0015,92.0759
235.2555,167.2883,120.1156,94.1468
237.0806,179.5151,119.8335,93.2694
245.4757,195.3611,119.7904,91.7223
250.8750,208.6781,118.9624,91.6767
266.2758,222.8562,117.9525,89.8019
291.2200,236.8269,117.0272,87.9743
307.2400,247.4638,117.1897,89.2422
303.6043,256.4869,117.9742,90.6567
296.9933,264.1773,118.0824,91.6681
284.4021,260.9321,116.8920,91.5654
259.6373,250.7802,117.2706,88.9322
232.7400,240.3232,115.9917,90.4085
211.1313,239.7455,117.0353,91.5638
210.9382,241.7648,117.4213,94.0830
218.7530,242.2625,118.4204,93.0875
234.2146,229.2915,120.7456,89.1059
246.9688,199.4000,121.6000,86.2774
260.9174,176.3993,123.0592,83.3514
292.7690,156.8949,120.8304,86.7698
317.5436,158.1564,120.1553,87.5051
322.7688,171.7539,119.4853,86.3911
324.3400,184.3162,119.5745,87.1198
311.2850,195.3303,119.7246,87.8064
292.8071,209.1318,120.8367,86.2716
268.1626,227.8271,121.3731,84.6330
247.4144,238.3849,120.8631,86.1362
234.9389,243.0365,119.8273,86.5781
218.9727,232.1629,119.3605,85.6457
211.1316,223.0340,118.9552,84.5986
201.7696,216.1623,118.5143,88.7594
212.5905,213.2634,119.6627,88.0460
226.4650,198.1368,121.2673,85.6839
241.3528,184.4581,120.7149,87.0651
256.6625,189.9951,119.4478,85.7754
277.2574,205.6446,120.1306,83.4652
293.7658,231.6525,119.0459,82.5406
303.2474,236.1164,119.0520,86.2590
293.0349,225.7408,120.1395,84.4497
255.3358,206.8273,118.5073,86.9712
210.1207,217.3586,118.6000,85.2666
178.8991,231.1561,120.2480,83.2696
159.5432,247.5506,120.6588,82.3980
161.1331,257.9588,120.6624,83.8664
173.2271,243.3830,122.1373,80.9393
197.6590,219.7132,124.1786,77.3740
220.3412,195.0663,122.9504,79.3790
228.8451,194.2956,121.7815,80.9203
222.7857,209.2399,121.1966,79.6147
222.3649,228.7298,122.0381,81.5251
219.1439,226.3695,122.1006,83.0558
223.4901,215.7431,123.0567,81.7956
236.5066,215.3251,122.7007,82.6317
233.0655,228.6047,123.1465,81.8177
220.4232,239.2657,122.7404,82.9749
207.4691,239.4706,122.8532,82.5652
194.6837,229.0261,122.6692,80.9188
195.0017,216.2518,122.0332,80.9536
191.4731,212.1857,122.7299,82.7253
193.1769,224.0315,122.5424,81.5748
202.4063,249.4917,123.2728,78.6277
201.3298,270.1647,122.2659,81.5222
195.7069,266.7004,120.7390,82.0644
195.4220,244.6895,121.3087,78.3983
196.0714,223.7145,120.0099,76.5732
192.2110,205.2316,118.5002,76.6169
171.9205,202.1010,119.3668,76.7681
158.4362,208.4843,118.7010,76.2834
163.5300,218.7901,117.6707,77.0386
183.2811,226.6607,117.8125,79.5947
198.8282,223.8152,117.6602,82.1916
221.1510,233.6023,116.9027,81.4266
246.2865,246.2827,116.4041,80.9519
273.3782,256.8114,114.8425,81.5623
295.6320,260.9181,116.5630,82.5945
283.3397,259.7741,116.1482,81.7576
247.0843,245.0072,114.1430,83.3479
204.1669,235.6846,113.1602,83.3893
169.7308,235.4520,114.1321,83.8545
139.7963,245.0398,114.9345,83.3315
111.3391,244.8237,115.8262,83.7637
120.3984,232.9196,116.5057,82.5080
169.2236,220.4244,115.6563,82.5175
214.0387,211.7296,116.2138,81.2476
224.5121,207.7016,116.9491,83.1088
225.5534,204.8457,118.0055,85.6814
233.7284,216.9487,117.6434,83.8580
241.7672,227.9727,117.3762,83.9448
233.3500,232.6226,115.2538,84.1233
197.9235,232.7365,114.1120,83.8956
175.3808,243.3016,115.6693,84.5292
175.6010,239.2128,115.2290,86.4205
211.6474,237.5247,115.9879,86.6291
259.8346,225.3207,115.0866,88.7602
274.5570,224.9736,117.6767,89.4543
271.3501,225.6060,117.5818,88.1895
256.8840,224.5327,117.4240,87.1040
251.5761,211.8477,118.4036,86.7775
244.0240,205.9095,117.3999,88.9891
251.9786,202.3068,117.7032,89.7096
265.1412,206.1997,117.4492,88.4416
269.6246,209.6907,118.1854,91.1625
266.6781,211.4915,117.4985,94.1407
241.6801,223.7724,117.5771,92.8738
209.8643,237.7134,118.3478,91.4595
184.7662,255.7092,119.0850,91.7377
174.3339,257.5058,120.0714,91.4577
180.8399,257.7888,120.3535,90.8916
201.0996,250.9998,119.6572,91.1953
211.0304,249.5257,119.6733,90.8305
197.0435,246.2478,117.8820,90.7719
179.0676,243.0279,117.7655,90.6538
173.5534,240.2919,118.9680,89.5753
190.3724,228.1697,118.0899,90.8878
240.6453,221.1656,116.0643,91.7600
277.6136,213.3261,117.2738,91.1029
279.6836,204.6713,116.4089,92.0373
245.2527,203.2534,116.4538,91.5961
212.5946,198.8341,116.3595,90.6232
199.5476,195.1425,116.4273,91.4997
181.0016,195.6353,117.5653,90.5141
168.6788,198.7912,119.3214,90.7422
170.2630,198.1715,119.4535,91.9816
209.1682,197.9457,118.0641,92.4331
262.4482,203.7120,117.3846,94.1356
290.2983,204.0358,118.2264,93.4880
290.2514,204.2967,118.3201,92.9661
274.9278,204.9379,119.0753,91.6838
254.8980,210.3507,119.3906,90.7944
230.2633,221.7960,119.1250,91.0200
208.0597,221.5593,117.3047,91.4934
175.5519,213.8000,116.6828,90.6026
144.5474,201.2342,116.7922,89.6713
140.6990,198.8196,118.0004,91.2561
155.7755,196.5591,117.4452,92.4886
185.8856,201.9323,116.6285,91.6426
193.2392,205.5007,118.2910,91.0538
186.5849,200.1121,118.4405,91.9617
191.2919,190.7424,118.9470,90.8599
203.7129,183.0843,120.4781,89.6930
211.7333,183.1937,120.9419,89.4741
211.8665,194.1987,120.6754,90.5947
203.7608,207.9618,120.2935,89.6177
193.8997,220.5466,120.2347,87.5259
210.3664,246.1162,119.9179,85.3117
218.4003,258.1879,119.9525,86.9321
209.2325,260.8529,118.8022,88.0974
188.8344,253.3402,117.3579,86.8764
178.3549,231.3322,119.0728,82.7825
176.9744,196.5768,118.6680,79.4763
187.4683,180.3538,119.4158,80.8715
200.6937,179.7398,118.0808,82.0995
215.3253,192.1914,117.0750,82.3138
232.9716,202.6427,116.1906,83.3073
241.9002,199.1702,117.1195,87.1214
232.3887,199.1010,116.8961,87.2598
213.5921,208.4971,116.0106,87.7071
189.3923,219.5505,116.4042,88.0031
177.5434,223.9113,117.6232,88.9152
186.5197,223.9312,119.1389,92.1201
183.2512,217.9764,119.0356,90.7492
181.4700,196.8307,119.3019,86.8941
198.0800,181.7789,118.4534,87.8634
226.7072,170.5006,116.2814,90.9791
266.2396,182.1303,115.4051,90.5248
293.2813,199.9376,116.3518,87.2810
293.9324,221.6435,115.0496,85.4513
292.3204,229.7431,115.1248,88.1454
294.0328,237.8404,114.8942,87.9212
295.6005,226.5007,114.9456,91.4792
286.4113,234.9853,113.8507,90.7377
267.0995,234.8648,113.8738,90.9786
242.4083,238.7574,114.9415,89.6354
229.0298,246.2714,115.9744,90.6851
218.1599,249.1475,114.9754,91.4296
206.1680,240.3243,116.2430,89.6050
205.8198,227.5627,116.9393,89.2488
208.5518,217.2520,117.9547,90.4319
220.4631,213.2663,117.0538,91.8542
232.5048,211.3301,115.9578,92.4428
245.1793,208.8813,116.8222,90.7870
253.3604,188.4996,116.7749,89.1313
256.4496,176.6174,117.0672,90.2486
269.0099,192.9093,118.0104,86.9867
276.5026,231.7835,119.1202,83.2763
275.2673,267.0736,118.4159,82.5422
261.7159,272.8986,117.1502,83.5005
250.0931,252.5476,118.3546,80.1203
242.6220,216.5773,117.7416,77.3956
233.7566,190.2071,117.1330,78.1744
232.6921,174.7472,116.2016,81.5508
220.6492,181.6802,115.4696,83.1961
205.9577,190.8329,116.7882,83.6002
217.9309,185.9340,114.8560,83.9634
241.4650,175.4858,114.6112,83.0090
264.6633,164.5205,114.7470,83.2243
277.0787,157.8020,114.7783,84.2304
276.4466,173.0199,116.0425,81.9174
260.9352,194.8904,116.0066,81.6585
240.9878,203.6813,115.5875,82.6831
233.1465,200.7530,115.7121,85.4281
237.5381,198.4668,116.4046,86.8419
244.0359,197.6929,116.1780,88.3897
234.4503,211.3577,116.0646,86.7730
210.7975,222.4849,115.5808,86.8202
199.4264,222.2856,116.0675,87.2188
210.2557,218.5573,116.7620,85.0955
223.1825,204.2015,116.2608,85.2856
237.5907,193.9815,115.9257,86.7381
238.9615,203.2210,116.3674,87.3588
237.1737,206.8413,116.7428,89.7186
236.9579,209.1042,117.1744,91.6816
227.3504,219.4481,116.6917,90.6914
212.6609,231.9500,116.7357,88.5039
204.9024,242.6979,116.1304,89.5792
217.5862,246.1670,116.6249,89.1065
222.4646,235.6735,116.5660,90.6980
214.4604,233.8848,116.2862,91.0178
212.5752,228.4961,116.7980,92.0194
224.0332,226.0193,116.8606,90.4075
246.8250,203.8071,120.1383,85.9708
271.7601,179.5476,118.7877,85.9703
274.2235,166.8625,117.0751,88.8412
278.6941,180.2032,117.8393,84.8059
270.4228,207.5029,118.4787,81.0968
261.7937,231.4346,116.9622,80.1700
255.8507,241.0548,113.3938,82.5659
237.8490,239.8253,112.4803,81.9485
215.0858,241.6012,112.2204,81.4491
213.6404,252.6322,112.0709,80.6690
226.3947,260.4780,110.7637,83.1284
236.8948,257.1578,111.0832,83.6777
236.3505,245.8468,112.1718,78.7641
239.4876,232.4445,111.8882,78.6106
261.6950,226.5471,109.3125,78.4514
288.1214,227.5386,109.5043,79.4154
299.7921,223.1578,109.8882,82.2455
295.2397,221.7597,109.9392,82.0239
283.4337,217.1429,109.4310,82.2125
268.0133,228.5669,110.1679,80.4371
260.1228,244.4268,110.9863,78.6423
257.0072,254.5168,111.2667,79.2903
251.9260,257.6581,112.4582,78.9882
261.3145,253.5202,111.7014,81.2574
264.8601,241.2400,110.6686,81.5837
258.5237,232.1065,111.2658,81.7371
255.3486,219.7844,111.5550,85.1678
254.0588,210.4984,111.0434,88.2848
258.9462,215.5303,110.6704,87.6227
265.2019,206.9366,110.6289,86.1055
268.4265,196.8328,110.3640,87.7600
268.4673,208.9411,110.2823,85.3483
279.1578,225.6943,110.4231,82.5873
287.1167,236.4684,109.6634,82.2605
290.3600,238.7656,109.2061,83.6954
278.0607,240.8726,109.5554,82.5126
249.5236,251.3854,109.3031,82.6074
224.0708,249.7298,108.9554,82.9036
214.6584,239.2463,109.6938,79.7552
200.4021,217.3447,111.4393,75.9724
200.4646,194.1827,111.3143,75.2865
211.2454,179.8115,110.2267,77.7052
222.0260,190.0934,109.3048,77.7806
240.1392,198.0262,108.3073,79.5293
248.8382,197.8582,108.6056,79.8655
254.7263,205.2847,108.6669,79.8095
266.0693,222.9797,109.6563,76.9730
282.9527,248.9103,111.0226,74.8838
290.8963,260.4166,109.7044,78.0953
288.5491,260.3352,108.5049,78.2582
274.4783,238.3912,110.2629,75.2423
265.0850,218.1923,108.6915,74.9238
247.1285,212.5411,107.1731,74.7089
225.3425,221.4287,107.9524,74.0508
218.8047,233.5870,106.7593,72.5642
229.3010,243.7451,105.4445,74.7368
242.4489,243.2437,104.5933,75.7398
265.1541,242.9197,104.4756,76.3877
274.0056,250.2469,106.6502,75.9317
275.2747,260.5966,106.9770,75.2879
269.4597,269.7462,107.1692,77.0048
270.9045,270.8072,107.1703,80.6642
270.4004,265.9690,108.1784,84.4393
270.2602,255.9834,108.4589,86.2448
271.7409,248.2570,108.5587,86.3917
276.3339,236.5590,108.5680,88.3319
273.8170,239.5224,107.4084,88.5984
261.7083,250.7248,106.9605,87.7757
253.5674,249.6105,107.9273,86.9415
247.3438,243.7457,108.1171,83.3492
250.6792,232.4950,107.4641,81.7795
249.5310,230.9185,106.7872,81.9591
240.6104,231.2574,106.8328,81.2812
248.2811,239.9905,106.2693,81.5485
260.7005,239.7833,105.0413,81.9629
277.1872,236.3328,104.4007,80.0461
289.5607,226.0633,105.7387,77.3983
292.3901,212.2755,105.8307,76.2199
287.8391,208.8869,106.3604,77.2822
279.0369,209.9451,106.6671,78.0489
277.8221,219.7594,106.1965,78.7214
264.2575,222.3117,104.2853,79.4248
239.9361,219.9805,103.8585,78.3143
221.9952,207.8755,102.5369,79.6300
221.4793,212.0340,103.5686,77.0391
229.0020,234.4750,105.5424,74.7051
249.0079,276.9775,107.9528,74.5443
271.5116,294.1435,105.8740,77.4171
294.8343,282.4766,108.1506,74.8511
310.8170,259.9525,107.7548,73.9798
311.4164,248.5793,106.5559,73.9296
296.9089,236.8373,104.4338,74.7683
275.7629,248.1110,104.5399,74.7201
248.4827,252.3411,102.8360,77.5127
225.2015,248.6639,104.0684,79.2008
242.4050,248.3078,104.2152,79.9131
283.7029,248.5442,102.6327,79.4404
312.6465,248.5341,101.9750,79.4604
329.5904,246.3731,102.3082,78.0789
337.5929,245.1739,103.3090,77.6430
345.6827,250.2333,104.1842,78.8941
347.1481,243.3285,104.1296,81.1987
350.0123,238.0766,104.2273,82.9636
339.8336,245.1797,103.9827,80.5300
317.7198,263.7560,104.7128,78.1755
297.9110,273.1003,104.1147,79.5947
293.2574,270.6398,104.7623,78.7424
303.4084,257.1742,104.6381,79.7304
315.0567,251.5348,104.5160,79.4221
325.2611,262.3267,104.3367,78.0677
344.3868,270.4205,103.3310,79.0703
353.7884,260.5071,104.5904,75.9683
340.8895,241.3022,107.7123,74.6951
306.4310,200.6988,110.8315,72.9397
284.6903,178.5727,108.2551,74.0127
279.7070,188.2525,106.7911,71.7991
277.9071,206.5148,107.5918,68.8614
269.7431,228.6450,107.3479,68.7931
248.3471,248.5344,106.0246,70.3725
228.5930,256.7983,104.0774,73.1904
220.6089,255.5155,103.3596,75.7560
220.4851,258.3441,103.6071,75.7234
232.5821,257.7286,101.9377,76.9545
244.6706,249.5336,103.0536,76.4826
248.5412,223.1271,103.7711,72.9039
238.6428,199.0111,104.1665,71.2462
229.3132,187.2101,103.5741,72.8466
226.6114,196.9223,103.4422,72.7961
210.0069,207.9835,103.4724,72.7930
193.6200,218.1452,103.0626,74.5920
185.1588,225.5606,103.2528,73.7048
183.7649,226.9459,103.2635,73.7111
176.8483,238.9272,103.2104,74.7440
184.4337,245.1037,102.0070,76.3582
205.7014,246.7666,101.4960,75.8339
236.7462,243.1530,100.6825,77.4908
267.5831,236.4708,100.6072,76.8554
296.0578,226.5614,99.4261,77.1552
312.0251,238.6746,100.7948,75.1310
310.0449,251.4049,101.9921,74.5384
281.6379,260.2534,100.6026,73.4709
241.9023,251.4856,103.5506,71.8757
210.6187,239.4767,102.8370,71.1314
189.2727,230.5679,101.8768,72.5795
175.8353,239.5473,101.3753,73.7842
207.2099,241.7594,99.1226,74.8597
229.5712,232.8814,100.8645,73.4832
243.0676,219.5074,101.2435,72.8596
263.8756,205.1018,100.6171,74.3443
286.5328,206.0923,99.2631,75.1109
319.5836,214.9357,98.9085,73.8607
333.0816,214.5220,99.0486,77.4017
329.2929,215.3194,98.3055,75.8070
301.8298,210.3809,98.5076,74.7392
263.7911,195.8715,101.0945,73.8174
234.1534,175.2814,102.7013,71.0595
245.5657,162.1578,101.6768,72.7814
276.0686,152.9044,100.9056,74.8607
292.2393,143.3236,101.6885,74.6997
297.3662,129.4817,102.5133,77.4568
298.5681,139.8944,102.9368,73.5953
299.6980,168.9269,103.4475,70.9386
293.7437,209.9420,104.4188,68.2025
302.8258,238.9444,102.4753,69.6736
301.9167,238.3876,101.5950,73.4859
300.2368,227.9082,102.2063,72.4585
292.0959,216.8144,102.0445,72.7210
285.4198,205.8004,101.6841,72.8089
286.5864,188.0496,102.0894,69.9715
279.8816,159.4932,102.0099,67.7328
280.3615,116.2589,101.0501,66.4394
301.7948,94.2876,100.1598,68.4059
323.3844,116.2771,101.9078,66.7113
325.3864,155.0476,103.1855,65.7569
317.4660,183.2209,103.1616,67.5813
299.9283,201.4494,103.4720,68.5635
289.1770,219.9360,103.4127,69.3236
278.2528,231.7686,103.6052,70.0214
269.3682,239.4910,102.3242,73.6266
261.1023,238.8492,102.2861,77.6719
268.3663,245.0250,101.8948,79.4570
278.4499,241.7205,101.6809,80.3652
281.3886,231.9642,101.5273,79.8440
289.6933,222.6980,102.0249,78.4185
302.0953,210.4324,102.7406,77.4299
311.5823,198.5543,103.5790,78.5435
313.5752,198.2470,102.4545,79.1582
329.4933,210.6896,102.0140,77.1061
327.6786,228.3916,102.8294,75.4697
317.7287,248.6666,103.1321,74.1140
296.8623,268.0605,103.1363,74.2728
273.5333,275.7529,102.4563,75.5956
261.7948,269.9970,103.5656,78.7193
256.5035,265.4770,102.6923,79.1676
242.8592,246.8312,104.2593,76.4480
234.3477,212.9361,104.2584,73.3046
255.8993,193.4886,102.9395,73.2007
276.8530,184.1865,102.4915,75.2213
287.8830,194.2487,102.7545,74.6294
304.7415,208.4627,102.4535,74.0480
321.2629,228.1593,102.6571,73.4425
339.0463,249.6089,103.0180,71.9980
341.5564,268.9081,100.7430,71.8341
341.7557,276.0278,100.3445,73.8439
325.0353,276.5443,100.9630,72.8109
293.6216,278.9471,101.0556,73.4605
252.1017,280.0378,99.1654,74.0188
214.2912,280.2379,98.6232,73.6187
207.2947,268.9166,99.0896,71.9133
217.5944,242.0105,99.9657,69.3522
217.7894,219.2121,99.5758,67.1500
232.5497,207.2329,98.7999,67.5899
266.2198,198.8334,96.6788,68.7362
292.9476,197.5711,95.1363,71.2610
312.1919,197.7762,95.8528,73.4645
314.0089,204.2193,97.5401,73.8811
320.0276,214.6133,98.9681,71.9450
322.1846,230.3943,100.0203,69.8972
311.7005,244.1811,99.6659,71.6423
278.9865,249.6223,97.8756,71.5149
237.2572,242.8015,96.2310,71.8590
200.5354,249.0780,95.7512,72.5066
180.6465,246.2842,98.5214,75.4509
190.9121,244.1410,97.1260,77.0035
227.5516,246.2611,97.7626,75.5009
249.9344,241.6559,99.2868,79.2656
253.9409,236.2162,99.6960,81.7225
277.6687,237.7345,100.7496,78.6861
339.0069,229.8808,99.3509,77.4708
369.2182,220.7777,100.0720,79.0016
342.8971,212.5618,99.2258,78.5423
274.2341,220.9875,99.6087,78.4594
207.8777,228.8163,100.7557,76.7983
164.1179,228.1620,99.0032,78.1069
163.5170,225.5629,100.2049,77.7364
187.5889,205.5802,102.4006,75.7523
214.8677,177.7663,103.7970,75.4261
214.9446,167.9517,103.6432,78.1740
217.2972,179.1593,104.6505,75.7524
234.1475,213.1965,107.7642,72.8109
231.4696,237.9524,107.4593,71.4151
229.2563,259.0368,106.2805,71.2850
238.5506,272.2887,104.3882,72.6083
248.6525,273.2306,103.6170,76.2766
237.4879,268.2493,103.3480,74.9402
216.4201,268.2332,103.5021,74.9722
223.2500,279.1985,106.6520,72.6532
248.0850,295.6151,104.7688,73.5518
269.3280,295.5809,104.2441,76.4175
270.2422,283.7485,105.2523,74.5528
267.9648,265.8236,106.9859,70.9052
269.0635,229.6724,107.5756,67.9588
269.6736,178.6624,109.1021,65.6057
250.3425,169.8078,106.8156,66.9354
231.0514,180.8789,107.3437,66.5385
223.3915,202.4098,106.3472,64.2674
215.2927,242.3649,106.5467,61.6811
217.4121,262.2161,104.9335,63.9882
233.0064,271.2102,102.7912,69.7652
239.4780,264.8739,103.3729,71.6178
242.3706,247.2435,103.0764,73.9460
243.8524,234.7000,102.8911,79.5849
257.6250,234.6157,101.1559,79.7536
278.4189,226.4796,102.2277,78.9619
277.8387,215.8695,103.3881,77.4020
266.4882,203.0386,103.3712,77.5064
275.3075,193.0478,102.7797,77.5998
289.6396,189.8709,102.4525,78.2861
291.5864,211.2018,104.2387,75.3831
277.6812,244.6036,106.6731,73.4291
266.5162,264.0391,106.4100,74.0963
281.9537,273.0470,103.8471,75.8989
287.7317,264.3767,103.5794,76.3070
274.8251,253.9801,103.9701,74.5025
268.5409,243.8836,102.5337,77.8895
269.8264,247.7489,102.7973,78.6629
270.9761,239.4392,103.3491,81.0258
263.6308,237.3216,103.5487,79.4645
258.1786,225.2265,102.9497,80.6480
253.8411,223.9581,102.9669,83.1846
247.8914,230.8024,103.1567,84.1330
237.6914,234.3138,102.9372,83.0016
236.0070,233.1755,103.3820,82.3541
264.2392,222.9702,102.4032,82.3228
285.9524,227.4879,102.5483,82.0017
275.5526,238.5762,103.0352,80.1377
254.1140,245.2175,102.7279,81.2499
252.9653,244.8902,102.1330,81.9044
255.3794,235.6892,103.0925,80.0495
264.3104,223.9620,102.5011,80.4766
264.3747,215.7270,102.3724,82.5651
270.7188,224.5697,101.3170,82.3291
280.9565,225.8823,101.0590,82.5921
278.4592,227.0949,100.2767,83.0552
269.7042,225.1662,100.4832,84.0287
271.0849,219.3663,100.6245,84.0172
272.4094,223.8872,100.8802,83.6899
271.7382,234.7297,102.2228,82.3292
265.7082,248.2844,102.6744,81.3388
261.2646,252.0068,102.8826,82.5728
272.0767,242.8329,104.5877,80.5075
281.2320,231.9043,103.7294,79.0949
281.6321,225.9438,102.9293,79.5256
271.1254,237.0139,103.8709,77.4570
264.1379,246.6143,103.6060,78.1922
261.7533,240.2604,102.6634,76.6201
264.4014,222.2553,102.9989,73.2076
270.2661,210.6807,102.3294,77.0020
273.2059,221.6002,102.0839,74.8825
270.4501,235.3941,102.0384,75.0810
267.4619,245.8456,102.4523,76.4275
259.0320,244.3826,102.4548,79.3537
260.1976,237.9350,102.9810,80.8194
265.8467,234.3031,103.2397,82.3047
257.1916,234.3654,103.0461,82.1802
245.5388,246.5299,103.0531,81.1496
245.5713,253.9776,102.9882,83.6284
245.8428,252.3680,102.4451,83.9128
247.3715,242.4146,102.3188,83.3015
248.2704,237.0810,103.4404,85.2109
246.8354,247.0617,103.3431,83.0540
246.6051,257.0506,103.8036,83.5933
247.8414,262.1680,104.2778,85.1460
247.4671,263.2033,105.0264,86.0546
245.8619,262.5781,105.2314,87.3050
246.0138,259.7704,104.9275,86.8628
239.7341,249.6113,105.4191,86.0623
238.5942,247.0767,104.6872,85.1083
238.3668,236.4652,105.1422,82.4518
237.8578,223.9421,106.1600,83.9075
236.2350,223.4744,106.4176,84.8427
237.0357,225.2926,107.8233,84.2135
244.9078,220.5298,107.1717,84.6837
245.0093,211.3876,106.9686,84.8711
249.7536,209.4136,106.5283,85.8031
249.9962,219.9492,106.0430,82.8786
250.1308,235.3299,105.7738,81.8127
251.9586,244.8364,105.0663,83.4363
251.7677,242.9756,105.4481,84.1942
249.7428,232.0954,106.5161,85.0821
261.4514,225.6620,107.1996,85.8986
261.8123,227.1860,106.4778,85.8868
261.6587,236.2539,106.7849,85.9012
250.4359,237.6742,108.0208,86.0906
249.1941,237.3671,107.4523,86.7048
249.4710,228.6687,106.8986,85.7821
249.4334,226.9615,106.9737,86.1668
237.0029,241.3289,107.5375,81.7294
234.2164,252.6846,107.1632,82.8071
235.6961,253.7031,107.1892,83.7556
247.7209,253.6353,107.1503,83.8911
266.7094,244.5017,108.2117,81.1378
276.1523,233.3067,107.1714,82.7080
260.0687,242.3330,109.4985,79.5754
238.2681,251.9258,108.5766,81.1673
259.8204,261.2789,107.1960,80.3429
279.0007,252.3340,107.1306,80.5579
269.7230,242.3935,107.9962,76.8525
254.5062,235.0247,106.5226,77.0868
236.1820,233.5977,105.7027,79.9408
233.0546,233.9591,106.1244,82.1345
234.2588,233.2058,106.6747,83.6410
235.3938,231.4500,107.3964,84.1609
234.3057,229.4826,106.5615,85.0848
230.9093,229.0608,107.3275,85.9283
236.8514,238.8767,107.5984,84.5289
237.0494,246.2787,107.2023,84.8258
249.8326,258.2975,105.7874,81.9205
301.6721,257.6295,108.3102,80.3065
312.0152,247.5571,108.3591,79.7164
285.7371,250.2550,110.7104,77.2738
292.8718,215.8102,105.2871,81.2931
215.5409,270.8332,107.4749,82.6703
218.6894,273.8672,107.1541,82.5782
241.6960,271.8997,108.8471,80.5501
252.4703,260.3540,108.1186,82.8213
240.9173,261.8658,107.2221,82.7980
222.3882,263.2621,105.4588,82.9917
211.9928,262.4337,105.5125,84.6486
221.6903,272.1311,104.0584,83.1947
236.7683,268.9817,103.3454,83.6049
241.4013,262.2078,102.8993,82.4527
240.8684,254.9036,103.9650,82.4887
232.7226,254.4859,102.6682,83.3241
232.3764,250.6587,103.3605,82.2034
241.0367,240.7410,103.5452,81.6162
242.0932,230.3854,104.3430,81.9517
240.0607,228.6199,105.4794,82.5541
240.0705,220.1695,105.4599,81.7212
241.9056,216.4303,104.7315,83.3159
245.6982,230.9932,106.0160,77.8426
240.0777,264.8244,108.5963,73.6921
228.6184,291.0648,108.6550,72.6463
227.0936,291.3651,108.8635,72.0457
232.2239,280.1935,109.9395,68.8813
240.3478,260.3099,110.4766,66.6865
248.0637,243.1293,111.6563,65.0562
253.1222,227.6579,112.5735,62.8962
243.2167,210.4971,113.2362,61.6565
237.3537,199.8527,111.3416,61.1524
241.6223,186.7571,110.8672,60.4682
245.4576,173.2826,108.5341,66.0664
253.1490,180.0623,109.5266,63.4239
262.6346,200.0484,109.4507,61.2422
259.6374,227.6270,110.1229,59.3078
269.4434,251.6400,108.9771,61.4043
270.2365,251.2366,107.3908,62.2113
267.5345,230.6241,107.5007,61.0826
268.2153,216.0629,106.1391,63.9093
284.3816,213.6791,103.0357,66.0195
305.1750,219.8523,103.7895,64.2584
313.1343,229.3390,103.6392,66.3094
304.5255,231.8070,102.2357,69.3540
287.1150,229.7992,102.0897,73.3695
288.1148,239.1709,102.8439,71.1494
292.3721,259.9785,105.2439,67.7353
300.1718,280.7414,105.8927,66.8299
308.7696,287.8720,104.9127,71.4869
298.1412,279.5103,106.8113,68.8521
286.5946,262.7735,107.9032,66.5738
285.2934,244.9935,107.7773,63.9371
282.9694,223.9869,107.0613,63.0376
280.7945,212.0615,106.0986,68.2951
280.9273,222.4539,105.8330,66.6214
290.7016,233.7737,105.1719,65.5675
301.2244,240.8158,105.4917,67.5073
303.7743,239.9523,105.8077,71.9423
302.6795,249.9297,105.2108,71.4929
294.7558,258.9527,104.4380,72.8371
292.2677,257.9716,103.8530,74.7994
289.6429,250.8373,103.4942,72.2434
289.1801,241.4469,104.4199,68.9715
289.3689,225.0730,104.0423,69.1242
291.3763,213.3354,102.7405,70.8942
290.9611,204.7302,103.5711,74.4902
294.2148,203.4459,102.6531,77.0588
298.2363,214.5800,103.0788,74.5512
318.8598,232.6766,103.6563,71.8175
322.9104,250.3075,103.8109,69.5793
307.3631,261.7688,102.2990,71.1117
274.0945,267.8570,98.1211,72.5344
256.7772,263.6988,95.2366,72.8110
246.6734,255.4471,94.3202,70.8308
232.5739,236.6150,96.5769,66.9875
228.5320,211.2258,96.9650,63.8953
245.6953,190.6718,95.3958,67.2061
260.0420,196.8362,94.7638,67.6325
274.3358,207.2407,94.2095,67.2114
277.5087,215.0697,95.4632,69.2854
278.3770,221.8455,96.3129,71.2515
285.9668,220.7876,96.9217,73.3671
287.9821,219.5932,98.2416,75.7560
288.9458,220.5656,99.0486,76.5456
286.2485,221.8039,98.9242,76.8287
