1
528.0271,56.5566,18.9682,19.9136
527.1993,65.6155,18.3088,19.9402
525.3765,79.8117,18.3781,19.7643
523.8057,89.0768,18.0841,19.7776
521.5341,104.9319,17.3889,20.0503
519.9997,112.8585,17.3579,20.1989
518.3285,123.9416,16.3150,21.4164
513.2564,142.0221,17.6007,20.3336
510.8201,150.1954,17.5598,21.0616
519.4695,163.6506,18.2611,20.3091
527.5501,168.5821,19.2298,19.2496
536.7193,176.4360,20.5534,18.2308
549.5769,186.2219,20.6018,18.0622
555.9557,190.6848,20.9453,17.8245
2
0
0
0
0
1
607.9747,263.0299,14.2259,14.0269
610.4868,266.8546,14.4018,13.9588
614.9996,265.8157,14.5715,13.4611
617.7220,265.6761,15.0222,12.9023
622.0151,267.1661,15.0605,12.9104
626.2798,267.2722,14.7876,12.6894
629.1370,268.5106,14.5210,12.8033
633.9043,271.2593,14.0107,12.9993
635.1312,273.0695,13.9709,12.8562
638.0446,271.4146,13.7623,12.8914
640.9014,270.7409,13.8775,12.9382
641.8167,268.7531,13.9414,13.0696
643.5373,268.2015,13.9652,12.8066
643.4818,269.1162,13.9456,12.7124
644.4437,271.5432,13.6917,12.7489
645.5886,274.0632,13.2739,12.8524
646.1402,278.3891,13.1650,12.9618
650.4409,277.8271,13.3910,12.9312
651.4873,278.9407,13.6397,12.8871
652.5593,277.6994,13.6703,12.7188
