1
446.5643,338.7226,40.1837,35.8536
444.2176,337.0172,40.5846,35.8584
444.9561,335.9566,40.7910,35.7388
441.1534,339.2921,42.6351,35.0416
441.5883,337.4044,43.5857,35.1159
439.7645,338.5525,44.3812,34.7891
440.8178,336.6681,44.7946,35.0216
439.6685,337.2302,45.0723,34.9949
438.3205,337.4496,45.4508,35.1589
436.8212,336.8350,45.6565,35.0951
437.1117,334.1028,45.5601,35.3844
435.7195,335.7428,46.2306,35.0140
432.3408,335.8686,46.6616,34.8635
429.7503,332.2394,46.4899,34.4294
427.3480,322.9464,46.6285,32.1412
422.8337,328.8398,43.7918,33.1783
394.1180,318.6274,44.5229,32.2935
397.7082,326.1387,45.5027,31.9225
417.4019,316.0785,45.2395,31.1000
424.5282,329.8287,44.1109,32.6274
420.2833,329.9235,46.0155,33.5362
418.2758,328.5441,47.4584,34.5094
414.9742,327.4622,48.5242,34.9619
414.8624,326.8437,49.5092,35.3892
412.9403,325.8978,50.3240,35.7050
413.3405,324.8732,50.9003,35.6589
415.3167,322.7665,51.1762,35.8773
420.2868,320.7958,51.7394,36.2495
422.3497,319.2744,52.0154,36.9263
422.6508,318.6676,51.8731,37.4659
425.6394,317.5129,52.7114,37.6359
429.8289,316.6961,53.5567,38.1605
433.5364,315.0650,54.2493,38.8248
436.3032,314.0783,54.8081,39.1913
439.2194,313.0337,55.3371,39.4618
440.1541,313.0068,54.6524,39.9048
442.3554,311.6536,55.7247,40.0545
445.0454,311.3628,56.5369,40.3466
442.8931,314.8983,55.2641,39.8151
434.9485,289.9629,55.5483,39.5884
426.4323,281.7611,55.5991,39.7591
430.6490,284.8629,55.6129,39.7605
448.0491,288.6335,54.0763,39.0098
457.2048,301.9386,54.9958,38.8748
462.5552,301.7898,55.3155,39.5176
462.9543,300.1146,56.7868,40.4180
467.5283,294.9530,57.3169,41.6804
465.9079,295.2318,57.1073,41.7278
469.1381,291.4410,58.2324,42.5790
470.8632,287.9796,58.3789,42.9912
472.1792,284.7601,58.7087,43.5018
472.0157,279.1569,59.1416,43.8904
472.9729,274.0733,59.6194,43.7072
472.2052,274.8722,59.4405,43.7875
472.0107,271.1317,59.6349,44.0516
470.3134,263.3112,59.5139,44.1708
467.8119,258.6960,59.4581,44.7118
465.5057,254.0002,59.3887,45.0081
464.6377,249.1464,59.6516,45.2907
464.0123,249.4456,59.0119,45.4308
463.6909,244.8212,59.4158,45.3823
465.2248,240.2382,60.4919,45.8082
465.5773,235.4906,60.6844,46.0364
466.2594,231.9572,60.8380,46.5552
466.6597,226.7794,59.8544,46.9140
467.3895,226.0045,59.7176,47.1162
465.9778,223.4937,59.7466,47.3798
462.0594,220.9742,59.5064,48.1683
460.0862,217.2304,58.6552,48.1590
458.8843,213.6047,59.6342,49.2433
455.4548,212.4305,59.2629,48.9112
453.8073,212.0377,59.8626,49.5151
453.5510,208.5198,60.5868,50.7154
453.4094,209.7440,61.4991,49.9838
454.0631,210.2601,62.5283,49.5618
457.4761,207.4153,62.7894,50.9348
466.1213,209.2219,63.7106,51.4840
467.2722,206.1455,63.8097,52.4953
478.5517,210.2635,65.0873,51.9972
490.2033,212.1783,66.1595,52.2112
503.4838,215.4333,66.5666,52.3016
517.1461,219.1141,66.5458,52.0591
530.3856,224.0137,67.6379,51.2888
533.3535,225.3109,67.1488,51.7680
546.6849,229.2131,66.8779,51.8789
554.1125,234.0365,66.9291,51.9895
561.1395,240.7351,66.0032,52.3922
558.8770,247.1717,66.1305,52.5686
564.4739,254.1351,65.6256,53.1366
563.7260,254.2690,65.3948,53.3041
571.1575,261.6541,64.6904,53.4024
579.0481,267.4992,64.7578,53.9726
590.1815,273.8850,64.3644,54.3722
594.2953,280.3741,64.8645,54.0507
600.7552,285.5273,64.8077,54.4451
601.8151,282.7611,65.0123,54.9652
604.0242,291.1973,64.1240,55.2545
611.7963,294.8727,63.8858,54.9577
614.9895,299.7469,64.7769,54.4200
617.8030,302.8601,65.2181,53.9455
611.2635,298.7325,60.2831,57.9083
617.3787,296.2119,55.6877,60.7215
571.3325,248.9093,60.5556,56.3722
2
0
0
0
0
1
632.3953,311.6091,58.4016,54.4530
633.1135,312.6880,58.8828,54.8633
634.3620,311.8560,58.7728,54.4620
635.8627,309.4682,58.8505,54.9020
635.5077,311.7756,59.5714,55.2623
639.0334,312.2978,59.4006,54.5352
639.3228,311.8352,59.5503,54.3726
639.7164,312.1079,59.5312,54.4663
639.4310,308.6967,59.0573,54.2652
636.8983,308.2003,57.5387,53.2991
636.2953,308.5923,56.7088,52.6555
633.1768,304.4533,55.2189,50.9736
632.8965,301.9348,54.6183,50.6984
629.4269,308.2686,54.8856,51.0137
629.0054,309.3583,54.4488,50.7946
626.2512,309.1827,53.2790,49.6048
625.9241,309.4954,52.5245,48.9589
616.9955,298.5166,53.9626,45.3577
618.6826,300.5099,55.4826,42.2139
620.6557,309.3687,54.9985,44.1506
619.4021,313.5009,55.3002,44.9837
618.4477,313.4434,55.7053,45.8431
617.7765,313.0552,55.8824,46.3606
617.9049,312.9674,55.6008,47.3266
617.8105,313.2430,55.2757,47.6836
615.9976,314.8764,55.7286,47.5043
612.1025,314.6877,56.2770,48.1014
608.9979,314.7961,56.3786,48.1994
608.2870,314.8913,56.5034,48.2609
605.3977,314.6658,55.8457,47.9308
600.2773,314.8958,56.0633,48.1207
596.1151,314.2551,56.2101,48.4565
590.8112,313.8493,55.7416,49.0054
587.4221,312.8711,55.5230,49.2969
586.1967,312.8717,55.7896,49.3954
583.0344,312.5110,55.8815,49.0785
579.0563,313.2649,55.5554,49.4192
576.0090,313.1800,55.7084,49.5865
571.6024,312.7118,54.9699,49.9561
569.2729,311.1594,55.0370,50.1836
568.4301,311.9424,55.4887,49.6759
566.2247,311.2908,54.8007,49.3836
564.5033,311.1877,54.5720,48.9937
563.3126,311.3784,53.7809,49.0875
560.2148,311.4139,53.1474,49.2639
557.9948,310.2822,53.1565,49.3486
557.5507,310.8077,53.5320,49.3736
554.3018,310.3778,53.3618,49.1470
551.1880,309.3740,52.9191,49.1140
546.7672,308.2334,52.4322,49.3108
543.7403,307.4640,52.2298,49.4755
540.6267,306.2066,52.2497,49.2981
540.0374,306.9379,52.1930,49.0117
536.7679,305.8441,52.1299,48.8390
532.8518,304.8512,52.1618,48.6819
529.1033,302.9171,51.9408,48.4538
523.9571,301.0833,52.0536,48.8192
519.0560,299.9908,52.0357,48.4587
518.3615,299.2445,52.3576,48.0892
513.9987,297.8933,51.9469,47.5812
508.7048,295.1420,51.9193,47.1857
501.0834,290.7442,52.8972,48.1535
493.6557,286.7719,52.4857,48.1758
487.2709,283.9554,51.6878,48.0057
486.5689,283.9054,51.3626,47.9340
480.4179,279.7513,50.9708,47.6594
473.5539,276.5919,50.5614,47.4531
465.8413,273.2675,50.2424,47.6270
459.7093,269.1307,49.5344,47.3636
451.7824,265.5814,49.2321,47.1797
450.4695,264.8138,48.6378,47.9474
443.2808,261.7482,49.4034,48.4881
432.5142,257.8641,49.5923,48.4262
426.2162,254.1765,49.2906,48.3772
417.0873,249.3864,49.8842,48.8600
406.5386,245.9606,50.3483,49.0713
406.6405,247.0943,50.0276,48.5884
398.7272,245.4905,49.8288,48.2936
387.6066,242.5310,50.1288,48.6310
382.1480,244.4097,49.2642,48.5734
375.3356,244.5003,47.9089,48.7942
369.2431,244.8228,46.8997,48.9545
362.2499,244.6870,45.6872,48.3941
362.7558,244.8518,45.4982,48.2547
356.5609,246.1383,45.2042,48.1020
352.2461,247.9657,44.7747,48.0149
347.5625,250.7508,44.4834,48.0497
344.3463,255.1590,43.7771,47.8430
342.9166,258.9261,43.6747,47.6841
341.9590,260.1749,44.0223,48.1341
340.9924,266.5847,43.9002,48.7210
341.0878,272.8920,43.7487,49.1787
341.3458,280.5665,44.5169,49.5667
341.4819,287.4550,44.4721,50.1714
341.9440,294.5017,45.2352,50.2896
340.4397,294.9299,45.3607,50.5152
342.6211,300.5722,44.7143,50.5171
344.2669,306.9520,44.5634,51.0403
342.1974,311.9339,44.1744,51.1379
347.8419,318.1562,43.5205,50.7042
350.6055,323.4469,43.7084,49.7785
350.3919,322.6538,43.5130,49.3575
353.0557,328.7642,43.0625,49.7078
356.9494,333.0283,42.6666,49.5384
358.0945,333.3167,42.8248,49.6313
361.3120,337.7689,42.9254,49.1661
362.1234,337.6496,42.4999,49.4947
362.9489,339.6172,42.0373,49.1397
363.9726,338.6195,42.6318,48.7267
365.9788,341.0108,42.1630,48.3468
366.6644,340.5253,42.3085,47.9441
367.1963,338.7136,42.3634,47.9181
370.0136,336.8347,41.4543,48.2306
370.5624,336.4790,41.2494,48.3617
370.7532,336.5431,41.4690,48.4017
370.9034,335.7865,42.0040,48.4403
371.9406,334.4197,41.7519,48.5606
371.7700,333.4386,42.3218,47.9791
372.1172,332.4101,42.6632,47.2010
372.4259,331.4700,42.8400,46.7602
374.6794,333.7469,42.1014,46.2358
375.8390,331.2104,41.6019,45.9757
376.1630,329.6608,41.8354,45.5465
377.1178,327.8052,42.2236,45.9699
376.9524,325.8577,42.0101,45.6838
376.9337,327.8318,41.6354,45.1696
376.6741,325.1292,41.7291,45.0112
375.4140,323.2189,41.8797,44.7855
374.3628,321.4085,42.2227,45.1653
374.1195,319.3552,42.1190,44.8822
372.0842,317.5848,42.3263,44.5357
371.2856,316.6085,42.3593,45.0456
370.6924,315.1546,42.4704,44.3974
368.2524,313.3990,42.0660,44.3281
365.8934,311.5644,41.3142,44.2270
362.3632,310.0191,40.7991,43.6470
359.4575,309.3096,40.6667,43.5509
359.0238,307.6214,40.3924,43.9336
356.3811,306.3016,40.2210,43.9323
352.8022,305.0287,39.9748,43.6700
350.0011,303.5788,39.5253,42.9826
346.6154,301.8554,38.9636,42.6845
344.3063,300.6689,38.6306,42.7154
344.2843,299.9417,38.5518,42.8241
342.4529,299.7210,38.7443,43.0026
342.2386,298.9770,39.0449,43.3144
340.2562,301.1840,39.1375,42.8105
339.4439,302.1987,39.4678,42.9409
337.6298,300.4509,39.3846,42.5816
337.9886,299.3899,39.6565,42.6662
335.4985,301.4262,39.4061,42.3895
335.0635,303.2317,39.6622,42.0785
333.6369,301.2737,39.5444,42.2421
332.5219,302.4542,39.7659,41.8485
330.4010,303.7994,39.5860,41.4253
330.3161,303.7727,39.3140,41.1502
329.5951,304.1105,39.5842,41.3239
329.3029,305.0939,39.4944,41.1427
329.1871,305.5252,39.3083,41.1635
328.6968,305.9353,38.7669,41.3803
327.6044,305.9977,38.9135,41.0411
327.5108,305.4769,38.5137,41.2319
326.7922,305.7124,38.6049,41.1943
325.3318,305.6835,38.0570,41.5497
324.2522,306.7876,38.4755,42.0157
324.8535,304.9918,38.3925,41.4045
325.0911,306.5792,38.7704,40.7701
324.7804,307.4478,38.5942,40.2751
322.5773,307.4292,40.1501,39.7558
322.0255,307.9267,40.5658,40.3811
325.0506,305.4774,39.1931,40.6788
324.1904,306.8880,39.6838,40.4439
323.8448,307.4302,40.0531,40.8891
323.3163,307.5471,40.5644,40.9891
327.5015,304.0945,38.2676,41.4515
329.5034,305.6495,37.1504,41.4741
329.9968,303.5832,36.9375,41.2180
331.6654,302.2572,36.2530,41.0324
332.8655,303.6711,35.6976,40.5542
333.2671,304.2221,35.4760,40.2446
332.9700,303.3244,35.5037,40.1445
332.0355,300.1417,35.3769,40.1998
330.1125,297.4940,35.3457,40.0687
331.0797,295.0732,35.0507,40.5613
330.9780,292.6114,35.2712,40.4394
331.1743,293.3777,35.4093,40.2976
330.4472,288.2052,35.5710,40.1163
326.2185,284.2908,35.0707,39.7870
324.6564,278.3458,34.7493,39.2523
321.1370,275.0414,34.4130,38.8642
317.4585,271.5631,34.2523,38.6932
317.8102,269.9933,34.1750,39.1383
312.1528,265.4329,34.0858,39.0208
308.1851,261.2384,34.3111,39.1267
305.0944,256.0714,34.3775,39.2890
299.9175,252.9836,34.0598,39.4106
296.7138,248.4704,34.0394,39.7949
298.2474,247.2128,33.5536,40.6917
292.9744,245.2296,32.7160,40.2514
289.4489,242.6924,33.0685,40.0783
285.0096,239.9126,33.2573,39.4823
281.7429,237.2434,32.8513,39.7169
276.5166,235.7052,31.8800,39.9415
278.5611,235.6183,31.4272,40.2167
272.8929,233.3493,31.1940,39.6488
268.1834,230.2966,31.3560,39.5253
263.2278,228.2977,31.3562,39.5239
257.3644,226.9698,31.3080,39.2658
251.3467,226.0196,31.5390,38.8599
252.2378,227.0343,31.9011,38.8578
245.7211,224.1861,31.8309,38.6405
242.6156,226.2344,31.7075,38.2513
238.5943,228.8056,31.1712,38.6958
236.3449,230.6488,31.1796,39.3696
232.1805,233.9195,31.6711,39.5490
233.5926,232.0826,31.2524,39.9224
233.1971,235.7823,31.1540,40.5970
232.8301,239.6298,31.1193,40.9989
232.0363,243.9800,31.7187,40.7790
232.7742,249.4673,31.9713,41.4799
233.9269,255.2104,32.8308,41.6412
233.5896,254.5108,33.1793,41.4379
235.6822,261.6212,33.6424,41.0602
237.9418,268.5703,33.8611,41.4856
240.9923,275.5519,35.1486,41.0573
244.6848,283.0410,36.9622,40.0752
253.1523,290.1083,36.6130,40.5695
253.4854,292.3432,36.4657,40.1130
255.8799,298.8668,37.4161,39.1612
260.8465,304.7593,38.2255,38.2894
263.4414,310.0464,37.8941,37.2391
265.3121,313.5518,38.4904,35.7933
266.4337,318.4825,38.9510,34.6856
266.9227,318.5385,39.6448,33.9106
267.2405,319.2438,39.7861,33.1253
261.9219,321.5305,39.8115,32.6227
258.7497,318.4518,40.9401,31.8311
250.2030,318.3124,41.1927,31.0503
244.8978,315.8371,41.5733,30.6448
244.4354,316.7773,41.5834,30.3244
237.4046,314.1473,41.6675,30.0633
231.4943,312.2407,41.9305,29.4958
225.9574,311.4636,41.9112,29.2947
221.2890,308.0794,42.0730,29.0291
212.2659,307.7043,41.9255,28.3879
213.3079,308.2878,41.8831,27.7704
207.7675,305.9424,41.9804,27.9382
200.7554,305.9616,42.0552,27.8100
191.6878,303.8856,42.6841,27.7958
184.2097,301.8172,41.9209,27.3896
177.6619,300.0166,42.1293,26.6607
176.3551,301.4940,42.8249,25.7217
170.6032,299.9785,42.7901,25.8351
163.7776,296.3369,43.4848,26.0952
153.8831,297.3519,43.9755,25.6032
149.8057,295.1754,44.4353,24.9532
139.7161,295.4174,44.2084,24.9143
140.8255,294.7635,43.9620,24.8195
134.2601,294.5565,43.7187,25.0609
129.1550,294.0536,43.8662,24.7591
121.9512,294.7747,44.6441,24.0756
119.9484,295.5358,45.1080,24.2444
119.5585,297.4940,45.7339,24.3109
120.8000,296.6608,45.5103,24.4784
125.4384,300.8568,46.1052,25.2337
132.6231,304.8282,47.1837,26.1518
143.0891,315.1461,49.2560,25.3085
162.8053,321.7654,49.9243,25.2933
180.3558,331.5595,48.4180,26.1543
181.0508,330.9251,47.9288,26.6350
191.2775,333.3914,48.0391,27.4896
207.5437,342.8597,47.5188,27.2987
217.2062,345.9146,47.1763,27.8328
224.1339,349.8672,47.5136,28.7225
230.3972,353.2004,46.9864,28.8655
228.9233,353.9549,46.6262,28.5374
234.4571,356.5895,45.8367,28.6720
238.8108,359.3114,45.0098,28.4988
243.2621,361.5410,44.6608,28.4035
247.9393,364.5744,44.8673,28.3147
253.2523,366.4594,45.0680,28.1337
260.1917,368.8280,44.9416,28.4213
259.7482,368.6479,45.1451,28.4505
268.8358,371.6440,46.1709,28.1914
278.6319,374.6281,46.9197,28.5543
287.7892,378.3425,46.9720,29.0371
297.7619,381.7731,47.1626,29.3629
306.8721,384.9159,48.3414,28.9761
306.2274,385.3656,48.6695,29.2534
315.7177,387.6374,48.7303,29.7021
324.1348,389.8263,48.3257,30.6741
331.5925,392.2175,48.2047,30.9439
332.7829,393.9728,48.5870,31.1784
341.8780,396.3317,48.7879,31.3743
341.7153,395.8739,48.9849,31.8593
350.3456,397.1653,48.9341,32.3541
358.8153,400.1580,48.7501,32.7690
367.3001,402.3754,48.1619,33.2714
377.3965,404.5729,47.0270,33.8912
384.3390,406.6059,47.7508,33.9571
382.0824,406.3081,48.7428,33.8391
392.3569,408.3812,48.7334,34.0763
401.3512,410.1548,48.8571,34.5354
410.1030,412.5818,48.9259,35.1999
420.5067,413.4641,48.8806,35.9385
431.2098,414.5063,48.9589,35.3478
431.1071,415.6693,49.0712,34.5811
441.6411,417.4037,49.8580,33.9440
451.7986,418.0824,48.9888,34.0649
460.7724,420.3247,47.6347,34.5963
470.0805,420.8486,46.0008,35.1592
477.9382,421.7151,45.0256,35.7736
479.6058,421.9239,44.9911,35.7150
476.8959,421.6683,41.9823,36.5536
495.2674,422.3348,40.9733,36.8739
504.3523,422.4658,42.4941,36.5619
511.5514,419.7400,43.9595,36.8714
530.7737,418.7094,42.8817,37.6258
530.0406,418.7521,42.6355,37.8739
539.7897,418.8792,44.0425,37.8576
556.8062,416.4115,42.5558,38.7944
566.1777,416.6405,44.2461,38.5784
576.4419,416.5917,45.6816,38.9521
593.1885,412.7390,44.2850,39.2747
594.4705,412.3417,43.2927,39.9476
603.9365,412.4860,43.8733,39.7900
613.3472,411.5419,44.3610,39.3233
620.2646,408.3821,44.2396,39.6748
624.1959,403.7487,45.2034,40.5291
622.7698,403.6935,45.4439,40.4782
621.3961,404.1845,45.7805,40.4162
621.7273,402.9296,46.0693,40.5861
622.2132,399.1552,45.5408,40.7324
620.2822,398.5041,44.2584,40.7648
617.8547,397.0003,43.8396,40.7733
616.9983,395.7284,43.2366,40.5720
617.1683,395.6058,42.9128,40.2899
612.4833,394.0121,42.3211,40.9569
609.0088,393.7064,42.0460,41.1793
604.5545,391.4405,41.9607,41.2472
599.1983,389.8480,41.3427,41.8939
595.2573,388.4404,41.6546,42.4206
594.9603,388.7388,41.9584,42.0930
590.4223,387.2199,41.3690,42.2726
586.0297,386.1577,41.0408,41.6574
581.7983,385.1197,40.5589,41.7512
576.6249,382.9734,39.6797,42.1215
572.1609,381.9534,39.7711,42.2216
572.7426,382.9718,39.6270,41.8817
568.6769,382.8386,39.7522,41.9271
565.6680,382.2736,39.5396,41.6683
562.8418,381.4517,40.0483,41.7883
559.4397,380.5326,40.3686,41.9086
555.1105,380.2062,40.3946,41.9110
555.6768,381.4552,40.8252,41.0529
551.6155,380.1369,40.8440,41.5423
548.9653,379.7662,41.0174,41.3314
547.0055,379.5719,40.9747,40.8558
544.5143,379.2811,40.7709,40.6661
542.0710,378.6774,41.3634,40.2174
542.8022,379.3929,41.2697,39.4562
540.3507,378.5236,41.2988,39.1758
535.8642,379.8287,43.1816,38.8751
533.7395,378.0607,43.6705,38.6122
532.4915,378.1529,43.1614,39.5441
532.4025,378.7634,43.2396,39.6490
532.0670,378.5809,43.4486,39.6040
531.3125,378.5926,42.8572,40.3359
530.8005,377.8939,42.4824,40.8547
532.4081,378.6706,42.5389,41.0690
534.4338,378.1043,41.8225,41.2841
535.6319,379.6581,41.7255,40.7803
535.3699,380.0014,41.6627,40.2383
536.2061,379.6346,41.7646,40.5148
539.0852,377.5254,41.7393,40.7410
541.2919,379.1454,41.9014,40.5227
544.6334,379.7739,42.1738,40.2365
546.9807,379.4669,42.4161,40.1572
546.4644,379.7737,42.6715,39.7487
551.8915,378.6638,42.3914,40.0652
557.5560,378.5023,41.8670,40.4470
563.8441,378.7391,42.1141,40.7559
569.1298,377.4967,41.9152,41.6362
575.5532,377.8303,41.7450,41.3632
575.6367,378.9438,42.0404,40.3911
581.8477,377.6741,43.4128,39.6453
588.7596,376.3743,43.4108,39.8510
596.9838,376.1885,43.7683,38.9518
604.6345,375.4745,44.4718,38.8667
612.1519,374.2166,44.6654,38.7030
611.8605,374.0513,44.6520,38.3533
619.3928,373.6372,44.8371,38.2582
626.6607,372.3136,44.4835,38.5186
632.2319,370.6556,45.1625,38.6055
636.5802,369.8067,45.5836,38.6570
639.5187,367.2863,46.6696,38.4722
639.4049,368.0011,46.2254,38.3867
642.0571,364.9183,46.7206,38.2607
644.9007,362.9931,46.6710,37.8715
647.3368,360.6352,46.9128,38.1534
649.6184,359.3921,47.3534,38.1320
651.8441,357.7464,48.0805,38.4004
651.4739,357.9744,47.8978,38.4341
654.8386,354.5164,48.3420,39.0157
654.0258,353.9843,48.2228,38.5947
655.4393,350.9027,47.4953,38.5813
654.2703,350.6259,47.9883,38.8227
653.6328,348.0523,48.0498,39.0812
653.0733,347.5132,47.9885,39.6981
651.5639,345.7490,47.8253,39.7754
650.7312,344.2320,47.0315,39.1271
645.8329,341.0006,47.5274,39.3133
643.0803,341.0861,48.1509,38.9576
640.3902,338.3949,48.4613,38.3638
637.9976,341.1201,48.7886,37.9148
634.6555,337.0965,48.7345,38.0449
630.3762,336.7620,49.2001,37.4632
627.3751,333.8290,49.0377,37.2817
622.6377,334.0545,48.9837,37.1773
619.9309,331.0987,49.3687,37.0649
617.6188,331.4862,49.5850,37.2284
615.0097,330.1468,49.9205,37.2660
613.6436,329.7119,49.7309,36.9764
613.3132,328.0003,49.5359,37.2718
610.7465,327.4110,49.7180,36.9884
610.5129,327.2599,50.1635,37.0482
610.2071,326.7484,50.6600,37.1347
610.1594,326.3623,50.7608,37.3314
610.1113,325.6383,51.4686,37.8635
613.3730,324.8197,50.6756,37.8374
613.7036,325.4456,51.2244,37.8437
616.3077,326.3531,50.7744,37.5891
615.9048,326.8286,51.0110,37.6510
618.4048,326.7257,51.2532,37.1105
621.5763,326.9190,50.3123,36.6823
623.6464,325.7727,49.9847,36.6230
625.3831,327.1219,49.5807,36.0456
627.9611,324.1562,49.9281,36.5183
627.0968,327.2455,49.0922,35.5325
627.9338,324.1241,49.3032,35.8344
628.6483,324.7086,49.4621,35.1500
629.4979,322.0191,49.8835,35.4971
628.2479,321.0246,49.8787,34.7299
627.5761,320.1827,49.2854,34.1050
627.8139,320.4545,49.2561,33.8532
626.9192,317.4366,49.5068,33.9306
626.0195,317.5269,49.3865,33.5979
624.5866,313.8222,49.7099,33.2945
