1
210.2285,139.2099,91.7666,52.0201
208.0425,139.5052,93.8961,51.4297
206.7273,140.8712,96.5264,50.9617
205.5405,141.1162,98.9001,50.4716
201.8197,141.2851,101.6993,50.1339
199.3943,142.6138,104.1937,49.8328
194.8012,143.8479,106.2174,49.7521
194.4297,144.9916,106.9602,49.8804
193.8478,146.0984,108.1242,50.0954
190.9893,145.9630,108.9423,50.3662
187.7482,145.9137,110.4924,50.4648
186.3043,147.1139,110.8900,50.5547
183.4468,148.3102,111.6097,50.6598
180.6125,149.3294,112.2584,51.1313
180.5715,150.3487,112.3404,51.6204
180.1660,150.1925,113.1513,51.9329
179.7170,151.4363,114.0494,51.9999
179.1759,151.4751,115.1315,51.9224
178.4429,152.7634,116.5975,51.9290
177.8351,153.9044,117.8131,52.2515
174.8315,156.5757,118.5645,52.1650
173.1029,157.8335,119.3842,52.2866
171.6225,160.2365,119.6937,52.7833
169.8590,159.7940,120.5561,53.6684
168.2062,160.9024,121.1691,54.1442
168.1481,160.7478,121.2852,54.4535
168.1409,160.4747,121.2998,54.9996
165.6246,160.4144,120.8786,55.1202
162.7491,161.7021,121.1839,55.2676
161.2201,161.5267,121.5120,55.6184
157.4014,163.1088,120.9271,55.1950
153.2983,164.4654,120.9587,55.2067
153.6735,164.3669,120.2083,55.4037
150.1604,165.3035,119.0803,56.2485
150.7065,166.6087,117.9882,56.3545
148.5782,167.7683,116.8401,56.7376
148.9095,168.9903,116.1775,56.9858
147.7306,170.1908,115.8484,57.2718
147.5664,170.2769,116.1769,57.0995
147.8203,169.9729,115.6692,57.7076
146.5670,169.6964,115.4838,58.2606
143.9671,168.0746,115.2859,58.8054
144.3593,168.0254,114.5017,58.9038
143.1172,166.5456,114.2902,59.1679
143.3168,164.7563,113.8911,60.0495
146.1580,164.2515,113.6212,61.0591
147.6661,163.6411,113.3245,62.2800
147.9505,163.1310,112.7557,63.3002
146.9451,163.8592,112.0215,64.5888
146.9748,163.5384,111.9621,65.2305
144.2064,163.2997,111.9667,65.7079
142.1310,162.8394,110.5691,66.6284
144.1667,163.5212,109.2667,68.0338
144.6595,163.0564,108.2811,68.9634
146.4367,163.1039,107.5006,68.8685
148.4842,163.1591,106.1665,68.7580
150.5815,163.1282,104.7107,68.8198
152.6396,163.0892,103.3128,68.8979
153.8475,162.9734,100.8969,69.1294
156.3701,162.9107,98.5175,69.2548
158.3540,163.3055,97.1818,68.4652
158.6904,163.5694,96.5089,67.9374
160.0972,164.0331,96.2754,67.0100
161.5918,164.2642,95.8471,66.5478
162.1279,163.9084,94.7750,67.2594
162.7900,163.8408,93.4508,67.3947
163.6021,163.8787,91.8267,67.3188
164.0554,163.8420,90.9199,67.3922
163.0313,162.6762,90.4820,67.2377
162.0047,162.8922,90.0581,66.8056
159.7496,163.2450,89.6412,66.1000
158.6837,163.5513,89.3275,65.4875
158.8069,162.7697,89.0812,64.6199
158.8817,163.0032,88.9316,64.1529
157.5573,161.8001,89.1774,64.1561
156.6485,161.6322,88.5885,64.4920
155.8350,161.6835,87.8121,64.3894
155.0942,161.6137,86.9039,64.5290
150.7180,160.5742,86.1434,64.2298
150.2351,159.7735,84.7473,63.4692
147.2894,160.1454,83.6544,62.7255
146.9746,160.2904,81.9848,62.4355
146.4638,160.4511,80.7374,62.1141
145.8503,160.7767,79.7195,61.4628
145.1633,161.0684,78.8747,60.8796
143.6977,161.0587,77.4134,60.8988
142.0164,160.0802,76.4274,60.6817
141.4852,160.1420,75.3342,60.5581
142.4219,160.1123,73.4608,60.6175
143.2128,160.2842,71.8789,60.2736
143.1267,161.6321,69.9720,59.6570
142.1749,161.7138,67.7960,59.4935
143.1022,162.9674,65.9415,58.9899
141.9222,162.8583,64.3682,59.2081
142.6334,162.7754,62.9457,59.3738
142.4122,162.7366,61.4621,59.4515
143.3307,162.7589,59.6250,59.4070
144.2635,162.6976,57.7596,59.5295
144.9351,162.8430,56.4163,59.2388
145.6107,162.7915,55.0652,59.3417
146.1994,162.8851,53.8877,59.1544
152.3171,163.1052,52.3305,58.7143
153.7187,163.4117,51.2755,58.1012
156.1079,163.2726,49.9403,58.3794
157.3691,163.2589,49.1224,58.4068
159.5761,163.0661,48.0919,58.7924
160.9427,162.7188,47.0398,59.4872
162.4081,162.4370,45.7838,60.0507
162.9907,161.9855,44.6186,60.9537
163.5820,161.6330,43.4360,61.6587
164.2329,161.4310,42.1342,62.0627
164.0752,160.7121,40.8162,61.8671
163.7187,160.3119,39.9207,61.0590
160.2785,160.6750,38.8936,60.3327
161.3738,160.8919,38.2565,59.8989
161.5779,160.9928,37.8483,59.6973
161.7101,160.0677,37.5838,60.0209
161.9348,160.5858,37.1345,60.5116
162.1667,159.7092,36.6706,60.7381
162.3335,159.0163,36.3371,60.6016
164.0578,160.1982,35.9175,61.2670
166.1554,162.6185,36.2746,62.4960
165.6771,161.3687,37.2313,63.4539
166.1752,162.8742,37.8070,65.1591
166.0002,162.4486,38.1572,66.0103
165.8452,161.4080,38.4672,66.4659
165.8691,161.1622,38.4192,66.9575
165.0655,160.4747,38.3823,66.6883
164.5567,158.0162,37.7603,66.6865
164.5262,157.1573,37.8214,65.1464
165.7554,158.1064,36.9701,64.8555
166.0663,157.5486,36.3482,64.3824
166.3307,158.5128,35.8195,64.0249
167.8367,158.9818,35.9207,63.0870
172.3996,159.9397,36.0616,62.7157
172.3051,160.7597,36.2505,62.6170
172.0587,160.1954,36.7432,62.2025
174.3964,160.9094,36.7038,62.3198
175.0096,160.2037,37.0235,62.1848
174.9114,160.1545,37.2200,62.2832
176.3974,160.7835,37.3571,62.5798
177.0486,160.0541,37.6158,62.4773
177.3479,158.7085,38.5812,62.0405
177.5618,158.1908,39.7274,61.5019
180.1526,159.3662,40.8853,60.7360
180.2984,159.6272,42.1865,60.2140
182.9712,160.5590,43.2663,59.9569
182.3751,160.9481,44.4585,59.1787
181.7858,162.1234,45.6370,58.4561
181.1375,162.6848,46.9336,57.3332
180.5848,163.0859,48.0390,56.5310
180.7133,163.4344,49.4276,55.8340
180.0396,164.5055,50.7749,55.3488
178.5017,164.9264,52.1799,54.5069
176.7047,165.4800,54.0937,53.3997
174.8386,165.9911,56.1332,52.3775
172.6843,167.4502,58.7331,51.1679
171.4599,167.9932,61.1820,50.0819
170.1593,169.4936,63.7832,48.8311
168.9416,169.9963,66.2186,47.8257
167.9020,170.4422,68.2977,46.9340
167.1714,170.6247,69.7591,46.5689
166.2891,171.0861,71.5236,45.6461
166.2962,171.3312,73.3432,45.1558
168.0787,171.3549,75.3370,45.1084
168.1746,171.4762,77.0269,44.8660
170.4590,171.5812,78.1666,44.6559
171.7141,171.5532,79.4886,44.7120
174.1570,171.3789,80.4128,45.0605
174.3736,171.4661,81.9358,44.8862
176.2083,172.4776,84.1937,44.8388
178.2375,177.4076,86.1601,45.0201
179.0249,177.1201,86.6255,45.5950
180.4515,180.0610,87.8864,45.8843
179.1777,179.7328,88.3535,46.5407
178.8016,180.5584,89.1056,46.9881
178.0602,183.7557,90.5884,46.9457
177.8482,185.7362,91.0124,47.2617
176.1976,186.7408,92.1634,47.4025
175.4584,191.0519,93.6420,47.4581
174.7088,190.9021,95.1411,47.7578
174.3747,192.1215,95.8093,47.5381
171.1034,194.5462,97.9014,47.1391
171.7701,195.6707,98.8169,47.1390
167.4737,195.7106,100.6231,47.0592
167.9477,196.6143,101.9622,47.5389
162.7248,198.7007,103.1480,47.9963
156.9826,202.4785,102.9309,49.8018
160.8764,201.5993,102.2490,51.5601
158.0361,202.2327,98.3733,55.0716
161.4595,202.5548,96.3112,56.8196
162.0312,202.3558,95.1677,57.2176
163.2820,203.0290,92.6661,58.2522
166.9576,201.3474,90.0374,59.2543
167.1194,201.5165,89.7137,58.9160
166.8985,201.1033,90.1555,57.4143
165.9367,198.8156,89.7695,57.3707
166.8051,198.7563,88.0327,57.4893
167.4406,198.1151,89.0408,56.4927
167.7369,198.2765,88.4482,56.1698
169.0490,198.1048,88.0872,56.5133
167.0374,197.9175,87.5833,56.8878
167.9188,197.5780,85.8205,57.5667
165.2708,197.3935,84.3752,57.9358
162.1232,198.1401,83.9760,58.6740
164.4998,198.1578,83.6980,58.6387
165.4510,198.1922,84.0285,58.5698
166.0684,198.6129,85.0304,57.7284
164.9238,199.0659,85.0818,56.8224
166.0574,200.5130,85.0381,56.1518
166.2047,200.8591,84.7436,55.4597
165.3827,202.5297,84.1918,54.3143
165.6180,202.9289,83.7211,53.5159
165.7776,204.2222,83.4020,53.0774
166.0300,204.4950,82.8971,52.5318
167.5851,204.8114,81.9063,51.8990
167.6212,206.2926,81.8341,51.0306
167.8196,206.5287,81.4372,50.5584
168.4555,207.6507,80.1654,50.3787
169.5923,207.8407,79.9342,49.9987
170.0070,208.0862,81.1373,49.5076
169.1142,208.0950,80.8806,49.4901
168.4099,206.7352,78.2130,50.1716
168.7023,206.6452,77.6283,50.3515
169.7875,207.6554,77.4617,50.3351
170.1130,207.9749,76.8108,49.6960
171.3549,207.8923,76.3078,49.8612
172.5604,209.9342,75.8727,49.7295
174.2092,210.1939,76.5095,49.2101
173.8878,210.3313,77.1524,48.9352
172.0042,210.1213,76.9733,49.3552
172.0997,210.0541,76.7822,49.4897
171.8392,209.6147,75.3264,50.3685
168.9473,209.5409,75.2011,50.5161
168.5146,208.5009,74.0963,50.6258
169.1463,208.3786,72.8329,50.8704
169.8591,207.9716,71.4074,51.6843
171.0018,206.9140,71.0541,51.8674
171.4744,206.6050,70.1089,52.4853
172.8264,206.2328,69.3306,53.2298
172.2903,205.0434,68.4769,53.6826
171.9373,204.0052,67.2625,53.8388
172.6003,204.0332,65.9366,53.7829
172.5996,204.0533,65.9380,53.7427
172.6552,204.0583,65.8269,53.7326
172.6014,204.0098,65.9345,53.8297
174.2061,204.8831,64.6086,53.9666
180.6011,205.2555,63.0114,53.2218
180.9540,203.7977,64.1344,52.4798
179.7251,203.9366,64.7581,52.2021
178.7954,204.9767,64.7782,51.9610
179.8781,205.5520,62.6128,52.6462
182.7447,203.6918,60.5063,52.7398
187.2247,203.6657,58.6758,52.7919
188.7932,202.9990,57.2936,52.3705
190.2593,203.2129,56.0880,51.9426
193.1376,203.4595,55.4342,51.4496
193.1228,203.8182,55.4637,50.7321
192.8895,204.1058,55.9305,50.1569
193.2567,203.6852,56.8660,49.3281
192.6554,204.0607,58.0686,48.5770
192.8736,203.6889,59.3101,47.6428
192.9273,202.0849,60.8845,47.4873
193.1088,201.3938,62.2248,47.1661
192.2873,200.7764,63.8678,46.6824
191.2925,200.3114,65.8574,45.8765
191.2950,200.2807,67.6050,45.9380
190.4128,200.4106,69.3694,45.6782
190.1232,198.6178,71.7507,45.6596
189.8760,198.4686,74.0826,45.9580
188.7425,198.3368,76.3496,46.2214
188.4182,198.0653,78.9138,46.7646
187.1570,198.0453,81.4362,46.8045
187.7326,198.2834,82.2861,46.3282
190.0607,198.1241,83.6464,46.6470
190.7078,198.1653,84.3834,46.5646
191.6900,198.1210,84.4596,46.6532
194.8758,198.3342,84.2176,46.2268
195.6843,198.4435,84.6329,46.0081
196.4795,198.5923,85.0772,45.7105
196.2048,197.6667,85.6266,45.5255
197.9088,197.5249,86.3008,45.8091
198.3092,197.4055,87.5558,46.0480
199.3075,197.4194,89.7161,46.0202
197.1969,197.4056,91.8276,46.0477
196.7794,197.4309,94.8039,45.9971
195.3577,197.4205,97.6472,46.0179
197.5440,197.3088,99.9515,46.2413
196.4664,197.1434,102.1068,46.5721
198.0659,198.1673,103.5081,46.8246
201.9362,197.8042,102.7424,47.5507
205.2241,197.5843,100.8198,47.9905
206.8629,197.6252,99.8485,47.9088
210.7782,198.8209,98.8898,47.8080
210.2002,198.9068,100.0460,47.6362
211.0689,199.0317,100.5973,47.3865
213.9878,199.2494,101.6369,46.9510
214.3340,199.1804,100.9445,47.0890
218.7293,198.1290,101.3233,46.8994
218.8871,196.8643,101.0077,47.1343
220.6039,195.6783,99.8682,47.2123
220.8729,195.7987,99.3302,46.9715
223.3452,195.8899,98.9190,46.7891
225.9776,194.8552,98.1694,46.6009
226.0755,193.7770,97.9737,46.5139
229.5058,192.8184,97.8302,46.1921
230.6920,192.9492,97.6891,45.9304
232.8151,193.0087,97.8924,45.8114
234.0377,193.0086,97.6726,45.8117
237.5765,192.8996,97.2623,46.0297
240.3433,192.7308,96.1692,46.3672
240.0780,192.8924,96.6996,46.0440
244.7863,193.9508,96.1322,46.1395
245.5398,194.8172,94.6252,46.6123
248.1275,195.7459,93.8334,46.9468
249.4309,195.5495,93.4127,47.3397
251.7387,196.5081,93.1704,47.6092
253.0836,196.4130,92.6684,47.7994
255.3809,196.4810,92.4413,47.6632
256.6435,196.5139,92.0941,47.5975
258.7230,197.6230,92.2786,47.5511
262.8484,197.7099,92.7226,47.3772
266.2255,197.7134,92.5001,47.3703
269.6502,197.6071,92.1722,47.5829
271.8766,198.6855,92.0648,47.5988
274.9725,199.7641,92.3870,47.6129
279.1631,199.7639,92.7113,47.6133
279.8581,199.7694,93.5024,47.6024
279.6281,200.9285,93.9624,47.4766
283.8528,200.9955,94.3015,47.3428
283.6483,201.0959,94.7105,47.1418
285.5903,201.1576,95.2310,47.0185
286.5383,201.2683,95.5428,46.7970
288.5406,201.3939,95.9550,46.5460
290.5271,200.4574,96.4023,46.2086
293.7419,199.4628,96.6050,45.9871
293.6005,195.1120,96.8879,45.8492
295.3502,194.1324,97.8117,45.5968
296.0206,193.1244,98.6915,45.3920
296.3535,191.0250,100.2558,45.1311
297.9923,188.8035,101.4740,45.0781
298.9778,188.7761,101.7678,45.1329
301.3441,188.7407,101.5753,45.2038
302.6044,188.8194,101.3231,45.0462
305.2441,187.8391,100.5678,44.7449
307.9955,186.6919,99.5566,44.7934
309.5110,185.6401,98.7576,44.6652
310.8685,184.5662,98.2607,44.5947
311.1637,183.4933,97.6703,44.5310
312.0612,182.3680,98.0752,44.5816
312.9958,182.0597,98.4126,45.1983
314.1373,181.8656,98.3522,45.5864
315.5738,181.6582,97.7076,46.0011
317.9925,180.3647,97.3225,46.3621
318.0084,180.2457,97.2907,46.6000
321.0830,180.1794,97.8331,46.7327
321.8576,179.2100,98.5247,46.4306
321.5329,178.2833,99.1741,46.0384
321.1716,178.1736,99.8969,46.2578
320.8942,177.0928,100.4517,46.1568
320.4016,175.9514,101.4369,46.1708
321.4998,175.5121,101.5238,47.0494
321.6974,175.1942,101.1287,47.6853
322.8679,175.2640,101.0932,47.5456
322.9805,175.1880,100.8680,47.6975
322.8383,175.0342,101.1523,48.0052
322.8083,175.0376,101.2121,47.9985
322.4932,175.1551,101.8425,47.7634
322.4634,175.2172,101.9020,47.6392
322.1897,175.2795,102.4494,47.5145
321.9045,175.1799,103.0198,47.7137
321.4388,175.2535,103.9513,47.5665
322.5423,175.2706,104.0887,47.5324
323.4194,175.2782,104.6803,47.5171
324.2858,175.2765,105.3017,47.5206
324.0823,175.1670,105.7088,47.7395
322.2623,174.1000,106.9757,47.5005
322.4331,174.0402,106.6342,47.6201
323.1446,173.9492,105.2111,47.8021
321.1940,173.8918,104.3786,47.9169
321.3582,173.9215,104.0500,47.8576
320.4609,173.8456,103.4937,48.0093
321.0041,173.9877,104.7529,47.7251
320.4519,175.0892,105.8573,47.8810
324.5407,176.0641,107.1903,48.3089
323.2376,177.0673,107.3920,48.7070
322.9964,178.0336,107.8745,49.1888
322.9855,177.7657,107.8962,49.7247
326.3898,178.8706,108.4064,49.9544
326.3847,179.9671,108.4165,50.2124
327.3535,180.0776,108.9347,49.9914
327.2245,181.5182,109.1925,49.5695
326.8294,182.8541,109.9829,49.3535
326.4269,182.7181,110.7878,49.6256
328.9081,182.5704,110.7852,49.9209
330.5664,182.4523,109.9536,50.1571
333.2684,182.3522,109.5038,50.3574
336.0210,183.6923,108.9467,50.1512
337.3388,184.9106,108.7734,50.1769
341.9426,184.9989,109.4069,50.0003
345.2465,184.8084,110.1982,50.3813
345.9644,184.7951,111.2470,50.4079
348.6012,184.7000,110.9740,50.5982
353.8883,184.7049,110.3982,50.5884
355.9967,184.6472,111.1636,50.7037
360.8286,183.4931,111.5168,50.5078
367.2575,183.3364,111.1888,50.8211
368.4870,183.0394,111.2364,51.4151
371.0351,182.8568,111.1757,51.7804
373.1234,182.8374,112.0457,51.8191
376.4239,182.7284,113.0544,52.0371
378.4826,182.5141,114.0472,52.4657
378.3874,182.2589,114.2375,52.9760
382.4601,181.8426,113.8584,53.8086
382.6651,181.3468,113.4484,54.8003
382.7761,180.8672,113.2263,55.7595
383.2330,179.2338,112.3126,56.4038
383.7361,177.5000,111.3064,57.2513
383.0685,175.4918,110.0216,58.6476
382.4212,173.6369,108.6908,59.7320
383.3510,173.1451,106.8313,60.7157
383.0056,172.7785,104.9085,61.4488
382.7021,171.2559,102.9183,61.8967
380.7961,171.2275,101.5796,61.9535
380.4142,171.1283,99.7871,62.1519
379.9811,171.0177,98.1204,62.3731
378.3482,170.9608,96.3625,62.4869
377.6909,169.8827,95.1900,62.1559
378.2251,169.9959,94.1216,61.9293
378.5803,170.4366,93.4112,61.0481
379.3448,170.4987,91.8822,60.9238
380.9604,169.1494,91.0450,61.2285
382.7679,169.1023,89.8165,61.3227
384.6991,168.8957,88.3236,61.7358
387.4385,169.1276,87.5524,61.2719
390.3819,168.1364,86.3347,60.9198
395.5259,166.8944,85.2880,61.0936
396.8007,167.0518,85.0359,60.7787
399.3707,165.7555,84.4724,61.0831
404.1742,165.6798,84.0047,61.2344
405.7492,164.5625,83.1348,61.1888
408.0191,164.7037,83.1275,60.9064
410.2818,164.6423,83.1251,61.0291
412.8943,164.4569,82.4270,61.4000
413.3444,164.1542,81.5269,62.0054
413.8347,162.7212,80.5462,62.6164
414.5766,162.1721,79.0624,63.7146
413.7027,161.8516,78.5651,64.3555
412.9853,161.3316,77.7519,65.3954
411.1361,159.7773,76.9459,66.2519
409.4579,159.1530,75.7952,67.5004
410.1826,158.5354,74.3459,68.7357
408.8257,158.0523,72.5540,69.7019
408.7540,157.5853,70.4573,70.6358
408.7079,157.3833,68.3275,71.0400
409.6117,157.4942,66.5200,70.8181
409.6794,157.7590,64.2219,70.2885
409.7521,157.7109,61.9589,70.3847
410.4526,156.8871,60.5579,69.9492
409.9729,155.9748,59.4633,69.7200
406.6339,155.0096,58.0102,69.6176
407.0276,156.0852,57.2229,69.4742
406.1841,156.9891,56.9171,69.6592
406.3888,158.1411,56.5075,69.3460
402.7230,158.2029,55.9217,69.2224
401.8525,159.2923,55.6948,69.0116
402.0488,160.3465,55.3021,68.8642
395.6466,157.5172,54.4394,68.6656
395.9769,157.7015,53.7787,68.2969
396.5543,158.4846,52.6239,68.6497
393.5088,158.2028,51.0924,69.2134
394.1520,157.5022,49.8060,68.7255
394.4656,157.7180,49.1787,68.2938
393.1305,157.8374,48.1613,68.0549
392.4125,159.0070,47.7739,67.5392
392.7276,159.2398,47.1435,67.0736
392.8541,159.2200,46.8906,67.1133
393.0206,159.5299,46.5577,66.4934
393.2779,160.0924,46.0431,65.3684
393.4571,159.7691,45.6846,64.2672
393.7153,160.0110,45.1682,63.7832
393.9255,160.4218,44.7478,62.9618
394.2341,160.5892,44.1306,62.6270
394.5252,161.5800,43.5483,62.3203
395.7121,160.0330,42.8353,62.0929
395.9115,161.2785,42.4365,61.2474
396.2079,162.4445,41.8437,60.5415
396.4243,161.8064,41.4109,60.2121
397.4099,162.7538,41.0332,59.9107
398.3912,163.8040,40.6532,59.3929
398.2653,163.9626,40.9052,59.0757
398.7638,164.2406,41.4761,58.5198
398.5571,164.5780,41.8895,57.8450
398.1060,164.8931,42.7916,57.2148
397.8038,165.7381,43.3961,57.0956
398.4606,165.6824,43.6613,57.2070
399.0301,164.9846,44.1072,57.0177
399.0268,165.0184,44.1138,56.9501
397.2213,165.4035,44.5482,56.1800
396.6679,165.5918,44.0713,55.8033
396.2802,164.8508,43.2766,55.7153
396.6104,164.6386,42.6161,56.1397
397.0151,163.6680,41.8068,56.5292
397.4519,162.5208,40.9331,57.2794
397.7166,162.6644,40.4039,56.9922
398.0436,162.6061,39.7498,57.1088
399.0571,161.7412,39.2420,57.3193
400.0267,161.7736,38.8167,57.2546
399.9910,160.3304,38.8881,57.1290
401.4654,160.2217,38.9499,57.3465
403.6879,159.1362,39.0334,58.0080
401.9799,158.1581,39.4077,58.4433
402.0085,158.0399,39.3505,58.6797
401.9135,156.3185,39.5405,59.0499
400.1098,156.4032,40.0580,58.8806
398.8383,156.4448,41.0499,58.7973
398.1487,156.6224,42.4290,58.4422
399.7915,156.1135,43.8939,57.8765
