1
295.3568,141.3888,71.8667,84.5118
300.0334,146.3835,72.2176,85.5913
298.9512,149.0304,72.0280,86.2428
301.3153,149.1535,70.8040,87.4125
297.8950,149.8381,71.1907,87.2259
303.8787,147.2779,72.0258,86.7543
306.0142,146.5670,73.2790,86.2151
303.6702,146.1417,73.9534,87.2700
306.6804,153.4707,76.9627,87.8255
306.1135,154.3487,77.6107,89.8187
309.6471,150.6461,79.1582,92.1106
311.5900,147.2213,81.2722,93.3376
318.2737,139.3107,83.0774,93.4297
323.5182,136.6358,84.8471,92.5785
324.1991,133.0958,84.6568,92.6513
331.2196,132.0501,84.9312,94.2305
325.7952,133.1308,86.4660,95.1946
330.2409,131.7321,88.1376,97.2104
329.7039,124.8741,89.2776,98.1708
333.7108,119.9354,90.8042,99.7070
340.3483,112.7863,90.7577,100.2322
343.1648,107.8061,90.6214,101.9546
349.2165,113.2256,94.5306,100.2690
352.3283,115.8587,96.5694,99.5769
363.2486,126.4577,94.9067,103.6834
371.8436,131.0861,97.6318,105.8842
363.3460,116.5743,96.2827,108.7412
351.7669,102.7368,95.8930,110.3118
344.4729,91.6814,95.1332,109.7511
332.2520,77.4430,95.8397,108.0156
329.2004,83.7613,94.9771,106.4592
327.4312,83.9136,94.3165,103.9961
329.0725,87.8304,94.3970,103.3998
330.2220,90.5746,95.3980,104.6979
334.0713,96.9131,92.7301,109.5281
354.9039,106.7476,90.5412,113.4580
364.1505,123.9675,90.4451,115.9093
369.2882,123.2796,91.1000,118.6387
366.5237,112.6359,92.9016,119.3073
359.8773,103.9809,94.6235,116.9570
354.9407,94.4126,98.1908,111.0348
349.4421,85.5527,98.1207,109.4607
349.0547,84.7079,96.7017,109.5812
344.1885,77.9432,97.4011,111.4189
341.3881,93.9112,102.2895,109.8078
341.0717,105.0784,102.0086,113.6818
337.3930,111.9252,105.3877,113.4660
349.8674,125.4856,104.3543,117.5715
352.0856,144.7699,109.2595,117.9806
353.5364,132.7169,112.1198,120.1040
355.6181,120.5870,110.9988,120.7371
346.3752,110.1866,111.8874,119.6590
337.6298,104.9768,112.2676,118.4722
329.8163,100.3700,110.0974,121.1577
336.4777,107.9268,109.9760,119.9035
340.9956,124.8893,112.0968,119.8306
343.1676,131.0188,115.1598,119.4562
315.7929,155.3649,118.3152,121.6140
316.3179,165.9404,118.8351,122.2803
302.8376,164.6921,120.0991,126.7984
309.8516,136.6654,118.4451,130.1016
297.6281,131.9906,118.9016,129.3657
278.0905,105.5032,119.1205,129.4717
275.3172,88.3100,117.5200,127.8917
273.7968,93.2233,114.3917,128.2585
269.3695,98.9078,112.3134,127.1161
266.9542,101.9470,110.4638,129.7628
270.5297,105.6972,109.9607,134.0642
244.3371,110.6687,113.2104,132.2285
214.8913,140.1666,115.8340,127.4461
182.5763,141.7561,118.3445,124.0790
2
0
0
0
0
1
256.0130,123.6811,74.2214,90.4778
256.2233,123.6508,73.8373,89.7502
255.2496,141.8255,74.3300,90.6432
251.3367,154.0730,79.0019,88.4810
250.5824,170.7879,78.4004,91.4007
248.3503,185.3189,79.6106,93.9521
244.9214,182.6990,80.6868,95.7351
242.7756,174.4856,81.6069,95.8654
235.8598,170.7209,82.3755,93.8190
230.6792,171.3492,81.6500,92.3854
226.7125,174.7000,83.8394,89.7115
225.9371,181.9150,87.4320,85.2192
228.4921,195.7238,90.9253,82.2529
285.1545,136.0249,88.2165,89.9087
291.1480,145.5466,91.6458,91.5113
286.8354,159.8741,94.7389,94.5631
288.2037,156.9101,95.4160,97.1768
289.2328,169.3253,96.1357,98.1298
290.6224,170.9222,97.1668,98.8485
294.1726,176.7552,99.4274,98.4489
293.2317,171.8769,102.1125,98.0564
299.7681,177.4106,106.4602,98.4711
296.6064,166.8773,107.6380,98.5187
2
0
0
0
0
1
258.6143,166.8413,56.2164,66.1224
266.0298,152.8853,55.3956,67.8317
262.6177,154.6209,56.0054,67.2172
275.5964,151.6826,55.3384,68.2634
264.5754,149.7590,52.2657,72.6138
245.6091,143.2611,53.5736,71.0671
246.9427,155.8212,52.8233,73.0183
222.6515,138.5668,57.9200,68.9178
233.2687,139.9165,59.8467,68.0683
236.9085,142.4820,57.0772,72.6899
241.2894,139.2271,51.9211,80.0958
258.3240,155.9841,52.4771,77.6439
253.9742,137.3822,52.7038,77.5338
253.5314,115.2885,52.3621,77.1467
270.2682,139.0287,50.9108,78.9540
257.1721,140.5641,54.2369,76.5464
253.6285,135.2128,54.1819,77.2780
254.0587,128.8873,52.4591,81.5427
258.2558,133.6021,53.0606,83.4696
264.2106,131.6641,53.5386,86.0436
267.2603,126.9087,54.0350,86.9709
269.8695,125.2139,55.8473,87.4031
274.6461,124.5320,55.6513,90.0363
277.5743,59.3292,57.0955,89.8593
2
0
0
0
0
1
278.4911,143.8420,81.3691,96.9602
272.2683,148.3573,84.5903,100.1233
274.6922,147.4065,89.0669,99.5298
271.6024,143.8355,87.6944,101.0977
267.8769,145.5092,86.9731,104.6441
267.6248,145.4498,87.6772,105.3896
260.9861,143.3059,87.6189,109.9031
264.1505,139.0902,90.2193,109.6740
256.2578,145.5823,90.5678,112.9722
260.3180,131.6163,88.1950,112.3737
248.5690,134.1439,88.7967,113.1124
246.8557,132.4908,89.6612,111.6771
243.8159,132.3609,86.7112,114.6057
225.6937,136.9349,94.2473,108.1485
219.1183,140.7212,97.9264,105.3791
204.7220,137.3923,97.4530,108.1504
209.0918,139.6749,94.7085,111.4966
211.4194,133.1539,89.2444,118.2901
209.0817,127.0363,88.7485,118.2409
206.1528,127.1007,86.5862,124.3856
205.1437,123.5170,84.6096,126.4781
204.2034,126.0131,84.4706,126.0037
201.3316,128.6278,85.9979,126.7662
200.1426,129.4356,87.6267,125.2307
209.8094,126.3974,86.3915,128.4636
212.8434,132.0118,83.1094,134.5354
212.1556,130.6613,84.7473,133.4160
216.9873,137.5625,87.2961,134.1590
221.7189,134.9687,89.1198,134.1696
230.7648,141.5545,89.4195,137.7066
242.0891,149.6366,96.6450,135.7990
249.6680,140.9662,96.8835,135.3694
254.8790,145.8665,102.7014,129.1259
245.8573,158.4067,104.9752,129.5007
261.1800,148.8829,99.2896,137.1017
248.6935,162.5895,102.3491,136.0259
264.1749,163.7445,99.9811,134.6355
271.6336,165.5867,93.5533,140.1112
278.8580,154.2017,88.2062,145.4267
280.5994,164.9630,89.6528,140.3029
282.7865,162.1010,91.2543,133.3490
290.5232,162.7592,92.5674,132.9065
292.3123,164.9436,89.6064,135.9993
297.5674,162.8338,87.6407,137.0382
299.0131,158.7307,88.8626,134.9420
295.7981,157.8629,95.4185,124.2775
308.8893,154.7317,101.6410,115.7469
365.9718,113.0771,99.6189,118.9431
324.1413,149.2046,110.2747,108.7631
321.8988,157.9560,113.0094,105.8412
327.0604,164.5355,111.6900,106.4826
330.9574,175.3362,106.2781,115.2862
337.5966,179.8568,102.6685,122.7204
334.6638,172.4714,104.7991,124.9559
322.7291,162.4151,106.3985,128.5635
322.3733,150.2888,103.8662,129.5412
324.4972,146.9488,102.7817,129.3402
319.1710,142.6727,101.8741,128.3323
324.4297,156.7428,94.8611,134.7634
319.9851,164.7677,93.3470,137.9031
321.3374,170.3340,95.7709,136.6797
319.6560,179.4653,100.8403,131.3364
332.4355,163.9572,99.3277,135.0645
311.3216,163.1068,99.5155,137.1410
340.6951,143.1544,97.0479,141.6733
325.8255,118.9163,101.6746,136.7939
324.6991,102.6719,104.0731,134.4395
321.5721,127.9117,101.8746,134.7650
320.0905,149.0944,107.0033,130.1510
308.7945,150.9613,108.4290,126.4784
310.4851,158.3353,109.4164,125.2217
301.9081,164.0798,107.4757,123.8942
308.0807,155.4772,108.3550,124.5994
287.4406,144.2237,106.5148,123.5007
286.9842,140.2057,104.9354,122.4325
289.9481,140.9230,102.6514,122.4868
286.6763,145.9214,99.5419,123.7701
279.6615,147.8975,97.0097,123.6795
280.6700,152.7424,89.9460,132.6122
284.2151,153.7115,89.1747,136.7198
288.7012,158.2090,87.0282,139.2982
289.2723,159.6944,86.8593,141.0563
291.8008,158.7115,85.1960,143.9173
291.0124,156.7115,85.3210,142.6609
293.0016,149.6817,86.4109,141.1176
293.4028,125.1189,91.3894,136.4098
291.0807,129.5147,96.1140,131.5558
282.8863,138.0316,98.3161,130.6466
287.7831,147.9275,95.2032,133.5419
288.1721,151.4558,96.1371,132.3552
317.8000,109.8732,97.4973,135.3277
316.1279,106.1115,97.1413,138.1859
267.3857,49.7538,105.5206,129.7449
270.3917,48.8604,106.7862,128.4184
269.7474,44.3207,106.1459,128.7681
271.0978,46.3548,100.0029,135.3970
270.3184,47.7295,96.9669,138.1724
268.7760,45.5197,95.6146,137.7579
272.6539,54.6119,93.1574,139.5932
273.5692,84.0972,90.6642,144.8923
276.5303,78.0029,91.3047,145.7091
282.6555,62.7620,86.6647,155.6439
278.4546,63.0026,90.5444,154.0179
278.1698,74.5387,91.7094,155.8896
280.5884,81.2968,93.7460,155.2628
285.2970,94.2850,91.3987,159.8288
259.3452,85.4180,98.7529,157.1655
271.2978,62.6853,102.6890,157.5726
281.0002,61.0212,97.8436,165.2058
284.9774,52.8344,97.0425,167.3058
276.7337,60.5791,101.7805,162.6881
242.6101,67.2260,102.9047,162.7315
282.1457,71.8587,108.3155,156.9489
288.9558,67.2053,111.7548,154.2636
282.0604,72.6348,114.5292,150.9313
288.5983,67.7799,115.4671,151.6976
286.5835,67.7165,117.2062,150.9580
277.6714,40.1857,117.3127,152.7567
266.9516,50.9001,125.3108,146.0794
269.6808,39.0480,120.9470,150.1421
275.6989,43.3523,119.4267,151.3515
278.5993,46.1181,115.5028,152.8543
276.8718,40.7432,114.0747,153.7676
268.3965,43.5563,116.9894,151.0369
268.9581,44.5935,115.9615,152.6584
268.8889,47.5345,116.4966,153.2189
248.4011,37.4141,120.2325,153.7764
246.9979,39.6730,122.8035,154.9046
251.9488,28.9882,121.1226,157.9362
257.8984,23.8665,112.5927,166.4957
259.5800,21.9426,110.8605,170.7563
255.2315,29.4484,116.8752,166.9339
252.4069,33.0645,118.3270,168.9422
251.4268,41.4356,119.4459,168.8894
264.2362,42.8289,113.7315,175.3629
263.2884,45.6778,112.7025,172.9235
262.8568,47.5270,113.1950,172.8150
263.0943,52.1848,112.7582,172.8374
275.0159,36.3003,111.3923,177.7130
275.2530,37.9395,112.0934,173.9945
275.0026,44.2704,111.0709,173.0840
276.1064,56.5531,111.3260,174.3171
278.9800,55.4828,109.4923,181.2018
274.9056,69.6195,114.9311,177.5737
266.3096,64.8892,117.3603,179.4143
269.2104,45.4337,115.1023,186.2329
250.6306,42.6193,116.4240,187.8036
252.8381,42.9708,117.9042,186.8623
263.6966,32.0645,119.9944,186.1620
268.3177,48.0953,123.5624,188.3261
272.9878,48.8768,130.1661,183.3154
266.1275,47.4534,133.8665,182.7133
258.9881,53.9776,128.4683,192.9635
262.5203,38.9807,123.0461,203.2926
262.7255,26.7212,119.9820,208.7151
245.2275,26.5464,121.5829,213.3588
261.1528,24.2695,117.1616,220.8638
266.7437,48.2446,116.8507,226.5304
273.3448,29.0050,116.9684,230.1187
272.0373,27.8467,124.2789,220.9263
275.8438,35.9519,133.3857,214.2865
253.3197,52.1406,135.4675,215.9673
270.1877,48.1684,146.7803,212.0549
266.8980,45.8061,149.1380,215.3982
259.8178,36.1828,143.6856,226.0670
316.6424,46.4919,151.8612,219.0111
239.2821,53.7080,150.4272,221.7908
190.9359,63.1096,139.4009,235.2032
187.4245,108.8642,137.7031,238.9842
247.2870,89.6164,134.7395,250.2250
291.3511,67.4616,142.4026,250.2737
250.4526,31.6194,151.2679,240.1185
260.0469,43.5872,166.8610,225.0498
264.3628,49.3629,172.9174,219.1680
321.9856,62.3245,179.0469,213.9964
336.9612,61.0643,173.7262,220.6580
295.6924,73.6509,176.5691,217.5703
315.7243,65.7902,171.3000,224.0173
230.9180,72.9599,172.7564,220.2982
277.6267,124.4979,171.5231,221.1912
289.6555,75.3073,170.2614,226.4452
301.7425,61.5668,172.3252,229.3053
313.8762,53.6849,175.5791,227.0845
249.6712,49.2748,174.6278,227.8733
317.5294,47.0639,187.8275,215.5899
337.2385,53.5340,185.5606,215.5049
297.3849,53.4773,186.8087,217.9790
314.2286,57.1421,180.0376,230.3880
261.7496,60.0182,173.2984,237.1235
265.4077,42.1255,172.8329,234.2592
280.0615,58.1631,162.9538,246.4801
341.8694,101.2022,156.2258,251.2217
2
0
0
0
0
1
305.4619,127.5930,36.1892,47.9474
304.4422,135.5254,37.4008,47.6538
305.0415,142.3718,39.1956,46.8003
304.5458,140.1194,40.3492,46.5181
307.7856,134.8262,40.4901,47.0743
309.8921,128.2536,39.3417,47.8260
306.8152,125.3951,39.6350,47.5002
312.7486,122.1312,37.2868,48.8050
306.4227,124.4091,39.2639,48.0548
313.8846,128.4251,38.6230,48.5009
319.5471,130.0718,37.2530,48.9025
316.5031,131.4011,37.6368,48.5738
321.2091,129.4165,37.8023,48.7117
319.6630,132.1755,38.1188,47.9881
321.3638,132.1983,37.7494,47.7965
322.0043,129.6379,37.5008,48.2441
321.6169,132.5734,36.3797,48.1830
331.5879,129.2118,37.5274,49.2641
332.6387,116.1062,38.0894,51.8209
333.7851,110.2090,37.5748,55.1299
323.3414,113.8642,38.6212,54.7693
322.1334,127.3322,38.5925,55.6993
311.7902,129.2411,39.8266,53.9920
311.2337,126.0037,38.9785,54.8587
308.0641,126.5988,39.6428,53.7539
309.0137,125.1611,38.1270,55.0776
305.0236,113.4192,38.2808,55.5282
301.0782,118.9858,40.2827,53.6953
303.9334,134.9211,41.7269,52.2052
309.3472,126.4874,43.5572,51.7115
309.2850,128.9910,42.6978,52.1600
300.6026,130.5091,41.1604,54.5300
300.1981,130.6215,40.5221,55.4901
300.2151,128.5437,40.4489,56.3953
299.6100,127.5099,39.2674,58.6195
272.1988,129.3827,38.1618,59.4573
272.4873,133.0122,38.4408,58.9176
273.9118,131.4048,38.4352,58.4673
2
0
0
0
0
1
326.2730,137.7225,38.3738,45.0550
329.5851,140.7824,38.8792,45.3807
331.2761,142.5798,39.2358,45.6123
340.9727,141.6153,39.6193,45.3749
344.1577,144.8696,39.2827,46.8389
344.3675,148.7883,41.4404,44.5177
346.0496,151.9671,42.6896,43.2050
347.2299,153.6404,43.0493,42.0327
360.5494,155.3962,43.3416,41.4505
358.4366,158.5450,43.8644,41.0059
345.7435,170.6416,44.3228,40.1292
325.4689,169.1070,42.5815,40.4161
327.1670,170.0771,42.9693,39.8116
