1
336.6296,119.1037,19.2018,26.2175
329.6924,117.8413,19.6262,26.7782
325.1349,118.7121,19.7155,26.9817
321.0067,116.4010,20.8007,25.7039
317.6544,115.8809,22.2399,24.3604
312.8669,116.9141,21.9288,24.6610
308.7313,118.2989,22.6300,24.1427
304.7911,117.6554,22.9553,24.4567
300.4330,117.6682,22.9712,23.8514
296.6517,117.0946,23.0450,23.1923
293.7492,117.3186,22.2953,24.0026
290.8369,117.4351,21.9129,25.2812
287.8098,117.6813,21.7249,25.7100
285.2444,115.1386,21.5749,25.7706
283.7457,117.1205,21.3056,25.5020
281.1001,115.9156,20.6112,25.9654
277.3469,116.8141,20.9950,25.3283
274.8659,116.9571,20.9057,25.0777
271.3390,117.6036,21.1569,24.6984
268.7650,116.2556,21.0531,24.8327
264.5940,117.0772,21.8816,24.2981
261.4647,116.0530,21.1191,24.4936
259.0876,115.3848,20.6871,24.2892
255.5453,115.0636,20.1739,24.8380
252.1550,115.9875,20.8464,23.3829
245.9536,115.0021,20.9582,22.9823
239.8718,115.5567,21.5707,22.1270
234.7016,115.0005,22.0637,21.6957
229.3997,115.8421,22.1049,22.4277
224.4718,115.1497,21.5938,23.0817
218.7357,116.5453,21.2460,24.2575
214.5161,114.6422,21.1518,25.2391
212.0321,115.1178,21.4940,24.9359
207.7690,112.2081,20.5863,26.0286
203.7897,114.8117,20.6208,25.9542
199.8964,114.2883,20.6310,26.0040
196.8517,117.2314,21.4896,24.8690
190.3209,118.0943,21.5811,24.9111
185.3664,118.7240,21.6946,24.1944
180.5863,117.7939,22.0643,23.1670
176.2184,118.6278,22.0227,22.7247
172.3592,118.8437,21.7545,22.7580
166.9465,120.4950,21.4767,23.0708
163.0616,119.9667,21.3376,22.8487
159.6378,121.6926,21.1593,23.3675
156.6857,121.8107,20.9408,23.6942
152.5314,121.3994,20.8236,23.4993
150.6804,122.8230,20.9540,23.7252
148.3094,124.0723,21.0876,23.1586
146.7892,125.3505,21.6376,22.3441
146.5320,129.0055,21.3971,23.3594
146.3884,127.9913,21.0000,23.7633
149.7225,128.3289,20.3296,24.0874
150.7903,127.1827,20.0183,23.6842
153.1155,126.8180,20.3513,23.1284
155.1449,128.1372,20.7118,22.8629
154.8737,127.6063,20.8342,22.8804
154.8807,127.3681,20.8006,22.7535
154.7918,125.5240,21.3770,22.6451
155.9285,125.1278,20.9644,23.0447
156.4670,127.9294,21.1649,22.6454
158.1937,126.7900,20.8507,22.8877
158.7018,130.7994,21.0390,23.0552
160.2482,134.0480,21.4591,23.3090
163.2877,136.7467,21.6138,23.6204
166.3909,135.1022,21.5460,23.5772
169.9418,136.6688,21.7316,23.4332
172.9924,137.2784,22.8635,22.5170
176.2687,138.1256,23.9102,21.9571
178.9702,138.6239,24.9605,21.4500
185.6233,141.0718,25.5612,21.2097
189.1423,141.6380,26.0549,21.2745
192.9803,142.7645,26.2792,20.9914
199.8796,143.1588,26.0904,20.7988
204.2571,144.3674,25.8757,20.6146
208.1867,144.0836,26.0586,21.0158
213.0297,145.7122,26.9618,20.6883
218.6397,145.6043,27.0979,21.2466
225.6200,146.7342,27.0098,21.5219
230.1503,146.0116,27.5559,21.7685
236.9692,146.1927,27.5273,21.8680
241.4416,146.5328,27.8133,21.9407
248.1570,146.9444,27.5425,22.1063
253.0091,146.9014,27.4813,22.1791
260.0331,147.8860,26.9316,22.3448
264.2760,146.1007,26.3905,22.5417
268.3747,147.3731,25.8224,23.0312
272.3430,147.4420,26.2156,23.1228
278.6252,148.8151,25.7279,23.5382
281.6253,146.8142,25.4078,23.8614
284.7593,147.4273,24.9201,24.2687
287.5673,145.6735,23.9721,24.9681
289.9853,146.1362,23.1549,25.8619
290.1602,144.9030,23.1043,26.5516
291.6285,144.2400,22.9134,26.9109
291.9260,143.3178,22.5114,27.4925
293.7184,143.8947,22.1101,27.6456
295.1484,143.2261,21.6555,28.0993
295.8900,143.3102,21.6385,27.5567
294.3784,142.4703,21.9544,27.4046
296.9445,142.3732,21.6944,27.5263
296.0277,141.0882,22.2785,26.4384
294.0340,142.6701,22.7992,25.5481
295.1512,140.2964,22.7138,26.0346
295.1733,142.4818,22.7601,25.5152
295.4694,142.1767,22.5337,25.3448
295.8167,142.0719,22.4552,25.3204
296.7148,139.3418,22.2106,25.4584
297.8344,139.8475,22.0039,25.6252
298.7278,140.2730,21.9444,25.7603
299.5829,140.1457,21.9858,25.4430
299.7340,139.1291,22.1893,25.1918
301.4943,140.9137,22.0568,25.0526
302.0973,140.5121,21.8039,24.8241
303.5348,141.9095,21.5405,25.3163
303.9710,140.2543,20.7467,26.8060
304.0759,140.0927,20.5936,28.1876
304.1751,137.8871,20.5003,29.3725
303.5506,138.4915,20.1621,31.2217
302.9537,137.2637,20.5941,32.3833
301.4521,136.2074,21.4727,33.4442
300.8982,134.8533,22.4256,34.2731
300.4271,134.5094,22.4960,35.5984
303.0513,133.1378,22.5098,36.9845
301.1123,132.2665,22.0863,38.5269
304.1061,132.6893,21.9645,39.0139
304.5770,131.0694,22.2773,39.9852
306.0716,131.1386,22.1970,40.4658
304.6949,130.3742,22.6374,41.3278
306.1371,131.2255,22.3733,41.2842
305.3854,129.0351,22.2272,42.1168
307.5281,128.3125,22.3695,41.3553
306.1357,127.4941,22.7852,41.1164
306.0334,129.6596,22.9257,41.5349
308.4756,128.3096,22.8524,41.0143
309.3857,129.0241,22.3330,40.4789
308.5636,128.3343,22.4315,40.1915
309.7702,129.9256,22.0591,40.5445
308.9241,126.8980,22.5837,40.6365
308.4275,129.4308,22.8388,40.8792
307.6701,127.2448,23.2063,40.9767
309.8702,127.1514,23.4610,40.2525
309.5219,124.6322,22.8922,41.4706
311.0827,127.4641,22.5071,40.8542
310.9815,126.8093,22.1987,41.0291
309.9174,125.5501,22.1886,41.6047
311.9369,125.4767,21.6842,41.7444
312.1586,124.4493,21.7451,41.6372
311.2353,123.6835,21.9049,41.5469
311.8008,124.6160,21.5705,41.6835
310.9315,123.1720,21.7760,41.9101
313.2433,122.5774,21.3581,41.9716
312.2079,120.6651,21.2028,42.5139
311.8448,121.7696,21.3113,42.3094
311.6876,120.8599,21.2983,42.2307
313.0562,122.7566,20.9242,41.7160
312.3899,121.3652,20.9352,41.6710
313.8830,122.8108,20.5730,40.8262
312.7775,121.5766,20.3845,40.6876
312.1423,122.4483,20.3355,40.6015
311.7059,120.2615,20.1771,41.0725
310.5824,121.3720,20.0276,41.3113
309.5980,119.1698,19.9907,41.3928
309.4756,120.2885,19.8477,41.3885
310.6388,120.2767,19.6933,41.3759
311.3590,120.9097,19.6046,41.1261
311.2315,119.2515,19.3281,41.5501
312.0996,120.5858,19.2406,41.3726
311.2310,118.8191,19.0498,41.4127
310.2296,119.2591,18.8982,41.2529
311.2245,119.6203,18.5062,40.9015
310.7480,119.2242,18.3813,41.0838
310.5836,119.1630,18.5040,40.3641
311.1465,119.4837,18.6005,39.5559
311.0752,120.0183,18.6192,39.0609
310.3989,121.4752,18.6636,38.9856
310.2463,120.0785,18.6788,38.3894
310.1169,121.1830,18.5702,37.7663
309.7827,119.6896,18.8982,37.3034
309.6214,121.8379,18.7746,37.2073
309.5503,120.6925,18.5670,37.0043
309.2705,120.0421,18.7282,37.0283
308.7676,119.2451,18.6813,37.0546
308.1533,121.3293,18.8820,36.9045
307.3545,119.8373,19.1850,37.1687
308.2243,117.7247,19.2304,37.0493
308.0399,116.9098,18.8923,38.4842
307.7792,116.2860,19.2294,38.6356
308.8843,116.1799,19.1677,39.1602
308.4077,115.0753,19.2510,39.3767
307.8301,116.0519,19.0794,39.7286
308.6696,113.7034,19.2620,39.9039
308.1863,113.6000,19.1856,39.7641
309.2029,115.1882,18.9960,39.8426
310.3636,113.8182,19.0881,39.8393
311.5441,112.8389,18.9462,39.2478
311.7065,116.7917,19.0500,39.0239
311.8148,115.4883,19.3184,38.3302
312.4189,115.8631,19.4336,38.3534
311.5918,114.0148,20.2614,37.7815
312.3670,114.1144,20.3528,37.9994
311.3482,114.0578,20.6663,38.4618
309.8098,115.5627,20.1632,39.0109
309.8871,112.5692,20.2502,39.1653
308.5769,112.6221,20.2291,38.5440
307.5091,109.8258,20.5172,37.6778
308.2754,111.3474,20.4651,37.6934
307.7910,109.8131,20.0602,37.0044
307.9018,109.0771,19.8789,36.6855
304.6070,105.4186,20.1609,35.6907
304.3132,109.0669,19.0531,36.7677
304.9151,108.0405,18.0760,37.3043
305.2567,107.5024,17.5551,37.9051
304.0365,104.4891,18.1150,37.2606
303.8978,104.6513,18.4313,35.7894
304.2020,104.2859,18.2043,34.7963
303.4761,103.7887,18.6168,33.3080
302.7803,104.6751,18.7258,33.0513
303.5574,106.0518,18.5401,32.7767
304.8918,104.0436,19.6255,31.4080
303.8415,106.6892,19.2664,31.4497
303.3011,105.0073,19.1926,31.3143
302.0674,106.2075,19.3634,32.1545
301.7872,106.0579,18.8467,33.2420
301.2107,107.0211,18.2137,33.8744
300.8940,105.2990,18.5772,33.7144
299.6681,106.2157,18.4077,34.3727
298.1264,105.9190,18.5747,35.5246
296.4977,105.7563,18.6970,36.2366
294.2587,105.0870,18.7035,37.2394
290.4203,106.2187,18.9660,37.9094
290.0666,105.8620,18.9491,38.3897
288.1399,104.3111,19.4302,37.8952
287.6472,104.9696,19.6126,37.8061
285.9447,104.3640,20.7010,35.8512
285.1442,106.8276,20.6394,35.3777
284.8029,104.1694,20.5496,35.4612
283.8195,100.2366,20.5778,35.0439
283.0019,101.4265,20.7271,34.1789
282.3260,100.5985,20.9679,33.2855
280.4309,101.1963,20.8453,32.4616
279.9589,100.7534,20.1970,32.3708
278.3320,101.6352,20.5718,31.9781
277.2252,100.8383,20.4327,31.8023
275.6118,102.2934,20.4283,31.5849
275.7211,102.4593,20.5286,31.5429
274.4802,105.5166,20.6945,32.0561
272.7236,104.9261,21.1676,31.5442
271.5768,105.0339,21.4965,31.1016
268.2778,104.3589,21.5727,30.9857
265.8644,105.5492,21.3473,30.1860
264.7441,105.0352,21.8518,29.6356
265.1427,105.5651,21.0265,29.9080
264.0148,105.3052,20.5394,30.3937
261.0723,105.5731,20.3402,30.3622
260.6495,105.4446,20.0612,30.6582
259.2493,107.1411,19.6008,31.9080
258.2646,106.0919,19.7775,31.7881
257.9125,106.9226,19.1790,32.6820
256.7576,105.8885,19.1615,32.7144
256.3005,107.4719,19.3859,32.8840
255.7191,107.6649,18.8451,33.9246
254.4211,108.2840,18.3581,35.6158
252.7683,106.6475,18.4594,35.7417
253.0013,106.6723,18.3539,36.0408
248.4296,108.5414,18.9092,36.5646
248.3199,108.6097,18.8617,37.7739
247.4679,110.4329,18.5220,38.8676
245.2697,110.9943,18.7479,39.8717
244.8218,109.5489,19.3159,39.3581
245.3654,109.8007,18.6475,39.9185
245.9920,108.7342,18.9822,39.6076
246.4816,108.2494,20.1864,37.9927
246.3269,108.4115,20.5710,37.6234
244.6165,110.1380,20.3405,37.2342
246.1718,108.9333,21.0581,36.1334
244.4631,108.4640,20.8000,35.7714
244.9678,107.7970,21.5765,34.3525
245.2516,107.4934,21.2138,33.6788
245.5616,108.2497,21.5392,33.5455
243.8535,109.4732,21.8939,32.8755
242.1833,109.3604,22.2739,31.9196
244.6393,109.2040,21.8613,31.5030
243.4368,109.2359,22.3681,30.2123
243.7650,109.0959,22.7508,28.5284
241.2253,112.0384,23.4526,27.4424
240.2159,111.9063,24.3701,25.6011
238.0452,110.5884,24.8792,24.3090
238.8294,111.6615,24.4973,23.6075
237.1726,111.4826,23.7930,23.3887
235.5384,113.2123,23.3087,23.2250
231.5826,111.3829,23.9022,22.4391
229.2574,112.7595,24.7779,21.7650
227.8035,111.3227,23.9712,22.6656
227.0051,113.7512,23.2670,23.3941
226.2280,113.7277,22.4818,24.0385
227.3927,113.0121,22.4765,23.8238
228.3293,111.1402,22.1179,24.1582
227.6045,110.4991,21.8168,24.2724
227.2426,108.2715,21.1639,24.6262
227.0357,109.3788,21.2217,24.4273
225.4287,108.6096,21.7329,23.8995
225.3877,109.2794,21.2555,24.3520
222.3339,110.0721,20.7897,24.0678
223.2375,110.9419,20.5508,24.1252
221.8841,109.8926,20.5227,23.8706
221.3831,111.7311,20.1508,23.6719
219.7332,109.7731,20.6154,22.9786
217.5915,111.3265,20.6694,23.0097
215.6707,113.2466,20.7268,22.6475
214.4221,110.4064,20.2875,23.1535
213.0538,109.4079,20.5331,23.4270
208.3723,113.5725,20.0657,24.0517
205.8996,113.7230,20.6476,24.1863
203.2837,116.0400,21.4705,23.7699
199.6543,116.9228,22.4646,22.2918
197.8999,117.2656,22.5550,22.2360
194.9031,116.9854,23.3582,21.5574
194.3943,115.8921,24.0613,20.9686
191.6823,114.4661,24.1594,20.8738
189.2590,114.3619,23.8381,21.2595
185.7529,115.7064,23.7499,20.6938
182.0109,114.2684,23.2755,21.1277
181.1090,112.8834,23.1667,21.4308
177.8456,113.6064,23.2240,21.1507
174.5794,112.5668,23.2507,21.3207
172.8051,112.4356,23.1075,21.7487
169.1844,110.7466,23.2779,22.3044
167.1967,111.3784,23.2176,23.2085
163.9528,110.5934,23.3081,23.5774
163.2003,110.5735,23.2893,24.0849
160.3741,109.9620,23.5554,24.1721
158.5605,110.6560,23.6219,24.1420
156.0908,108.8251,23.5956,24.0494
154.9843,109.8685,22.9095,24.9591
149.9409,110.3001,23.7475,24.2086
147.8127,109.5032,24.0783,24.2844
144.8896,110.0060,23.9934,24.3227
142.9481,109.2189,24.0502,24.3556
142.5833,110.1323,23.5615,24.7955
140.7953,107.7109,23.4084,24.9051
138.3303,109.5968,23.2521,24.6303
136.3405,109.1000,22.8609,24.5014
134.1729,110.1712,22.5073,24.1259
130.6122,108.5249,22.1988,23.6699
129.0444,109.8083,21.9662,23.2296
128.3114,111.7879,21.4706,22.8529
124.9071,111.0401,21.3537,22.4227
121.4386,109.3345,21.2311,22.2690
115.5780,109.3189,21.9201,22.0182
111.3857,109.1902,21.9651,21.6846
107.9871,109.9795,21.3557,22.1113
105.3572,111.3468,21.0806,22.7590
101.4119,111.3023,21.0674,23.1116
102.0906,117.5217,20.0606,24.2221
100.2829,117.4415,19.4306,25.1772
97.5943,116.1563,18.2407,26.8380
94.7733,117.1208,17.9413,27.2328
90.1133,114.7298,18.2180,27.4765
85.3079,118.7763,19.2446,27.6487
82.2150,116.6462,19.5681,28.0556
78.2822,118.7288,20.2055,28.3360
73.6463,116.7725,20.7854,28.4385
67.8121,116.3863,21.0532,28.0222
62.4690,116.4876,21.2372,28.2262
57.5075,115.7083,21.6019,27.8013
52.3975,113.5366,21.4567,27.8672
47.6213,115.6465,21.7383,28.1896
42.6910,113.7334,23.1459,27.1099
38.1612,114.5897,25.0666,25.6153
32.2195,113.6625,25.7168,25.2553
27.5563,113.0120,25.9084,25.5017
22.9997,112.1459,25.9521,25.8115
21.5810,112.1053,25.5849,26.5901
17.9994,112.2061,25.8136,26.8236
14.8027,112.0570,25.9415,27.1836
